0.000000000000000000e+00 0.000000000000000000e+00 1.000000000000000000e+00 0.000000000000000000e+00 0.000000000000000000e+00
-1.331722259521484375e+00 1.349453449249267578e+00 1.000000000000000000e+00 0.000000000000000000e+00 0.000000000000000000e+00
-1.216114997863769531e+00 8.624923229217529297e-01 1.000000000000000000e+00 0.000000000000000000e+00 0.000000000000000000e+00
-6.339842081069946289e-01 1.873818039894104004e-01 1.000000000000000000e+00 0.000000000000000000e+00 0.000000000000000000e+00
-4.102227687835693359e-01 -1.384359002113342285e-01 0.000000000000000000e+00 1.000000000000000000e+00 0.000000000000000000e+00
1.333655953407287598e+00 -1.831484317779541016e+00 1.000000000000000000e+00 0.000000000000000000e+00 0.000000000000000000e+00
7.602400332689285278e-02 1.561231136322021484e+00 1.000000000000000000e+00 0.000000000000000000e+00 0.000000000000000000e+00
1.677937805652618408e-01 4.717091619968414307e-01 1.000000000000000000e+00 0.000000000000000000e+00 0.000000000000000000e+00
2.969810664653778076e-01 3.065423071384429932e-01 1.000000000000000000e+00 0.000000000000000000e+00 0.000000000000000000e+00
4.306258857250213623e-01 1.529983580112457275e-01 1.000000000000000000e+00 0.000000000000000000e+00 0.000000000000000000e+00
5.214368700981140137e-01 1.636605709791183472e-02 1.000000000000000000e+00 0.000000000000000000e+00 0.000000000000000000e+00
8.960202932357788086e-01 -1.973934769630432129e-01 1.000000000000000000e+00 0.000000000000000000e+00 0.000000000000000000e+00
4.849755764007568359e-01 -2.635222375392913818e-01 1.000000000000000000e+00 0.000000000000000000e+00 0.000000000000000000e+00
1.109997332096099854e-01 -2.168988883495330811e-01 1.000000000000000000e+00 0.000000000000000000e+00 0.000000000000000000e+00
-3.973441123962402344e-01 -6.656419038772583008e-01 0.000000000000000000e+00 1.000000000000000000e+00 0.000000000000000000e+00
-1.933745145797729492e+00 -1.739748001098632812e+00 0.000000000000000000e+00 0.000000000000000000e+00 1.000000000000000000e+00
-1.762333512306213379e-01 1.192418575286865234e+00 0.000000000000000000e+00 0.000000000000000000e+00 1.000000000000000000e+00
-1.075853586196899414e+00 -1.287050247192382812e-01 0.000000000000000000e+00 0.000000000000000000e+00 1.000000000000000000e+00
-8.261464834213256836e-01 -2.608746886253356934e-01 0.000000000000000000e+00 0.000000000000000000e+00 1.000000000000000000e+00
-7.896457910537719727e-01 -2.233570218086242676e-01 0.000000000000000000e+00 0.000000000000000000e+00 1.000000000000000000e+00
-7.707316875457763672e-01 -2.140638828277587891e-01 0.000000000000000000e+00 0.000000000000000000e+00 1.000000000000000000e+00
-7.572612762451171875e-01 -2.029163837432861328e-01 0.000000000000000000e+00 0.000000000000000000e+00 1.000000000000000000e+00
-7.485735416412353516e-01 -1.950447559356689453e-01 0.000000000000000000e+00 0.000000000000000000e+00 1.000000000000000000e+00
-7.412599325180053711e-01 -1.964443325996398926e-01 0.000000000000000000e+00 0.000000000000000000e+00 1.000000000000000000e+00
-7.287561893463134766e-01 -2.052282094955444336e-01 0.000000000000000000e+00 0.000000000000000000e+00 1.000000000000000000e+00
-7.123578786849975586e-01 -2.056901454925537109e-01 0.000000000000000000e+00 0.000000000000000000e+00 1.000000000000000000e+00
-7.059091329574584961e-01 -1.935201883316040039e-01 0.000000000000000000e+00 0.000000000000000000e+00 1.000000000000000000e+00
-7.035627365112304688e-01 -1.834734678268432617e-01 0.000000000000000000e+00 0.000000000000000000e+00 1.000000000000000000e+00
-6.998063325881958008e-01 -1.799774765968322754e-01 0.000000000000000000e+00 0.000000000000000000e+00 1.000000000000000000e+00
-6.932802200317382812e-01 -1.866250038146972656e-01 0.000000000000000000e+00 0.000000000000000000e+00 1.000000000000000000e+00
-6.848866939544677734e-01 -1.981948018074035645e-01 0.000000000000000000e+00 0.000000000000000000e+00 1.000000000000000000e+00
-6.732642650604248047e-01 -2.070736289024353027e-01 0.000000000000000000e+00 0.000000000000000000e+00 1.000000000000000000e+00
-6.629302501678466797e-01 -2.068918347358703613e-01 0.000000000000000000e+00 0.000000000000000000e+00 1.000000000000000000e+00
-6.561222076416015625e-01 -2.029383182525634766e-01 0.000000000000000000e+00 0.000000000000000000e+00 1.000000000000000000e+00
-6.500323414802551270e-01 -2.046734094619750977e-01 0.000000000000000000e+00 0.000000000000000000e+00 1.000000000000000000e+00
-6.441547870635986328e-01 -2.109587788581848145e-01 0.000000000000000000e+00 0.000000000000000000e+00 1.000000000000000000e+00
-6.389163732528686523e-01 -2.165310382843017578e-01 0.000000000000000000e+00 0.000000000000000000e+00 1.000000000000000000e+00
-6.346807479858398438e-01 -2.178047299385070801e-01 0.000000000000000000e+00 0.000000000000000000e+00 1.000000000000000000e+00
-6.324260234832763672e-01 -2.124904990196228027e-01 0.000000000000000000e+00 0.000000000000000000e+00 1.000000000000000000e+00
-6.320503950119018555e-01 -2.028266191482543945e-01 0.000000000000000000e+00 0.000000000000000000e+00 1.000000000000000000e+00
-6.299456357955932617e-01 -1.979092955589294434e-01 0.000000000000000000e+00 0.000000000000000000e+00 1.000000000000000000e+00
-6.259688138961791992e-01 -1.999028325080871582e-01 0.000000000000000000e+00 0.000000000000000000e+00 1.000000000000000000e+00
-6.216173768043518066e-01 -2.040876150131225586e-01 0.000000000000000000e+00 0.000000000000000000e+00 1.000000000000000000e+00
-6.170923709869384766e-01 -2.062700390815734863e-01 0.000000000000000000e+00 0.000000000000000000e+00 1.000000000000000000e+00
-6.128720045089721680e-01 -2.066672444343566895e-01 0.000000000000000000e+00 0.000000000000000000e+00 1.000000000000000000e+00
-6.103117465972900391e-01 -2.067868113517761230e-01 0.000000000000000000e+00 0.000000000000000000e+00 1.000000000000000000e+00
-6.084847450256347656e-01 -2.099556326866149902e-01 0.000000000000000000e+00 0.000000000000000000e+00 1.000000000000000000e+00
-6.047585010528564453e-01 -2.197555899620056152e-01 0.000000000000000000e+00 0.000000000000000000e+00 1.000000000000000000e+00
-6.000102758407592773e-01 -2.305149435997009277e-01 0.000000000000000000e+00 0.000000000000000000e+00 1.000000000000000000e+00
-5.980702638626098633e-01 -2.299564480781555176e-01 0.000000000000000000e+00 0.000000000000000000e+00 1.000000000000000000e+00
-5.997837781906127930e-01 -2.167970538139343262e-01 0.000000000000000000e+00 0.000000000000000000e+00 1.000000000000000000e+00
-6.038430929183959961e-01 -1.986388564109802246e-01 0.000000000000000000e+00 0.000000000000000000e+00 1.000000000000000000e+00
-6.063364744186401367e-01 -1.875895857810974121e-01 0.000000000000000000e+00 0.000000000000000000e+00 1.000000000000000000e+00
-6.041584014892578125e-01 -1.909858584403991699e-01 0.000000000000000000e+00 0.000000000000000000e+00 1.000000000000000000e+00
-5.992538928985595703e-01 -2.043589353561401367e-01 0.000000000000000000e+00 0.000000000000000000e+00 1.000000000000000000e+00
-5.953063368797302246e-01 -2.153848409652709961e-01 0.000000000000000000e+00 0.000000000000000000e+00 1.000000000000000000e+00
-5.943701863288879395e-01 -2.160168290138244629e-01 0.000000000000000000e+00 0.000000000000000000e+00 1.000000000000000000e+00
-5.966140627861022949e-01 -2.070830464363098145e-01 0.000000000000000000e+00 0.000000000000000000e+00 1.000000000000000000e+00
-5.998926162719726562e-01 -1.934055089950561523e-01 0.000000000000000000e+00 0.000000000000000000e+00 1.000000000000000000e+00
-5.977410078048706055e-01 -1.919572353363037109e-01 0.000000000000000000e+00 0.000000000000000000e+00 1.000000000000000000e+00
-5.897443294525146484e-01 -2.047012448310852051e-01 0.000000000000000000e+00 0.000000000000000000e+00 1.000000000000000000e+00
-5.786333084106445312e-01 -2.194790840148925781e-01 0.000000000000000000e+00 0.000000000000000000e+00 1.000000000000000000e+00
-5.725789070129394531e-01 -2.221308350563049316e-01 0.000000000000000000e+00 0.000000000000000000e+00 1.000000000000000000e+00
-5.724610090255737305e-01 -2.144796252250671387e-01 0.000000000000000000e+00 0.000000000000000000e+00 1.000000000000000000e+00
-5.776803493499755859e-01 -1.988945007324218750e-01 0.000000000000000000e+00 0.000000000000000000e+00 1.000000000000000000e+00
-5.834753513336181641e-01 -1.837866902351379395e-01 0.000000000000000000e+00 0.000000000000000000e+00 1.000000000000000000e+00
-5.825821161270141602e-01 -1.863682866096496582e-01 0.000000000000000000e+00 0.000000000000000000e+00 1.000000000000000000e+00
-5.762384533882141113e-01 -2.050260901451110840e-01 0.000000000000000000e+00 0.000000000000000000e+00 1.000000000000000000e+00
-5.682951211929321289e-01 -2.187400460243225098e-01 0.000000000000000000e+00 0.000000000000000000e+00 1.000000000000000000e+00
-5.673066377639770508e-01 -2.123144268989562988e-01 0.000000000000000000e+00 0.000000000000000000e+00 1.000000000000000000e+00
-5.723893642425537109e-01 -1.956990361213684082e-01 0.000000000000000000e+00 0.000000000000000000e+00 1.000000000000000000e+00
-5.784788131713867188e-01 -1.785943508148193359e-01 0.000000000000000000e+00 0.000000000000000000e+00 1.000000000000000000e+00
-5.799283385276794434e-01 -1.753148436546325684e-01 0.000000000000000000e+00 0.000000000000000000e+00 1.000000000000000000e+00
-5.742802619934082031e-01 -1.883404254913330078e-01 0.000000000000000000e+00 0.000000000000000000e+00 1.000000000000000000e+00
-5.619502663612365723e-01 -2.118191123008728027e-01 0.000000000000000000e+00 0.000000000000000000e+00 1.000000000000000000e+00
0.000000000000000000e+00 0.000000000000000000e+00 0.000000000000000000e+00 0.000000000000000000e+00 0.000000000000000000e+00
0.000000000000000000e+00 0.000000000000000000e+00 0.000000000000000000e+00 0.000000000000000000e+00 0.000000000000000000e+00
0.000000000000000000e+00 0.000000000000000000e+00 0.000000000000000000e+00 0.000000000000000000e+00 0.000000000000000000e+00
0.000000000000000000e+00 0.000000000000000000e+00 0.000000000000000000e+00 0.000000000000000000e+00 0.000000000000000000e+00
0.000000000000000000e+00 0.000000000000000000e+00 0.000000000000000000e+00 0.000000000000000000e+00 0.000000000000000000e+00
0.000000000000000000e+00 0.000000000000000000e+00 0.000000000000000000e+00 0.000000000000000000e+00 0.000000000000000000e+00
0.000000000000000000e+00 0.000000000000000000e+00 0.000000000000000000e+00 0.000000000000000000e+00 0.000000000000000000e+00
0.000000000000000000e+00 0.000000000000000000e+00 0.000000000000000000e+00 0.000000000000000000e+00 0.000000000000000000e+00
0.000000000000000000e+00 0.000000000000000000e+00 0.000000000000000000e+00 0.000000000000000000e+00 0.000000000000000000e+00
0.000000000000000000e+00 0.000000000000000000e+00 0.000000000000000000e+00 0.000000000000000000e+00 0.000000000000000000e+00
0.000000000000000000e+00 0.000000000000000000e+00 0.000000000000000000e+00 0.000000000000000000e+00 0.000000000000000000e+00
0.000000000000000000e+00 0.000000000000000000e+00 0.000000000000000000e+00 0.000000000000000000e+00 0.000000000000000000e+00
0.000000000000000000e+00 0.000000000000000000e+00 0.000000000000000000e+00 0.000000000000000000e+00 0.000000000000000000e+00
0.000000000000000000e+00 0.000000000000000000e+00 0.000000000000000000e+00 0.000000000000000000e+00 0.000000000000000000e+00
0.000000000000000000e+00 0.000000000000000000e+00 0.000000000000000000e+00 0.000000000000000000e+00 0.000000000000000000e+00
0.000000000000000000e+00 0.000000000000000000e+00 0.000000000000000000e+00 0.000000000000000000e+00 0.000000000000000000e+00
0.000000000000000000e+00 0.000000000000000000e+00 0.000000000000000000e+00 0.000000000000000000e+00 0.000000000000000000e+00
0.000000000000000000e+00 0.000000000000000000e+00 0.000000000000000000e+00 0.000000000000000000e+00 0.000000000000000000e+00
0.000000000000000000e+00 0.000000000000000000e+00 0.000000000000000000e+00 0.000000000000000000e+00 0.000000000000000000e+00
0.000000000000000000e+00 0.000000000000000000e+00 0.000000000000000000e+00 0.000000000000000000e+00 0.000000000000000000e+00
0.000000000000000000e+00 0.000000000000000000e+00 0.000000000000000000e+00 0.000000000000000000e+00 0.000000000000000000e+00
0.000000000000000000e+00 0.000000000000000000e+00 0.000000000000000000e+00 0.000000000000000000e+00 0.000000000000000000e+00
0.000000000000000000e+00 0.000000000000000000e+00 0.000000000000000000e+00 0.000000000000000000e+00 0.000000000000000000e+00
0.000000000000000000e+00 0.000000000000000000e+00 0.000000000000000000e+00 0.000000000000000000e+00 0.000000000000000000e+00
0.000000000000000000e+00 0.000000000000000000e+00 0.000000000000000000e+00 0.000000000000000000e+00 0.000000000000000000e+00
0.000000000000000000e+00 0.000000000000000000e+00 0.000000000000000000e+00 0.000000000000000000e+00 0.000000000000000000e+00
0.000000000000000000e+00 0.000000000000000000e+00 0.000000000000000000e+00 0.000000000000000000e+00 0.000000000000000000e+00
0.000000000000000000e+00 0.000000000000000000e+00 0.000000000000000000e+00 0.000000000000000000e+00 0.000000000000000000e+00
0.000000000000000000e+00 0.000000000000000000e+00 0.000000000000000000e+00 0.000000000000000000e+00 0.000000000000000000e+00
0.000000000000000000e+00 0.000000000000000000e+00 0.000000000000000000e+00 0.000000000000000000e+00 0.000000000000000000e+00
0.000000000000000000e+00 0.000000000000000000e+00 0.000000000000000000e+00 0.000000000000000000e+00 0.000000000000000000e+00
0.000000000000000000e+00 0.000000000000000000e+00 0.000000000000000000e+00 0.000000000000000000e+00 0.000000000000000000e+00
0.000000000000000000e+00 0.000000000000000000e+00 0.000000000000000000e+00 0.000000000000000000e+00 0.000000000000000000e+00
0.000000000000000000e+00 0.000000000000000000e+00 0.000000000000000000e+00 0.000000000000000000e+00 0.000000000000000000e+00
0.000000000000000000e+00 0.000000000000000000e+00 0.000000000000000000e+00 0.000000000000000000e+00 0.000000000000000000e+00
0.000000000000000000e+00 0.000000000000000000e+00 0.000000000000000000e+00 0.000000000000000000e+00 0.000000000000000000e+00
0.000000000000000000e+00 0.000000000000000000e+00 0.000000000000000000e+00 0.000000000000000000e+00 0.000000000000000000e+00
0.000000000000000000e+00 0.000000000000000000e+00 0.000000000000000000e+00 0.000000000000000000e+00 0.000000000000000000e+00
0.000000000000000000e+00 0.000000000000000000e+00 0.000000000000000000e+00 0.000000000000000000e+00 0.000000000000000000e+00
0.000000000000000000e+00 0.000000000000000000e+00 0.000000000000000000e+00 0.000000000000000000e+00 0.000000000000000000e+00
0.000000000000000000e+00 0.000000000000000000e+00 0.000000000000000000e+00 0.000000000000000000e+00 0.000000000000000000e+00
0.000000000000000000e+00 0.000000000000000000e+00 0.000000000000000000e+00 0.000000000000000000e+00 0.000000000000000000e+00
0.000000000000000000e+00 0.000000000000000000e+00 0.000000000000000000e+00 0.000000000000000000e+00 0.000000000000000000e+00
0.000000000000000000e+00 0.000000000000000000e+00 0.000000000000000000e+00 0.000000000000000000e+00 0.000000000000000000e+00
0.000000000000000000e+00 0.000000000000000000e+00 0.000000000000000000e+00 0.000000000000000000e+00 0.000000000000000000e+00
0.000000000000000000e+00 0.000000000000000000e+00 0.000000000000000000e+00 0.000000000000000000e+00 0.000000000000000000e+00
