0.000000000000000000e+00 0.000000000000000000e+00 1.000000000000000000e+00 0.000000000000000000e+00 0.000000000000000000e+00
1.236395835876464844e+00 -2.431040704250335693e-01 1.000000000000000000e+00 0.000000000000000000e+00 0.000000000000000000e+00
4.252407550811767578e-01 1.100734993815422058e-02 0.000000000000000000e+00 1.000000000000000000e+00 0.000000000000000000e+00
-2.514243125915527344e+00 1.603340983390808105e+00 1.000000000000000000e+00 0.000000000000000000e+00 0.000000000000000000e+00
-1.465754508972167969e-01 2.436876296997070312e-01 1.000000000000000000e+00 0.000000000000000000e+00 0.000000000000000000e+00
-8.568353950977325439e-02 1.456068754196166992e+00 1.000000000000000000e+00 0.000000000000000000e+00 0.000000000000000000e+00
-8.951832354068756104e-02 2.731288075447082520e-01 0.000000000000000000e+00 1.000000000000000000e+00 0.000000000000000000e+00
5.773315429687500000e-01 -1.639859199523925781e+00 1.000000000000000000e+00 0.000000000000000000e+00 0.000000000000000000e+00
1.500009894371032715e+00 -2.329742908477783203e-01 1.000000000000000000e+00 0.000000000000000000e+00 0.000000000000000000e+00
1.110563039779663086e+00 7.335443794727325439e-02 1.000000000000000000e+00 0.000000000000000000e+00 0.000000000000000000e+00
3.105730414390563965e-01 1.748402416706085205e-01 1.000000000000000000e+00 0.000000000000000000e+00 0.000000000000000000e+00
5.294219031929969788e-02 4.643283188343048096e-01 1.000000000000000000e+00 0.000000000000000000e+00 0.000000000000000000e+00
-2.376037836074829102e-01 6.793675422668457031e-01 1.000000000000000000e+00 0.000000000000000000e+00 0.000000000000000000e+00
-2.146004587411880493e-01 3.163323104381561279e-01 1.000000000000000000e+00 0.000000000000000000e+00 0.000000000000000000e+00
-2.445599287748336792e-01 1.586273312568664551e-01 1.000000000000000000e+00 0.000000000000000000e+00 0.000000000000000000e+00
-3.234324455261230469e-01 -2.516812831163406372e-02 0.000000000000000000e+00 1.000000000000000000e+00 0.000000000000000000e+00
-7.814469933509826660e-01 -2.345241308212280273e+00 1.000000000000000000e+00 0.000000000000000000e+00 0.000000000000000000e+00
-5.214194655418395996e-01 1.140031456947326660e+00 1.000000000000000000e+00 0.000000000000000000e+00 0.000000000000000000e+00
-4.377152919769287109e-01 5.631332397460937500e-01 1.000000000000000000e+00 0.000000000000000000e+00 0.000000000000000000e+00
3.245309293270111084e-01 -2.470755130052566528e-01 1.000000000000000000e+00 0.000000000000000000e+00 0.000000000000000000e+00
5.850210785865783691e-01 -3.772956877946853638e-02 1.000000000000000000e+00 0.000000000000000000e+00 0.000000000000000000e+00
1.680251657962799072e-01 -9.122469276189804077e-02 0.000000000000000000e+00 1.000000000000000000e+00 0.000000000000000000e+00
6.469127535820007324e-01 -1.199277043342590332e+00 1.000000000000000000e+00 0.000000000000000000e+00 0.000000000000000000e+00
-5.814003944396972656e-01 1.122508525848388672e+00 1.000000000000000000e+00 0.000000000000000000e+00 0.000000000000000000e+00
-2.912457585334777832e-01 3.352964222431182861e-01 1.000000000000000000e+00 0.000000000000000000e+00 0.000000000000000000e+00
3.127022981643676758e-01 -2.096341103315353394e-01 1.000000000000000000e+00 0.000000000000000000e+00 0.000000000000000000e+00
3.846952617168426514e-01 -2.597965300083160400e-03 1.000000000000000000e+00 0.000000000000000000e+00 0.000000000000000000e+00
7.307257652282714844e-01 4.163918197154998779e-01 0.000000000000000000e+00 1.000000000000000000e+00 0.000000000000000000e+00
-1.862513899803161621e+00 -2.283265590667724609e+00 0.000000000000000000e+00 0.000000000000000000e+00 1.000000000000000000e+00
-3.086121678352355957e-01 1.532270669937133789e+00 0.000000000000000000e+00 0.000000000000000000e+00 1.000000000000000000e+00
-1.392930388450622559e+00 -3.487783074378967285e-01 0.000000000000000000e+00 0.000000000000000000e+00 1.000000000000000000e+00
-9.560470581054687500e-01 -4.626323580741882324e-01 0.000000000000000000e+00 0.000000000000000000e+00 1.000000000000000000e+00
-9.562277793884277344e-01 -3.247831463813781738e-01 0.000000000000000000e+00 0.000000000000000000e+00 1.000000000000000000e+00
-9.222002029418945312e-01 -2.738221287727355957e-01 0.000000000000000000e+00 0.000000000000000000e+00 1.000000000000000000e+00
-9.169517755508422852e-01 -2.611257433891296387e-01 0.000000000000000000e+00 0.000000000000000000e+00 1.000000000000000000e+00
-9.178208112716674805e-01 -2.439489364624023438e-01 0.000000000000000000e+00 0.000000000000000000e+00 1.000000000000000000e+00
-9.068282842636108398e-01 -2.219927906990051270e-01 0.000000000000000000e+00 0.000000000000000000e+00 1.000000000000000000e+00
-8.803750276565551758e-01 -2.319302558898925781e-01 0.000000000000000000e+00 0.000000000000000000e+00 1.000000000000000000e+00
-8.385539054870605469e-01 -2.561950683593750000e-01 0.000000000000000000e+00 0.000000000000000000e+00 1.000000000000000000e+00
-8.149666786193847656e-01 -2.527652978897094727e-01 0.000000000000000000e+00 0.000000000000000000e+00 1.000000000000000000e+00
-8.056770563125610352e-01 -2.439162135124206543e-01 0.000000000000000000e+00 0.000000000000000000e+00 1.000000000000000000e+00
-8.003525733947753906e-01 -2.383340001106262207e-01 0.000000000000000000e+00 0.000000000000000000e+00 1.000000000000000000e+00
-7.949897050857543945e-01 -2.334362268447875977e-01 0.000000000000000000e+00 0.000000000000000000e+00 1.000000000000000000e+00
-7.828615903854370117e-01 -2.380167841911315918e-01 0.000000000000000000e+00 0.000000000000000000e+00 1.000000000000000000e+00
-7.644839286804199219e-01 -2.504933476448059082e-01 0.000000000000000000e+00 0.000000000000000000e+00 1.000000000000000000e+00
-7.481861114501953125e-01 -2.640827894210815430e-01 0.000000000000000000e+00 0.000000000000000000e+00 1.000000000000000000e+00
-7.392048835754394531e-01 -2.747339606285095215e-01 0.000000000000000000e+00 0.000000000000000000e+00 1.000000000000000000e+00
-7.348390817642211914e-01 -2.812972664833068848e-01 0.000000000000000000e+00 0.000000000000000000e+00 1.000000000000000000e+00
-7.287350893020629883e-01 -2.856271862983703613e-01 0.000000000000000000e+00 0.000000000000000000e+00 1.000000000000000000e+00
-7.195966243743896484e-01 -2.882393598556518555e-01 0.000000000000000000e+00 0.000000000000000000e+00 1.000000000000000000e+00
-7.100960016250610352e-01 -2.870416045188903809e-01 0.000000000000000000e+00 0.000000000000000000e+00 1.000000000000000000e+00
-7.070531845092773438e-01 -2.835421562194824219e-01 0.000000000000000000e+00 0.000000000000000000e+00 1.000000000000000000e+00
-7.112672328948974609e-01 -2.817348241806030273e-01 0.000000000000000000e+00 0.000000000000000000e+00 1.000000000000000000e+00
-7.163469791412353516e-01 -2.826341390609741211e-01 0.000000000000000000e+00 0.000000000000000000e+00 1.000000000000000000e+00
-7.169981002807617188e-01 -2.867040634155273438e-01 0.000000000000000000e+00 0.000000000000000000e+00 1.000000000000000000e+00
-7.134064435958862305e-01 -2.938504219055175781e-01 0.000000000000000000e+00 0.000000000000000000e+00 1.000000000000000000e+00
-7.004944086074829102e-01 -3.047157526016235352e-01 0.000000000000000000e+00 0.000000000000000000e+00 1.000000000000000000e+00
-6.851818561553955078e-01 -3.135779500007629395e-01 0.000000000000000000e+00 0.000000000000000000e+00 1.000000000000000000e+00
-6.803247928619384766e-01 -3.103169202804565430e-01 0.000000000000000000e+00 0.000000000000000000e+00 1.000000000000000000e+00
-6.814434528350830078e-01 -3.029801845550537109e-01 0.000000000000000000e+00 0.000000000000000000e+00 1.000000000000000000e+00
-6.784698963165283203e-01 -2.998844385147094727e-01 0.000000000000000000e+00 0.000000000000000000e+00 1.000000000000000000e+00
-6.699257493019104004e-01 -3.001217842102050781e-01 0.000000000000000000e+00 0.000000000000000000e+00 1.000000000000000000e+00
-6.634958982467651367e-01 -3.000546693801879883e-01 0.000000000000000000e+00 0.000000000000000000e+00 1.000000000000000000e+00
-6.606481075286865234e-01 -3.005117177963256836e-01 0.000000000000000000e+00 0.000000000000000000e+00 1.000000000000000000e+00
-6.601116657257080078e-01 -3.022701144218444824e-01 0.000000000000000000e+00 0.000000000000000000e+00 1.000000000000000000e+00
-6.639360189437866211e-01 -2.992765903472900391e-01 0.000000000000000000e+00 0.000000000000000000e+00 1.000000000000000000e+00
-6.666723489761352539e-01 -2.957730889320373535e-01 0.000000000000000000e+00 0.000000000000000000e+00 1.000000000000000000e+00
-6.629923582077026367e-01 -2.975122332572937012e-01 0.000000000000000000e+00 0.000000000000000000e+00 1.000000000000000000e+00
-6.535424590110778809e-01 -3.009096980094909668e-01 0.000000000000000000e+00 0.000000000000000000e+00 1.000000000000000000e+00
-6.445380449295043945e-01 -3.013771176338195801e-01 0.000000000000000000e+00 0.000000000000000000e+00 1.000000000000000000e+00
-6.427000761032104492e-01 -2.992936968803405762e-01 0.000000000000000000e+00 0.000000000000000000e+00 1.000000000000000000e+00
-6.504898071289062500e-01 -2.924673557281494141e-01 0.000000000000000000e+00 0.000000000000000000e+00 1.000000000000000000e+00
0.000000000000000000e+00 0.000000000000000000e+00 0.000000000000000000e+00 0.000000000000000000e+00 0.000000000000000000e+00
0.000000000000000000e+00 0.000000000000000000e+00 0.000000000000000000e+00 0.000000000000000000e+00 0.000000000000000000e+00
0.000000000000000000e+00 0.000000000000000000e+00 0.000000000000000000e+00 0.000000000000000000e+00 0.000000000000000000e+00
0.000000000000000000e+00 0.000000000000000000e+00 0.000000000000000000e+00 0.000000000000000000e+00 0.000000000000000000e+00
0.000000000000000000e+00 0.000000000000000000e+00 0.000000000000000000e+00 0.000000000000000000e+00 0.000000000000000000e+00
0.000000000000000000e+00 0.000000000000000000e+00 0.000000000000000000e+00 0.000000000000000000e+00 0.000000000000000000e+00
0.000000000000000000e+00 0.000000000000000000e+00 0.000000000000000000e+00 0.000000000000000000e+00 0.000000000000000000e+00
0.000000000000000000e+00 0.000000000000000000e+00 0.000000000000000000e+00 0.000000000000000000e+00 0.000000000000000000e+00
0.000000000000000000e+00 0.000000000000000000e+00 0.000000000000000000e+00 0.000000000000000000e+00 0.000000000000000000e+00
0.000000000000000000e+00 0.000000000000000000e+00 0.000000000000000000e+00 0.000000000000000000e+00 0.000000000000000000e+00
0.000000000000000000e+00 0.000000000000000000e+00 0.000000000000000000e+00 0.000000000000000000e+00 0.000000000000000000e+00
0.000000000000000000e+00 0.000000000000000000e+00 0.000000000000000000e+00 0.000000000000000000e+00 0.000000000000000000e+00
0.000000000000000000e+00 0.000000000000000000e+00 0.000000000000000000e+00 0.000000000000000000e+00 0.000000000000000000e+00
0.000000000000000000e+00 0.000000000000000000e+00 0.000000000000000000e+00 0.000000000000000000e+00 0.000000000000000000e+00
0.000000000000000000e+00 0.000000000000000000e+00 0.000000000000000000e+00 0.000000000000000000e+00 0.000000000000000000e+00
0.000000000000000000e+00 0.000000000000000000e+00 0.000000000000000000e+00 0.000000000000000000e+00 0.000000000000000000e+00
0.000000000000000000e+00 0.000000000000000000e+00 0.000000000000000000e+00 0.000000000000000000e+00 0.000000000000000000e+00
0.000000000000000000e+00 0.000000000000000000e+00 0.000000000000000000e+00 0.000000000000000000e+00 0.000000000000000000e+00
0.000000000000000000e+00 0.000000000000000000e+00 0.000000000000000000e+00 0.000000000000000000e+00 0.000000000000000000e+00
0.000000000000000000e+00 0.000000000000000000e+00 0.000000000000000000e+00 0.000000000000000000e+00 0.000000000000000000e+00
0.000000000000000000e+00 0.000000000000000000e+00 0.000000000000000000e+00 0.000000000000000000e+00 0.000000000000000000e+00
0.000000000000000000e+00 0.000000000000000000e+00 0.000000000000000000e+00 0.000000000000000000e+00 0.000000000000000000e+00
0.000000000000000000e+00 0.000000000000000000e+00 0.000000000000000000e+00 0.000000000000000000e+00 0.000000000000000000e+00
0.000000000000000000e+00 0.000000000000000000e+00 0.000000000000000000e+00 0.000000000000000000e+00 0.000000000000000000e+00
0.000000000000000000e+00 0.000000000000000000e+00 0.000000000000000000e+00 0.000000000000000000e+00 0.000000000000000000e+00
0.000000000000000000e+00 0.000000000000000000e+00 0.000000000000000000e+00 0.000000000000000000e+00 0.000000000000000000e+00
0.000000000000000000e+00 0.000000000000000000e+00 0.000000000000000000e+00 0.000000000000000000e+00 0.000000000000000000e+00
0.000000000000000000e+00 0.000000000000000000e+00 0.000000000000000000e+00 0.000000000000000000e+00 0.000000000000000000e+00
0.000000000000000000e+00 0.000000000000000000e+00 0.000000000000000000e+00 0.000000000000000000e+00 0.000000000000000000e+00
0.000000000000000000e+00 0.000000000000000000e+00 0.000000000000000000e+00 0.000000000000000000e+00 0.000000000000000000e+00
0.000000000000000000e+00 0.000000000000000000e+00 0.000000000000000000e+00 0.000000000000000000e+00 0.000000000000000000e+00
0.000000000000000000e+00 0.000000000000000000e+00 0.000000000000000000e+00 0.000000000000000000e+00 0.000000000000000000e+00
0.000000000000000000e+00 0.000000000000000000e+00 0.000000000000000000e+00 0.000000000000000000e+00 0.000000000000000000e+00
0.000000000000000000e+00 0.000000000000000000e+00 0.000000000000000000e+00 0.000000000000000000e+00 0.000000000000000000e+00
0.000000000000000000e+00 0.000000000000000000e+00 0.000000000000000000e+00 0.000000000000000000e+00 0.000000000000000000e+00
0.000000000000000000e+00 0.000000000000000000e+00 0.000000000000000000e+00 0.000000000000000000e+00 0.000000000000000000e+00
0.000000000000000000e+00 0.000000000000000000e+00 0.000000000000000000e+00 0.000000000000000000e+00 0.000000000000000000e+00
0.000000000000000000e+00 0.000000000000000000e+00 0.000000000000000000e+00 0.000000000000000000e+00 0.000000000000000000e+00
0.000000000000000000e+00 0.000000000000000000e+00 0.000000000000000000e+00 0.000000000000000000e+00 0.000000000000000000e+00
0.000000000000000000e+00 0.000000000000000000e+00 0.000000000000000000e+00 0.000000000000000000e+00 0.000000000000000000e+00
0.000000000000000000e+00 0.000000000000000000e+00 0.000000000000000000e+00 0.000000000000000000e+00 0.000000000000000000e+00
0.000000000000000000e+00 0.000000000000000000e+00 0.000000000000000000e+00 0.000000000000000000e+00 0.000000000000000000e+00
0.000000000000000000e+00 0.000000000000000000e+00 0.000000000000000000e+00 0.000000000000000000e+00 0.000000000000000000e+00
0.000000000000000000e+00 0.000000000000000000e+00 0.000000000000000000e+00 0.000000000000000000e+00 0.000000000000000000e+00
0.000000000000000000e+00 0.000000000000000000e+00 0.000000000000000000e+00 0.000000000000000000e+00 0.000000000000000000e+00
0.000000000000000000e+00 0.000000000000000000e+00 0.000000000000000000e+00 0.000000000000000000e+00 0.000000000000000000e+00
0.000000000000000000e+00 0.000000000000000000e+00 0.000000000000000000e+00 0.000000000000000000e+00 0.000000000000000000e+00
0.000000000000000000e+00 0.000000000000000000e+00 0.000000000000000000e+00 0.000000000000000000e+00 0.000000000000000000e+00
0.000000000000000000e+00 0.000000000000000000e+00 0.000000000000000000e+00 0.000000000000000000e+00 0.000000000000000000e+00
