0.000000000000000000e+00 0.000000000000000000e+00 1.000000000000000000e+00 0.000000000000000000e+00 0.000000000000000000e+00
-1.690472364425659180e+00 1.955512166023254395e+00 1.000000000000000000e+00 0.000000000000000000e+00 0.000000000000000000e+00
-1.471009254455566406e+00 1.275407433509826660e+00 1.000000000000000000e+00 0.000000000000000000e+00 0.000000000000000000e+00
-7.369048595428466797e-01 3.944702744483947754e-01 0.000000000000000000e+00 1.000000000000000000e+00 0.000000000000000000e+00
2.677050113677978516e+00 -1.513962030410766602e+00 1.000000000000000000e+00 0.000000000000000000e+00 0.000000000000000000e+00
1.005119681358337402e+00 1.662197858095169067e-01 1.000000000000000000e+00 0.000000000000000000e+00 0.000000000000000000e+00
3.941361606121063232e-01 2.421980053186416626e-01 1.000000000000000000e+00 0.000000000000000000e+00 0.000000000000000000e+00
4.767575860023498535e-02 1.802802681922912598e-01 0.000000000000000000e+00 1.000000000000000000e+00 0.000000000000000000e+00
-1.314182996749877930e+00 4.019866585731506348e-01 1.000000000000000000e+00 0.000000000000000000e+00 0.000000000000000000e+00
-5.266122519969940186e-02 2.119199514389038086e+00 1.000000000000000000e+00 0.000000000000000000e+00 0.000000000000000000e+00
-3.763966262340545654e-01 1.892085075378417969e+00 0.000000000000000000e+00 1.000000000000000000e+00 0.000000000000000000e+00
1.132459938526153564e-01 -4.615627765655517578e+00 0.000000000000000000e+00 0.000000000000000000e+00 1.000000000000000000e+00
-8.097270727157592773e-01 6.431806087493896484e-01 0.000000000000000000e+00 0.000000000000000000e+00 1.000000000000000000e+00
-5.647768974304199219e-01 -1.237596750259399414e+00 0.000000000000000000e+00 0.000000000000000000e+00 1.000000000000000000e+00
-4.127329587936401367e-01 -9.673333764076232910e-01 0.000000000000000000e+00 0.000000000000000000e+00 1.000000000000000000e+00
-4.402404129505157471e-01 -7.595445513725280762e-01 0.000000000000000000e+00 0.000000000000000000e+00 1.000000000000000000e+00
-4.329519867897033691e-01 -6.448996663093566895e-01 0.000000000000000000e+00 0.000000000000000000e+00 1.000000000000000000e+00
-4.382672905921936035e-01 -5.764432549476623535e-01 0.000000000000000000e+00 0.000000000000000000e+00 1.000000000000000000e+00
-4.485996365547180176e-01 -5.317836403846740723e-01 0.000000000000000000e+00 0.000000000000000000e+00 1.000000000000000000e+00
-4.633080661296844482e-01 -4.877555966377258301e-01 0.000000000000000000e+00 0.000000000000000000e+00 1.000000000000000000e+00
-4.775209724903106689e-01 -4.473746418952941895e-01 0.000000000000000000e+00 0.000000000000000000e+00 1.000000000000000000e+00
-4.827920198440551758e-01 -4.219191670417785645e-01 0.000000000000000000e+00 0.000000000000000000e+00 1.000000000000000000e+00
-4.797939658164978027e-01 -4.088113903999328613e-01 0.000000000000000000e+00 0.000000000000000000e+00 1.000000000000000000e+00
-4.721187949180603027e-01 -4.065206646919250488e-01 0.000000000000000000e+00 0.000000000000000000e+00 1.000000000000000000e+00
-4.677445888519287109e-01 -4.016160368919372559e-01 0.000000000000000000e+00 0.000000000000000000e+00 1.000000000000000000e+00
-4.681134819984436035e-01 -3.900938630104064941e-01 0.000000000000000000e+00 0.000000000000000000e+00 1.000000000000000000e+00
-4.728992879390716553e-01 -3.749318718910217285e-01 0.000000000000000000e+00 0.000000000000000000e+00 1.000000000000000000e+00
-4.753599762916564941e-01 -3.642130494117736816e-01 0.000000000000000000e+00 0.000000000000000000e+00 1.000000000000000000e+00
-4.737190008163452148e-01 -3.617811799049377441e-01 0.000000000000000000e+00 0.000000000000000000e+00 1.000000000000000000e+00
-4.703655540943145752e-01 -3.645730614662170410e-01 0.000000000000000000e+00 0.000000000000000000e+00 1.000000000000000000e+00
-4.679461419582366943e-01 -3.660257458686828613e-01 0.000000000000000000e+00 0.000000000000000000e+00 1.000000000000000000e+00
-4.680176079273223877e-01 -3.608234524726867676e-01 0.000000000000000000e+00 0.000000000000000000e+00 1.000000000000000000e+00
-4.690662324428558350e-01 -3.506777882575988770e-01 0.000000000000000000e+00 0.000000000000000000e+00 1.000000000000000000e+00
-4.662139117717742920e-01 -3.455222249031066895e-01 0.000000000000000000e+00 0.000000000000000000e+00 1.000000000000000000e+00
-4.600009024143218994e-01 -3.485623002052307129e-01 0.000000000000000000e+00 0.000000000000000000e+00 1.000000000000000000e+00
-4.539836645126342773e-01 -3.555024266242980957e-01 0.000000000000000000e+00 0.000000000000000000e+00 1.000000000000000000e+00
-4.498443603515625000e-01 -3.606000542640686035e-01 0.000000000000000000e+00 0.000000000000000000e+00 1.000000000000000000e+00
-4.473571777343750000e-01 -3.615062832832336426e-01 0.000000000000000000e+00 0.000000000000000000e+00 1.000000000000000000e+00
-4.473529756069183350e-01 -3.563991189002990723e-01 0.000000000000000000e+00 0.000000000000000000e+00 1.000000000000000000e+00
-4.491064548492431641e-01 -3.468390107154846191e-01 0.000000000000000000e+00 0.000000000000000000e+00 1.000000000000000000e+00
-4.452924132347106934e-01 -3.465238213539123535e-01 0.000000000000000000e+00 0.000000000000000000e+00 1.000000000000000000e+00
-4.377015531063079834e-01 -3.551986813545227051e-01 0.000000000000000000e+00 0.000000000000000000e+00 1.000000000000000000e+00
-4.334945678710937500e-01 -3.594689965248107910e-01 0.000000000000000000e+00 0.000000000000000000e+00 1.000000000000000000e+00
-4.314911365509033203e-01 -3.588612675666809082e-01 0.000000000000000000e+00 0.000000000000000000e+00 1.000000000000000000e+00
-4.312854111194610596e-01 -3.558197617530822754e-01 0.000000000000000000e+00 0.000000000000000000e+00 1.000000000000000000e+00
-4.336565732955932617e-01 -3.507497906684875488e-01 0.000000000000000000e+00 0.000000000000000000e+00 1.000000000000000000e+00
-4.340340197086334229e-01 -3.511891961097717285e-01 0.000000000000000000e+00 0.000000000000000000e+00 1.000000000000000000e+00
-4.285370409488677979e-01 -3.637225031852722168e-01 0.000000000000000000e+00 0.000000000000000000e+00 1.000000000000000000e+00
-4.221079945564270020e-01 -3.774166703224182129e-01 0.000000000000000000e+00 0.000000000000000000e+00 1.000000000000000000e+00
-4.196551442146301270e-01 -3.797782063484191895e-01 0.000000000000000000e+00 0.000000000000000000e+00 1.000000000000000000e+00
-4.196988046169281006e-01 -3.719010949134826660e-01 0.000000000000000000e+00 0.000000000000000000e+00 1.000000000000000000e+00
-4.210731089115142822e-01 -3.599993586540222168e-01 0.000000000000000000e+00 0.000000000000000000e+00 1.000000000000000000e+00
-4.217712879180908203e-01 -3.526639342308044434e-01 0.000000000000000000e+00 0.000000000000000000e+00 1.000000000000000000e+00
-4.163110852241516113e-01 -3.602305054664611816e-01 0.000000000000000000e+00 0.000000000000000000e+00 1.000000000000000000e+00
-4.100717008113861084e-01 -3.754228949546813965e-01 0.000000000000000000e+00 0.000000000000000000e+00 1.000000000000000000e+00
-4.096238315105438232e-01 -3.824761509895324707e-01 0.000000000000000000e+00 0.000000000000000000e+00 1.000000000000000000e+00
-4.128971993923187256e-01 -3.799691796302795410e-01 0.000000000000000000e+00 0.000000000000000000e+00 1.000000000000000000e+00
-4.184399247169494629e-01 -3.680889010429382324e-01 0.000000000000000000e+00 0.000000000000000000e+00 1.000000000000000000e+00
-4.213026762008666992e-01 -3.546792864799499512e-01 0.000000000000000000e+00 0.000000000000000000e+00 1.000000000000000000e+00
-4.176667928695678711e-01 -3.533211350440979004e-01 0.000000000000000000e+00 0.000000000000000000e+00 1.000000000000000000e+00
-4.082458615303039551e-01 -3.666281104087829590e-01 0.000000000000000000e+00 0.000000000000000000e+00 1.000000000000000000e+00
-3.986097872257232666e-01 -3.827889561653137207e-01 0.000000000000000000e+00 0.000000000000000000e+00 1.000000000000000000e+00
-3.957104682922363281e-01 -3.855085968971252441e-01 0.000000000000000000e+00 0.000000000000000000e+00 1.000000000000000000e+00
-3.982285857200622559e-01 -3.779388070106506348e-01 0.000000000000000000e+00 0.000000000000000000e+00 1.000000000000000000e+00
-4.049173891544342041e-01 -3.618047833442687988e-01 0.000000000000000000e+00 0.000000000000000000e+00 1.000000000000000000e+00
-4.101893901824951172e-01 -3.478158116340637207e-01 0.000000000000000000e+00 0.000000000000000000e+00 1.000000000000000000e+00
-4.071472883224487305e-01 -3.520651459693908691e-01 0.000000000000000000e+00 0.000000000000000000e+00 1.000000000000000000e+00
-3.989027142524719238e-01 -3.700457215309143066e-01 0.000000000000000000e+00 0.000000000000000000e+00 1.000000000000000000e+00
-3.949030339717864990e-01 -3.795657753944396973e-01 0.000000000000000000e+00 0.000000000000000000e+00 1.000000000000000000e+00
-3.961208164691925049e-01 -3.767824769020080566e-01 0.000000000000000000e+00 0.000000000000000000e+00 1.000000000000000000e+00
-4.017852544784545898e-01 -3.635283112525939941e-01 0.000000000000000000e+00 0.000000000000000000e+00 1.000000000000000000e+00
0.000000000000000000e+00 0.000000000000000000e+00 0.000000000000000000e+00 0.000000000000000000e+00 0.000000000000000000e+00
0.000000000000000000e+00 0.000000000000000000e+00 0.000000000000000000e+00 0.000000000000000000e+00 0.000000000000000000e+00
0.000000000000000000e+00 0.000000000000000000e+00 0.000000000000000000e+00 0.000000000000000000e+00 0.000000000000000000e+00
0.000000000000000000e+00 0.000000000000000000e+00 0.000000000000000000e+00 0.000000000000000000e+00 0.000000000000000000e+00
0.000000000000000000e+00 0.000000000000000000e+00 0.000000000000000000e+00 0.000000000000000000e+00 0.000000000000000000e+00
0.000000000000000000e+00 0.000000000000000000e+00 0.000000000000000000e+00 0.000000000000000000e+00 0.000000000000000000e+00
0.000000000000000000e+00 0.000000000000000000e+00 0.000000000000000000e+00 0.000000000000000000e+00 0.000000000000000000e+00
0.000000000000000000e+00 0.000000000000000000e+00 0.000000000000000000e+00 0.000000000000000000e+00 0.000000000000000000e+00
0.000000000000000000e+00 0.000000000000000000e+00 0.000000000000000000e+00 0.000000000000000000e+00 0.000000000000000000e+00
0.000000000000000000e+00 0.000000000000000000e+00 0.000000000000000000e+00 0.000000000000000000e+00 0.000000000000000000e+00
0.000000000000000000e+00 0.000000000000000000e+00 0.000000000000000000e+00 0.000000000000000000e+00 0.000000000000000000e+00
0.000000000000000000e+00 0.000000000000000000e+00 0.000000000000000000e+00 0.000000000000000000e+00 0.000000000000000000e+00
0.000000000000000000e+00 0.000000000000000000e+00 0.000000000000000000e+00 0.000000000000000000e+00 0.000000000000000000e+00
0.000000000000000000e+00 0.000000000000000000e+00 0.000000000000000000e+00 0.000000000000000000e+00 0.000000000000000000e+00
0.000000000000000000e+00 0.000000000000000000e+00 0.000000000000000000e+00 0.000000000000000000e+00 0.000000000000000000e+00
0.000000000000000000e+00 0.000000000000000000e+00 0.000000000000000000e+00 0.000000000000000000e+00 0.000000000000000000e+00
0.000000000000000000e+00 0.000000000000000000e+00 0.000000000000000000e+00 0.000000000000000000e+00 0.000000000000000000e+00
0.000000000000000000e+00 0.000000000000000000e+00 0.000000000000000000e+00 0.000000000000000000e+00 0.000000000000000000e+00
0.000000000000000000e+00 0.000000000000000000e+00 0.000000000000000000e+00 0.000000000000000000e+00 0.000000000000000000e+00
0.000000000000000000e+00 0.000000000000000000e+00 0.000000000000000000e+00 0.000000000000000000e+00 0.000000000000000000e+00
0.000000000000000000e+00 0.000000000000000000e+00 0.000000000000000000e+00 0.000000000000000000e+00 0.000000000000000000e+00
0.000000000000000000e+00 0.000000000000000000e+00 0.000000000000000000e+00 0.000000000000000000e+00 0.000000000000000000e+00
0.000000000000000000e+00 0.000000000000000000e+00 0.000000000000000000e+00 0.000000000000000000e+00 0.000000000000000000e+00
0.000000000000000000e+00 0.000000000000000000e+00 0.000000000000000000e+00 0.000000000000000000e+00 0.000000000000000000e+00
0.000000000000000000e+00 0.000000000000000000e+00 0.000000000000000000e+00 0.000000000000000000e+00 0.000000000000000000e+00
0.000000000000000000e+00 0.000000000000000000e+00 0.000000000000000000e+00 0.000000000000000000e+00 0.000000000000000000e+00
0.000000000000000000e+00 0.000000000000000000e+00 0.000000000000000000e+00 0.000000000000000000e+00 0.000000000000000000e+00
0.000000000000000000e+00 0.000000000000000000e+00 0.000000000000000000e+00 0.000000000000000000e+00 0.000000000000000000e+00
0.000000000000000000e+00 0.000000000000000000e+00 0.000000000000000000e+00 0.000000000000000000e+00 0.000000000000000000e+00
0.000000000000000000e+00 0.000000000000000000e+00 0.000000000000000000e+00 0.000000000000000000e+00 0.000000000000000000e+00
0.000000000000000000e+00 0.000000000000000000e+00 0.000000000000000000e+00 0.000000000000000000e+00 0.000000000000000000e+00
0.000000000000000000e+00 0.000000000000000000e+00 0.000000000000000000e+00 0.000000000000000000e+00 0.000000000000000000e+00
0.000000000000000000e+00 0.000000000000000000e+00 0.000000000000000000e+00 0.000000000000000000e+00 0.000000000000000000e+00
0.000000000000000000e+00 0.000000000000000000e+00 0.000000000000000000e+00 0.000000000000000000e+00 0.000000000000000000e+00
0.000000000000000000e+00 0.000000000000000000e+00 0.000000000000000000e+00 0.000000000000000000e+00 0.000000000000000000e+00
0.000000000000000000e+00 0.000000000000000000e+00 0.000000000000000000e+00 0.000000000000000000e+00 0.000000000000000000e+00
0.000000000000000000e+00 0.000000000000000000e+00 0.000000000000000000e+00 0.000000000000000000e+00 0.000000000000000000e+00
0.000000000000000000e+00 0.000000000000000000e+00 0.000000000000000000e+00 0.000000000000000000e+00 0.000000000000000000e+00
0.000000000000000000e+00 0.000000000000000000e+00 0.000000000000000000e+00 0.000000000000000000e+00 0.000000000000000000e+00
0.000000000000000000e+00 0.000000000000000000e+00 0.000000000000000000e+00 0.000000000000000000e+00 0.000000000000000000e+00
0.000000000000000000e+00 0.000000000000000000e+00 0.000000000000000000e+00 0.000000000000000000e+00 0.000000000000000000e+00
0.000000000000000000e+00 0.000000000000000000e+00 0.000000000000000000e+00 0.000000000000000000e+00 0.000000000000000000e+00
0.000000000000000000e+00 0.000000000000000000e+00 0.000000000000000000e+00 0.000000000000000000e+00 0.000000000000000000e+00
0.000000000000000000e+00 0.000000000000000000e+00 0.000000000000000000e+00 0.000000000000000000e+00 0.000000000000000000e+00
0.000000000000000000e+00 0.000000000000000000e+00 0.000000000000000000e+00 0.000000000000000000e+00 0.000000000000000000e+00
0.000000000000000000e+00 0.000000000000000000e+00 0.000000000000000000e+00 0.000000000000000000e+00 0.000000000000000000e+00
0.000000000000000000e+00 0.000000000000000000e+00 0.000000000000000000e+00 0.000000000000000000e+00 0.000000000000000000e+00
0.000000000000000000e+00 0.000000000000000000e+00 0.000000000000000000e+00 0.000000000000000000e+00 0.000000000000000000e+00
0.000000000000000000e+00 0.000000000000000000e+00 0.000000000000000000e+00 0.000000000000000000e+00 0.000000000000000000e+00
0.000000000000000000e+00 0.000000000000000000e+00 0.000000000000000000e+00 0.000000000000000000e+00 0.000000000000000000e+00
