0.000000000000000000e+00 0.000000000000000000e+00 1.000000000000000000e+00 0.000000000000000000e+00 0.000000000000000000e+00
1.242836236953735352e+00 -2.201098501682281494e-01 1.000000000000000000e+00 0.000000000000000000e+00 0.000000000000000000e+00
1.011481761932373047e+00 -3.740186691284179688e-01 0.000000000000000000e+00 1.000000000000000000e+00 0.000000000000000000e+00
-2.287163257598876953e+00 1.507534503936767578e+00 1.000000000000000000e+00 0.000000000000000000e+00 0.000000000000000000e+00
-1.899346411228179932e-01 1.277610063552856445e+00 1.000000000000000000e+00 0.000000000000000000e+00 0.000000000000000000e+00
-1.077762246131896973e-01 3.044140338897705078e-01 0.000000000000000000e+00 1.000000000000000000e+00 0.000000000000000000e+00
5.491229295730590820e-01 -1.420827031135559082e+00 1.000000000000000000e+00 0.000000000000000000e+00 0.000000000000000000e+00
6.957694292068481445e-01 -1.541911959648132324e-01 1.000000000000000000e+00 0.000000000000000000e+00 0.000000000000000000e+00
2.682724893093109131e-01 9.863586723804473877e-02 1.000000000000000000e+00 0.000000000000000000e+00 0.000000000000000000e+00
-1.275132298469543457e-01 1.257849931716918945e+00 1.000000000000000000e+00 0.000000000000000000e+00 0.000000000000000000e+00
-1.032172068953514099e-01 2.288909405469894409e-01 1.000000000000000000e+00 0.000000000000000000e+00 0.000000000000000000e+00
-1.533011049032211304e-01 1.030176952481269836e-01 0.000000000000000000e+00 1.000000000000000000e+00 0.000000000000000000e+00
-4.140394032001495361e-01 -8.629655838012695312e-01 1.000000000000000000e+00 0.000000000000000000e+00 0.000000000000000000e+00
3.857538700103759766e-01 -7.925494015216827393e-02 1.000000000000000000e+00 0.000000000000000000e+00 0.000000000000000000e+00
3.219103217124938965e-01 -2.147758156061172485e-01 0.000000000000000000e+00 1.000000000000000000e+00 0.000000000000000000e+00
7.052238583564758301e-01 -5.438233017921447754e-01 1.000000000000000000e+00 0.000000000000000000e+00 0.000000000000000000e+00
-1.584329903125762939e-01 1.161872625350952148e+00 1.000000000000000000e+00 0.000000000000000000e+00 0.000000000000000000e+00
-8.347197622060775757e-02 2.010079324245452881e-01 0.000000000000000000e+00 1.000000000000000000e+00 0.000000000000000000e+00
5.198379158973693848e-01 -1.531756043434143066e+00 1.000000000000000000e+00 0.000000000000000000e+00 0.000000000000000000e+00
6.665069460868835449e-01 -1.119019389152526855e-01 1.000000000000000000e+00 0.000000000000000000e+00 0.000000000000000000e+00
2.207925915718078613e-01 1.218076646327972412e-01 1.000000000000000000e+00 0.000000000000000000e+00 0.000000000000000000e+00
-6.809712946414947510e-02 1.677853107452392578e+00 1.000000000000000000e+00 0.000000000000000000e+00 0.000000000000000000e+00
-7.769526541233062744e-02 2.555104494094848633e-01 1.000000000000000000e+00 0.000000000000000000e+00 0.000000000000000000e+00
-1.235422641038894653e-01 1.078043878078460693e-01 0.000000000000000000e+00 1.000000000000000000e+00 0.000000000000000000e+00
-4.595207571983337402e-01 -1.110691785812377930e+00 1.000000000000000000e+00 0.000000000000000000e+00 0.000000000000000000e+00
2.938368618488311768e-01 1.245078742504119873e-01 0.000000000000000000e+00 1.000000000000000000e+00 0.000000000000000000e+00
-9.648060798645019531e-01 -1.025163173675537109e+00 0.000000000000000000e+00 0.000000000000000000e+00 1.000000000000000000e+00
-9.454969167709350586e-01 3.654916286468505859e-01 0.000000000000000000e+00 0.000000000000000000e+00 1.000000000000000000e+00
-1.115927696228027344e+00 -7.617308497428894043e-01 0.000000000000000000e+00 0.000000000000000000e+00 1.000000000000000000e+00
-9.135581254959106445e-01 -8.888959884643554688e-02 0.000000000000000000e+00 0.000000000000000000e+00 1.000000000000000000e+00
-9.654567241668701172e-01 -5.329919457435607910e-01 0.000000000000000000e+00 0.000000000000000000e+00 1.000000000000000000e+00
-8.790833950042724609e-01 -3.580575585365295410e-01 0.000000000000000000e+00 0.000000000000000000e+00 1.000000000000000000e+00
-8.855088949203491211e-01 -4.127544760704040527e-01 0.000000000000000000e+00 0.000000000000000000e+00 1.000000000000000000e+00
-8.532950878143310547e-01 -3.628833889961242676e-01 0.000000000000000000e+00 0.000000000000000000e+00 1.000000000000000000e+00
-8.527094125747680664e-01 -3.394564986228942871e-01 0.000000000000000000e+00 0.000000000000000000e+00 1.000000000000000000e+00
-8.446037769317626953e-01 -3.240396380424499512e-01 0.000000000000000000e+00 0.000000000000000000e+00 1.000000000000000000e+00
-8.317759037017822266e-01 -3.252137303352355957e-01 0.000000000000000000e+00 0.000000000000000000e+00 1.000000000000000000e+00
-8.154914379119873047e-01 -3.301406502723693848e-01 0.000000000000000000e+00 0.000000000000000000e+00 1.000000000000000000e+00
-7.990431785583496094e-01 -3.349573016166687012e-01 0.000000000000000000e+00 0.000000000000000000e+00 1.000000000000000000e+00
-7.865682840347290039e-01 -3.317311406135559082e-01 0.000000000000000000e+00 0.000000000000000000e+00 1.000000000000000000e+00
-7.791225910186767578e-01 -3.180730938911437988e-01 0.000000000000000000e+00 0.000000000000000000e+00 1.000000000000000000e+00
-7.746691703796386719e-01 -3.063157200813293457e-01 0.000000000000000000e+00 0.000000000000000000e+00 1.000000000000000000e+00
-7.678977251052856445e-01 -3.035067915916442871e-01 0.000000000000000000e+00 0.000000000000000000e+00 1.000000000000000000e+00
-7.560187578201293945e-01 -3.083531260490417480e-01 0.000000000000000000e+00 0.000000000000000000e+00 1.000000000000000000e+00
-7.419906854629516602e-01 -3.155906796455383301e-01 0.000000000000000000e+00 0.000000000000000000e+00 1.000000000000000000e+00
-7.305145263671875000e-01 -3.214979767799377441e-01 0.000000000000000000e+00 0.000000000000000000e+00 1.000000000000000000e+00
-7.233053445816040039e-01 -3.257697224617004395e-01 0.000000000000000000e+00 0.000000000000000000e+00 1.000000000000000000e+00
-7.203526496887207031e-01 -3.285055756568908691e-01 0.000000000000000000e+00 0.000000000000000000e+00 1.000000000000000000e+00
-7.165755033493041992e-01 -3.321676850318908691e-01 0.000000000000000000e+00 0.000000000000000000e+00 1.000000000000000000e+00
-7.094703912734985352e-01 -3.351498246192932129e-01 0.000000000000000000e+00 0.000000000000000000e+00 1.000000000000000000e+00
-7.021921873092651367e-01 -3.333384394645690918e-01 0.000000000000000000e+00 0.000000000000000000e+00 1.000000000000000000e+00
-6.989859342575073242e-01 -3.245274424552917480e-01 0.000000000000000000e+00 0.000000000000000000e+00 1.000000000000000000e+00
-6.979203224182128906e-01 -3.170242905616760254e-01 0.000000000000000000e+00 0.000000000000000000e+00 1.000000000000000000e+00
-6.960802078247070312e-01 -3.162434697151184082e-01 0.000000000000000000e+00 0.000000000000000000e+00 1.000000000000000000e+00
-6.931846141815185547e-01 -3.222793936729431152e-01 0.000000000000000000e+00 0.000000000000000000e+00 1.000000000000000000e+00
-6.873005628585815430e-01 -3.327292799949645996e-01 0.000000000000000000e+00 0.000000000000000000e+00 1.000000000000000000e+00
-6.758413314819335938e-01 -3.465982079505920410e-01 0.000000000000000000e+00 0.000000000000000000e+00 1.000000000000000000e+00
-6.656248569488525391e-01 -3.539268374443054199e-01 0.000000000000000000e+00 0.000000000000000000e+00 1.000000000000000000e+00
-6.647696495056152344e-01 -3.468143343925476074e-01 0.000000000000000000e+00 0.000000000000000000e+00 1.000000000000000000e+00
-6.686652302742004395e-01 -3.361592888832092285e-01 0.000000000000000000e+00 0.000000000000000000e+00 1.000000000000000000e+00
-6.687763929367065430e-01 -3.317833542823791504e-01 0.000000000000000000e+00 0.000000000000000000e+00 1.000000000000000000e+00
-6.644729971885681152e-01 -3.321648240089416504e-01 0.000000000000000000e+00 0.000000000000000000e+00 1.000000000000000000e+00
-6.570509672164916992e-01 -3.351224064826965332e-01 0.000000000000000000e+00 0.000000000000000000e+00 1.000000000000000000e+00
-6.478189229965209961e-01 -3.380858302116394043e-01 0.000000000000000000e+00 0.000000000000000000e+00 1.000000000000000000e+00
-6.423132419586181641e-01 -3.372696042060852051e-01 0.000000000000000000e+00 0.000000000000000000e+00 1.000000000000000000e+00
-6.441481709480285645e-01 -3.309714198112487793e-01 0.000000000000000000e+00 0.000000000000000000e+00 1.000000000000000000e+00
-6.471934318542480469e-01 -3.266606926918029785e-01 0.000000000000000000e+00 0.000000000000000000e+00 1.000000000000000000e+00
-6.469404697418212891e-01 -3.280670046806335449e-01 0.000000000000000000e+00 0.000000000000000000e+00 1.000000000000000000e+00
0.000000000000000000e+00 0.000000000000000000e+00 0.000000000000000000e+00 0.000000000000000000e+00 0.000000000000000000e+00
0.000000000000000000e+00 0.000000000000000000e+00 0.000000000000000000e+00 0.000000000000000000e+00 0.000000000000000000e+00
0.000000000000000000e+00 0.000000000000000000e+00 0.000000000000000000e+00 0.000000000000000000e+00 0.000000000000000000e+00
0.000000000000000000e+00 0.000000000000000000e+00 0.000000000000000000e+00 0.000000000000000000e+00 0.000000000000000000e+00
0.000000000000000000e+00 0.000000000000000000e+00 0.000000000000000000e+00 0.000000000000000000e+00 0.000000000000000000e+00
0.000000000000000000e+00 0.000000000000000000e+00 0.000000000000000000e+00 0.000000000000000000e+00 0.000000000000000000e+00
0.000000000000000000e+00 0.000000000000000000e+00 0.000000000000000000e+00 0.000000000000000000e+00 0.000000000000000000e+00
0.000000000000000000e+00 0.000000000000000000e+00 0.000000000000000000e+00 0.000000000000000000e+00 0.000000000000000000e+00
0.000000000000000000e+00 0.000000000000000000e+00 0.000000000000000000e+00 0.000000000000000000e+00 0.000000000000000000e+00
0.000000000000000000e+00 0.000000000000000000e+00 0.000000000000000000e+00 0.000000000000000000e+00 0.000000000000000000e+00
0.000000000000000000e+00 0.000000000000000000e+00 0.000000000000000000e+00 0.000000000000000000e+00 0.000000000000000000e+00
0.000000000000000000e+00 0.000000000000000000e+00 0.000000000000000000e+00 0.000000000000000000e+00 0.000000000000000000e+00
0.000000000000000000e+00 0.000000000000000000e+00 0.000000000000000000e+00 0.000000000000000000e+00 0.000000000000000000e+00
0.000000000000000000e+00 0.000000000000000000e+00 0.000000000000000000e+00 0.000000000000000000e+00 0.000000000000000000e+00
0.000000000000000000e+00 0.000000000000000000e+00 0.000000000000000000e+00 0.000000000000000000e+00 0.000000000000000000e+00
0.000000000000000000e+00 0.000000000000000000e+00 0.000000000000000000e+00 0.000000000000000000e+00 0.000000000000000000e+00
0.000000000000000000e+00 0.000000000000000000e+00 0.000000000000000000e+00 0.000000000000000000e+00 0.000000000000000000e+00
0.000000000000000000e+00 0.000000000000000000e+00 0.000000000000000000e+00 0.000000000000000000e+00 0.000000000000000000e+00
0.000000000000000000e+00 0.000000000000000000e+00 0.000000000000000000e+00 0.000000000000000000e+00 0.000000000000000000e+00
0.000000000000000000e+00 0.000000000000000000e+00 0.000000000000000000e+00 0.000000000000000000e+00 0.000000000000000000e+00
0.000000000000000000e+00 0.000000000000000000e+00 0.000000000000000000e+00 0.000000000000000000e+00 0.000000000000000000e+00
0.000000000000000000e+00 0.000000000000000000e+00 0.000000000000000000e+00 0.000000000000000000e+00 0.000000000000000000e+00
0.000000000000000000e+00 0.000000000000000000e+00 0.000000000000000000e+00 0.000000000000000000e+00 0.000000000000000000e+00
0.000000000000000000e+00 0.000000000000000000e+00 0.000000000000000000e+00 0.000000000000000000e+00 0.000000000000000000e+00
0.000000000000000000e+00 0.000000000000000000e+00 0.000000000000000000e+00 0.000000000000000000e+00 0.000000000000000000e+00
0.000000000000000000e+00 0.000000000000000000e+00 0.000000000000000000e+00 0.000000000000000000e+00 0.000000000000000000e+00
0.000000000000000000e+00 0.000000000000000000e+00 0.000000000000000000e+00 0.000000000000000000e+00 0.000000000000000000e+00
0.000000000000000000e+00 0.000000000000000000e+00 0.000000000000000000e+00 0.000000000000000000e+00 0.000000000000000000e+00
0.000000000000000000e+00 0.000000000000000000e+00 0.000000000000000000e+00 0.000000000000000000e+00 0.000000000000000000e+00
0.000000000000000000e+00 0.000000000000000000e+00 0.000000000000000000e+00 0.000000000000000000e+00 0.000000000000000000e+00
0.000000000000000000e+00 0.000000000000000000e+00 0.000000000000000000e+00 0.000000000000000000e+00 0.000000000000000000e+00
0.000000000000000000e+00 0.000000000000000000e+00 0.000000000000000000e+00 0.000000000000000000e+00 0.000000000000000000e+00
0.000000000000000000e+00 0.000000000000000000e+00 0.000000000000000000e+00 0.000000000000000000e+00 0.000000000000000000e+00
0.000000000000000000e+00 0.000000000000000000e+00 0.000000000000000000e+00 0.000000000000000000e+00 0.000000000000000000e+00
0.000000000000000000e+00 0.000000000000000000e+00 0.000000000000000000e+00 0.000000000000000000e+00 0.000000000000000000e+00
0.000000000000000000e+00 0.000000000000000000e+00 0.000000000000000000e+00 0.000000000000000000e+00 0.000000000000000000e+00
0.000000000000000000e+00 0.000000000000000000e+00 0.000000000000000000e+00 0.000000000000000000e+00 0.000000000000000000e+00
0.000000000000000000e+00 0.000000000000000000e+00 0.000000000000000000e+00 0.000000000000000000e+00 0.000000000000000000e+00
0.000000000000000000e+00 0.000000000000000000e+00 0.000000000000000000e+00 0.000000000000000000e+00 0.000000000000000000e+00
0.000000000000000000e+00 0.000000000000000000e+00 0.000000000000000000e+00 0.000000000000000000e+00 0.000000000000000000e+00
0.000000000000000000e+00 0.000000000000000000e+00 0.000000000000000000e+00 0.000000000000000000e+00 0.000000000000000000e+00
0.000000000000000000e+00 0.000000000000000000e+00 0.000000000000000000e+00 0.000000000000000000e+00 0.000000000000000000e+00
0.000000000000000000e+00 0.000000000000000000e+00 0.000000000000000000e+00 0.000000000000000000e+00 0.000000000000000000e+00
0.000000000000000000e+00 0.000000000000000000e+00 0.000000000000000000e+00 0.000000000000000000e+00 0.000000000000000000e+00
0.000000000000000000e+00 0.000000000000000000e+00 0.000000000000000000e+00 0.000000000000000000e+00 0.000000000000000000e+00
0.000000000000000000e+00 0.000000000000000000e+00 0.000000000000000000e+00 0.000000000000000000e+00 0.000000000000000000e+00
0.000000000000000000e+00 0.000000000000000000e+00 0.000000000000000000e+00 0.000000000000000000e+00 0.000000000000000000e+00
0.000000000000000000e+00 0.000000000000000000e+00 0.000000000000000000e+00 0.000000000000000000e+00 0.000000000000000000e+00
0.000000000000000000e+00 0.000000000000000000e+00 0.000000000000000000e+00 0.000000000000000000e+00 0.000000000000000000e+00
0.000000000000000000e+00 0.000000000000000000e+00 0.000000000000000000e+00 0.000000000000000000e+00 0.000000000000000000e+00
0.000000000000000000e+00 0.000000000000000000e+00 0.000000000000000000e+00 0.000000000000000000e+00 0.000000000000000000e+00
0.000000000000000000e+00 0.000000000000000000e+00 0.000000000000000000e+00 0.000000000000000000e+00 0.000000000000000000e+00
0.000000000000000000e+00 0.000000000000000000e+00 0.000000000000000000e+00 0.000000000000000000e+00 0.000000000000000000e+00
