0.000000000000000000e+00 0.000000000000000000e+00 1.000000000000000000e+00 0.000000000000000000e+00 0.000000000000000000e+00
-1.482291936874389648e+00 1.379695773124694824e+00 1.000000000000000000e+00 0.000000000000000000e+00 0.000000000000000000e+00
-6.396661996841430664e-01 4.240985810756683350e-01 1.000000000000000000e+00 0.000000000000000000e+00 0.000000000000000000e+00
1.467800498008728027e+00 -1.513217985630035400e-01 1.000000000000000000e+00 0.000000000000000000e+00 0.000000000000000000e+00
1.146598339080810547e+00 -3.615315556526184082e-01 1.000000000000000000e+00 0.000000000000000000e+00 0.000000000000000000e+00
1.331884413957595825e-01 -1.295022815465927124e-01 0.000000000000000000e+00 1.000000000000000000e+00 0.000000000000000000e+00
-8.628921508789062500e-01 -3.170875310897827148e-01 1.000000000000000000e+00 0.000000000000000000e+00 0.000000000000000000e+00
-8.927434682846069336e-02 1.986615657806396484e+00 1.000000000000000000e+00 0.000000000000000000e+00 0.000000000000000000e+00
-2.950547933578491211e-01 1.601707339286804199e+00 1.000000000000000000e+00 0.000000000000000000e+00 0.000000000000000000e+00
-1.366134583950042725e-01 3.053110241889953613e-01 1.000000000000000000e+00 0.000000000000000000e+00 0.000000000000000000e+00
-1.362781375646591187e-01 4.886513203382492065e-02 0.000000000000000000e+00 1.000000000000000000e+00 0.000000000000000000e+00
-4.755527079105377197e-01 -2.357402324676513672e+00 1.000000000000000000e+00 0.000000000000000000e+00 0.000000000000000000e+00
-1.178259775042533875e-01 8.610085248947143555e-01 1.000000000000000000e+00 0.000000000000000000e+00 0.000000000000000000e+00
-1.177985146641731262e-01 2.131445109844207764e-01 0.000000000000000000e+00 1.000000000000000000e+00 0.000000000000000000e+00
-3.091855645179748535e-01 -6.064574718475341797e-01 1.000000000000000000e+00 0.000000000000000000e+00 0.000000000000000000e+00
4.464201331138610840e-01 -7.315468788146972656e-02 1.000000000000000000e+00 0.000000000000000000e+00 0.000000000000000000e+00
5.175475776195526123e-02 5.776701122522354126e-02 0.000000000000000000e+00 1.000000000000000000e+00 0.000000000000000000e+00
-5.791108012199401855e-01 5.774253606796264648e-01 1.000000000000000000e+00 0.000000000000000000e+00 0.000000000000000000e+00
7.855545878410339355e-01 -2.805521488189697266e-01 1.000000000000000000e+00 0.000000000000000000e+00 0.000000000000000000e+00
6.661560535430908203e-01 -4.350191950798034668e-01 0.000000000000000000e+00 1.000000000000000000e+00 0.000000000000000000e+00
1.050011396408081055e+00 -5.837740302085876465e-01 1.000000000000000000e+00 0.000000000000000000e+00 0.000000000000000000e+00
-3.211032599210739136e-03 7.334097027778625488e-01 1.000000000000000000e+00 0.000000000000000000e+00 0.000000000000000000e+00
1.958868503570556641e-01 3.632584810256958008e-01 1.000000000000000000e+00 0.000000000000000000e+00 0.000000000000000000e+00
3.122640550136566162e-01 1.641840785741806030e-01 1.000000000000000000e+00 0.000000000000000000e+00 0.000000000000000000e+00
3.172034025192260742e-01 -5.851523578166961670e-02 1.000000000000000000e+00 0.000000000000000000e+00 0.000000000000000000e+00
2.064163833856582642e-01 -1.989042311906814575e-01 1.000000000000000000e+00 0.000000000000000000e+00 0.000000000000000000e+00
6.642322242259979248e-02 -2.487854063510894775e-01 1.000000000000000000e+00 0.000000000000000000e+00 0.000000000000000000e+00
-9.359751641750335693e-02 -1.729261130094528198e-01 1.000000000000000000e+00 0.000000000000000000e+00 0.000000000000000000e+00
-2.797091007232666016e-01 -2.085566520690917969e-02 1.000000000000000000e+00 0.000000000000000000e+00 0.000000000000000000e+00
-4.747184216976165771e-01 2.075877487659454346e-01 1.000000000000000000e+00 0.000000000000000000e+00 0.000000000000000000e+00
-1.669591307640075684e+00 1.314876794815063477e+00 0.000000000000000000e+00 1.000000000000000000e+00 0.000000000000000000e+00
1.560380220413208008e+00 -6.217467188835144043e-01 1.000000000000000000e+00 0.000000000000000000e+00 0.000000000000000000e+00
1.076944112777709961e+00 5.375971198081970215e-01 1.000000000000000000e+00 0.000000000000000000e+00 0.000000000000000000e+00
5.969135761260986328e-01 1.289818882942199707e-01 0.000000000000000000e+00 1.000000000000000000e+00 0.000000000000000000e+00
-2.324974775314331055e+00 -2.675545215606689453e+00 0.000000000000000000e+00 0.000000000000000000e+00 1.000000000000000000e+00
-5.462837219238281250e-01 1.701913118362426758e+00 0.000000000000000000e+00 0.000000000000000000e+00 1.000000000000000000e+00
-1.404899358749389648e+00 -1.886513829231262207e-01 0.000000000000000000e+00 0.000000000000000000e+00 1.000000000000000000e+00
-1.028237462043762207e+00 -2.875453829765319824e-01 0.000000000000000000e+00 0.000000000000000000e+00 1.000000000000000000e+00
-1.079940438270568848e+00 -2.935860157012939453e-01 0.000000000000000000e+00 0.000000000000000000e+00 1.000000000000000000e+00
-1.028011441230773926e+00 -2.135951519012451172e-01 0.000000000000000000e+00 0.000000000000000000e+00 1.000000000000000000e+00
-1.023122429847717285e+00 -2.077243924140930176e-01 0.000000000000000000e+00 0.000000000000000000e+00 1.000000000000000000e+00
-9.965933561325073242e-01 -1.797649264335632324e-01 0.000000000000000000e+00 0.000000000000000000e+00 1.000000000000000000e+00
-9.869418144226074219e-01 -1.836778521537780762e-01 0.000000000000000000e+00 0.000000000000000000e+00 1.000000000000000000e+00
-9.687825441360473633e-01 -1.864282488822937012e-01 0.000000000000000000e+00 0.000000000000000000e+00 1.000000000000000000e+00
-9.479079246520996094e-01 -1.961453557014465332e-01 0.000000000000000000e+00 0.000000000000000000e+00 1.000000000000000000e+00
-9.337844848632812500e-01 -2.131536602973937988e-01 0.000000000000000000e+00 0.000000000000000000e+00 1.000000000000000000e+00
-9.248239994049072266e-01 -2.317743897438049316e-01 0.000000000000000000e+00 0.000000000000000000e+00 1.000000000000000000e+00
-9.164699316024780273e-01 -2.460693120956420898e-01 0.000000000000000000e+00 0.000000000000000000e+00 1.000000000000000000e+00
-9.099353551864624023e-01 -2.512211799621582031e-01 0.000000000000000000e+00 0.000000000000000000e+00 1.000000000000000000e+00
-9.037903547286987305e-01 -2.484830021858215332e-01 0.000000000000000000e+00 0.000000000000000000e+00 1.000000000000000000e+00
-8.954683542251586914e-01 -2.404158711433410645e-01 0.000000000000000000e+00 0.000000000000000000e+00 1.000000000000000000e+00
-8.885933160781860352e-01 -2.350991964340209961e-01 0.000000000000000000e+00 0.000000000000000000e+00 1.000000000000000000e+00
-8.839389085769653320e-01 -2.353979349136352539e-01 0.000000000000000000e+00 0.000000000000000000e+00 1.000000000000000000e+00
-8.812993764877319336e-01 -2.412428855895996094e-01 0.000000000000000000e+00 0.000000000000000000e+00 1.000000000000000000e+00
-8.776963949203491211e-01 -2.513735294342041016e-01 0.000000000000000000e+00 0.000000000000000000e+00 1.000000000000000000e+00
-8.722236156463623047e-01 -2.593201398849487305e-01 0.000000000000000000e+00 0.000000000000000000e+00 1.000000000000000000e+00
-8.653794527053833008e-01 -2.604842185974121094e-01 0.000000000000000000e+00 0.000000000000000000e+00 1.000000000000000000e+00
-8.580086231231689453e-01 -2.566021680831909180e-01 0.000000000000000000e+00 0.000000000000000000e+00 1.000000000000000000e+00
-8.509565591812133789e-01 -2.557010054588317871e-01 0.000000000000000000e+00 0.000000000000000000e+00 1.000000000000000000e+00
-8.461921215057373047e-01 -2.582093477249145508e-01 0.000000000000000000e+00 0.000000000000000000e+00 1.000000000000000000e+00
-8.408954143524169922e-01 -2.635463476181030273e-01 0.000000000000000000e+00 0.000000000000000000e+00 1.000000000000000000e+00
-8.344433307647705078e-01 -2.699015736579895020e-01 0.000000000000000000e+00 0.000000000000000000e+00 1.000000000000000000e+00
-8.274310827255249023e-01 -2.725992202758789062e-01 0.000000000000000000e+00 0.000000000000000000e+00 1.000000000000000000e+00
0.000000000000000000e+00 0.000000000000000000e+00 0.000000000000000000e+00 0.000000000000000000e+00 0.000000000000000000e+00
0.000000000000000000e+00 0.000000000000000000e+00 0.000000000000000000e+00 0.000000000000000000e+00 0.000000000000000000e+00
0.000000000000000000e+00 0.000000000000000000e+00 0.000000000000000000e+00 0.000000000000000000e+00 0.000000000000000000e+00
0.000000000000000000e+00 0.000000000000000000e+00 0.000000000000000000e+00 0.000000000000000000e+00 0.000000000000000000e+00
0.000000000000000000e+00 0.000000000000000000e+00 0.000000000000000000e+00 0.000000000000000000e+00 0.000000000000000000e+00
0.000000000000000000e+00 0.000000000000000000e+00 0.000000000000000000e+00 0.000000000000000000e+00 0.000000000000000000e+00
0.000000000000000000e+00 0.000000000000000000e+00 0.000000000000000000e+00 0.000000000000000000e+00 0.000000000000000000e+00
0.000000000000000000e+00 0.000000000000000000e+00 0.000000000000000000e+00 0.000000000000000000e+00 0.000000000000000000e+00
0.000000000000000000e+00 0.000000000000000000e+00 0.000000000000000000e+00 0.000000000000000000e+00 0.000000000000000000e+00
0.000000000000000000e+00 0.000000000000000000e+00 0.000000000000000000e+00 0.000000000000000000e+00 0.000000000000000000e+00
0.000000000000000000e+00 0.000000000000000000e+00 0.000000000000000000e+00 0.000000000000000000e+00 0.000000000000000000e+00
0.000000000000000000e+00 0.000000000000000000e+00 0.000000000000000000e+00 0.000000000000000000e+00 0.000000000000000000e+00
0.000000000000000000e+00 0.000000000000000000e+00 0.000000000000000000e+00 0.000000000000000000e+00 0.000000000000000000e+00
0.000000000000000000e+00 0.000000000000000000e+00 0.000000000000000000e+00 0.000000000000000000e+00 0.000000000000000000e+00
0.000000000000000000e+00 0.000000000000000000e+00 0.000000000000000000e+00 0.000000000000000000e+00 0.000000000000000000e+00
0.000000000000000000e+00 0.000000000000000000e+00 0.000000000000000000e+00 0.000000000000000000e+00 0.000000000000000000e+00
0.000000000000000000e+00 0.000000000000000000e+00 0.000000000000000000e+00 0.000000000000000000e+00 0.000000000000000000e+00
0.000000000000000000e+00 0.000000000000000000e+00 0.000000000000000000e+00 0.000000000000000000e+00 0.000000000000000000e+00
0.000000000000000000e+00 0.000000000000000000e+00 0.000000000000000000e+00 0.000000000000000000e+00 0.000000000000000000e+00
0.000000000000000000e+00 0.000000000000000000e+00 0.000000000000000000e+00 0.000000000000000000e+00 0.000000000000000000e+00
0.000000000000000000e+00 0.000000000000000000e+00 0.000000000000000000e+00 0.000000000000000000e+00 0.000000000000000000e+00
0.000000000000000000e+00 0.000000000000000000e+00 0.000000000000000000e+00 0.000000000000000000e+00 0.000000000000000000e+00
0.000000000000000000e+00 0.000000000000000000e+00 0.000000000000000000e+00 0.000000000000000000e+00 0.000000000000000000e+00
0.000000000000000000e+00 0.000000000000000000e+00 0.000000000000000000e+00 0.000000000000000000e+00 0.000000000000000000e+00
0.000000000000000000e+00 0.000000000000000000e+00 0.000000000000000000e+00 0.000000000000000000e+00 0.000000000000000000e+00
0.000000000000000000e+00 0.000000000000000000e+00 0.000000000000000000e+00 0.000000000000000000e+00 0.000000000000000000e+00
0.000000000000000000e+00 0.000000000000000000e+00 0.000000000000000000e+00 0.000000000000000000e+00 0.000000000000000000e+00
0.000000000000000000e+00 0.000000000000000000e+00 0.000000000000000000e+00 0.000000000000000000e+00 0.000000000000000000e+00
0.000000000000000000e+00 0.000000000000000000e+00 0.000000000000000000e+00 0.000000000000000000e+00 0.000000000000000000e+00
0.000000000000000000e+00 0.000000000000000000e+00 0.000000000000000000e+00 0.000000000000000000e+00 0.000000000000000000e+00
0.000000000000000000e+00 0.000000000000000000e+00 0.000000000000000000e+00 0.000000000000000000e+00 0.000000000000000000e+00
0.000000000000000000e+00 0.000000000000000000e+00 0.000000000000000000e+00 0.000000000000000000e+00 0.000000000000000000e+00
0.000000000000000000e+00 0.000000000000000000e+00 0.000000000000000000e+00 0.000000000000000000e+00 0.000000000000000000e+00
0.000000000000000000e+00 0.000000000000000000e+00 0.000000000000000000e+00 0.000000000000000000e+00 0.000000000000000000e+00
0.000000000000000000e+00 0.000000000000000000e+00 0.000000000000000000e+00 0.000000000000000000e+00 0.000000000000000000e+00
0.000000000000000000e+00 0.000000000000000000e+00 0.000000000000000000e+00 0.000000000000000000e+00 0.000000000000000000e+00
0.000000000000000000e+00 0.000000000000000000e+00 0.000000000000000000e+00 0.000000000000000000e+00 0.000000000000000000e+00
0.000000000000000000e+00 0.000000000000000000e+00 0.000000000000000000e+00 0.000000000000000000e+00 0.000000000000000000e+00
0.000000000000000000e+00 0.000000000000000000e+00 0.000000000000000000e+00 0.000000000000000000e+00 0.000000000000000000e+00
0.000000000000000000e+00 0.000000000000000000e+00 0.000000000000000000e+00 0.000000000000000000e+00 0.000000000000000000e+00
0.000000000000000000e+00 0.000000000000000000e+00 0.000000000000000000e+00 0.000000000000000000e+00 0.000000000000000000e+00
0.000000000000000000e+00 0.000000000000000000e+00 0.000000000000000000e+00 0.000000000000000000e+00 0.000000000000000000e+00
0.000000000000000000e+00 0.000000000000000000e+00 0.000000000000000000e+00 0.000000000000000000e+00 0.000000000000000000e+00
0.000000000000000000e+00 0.000000000000000000e+00 0.000000000000000000e+00 0.000000000000000000e+00 0.000000000000000000e+00
0.000000000000000000e+00 0.000000000000000000e+00 0.000000000000000000e+00 0.000000000000000000e+00 0.000000000000000000e+00
0.000000000000000000e+00 0.000000000000000000e+00 0.000000000000000000e+00 0.000000000000000000e+00 0.000000000000000000e+00
0.000000000000000000e+00 0.000000000000000000e+00 0.000000000000000000e+00 0.000000000000000000e+00 0.000000000000000000e+00
0.000000000000000000e+00 0.000000000000000000e+00 0.000000000000000000e+00 0.000000000000000000e+00 0.000000000000000000e+00
0.000000000000000000e+00 0.000000000000000000e+00 0.000000000000000000e+00 0.000000000000000000e+00 0.000000000000000000e+00
0.000000000000000000e+00 0.000000000000000000e+00 0.000000000000000000e+00 0.000000000000000000e+00 0.000000000000000000e+00
0.000000000000000000e+00 0.000000000000000000e+00 0.000000000000000000e+00 0.000000000000000000e+00 0.000000000000000000e+00
0.000000000000000000e+00 0.000000000000000000e+00 0.000000000000000000e+00 0.000000000000000000e+00 0.000000000000000000e+00
0.000000000000000000e+00 0.000000000000000000e+00 0.000000000000000000e+00 0.000000000000000000e+00 0.000000000000000000e+00
0.000000000000000000e+00 0.000000000000000000e+00 0.000000000000000000e+00 0.000000000000000000e+00 0.000000000000000000e+00
0.000000000000000000e+00 0.000000000000000000e+00 0.000000000000000000e+00 0.000000000000000000e+00 0.000000000000000000e+00
0.000000000000000000e+00 0.000000000000000000e+00 0.000000000000000000e+00 0.000000000000000000e+00 0.000000000000000000e+00
0.000000000000000000e+00 0.000000000000000000e+00 0.000000000000000000e+00 0.000000000000000000e+00 0.000000000000000000e+00
0.000000000000000000e+00 0.000000000000000000e+00 0.000000000000000000e+00 0.000000000000000000e+00 0.000000000000000000e+00
