0.000000000000000000e+00 0.000000000000000000e+00 1.000000000000000000e+00 0.000000000000000000e+00 0.000000000000000000e+00
1.845238447189331055e+00 -3.872945606708526611e-01 1.000000000000000000e+00 0.000000000000000000e+00 0.000000000000000000e+00
1.198196172714233398e+00 2.562761120498180389e-02 1.000000000000000000e+00 0.000000000000000000e+00 0.000000000000000000e+00
2.716149091720581055e-01 1.670239865779876709e-01 1.000000000000000000e+00 0.000000000000000000e+00 0.000000000000000000e+00
-5.832608416676521301e-02 3.832353651523590088e-01 1.000000000000000000e+00 0.000000000000000000e+00 0.000000000000000000e+00
-5.145682096481323242e-01 5.757025480270385742e-01 1.000000000000000000e+00 0.000000000000000000e+00 0.000000000000000000e+00
-3.346145749092102051e-01 1.744453758001327515e-01 1.000000000000000000e+00 0.000000000000000000e+00 0.000000000000000000e+00
-3.324808478355407715e-01 -6.276580691337585449e-02 0.000000000000000000e+00 1.000000000000000000e+00 0.000000000000000000e+00
4.938737303018569946e-02 -2.109335422515869141e+00 1.000000000000000000e+00 0.000000000000000000e+00 0.000000000000000000e+00
-3.101487159729003906e-01 1.442258834838867188e+00 1.000000000000000000e+00 0.000000000000000000e+00 0.000000000000000000e+00
-1.567799896001815796e-01 3.457561135292053223e-01 1.000000000000000000e+00 0.000000000000000000e+00 0.000000000000000000e+00
-1.732321679592132568e-01 1.179126799106597900e-01 0.000000000000000000e+00 1.000000000000000000e+00 0.000000000000000000e+00
-4.179840385913848877e-01 -1.557654023170471191e+00 1.000000000000000000e+00 0.000000000000000000e+00 0.000000000000000000e+00
-1.947218775749206543e-01 1.530318498611450195e+00 1.000000000000000000e+00 0.000000000000000000e+00 0.000000000000000000e+00
6.398533284664154053e-02 5.297901034355163574e-01 1.000000000000000000e+00 0.000000000000000000e+00 0.000000000000000000e+00
2.022593319416046143e-01 3.176677525043487549e-01 1.000000000000000000e+00 0.000000000000000000e+00 0.000000000000000000e+00
3.397964835166931152e-01 1.911714375019073486e-01 1.000000000000000000e+00 0.000000000000000000e+00 0.000000000000000000e+00
4.850583374500274658e-01 7.773414254188537598e-02 1.000000000000000000e+00 0.000000000000000000e+00 0.000000000000000000e+00
1.652716159820556641e+00 -1.368220448493957520e-01 1.000000000000000000e+00 0.000000000000000000e+00 0.000000000000000000e+00
6.088376641273498535e-01 -1.847960650920867920e-01 1.000000000000000000e+00 0.000000000000000000e+00 0.000000000000000000e+00
-4.391599297523498535e-01 -1.101895570755004883e+00 1.000000000000000000e+00 0.000000000000000000e+00 0.000000000000000000e+00
-4.508564174175262451e-01 -6.716153621673583984e-01 0.000000000000000000e+00 1.000000000000000000e+00 0.000000000000000000e+00
-1.565471887588500977e+00 -1.305143833160400391e+00 0.000000000000000000e+00 0.000000000000000000e+00 1.000000000000000000e+00
-5.223088264465332031e-01 9.491680264472961426e-01 0.000000000000000000e+00 0.000000000000000000e+00 1.000000000000000000e+00
-1.042760610580444336e+00 3.831273317337036133e-02 0.000000000000000000e+00 0.000000000000000000e+00 1.000000000000000000e+00
-8.883409500122070312e-01 -2.586772441864013672e-01 0.000000000000000000e+00 0.000000000000000000e+00 1.000000000000000000e+00
-8.794569969177246094e-01 -2.500509023666381836e-01 0.000000000000000000e+00 0.000000000000000000e+00 1.000000000000000000e+00
-8.538727760314941406e-01 -2.595382928848266602e-01 0.000000000000000000e+00 0.000000000000000000e+00 1.000000000000000000e+00
-8.354678153991699219e-01 -2.400845885276794434e-01 0.000000000000000000e+00 0.000000000000000000e+00 1.000000000000000000e+00
-8.153409957885742188e-01 -2.258324027061462402e-01 0.000000000000000000e+00 0.000000000000000000e+00 1.000000000000000000e+00
-8.061935901641845703e-01 -2.137484550476074219e-01 0.000000000000000000e+00 0.000000000000000000e+00 1.000000000000000000e+00
-8.112645149230957031e-01 -1.971579790115356445e-01 0.000000000000000000e+00 0.000000000000000000e+00 1.000000000000000000e+00
-7.953839302062988281e-01 -2.006388902664184570e-01 0.000000000000000000e+00 0.000000000000000000e+00 1.000000000000000000e+00
-7.853327989578247070e-01 -2.035205960273742676e-01 0.000000000000000000e+00 0.000000000000000000e+00 1.000000000000000000e+00
-7.782660722732543945e-01 -1.977390646934509277e-01 0.000000000000000000e+00 0.000000000000000000e+00 1.000000000000000000e+00
-7.696138620376586914e-01 -1.971607208251953125e-01 0.000000000000000000e+00 0.000000000000000000e+00 1.000000000000000000e+00
-7.579981088638305664e-01 -1.988093852996826172e-01 0.000000000000000000e+00 0.000000000000000000e+00 1.000000000000000000e+00
-7.515180110931396484e-01 -1.979984641075134277e-01 0.000000000000000000e+00 0.000000000000000000e+00 1.000000000000000000e+00
-7.463556528091430664e-01 -1.957268714904785156e-01 0.000000000000000000e+00 0.000000000000000000e+00 1.000000000000000000e+00
-7.335704565048217773e-01 -2.011007070541381836e-01 0.000000000000000000e+00 0.000000000000000000e+00 1.000000000000000000e+00
-7.234189510345458984e-01 -1.999340653419494629e-01 0.000000000000000000e+00 0.000000000000000000e+00 1.000000000000000000e+00
-7.174481153488159180e-01 -1.943608522415161133e-01 0.000000000000000000e+00 0.000000000000000000e+00 1.000000000000000000e+00
-7.116931676864624023e-01 -1.909201145172119141e-01 0.000000000000000000e+00 0.000000000000000000e+00 1.000000000000000000e+00
-7.050015330314636230e-01 -1.911911964416503906e-01 0.000000000000000000e+00 0.000000000000000000e+00 1.000000000000000000e+00
-6.993464231491088867e-01 -1.967733502388000488e-01 0.000000000000000000e+00 0.000000000000000000e+00 1.000000000000000000e+00
-6.929705142974853516e-01 -2.066150307655334473e-01 0.000000000000000000e+00 0.000000000000000000e+00 1.000000000000000000e+00
-6.877411603927612305e-01 -2.152404189109802246e-01 0.000000000000000000e+00 0.000000000000000000e+00 1.000000000000000000e+00
-6.852511763572692871e-01 -2.163769602775573730e-01 0.000000000000000000e+00 0.000000000000000000e+00 1.000000000000000000e+00
-6.845057010650634766e-01 -2.116945385932922363e-01 0.000000000000000000e+00 0.000000000000000000e+00 1.000000000000000000e+00
-6.825714707374572754e-01 -2.038422822952270508e-01 0.000000000000000000e+00 0.000000000000000000e+00 1.000000000000000000e+00
-6.786128282546997070e-01 -1.947593092918395996e-01 0.000000000000000000e+00 0.000000000000000000e+00 1.000000000000000000e+00
-6.735542416572570801e-01 -1.891402602195739746e-01 0.000000000000000000e+00 0.000000000000000000e+00 1.000000000000000000e+00
-6.696765422821044922e-01 -1.890278458595275879e-01 0.000000000000000000e+00 0.000000000000000000e+00 1.000000000000000000e+00
-6.669063568115234375e-01 -1.905705928802490234e-01 0.000000000000000000e+00 0.000000000000000000e+00 1.000000000000000000e+00
-6.660500764846801758e-01 -1.915944218635559082e-01 0.000000000000000000e+00 0.000000000000000000e+00 1.000000000000000000e+00
-6.672276258468627930e-01 -1.900358200073242188e-01 0.000000000000000000e+00 0.000000000000000000e+00 1.000000000000000000e+00
-6.659851074218750000e-01 -1.885840296745300293e-01 0.000000000000000000e+00 0.000000000000000000e+00 1.000000000000000000e+00
-6.590007543563842773e-01 -1.902312040328979492e-01 0.000000000000000000e+00 0.000000000000000000e+00 1.000000000000000000e+00
-6.492625474929809570e-01 -1.954064965248107910e-01 0.000000000000000000e+00 0.000000000000000000e+00 1.000000000000000000e+00
-6.445651054382324219e-01 -2.042926549911499023e-01 0.000000000000000000e+00 0.000000000000000000e+00 1.000000000000000000e+00
-6.417190432548522949e-01 -2.090796828269958496e-01 0.000000000000000000e+00 0.000000000000000000e+00 1.000000000000000000e+00
-6.359022855758666992e-01 -2.019138932228088379e-01 0.000000000000000000e+00 0.000000000000000000e+00 1.000000000000000000e+00
-6.342644691467285156e-01 -1.944735646247863770e-01 0.000000000000000000e+00 0.000000000000000000e+00 1.000000000000000000e+00
-6.341352462768554688e-01 -1.878870725631713867e-01 0.000000000000000000e+00 0.000000000000000000e+00 1.000000000000000000e+00
-6.304910778999328613e-01 -1.869482994079589844e-01 0.000000000000000000e+00 0.000000000000000000e+00 1.000000000000000000e+00
-6.251627206802368164e-01 -1.914740800857543945e-01 0.000000000000000000e+00 0.000000000000000000e+00 1.000000000000000000e+00
-6.227119565010070801e-01 -1.966146230697631836e-01 0.000000000000000000e+00 0.000000000000000000e+00 1.000000000000000000e+00
-6.238760352134704590e-01 -1.975434422492980957e-01 0.000000000000000000e+00 0.000000000000000000e+00 1.000000000000000000e+00
-6.258578300476074219e-01 -1.932258009910583496e-01 0.000000000000000000e+00 0.000000000000000000e+00 1.000000000000000000e+00
-6.255221366882324219e-01 -1.877233386039733887e-01 0.000000000000000000e+00 0.000000000000000000e+00 1.000000000000000000e+00
-6.238570213317871094e-01 -1.834921240806579590e-01 0.000000000000000000e+00 0.000000000000000000e+00 1.000000000000000000e+00
0.000000000000000000e+00 0.000000000000000000e+00 0.000000000000000000e+00 0.000000000000000000e+00 0.000000000000000000e+00
0.000000000000000000e+00 0.000000000000000000e+00 0.000000000000000000e+00 0.000000000000000000e+00 0.000000000000000000e+00
0.000000000000000000e+00 0.000000000000000000e+00 0.000000000000000000e+00 0.000000000000000000e+00 0.000000000000000000e+00
0.000000000000000000e+00 0.000000000000000000e+00 0.000000000000000000e+00 0.000000000000000000e+00 0.000000000000000000e+00
0.000000000000000000e+00 0.000000000000000000e+00 0.000000000000000000e+00 0.000000000000000000e+00 0.000000000000000000e+00
0.000000000000000000e+00 0.000000000000000000e+00 0.000000000000000000e+00 0.000000000000000000e+00 0.000000000000000000e+00
0.000000000000000000e+00 0.000000000000000000e+00 0.000000000000000000e+00 0.000000000000000000e+00 0.000000000000000000e+00
0.000000000000000000e+00 0.000000000000000000e+00 0.000000000000000000e+00 0.000000000000000000e+00 0.000000000000000000e+00
0.000000000000000000e+00 0.000000000000000000e+00 0.000000000000000000e+00 0.000000000000000000e+00 0.000000000000000000e+00
0.000000000000000000e+00 0.000000000000000000e+00 0.000000000000000000e+00 0.000000000000000000e+00 0.000000000000000000e+00
0.000000000000000000e+00 0.000000000000000000e+00 0.000000000000000000e+00 0.000000000000000000e+00 0.000000000000000000e+00
0.000000000000000000e+00 0.000000000000000000e+00 0.000000000000000000e+00 0.000000000000000000e+00 0.000000000000000000e+00
0.000000000000000000e+00 0.000000000000000000e+00 0.000000000000000000e+00 0.000000000000000000e+00 0.000000000000000000e+00
0.000000000000000000e+00 0.000000000000000000e+00 0.000000000000000000e+00 0.000000000000000000e+00 0.000000000000000000e+00
0.000000000000000000e+00 0.000000000000000000e+00 0.000000000000000000e+00 0.000000000000000000e+00 0.000000000000000000e+00
0.000000000000000000e+00 0.000000000000000000e+00 0.000000000000000000e+00 0.000000000000000000e+00 0.000000000000000000e+00
0.000000000000000000e+00 0.000000000000000000e+00 0.000000000000000000e+00 0.000000000000000000e+00 0.000000000000000000e+00
0.000000000000000000e+00 0.000000000000000000e+00 0.000000000000000000e+00 0.000000000000000000e+00 0.000000000000000000e+00
0.000000000000000000e+00 0.000000000000000000e+00 0.000000000000000000e+00 0.000000000000000000e+00 0.000000000000000000e+00
0.000000000000000000e+00 0.000000000000000000e+00 0.000000000000000000e+00 0.000000000000000000e+00 0.000000000000000000e+00
0.000000000000000000e+00 0.000000000000000000e+00 0.000000000000000000e+00 0.000000000000000000e+00 0.000000000000000000e+00
0.000000000000000000e+00 0.000000000000000000e+00 0.000000000000000000e+00 0.000000000000000000e+00 0.000000000000000000e+00
0.000000000000000000e+00 0.000000000000000000e+00 0.000000000000000000e+00 0.000000000000000000e+00 0.000000000000000000e+00
0.000000000000000000e+00 0.000000000000000000e+00 0.000000000000000000e+00 0.000000000000000000e+00 0.000000000000000000e+00
0.000000000000000000e+00 0.000000000000000000e+00 0.000000000000000000e+00 0.000000000000000000e+00 0.000000000000000000e+00
0.000000000000000000e+00 0.000000000000000000e+00 0.000000000000000000e+00 0.000000000000000000e+00 0.000000000000000000e+00
0.000000000000000000e+00 0.000000000000000000e+00 0.000000000000000000e+00 0.000000000000000000e+00 0.000000000000000000e+00
0.000000000000000000e+00 0.000000000000000000e+00 0.000000000000000000e+00 0.000000000000000000e+00 0.000000000000000000e+00
0.000000000000000000e+00 0.000000000000000000e+00 0.000000000000000000e+00 0.000000000000000000e+00 0.000000000000000000e+00
0.000000000000000000e+00 0.000000000000000000e+00 0.000000000000000000e+00 0.000000000000000000e+00 0.000000000000000000e+00
0.000000000000000000e+00 0.000000000000000000e+00 0.000000000000000000e+00 0.000000000000000000e+00 0.000000000000000000e+00
0.000000000000000000e+00 0.000000000000000000e+00 0.000000000000000000e+00 0.000000000000000000e+00 0.000000000000000000e+00
0.000000000000000000e+00 0.000000000000000000e+00 0.000000000000000000e+00 0.000000000000000000e+00 0.000000000000000000e+00
0.000000000000000000e+00 0.000000000000000000e+00 0.000000000000000000e+00 0.000000000000000000e+00 0.000000000000000000e+00
0.000000000000000000e+00 0.000000000000000000e+00 0.000000000000000000e+00 0.000000000000000000e+00 0.000000000000000000e+00
0.000000000000000000e+00 0.000000000000000000e+00 0.000000000000000000e+00 0.000000000000000000e+00 0.000000000000000000e+00
0.000000000000000000e+00 0.000000000000000000e+00 0.000000000000000000e+00 0.000000000000000000e+00 0.000000000000000000e+00
0.000000000000000000e+00 0.000000000000000000e+00 0.000000000000000000e+00 0.000000000000000000e+00 0.000000000000000000e+00
0.000000000000000000e+00 0.000000000000000000e+00 0.000000000000000000e+00 0.000000000000000000e+00 0.000000000000000000e+00
0.000000000000000000e+00 0.000000000000000000e+00 0.000000000000000000e+00 0.000000000000000000e+00 0.000000000000000000e+00
0.000000000000000000e+00 0.000000000000000000e+00 0.000000000000000000e+00 0.000000000000000000e+00 0.000000000000000000e+00
0.000000000000000000e+00 0.000000000000000000e+00 0.000000000000000000e+00 0.000000000000000000e+00 0.000000000000000000e+00
0.000000000000000000e+00 0.000000000000000000e+00 0.000000000000000000e+00 0.000000000000000000e+00 0.000000000000000000e+00
0.000000000000000000e+00 0.000000000000000000e+00 0.000000000000000000e+00 0.000000000000000000e+00 0.000000000000000000e+00
0.000000000000000000e+00 0.000000000000000000e+00 0.000000000000000000e+00 0.000000000000000000e+00 0.000000000000000000e+00
0.000000000000000000e+00 0.000000000000000000e+00 0.000000000000000000e+00 0.000000000000000000e+00 0.000000000000000000e+00
0.000000000000000000e+00 0.000000000000000000e+00 0.000000000000000000e+00 0.000000000000000000e+00 0.000000000000000000e+00
0.000000000000000000e+00 0.000000000000000000e+00 0.000000000000000000e+00 0.000000000000000000e+00 0.000000000000000000e+00
0.000000000000000000e+00 0.000000000000000000e+00 0.000000000000000000e+00 0.000000000000000000e+00 0.000000000000000000e+00
0.000000000000000000e+00 0.000000000000000000e+00 0.000000000000000000e+00 0.000000000000000000e+00 0.000000000000000000e+00
