0.000000000000000000e+00 0.000000000000000000e+00 1.000000000000000000e+00 0.000000000000000000e+00 0.000000000000000000e+00
-1.569370865821838379e+00 1.801167368888854980e+00 1.000000000000000000e+00 0.000000000000000000e+00 0.000000000000000000e+00
-1.394199848175048828e+00 1.188886642456054688e+00 1.000000000000000000e+00 0.000000000000000000e+00 0.000000000000000000e+00
-6.831641197204589844e-01 3.594497740268707275e-01 0.000000000000000000e+00 1.000000000000000000e+00 0.000000000000000000e+00
2.600013256072998047e+00 -1.653949737548828125e+00 1.000000000000000000e+00 0.000000000000000000e+00 0.000000000000000000e+00
5.402050018310546875e-01 1.241341605782508850e-01 1.000000000000000000e+00 0.000000000000000000e+00 0.000000000000000000e+00
7.706706523895263672e-01 6.482533216476440430e-01 1.000000000000000000e+00 0.000000000000000000e+00 0.000000000000000000e+00
8.641813695430755615e-02 2.102225273847579956e-01 0.000000000000000000e+00 1.000000000000000000e+00 0.000000000000000000e+00
-2.097732305526733398e+00 6.778925061225891113e-01 1.000000000000000000e+00 0.000000000000000000e+00 0.000000000000000000e+00
1.072466492652893066e+00 -1.184925734996795654e-01 1.000000000000000000e+00 0.000000000000000000e+00 0.000000000000000000e+00
2.717220187187194824e-01 1.131354123353958130e-01 1.000000000000000000e+00 0.000000000000000000e+00 0.000000000000000000e+00
-3.887318372726440430e-01 1.271999835968017578e+00 1.000000000000000000e+00 0.000000000000000000e+00 0.000000000000000000e+00
-3.107801973819732666e-01 4.302546381950378418e-01 1.000000000000000000e+00 0.000000000000000000e+00 0.000000000000000000e+00
-3.808574378490447998e-01 2.026415467262268066e-01 0.000000000000000000e+00 1.000000000000000000e+00 0.000000000000000000e+00
-3.437963128089904785e-01 -2.634618431329727173e-02 1.000000000000000000e+00 0.000000000000000000e+00 0.000000000000000000e+00
1.585371494293212891e+00 -7.654199749231338501e-02 1.000000000000000000e+00 0.000000000000000000e+00 0.000000000000000000e+00
1.180258631706237793e+00 1.472281664609909058e-01 0.000000000000000000e+00 1.000000000000000000e+00 0.000000000000000000e+00
-2.019489288330078125e+00 -2.764358520507812500e+00 0.000000000000000000e+00 0.000000000000000000e+00 1.000000000000000000e+00
-4.310973286628723145e-01 1.929101467132568359e+00 0.000000000000000000e+00 0.000000000000000000e+00 1.000000000000000000e+00
-1.105890870094299316e+00 -2.262753844261169434e-01 0.000000000000000000e+00 0.000000000000000000e+00 1.000000000000000000e+00
-8.541134595870971680e-01 -3.193032145500183105e-01 0.000000000000000000e+00 0.000000000000000000e+00 1.000000000000000000e+00
-8.567421436309814453e-01 -1.772759556770324707e-01 0.000000000000000000e+00 0.000000000000000000e+00 1.000000000000000000e+00
-8.254730701446533203e-01 -1.966098546981811523e-01 0.000000000000000000e+00 0.000000000000000000e+00 1.000000000000000000e+00
-8.023554086685180664e-01 -2.259621024131774902e-01 0.000000000000000000e+00 0.000000000000000000e+00 1.000000000000000000e+00
-7.848385572433471680e-01 -2.432113289833068848e-01 0.000000000000000000e+00 0.000000000000000000e+00 1.000000000000000000e+00
-7.735023498535156250e-01 -2.431543469429016113e-01 0.000000000000000000e+00 0.000000000000000000e+00 1.000000000000000000e+00
-7.627326250076293945e-01 -2.419471144676208496e-01 0.000000000000000000e+00 0.000000000000000000e+00 1.000000000000000000e+00
-7.512943744659423828e-01 -2.451449632644653320e-01 0.000000000000000000e+00 0.000000000000000000e+00 1.000000000000000000e+00
-7.405711412429809570e-01 -2.535011172294616699e-01 0.000000000000000000e+00 0.000000000000000000e+00 1.000000000000000000e+00
-7.283767461776733398e-01 -2.666750550270080566e-01 0.000000000000000000e+00 0.000000000000000000e+00 1.000000000000000000e+00
-7.161644697189331055e-01 -2.748448848724365234e-01 0.000000000000000000e+00 0.000000000000000000e+00 1.000000000000000000e+00
-7.097836732864379883e-01 -2.723603248596191406e-01 0.000000000000000000e+00 0.000000000000000000e+00 1.000000000000000000e+00
-7.057838439941406250e-01 -2.590965628623962402e-01 0.000000000000000000e+00 0.000000000000000000e+00 1.000000000000000000e+00
-7.007915973663330078e-01 -2.532067298889160156e-01 0.000000000000000000e+00 0.000000000000000000e+00 1.000000000000000000e+00
-6.929237246513366699e-01 -2.594768404960632324e-01 0.000000000000000000e+00 0.000000000000000000e+00 1.000000000000000000e+00
-6.853396296501159668e-01 -2.706339955329895020e-01 0.000000000000000000e+00 0.000000000000000000e+00 1.000000000000000000e+00
-6.800721883773803711e-01 -2.773752212524414062e-01 0.000000000000000000e+00 0.000000000000000000e+00 1.000000000000000000e+00
-6.776834726333618164e-01 -2.742464542388916016e-01 0.000000000000000000e+00 0.000000000000000000e+00 1.000000000000000000e+00
-6.776475906372070312e-01 -2.628116607666015625e-01 0.000000000000000000e+00 0.000000000000000000e+00 1.000000000000000000e+00
-6.773918867111206055e-01 -2.506747245788574219e-01 0.000000000000000000e+00 0.000000000000000000e+00 1.000000000000000000e+00
-6.727931499481201172e-01 -2.493264079093933105e-01 0.000000000000000000e+00 0.000000000000000000e+00 1.000000000000000000e+00
-6.656807065010070801e-01 -2.553660273551940918e-01 0.000000000000000000e+00 0.000000000000000000e+00 1.000000000000000000e+00
-6.595095396041870117e-01 -2.592936158180236816e-01 0.000000000000000000e+00 0.000000000000000000e+00 1.000000000000000000e+00
-6.553839445114135742e-01 -2.587375044822692871e-01 0.000000000000000000e+00 0.000000000000000000e+00 1.000000000000000000e+00
-6.529127359390258789e-01 -2.560219764709472656e-01 0.000000000000000000e+00 0.000000000000000000e+00 1.000000000000000000e+00
-6.524465680122375488e-01 -2.521930932998657227e-01 0.000000000000000000e+00 0.000000000000000000e+00 1.000000000000000000e+00
-6.501499414443969727e-01 -2.563653588294982910e-01 0.000000000000000000e+00 0.000000000000000000e+00 1.000000000000000000e+00
-6.436325311660766602e-01 -2.706401944160461426e-01 0.000000000000000000e+00 0.000000000000000000e+00 1.000000000000000000e+00
-6.362031698226928711e-01 -2.851936817169189453e-01 0.000000000000000000e+00 0.000000000000000000e+00 1.000000000000000000e+00
-6.321213245391845703e-01 -2.867720723152160645e-01 0.000000000000000000e+00 0.000000000000000000e+00 1.000000000000000000e+00
-6.310400962829589844e-01 -2.758989930152893066e-01 0.000000000000000000e+00 0.000000000000000000e+00 1.000000000000000000e+00
-6.319057345390319824e-01 -2.616719603538513184e-01 0.000000000000000000e+00 0.000000000000000000e+00 1.000000000000000000e+00
-6.316686868667602539e-01 -2.557201385498046875e-01 0.000000000000000000e+00 0.000000000000000000e+00 1.000000000000000000e+00
-6.257473230361938477e-01 -2.660626173019409180e-01 0.000000000000000000e+00 0.000000000000000000e+00 1.000000000000000000e+00
-6.195731163024902344e-01 -2.824364304542541504e-01 0.000000000000000000e+00 0.000000000000000000e+00 1.000000000000000000e+00
-6.168559789657592773e-01 -2.899994254112243652e-01 0.000000000000000000e+00 0.000000000000000000e+00 1.000000000000000000e+00
-6.171656250953674316e-01 -2.863987684249877930e-01 0.000000000000000000e+00 0.000000000000000000e+00 1.000000000000000000e+00
-6.203643083572387695e-01 -2.722047567367553711e-01 0.000000000000000000e+00 0.000000000000000000e+00 1.000000000000000000e+00
-6.216731071472167969e-01 -2.577400207519531250e-01 0.000000000000000000e+00 0.000000000000000000e+00 1.000000000000000000e+00
-6.158671379089355469e-01 -2.614005208015441895e-01 0.000000000000000000e+00 0.000000000000000000e+00 1.000000000000000000e+00
-6.050859689712524414e-01 -2.822550535202026367e-01 0.000000000000000000e+00 0.000000000000000000e+00 1.000000000000000000e+00
-5.965265035629272461e-01 -2.994088530540466309e-01 0.000000000000000000e+00 0.000000000000000000e+00 1.000000000000000000e+00
-5.930136442184448242e-01 -3.015338778495788574e-01 0.000000000000000000e+00 0.000000000000000000e+00 1.000000000000000000e+00
-5.939218401908874512e-01 -2.926887273788452148e-01 0.000000000000000000e+00 0.000000000000000000e+00 1.000000000000000000e+00
-5.998437404632568359e-01 -2.755669951438903809e-01 0.000000000000000000e+00 0.000000000000000000e+00 1.000000000000000000e+00
-6.039381027221679688e-01 -2.625438570976257324e-01 0.000000000000000000e+00 0.000000000000000000e+00 1.000000000000000000e+00
-6.000912189483642578e-01 -2.705472111701965332e-01 0.000000000000000000e+00 0.000000000000000000e+00 1.000000000000000000e+00
-5.909242033958435059e-01 -2.908939719200134277e-01 0.000000000000000000e+00 0.000000000000000000e+00 1.000000000000000000e+00
-5.859917402267456055e-01 -3.005422949790954590e-01 0.000000000000000000e+00 0.000000000000000000e+00 1.000000000000000000e+00
-5.867758989334106445e-01 -2.944172024726867676e-01 0.000000000000000000e+00 0.000000000000000000e+00 1.000000000000000000e+00
-5.919836759567260742e-01 -2.767093181610107422e-01 0.000000000000000000e+00 0.000000000000000000e+00 1.000000000000000000e+00
-5.989164113998413086e-01 -2.575897574424743652e-01 0.000000000000000000e+00 0.000000000000000000e+00 1.000000000000000000e+00
-6.008136272430419922e-01 -2.578753829002380371e-01 0.000000000000000000e+00 0.000000000000000000e+00 1.000000000000000000e+00
-5.902603864669799805e-01 -2.788834571838378906e-01 0.000000000000000000e+00 0.000000000000000000e+00 1.000000000000000000e+00
-5.762510895729064941e-01 -3.044250011444091797e-01 0.000000000000000000e+00 0.000000000000000000e+00 1.000000000000000000e+00
-5.708055496215820312e-01 -3.107805848121643066e-01 0.000000000000000000e+00 0.000000000000000000e+00 1.000000000000000000e+00
-5.704045295715332031e-01 -3.021781444549560547e-01 0.000000000000000000e+00 0.000000000000000000e+00 1.000000000000000000e+00
-5.783778429031372070e-01 -2.763841748237609863e-01 0.000000000000000000e+00 0.000000000000000000e+00 1.000000000000000000e+00
0.000000000000000000e+00 0.000000000000000000e+00 0.000000000000000000e+00 0.000000000000000000e+00 0.000000000000000000e+00
0.000000000000000000e+00 0.000000000000000000e+00 0.000000000000000000e+00 0.000000000000000000e+00 0.000000000000000000e+00
0.000000000000000000e+00 0.000000000000000000e+00 0.000000000000000000e+00 0.000000000000000000e+00 0.000000000000000000e+00
0.000000000000000000e+00 0.000000000000000000e+00 0.000000000000000000e+00 0.000000000000000000e+00 0.000000000000000000e+00
0.000000000000000000e+00 0.000000000000000000e+00 0.000000000000000000e+00 0.000000000000000000e+00 0.000000000000000000e+00
0.000000000000000000e+00 0.000000000000000000e+00 0.000000000000000000e+00 0.000000000000000000e+00 0.000000000000000000e+00
0.000000000000000000e+00 0.000000000000000000e+00 0.000000000000000000e+00 0.000000000000000000e+00 0.000000000000000000e+00
0.000000000000000000e+00 0.000000000000000000e+00 0.000000000000000000e+00 0.000000000000000000e+00 0.000000000000000000e+00
0.000000000000000000e+00 0.000000000000000000e+00 0.000000000000000000e+00 0.000000000000000000e+00 0.000000000000000000e+00
0.000000000000000000e+00 0.000000000000000000e+00 0.000000000000000000e+00 0.000000000000000000e+00 0.000000000000000000e+00
0.000000000000000000e+00 0.000000000000000000e+00 0.000000000000000000e+00 0.000000000000000000e+00 0.000000000000000000e+00
0.000000000000000000e+00 0.000000000000000000e+00 0.000000000000000000e+00 0.000000000000000000e+00 0.000000000000000000e+00
0.000000000000000000e+00 0.000000000000000000e+00 0.000000000000000000e+00 0.000000000000000000e+00 0.000000000000000000e+00
0.000000000000000000e+00 0.000000000000000000e+00 0.000000000000000000e+00 0.000000000000000000e+00 0.000000000000000000e+00
0.000000000000000000e+00 0.000000000000000000e+00 0.000000000000000000e+00 0.000000000000000000e+00 0.000000000000000000e+00
0.000000000000000000e+00 0.000000000000000000e+00 0.000000000000000000e+00 0.000000000000000000e+00 0.000000000000000000e+00
0.000000000000000000e+00 0.000000000000000000e+00 0.000000000000000000e+00 0.000000000000000000e+00 0.000000000000000000e+00
0.000000000000000000e+00 0.000000000000000000e+00 0.000000000000000000e+00 0.000000000000000000e+00 0.000000000000000000e+00
0.000000000000000000e+00 0.000000000000000000e+00 0.000000000000000000e+00 0.000000000000000000e+00 0.000000000000000000e+00
0.000000000000000000e+00 0.000000000000000000e+00 0.000000000000000000e+00 0.000000000000000000e+00 0.000000000000000000e+00
0.000000000000000000e+00 0.000000000000000000e+00 0.000000000000000000e+00 0.000000000000000000e+00 0.000000000000000000e+00
0.000000000000000000e+00 0.000000000000000000e+00 0.000000000000000000e+00 0.000000000000000000e+00 0.000000000000000000e+00
0.000000000000000000e+00 0.000000000000000000e+00 0.000000000000000000e+00 0.000000000000000000e+00 0.000000000000000000e+00
0.000000000000000000e+00 0.000000000000000000e+00 0.000000000000000000e+00 0.000000000000000000e+00 0.000000000000000000e+00
0.000000000000000000e+00 0.000000000000000000e+00 0.000000000000000000e+00 0.000000000000000000e+00 0.000000000000000000e+00
0.000000000000000000e+00 0.000000000000000000e+00 0.000000000000000000e+00 0.000000000000000000e+00 0.000000000000000000e+00
0.000000000000000000e+00 0.000000000000000000e+00 0.000000000000000000e+00 0.000000000000000000e+00 0.000000000000000000e+00
0.000000000000000000e+00 0.000000000000000000e+00 0.000000000000000000e+00 0.000000000000000000e+00 0.000000000000000000e+00
0.000000000000000000e+00 0.000000000000000000e+00 0.000000000000000000e+00 0.000000000000000000e+00 0.000000000000000000e+00
0.000000000000000000e+00 0.000000000000000000e+00 0.000000000000000000e+00 0.000000000000000000e+00 0.000000000000000000e+00
0.000000000000000000e+00 0.000000000000000000e+00 0.000000000000000000e+00 0.000000000000000000e+00 0.000000000000000000e+00
0.000000000000000000e+00 0.000000000000000000e+00 0.000000000000000000e+00 0.000000000000000000e+00 0.000000000000000000e+00
0.000000000000000000e+00 0.000000000000000000e+00 0.000000000000000000e+00 0.000000000000000000e+00 0.000000000000000000e+00
0.000000000000000000e+00 0.000000000000000000e+00 0.000000000000000000e+00 0.000000000000000000e+00 0.000000000000000000e+00
0.000000000000000000e+00 0.000000000000000000e+00 0.000000000000000000e+00 0.000000000000000000e+00 0.000000000000000000e+00
0.000000000000000000e+00 0.000000000000000000e+00 0.000000000000000000e+00 0.000000000000000000e+00 0.000000000000000000e+00
0.000000000000000000e+00 0.000000000000000000e+00 0.000000000000000000e+00 0.000000000000000000e+00 0.000000000000000000e+00
0.000000000000000000e+00 0.000000000000000000e+00 0.000000000000000000e+00 0.000000000000000000e+00 0.000000000000000000e+00
0.000000000000000000e+00 0.000000000000000000e+00 0.000000000000000000e+00 0.000000000000000000e+00 0.000000000000000000e+00
0.000000000000000000e+00 0.000000000000000000e+00 0.000000000000000000e+00 0.000000000000000000e+00 0.000000000000000000e+00
0.000000000000000000e+00 0.000000000000000000e+00 0.000000000000000000e+00 0.000000000000000000e+00 0.000000000000000000e+00
0.000000000000000000e+00 0.000000000000000000e+00 0.000000000000000000e+00 0.000000000000000000e+00 0.000000000000000000e+00
0.000000000000000000e+00 0.000000000000000000e+00 0.000000000000000000e+00 0.000000000000000000e+00 0.000000000000000000e+00
