0.000000000000000000e+00 0.000000000000000000e+00 1.000000000000000000e+00 0.000000000000000000e+00 0.000000000000000000e+00
-1.148004293441772461e+00 1.373420476913452148e+00 1.000000000000000000e+00 0.000000000000000000e+00 0.000000000000000000e+00
-8.706698417663574219e-01 7.366081476211547852e-01 1.000000000000000000e+00 0.000000000000000000e+00 0.000000000000000000e+00
5.999225378036499023e-01 -1.951775848865509033e-01 1.000000000000000000e+00 0.000000000000000000e+00 0.000000000000000000e+00
2.226574420928955078e-01 5.162532255053520203e-02 1.000000000000000000e+00 0.000000000000000000e+00 0.000000000000000000e+00
1.179106086492538452e-01 1.668976545333862305e-01 1.000000000000000000e+00 0.000000000000000000e+00 0.000000000000000000e+00
-1.238260976970195770e-02 5.794852972030639648e-01 1.000000000000000000e+00 0.000000000000000000e+00 0.000000000000000000e+00
-9.091953933238983154e-02 3.075397610664367676e-01 0.000000000000000000e+00 1.000000000000000000e+00 0.000000000000000000e+00
8.834542036056518555e-01 -1.525825142860412598e+00 1.000000000000000000e+00 0.000000000000000000e+00 0.000000000000000000e+00
1.166733503341674805e+00 -3.302936553955078125e-01 1.000000000000000000e+00 0.000000000000000000e+00 0.000000000000000000e+00
5.314983725547790527e-01 -2.603111863136291504e-01 1.000000000000000000e+00 0.000000000000000000e+00 0.000000000000000000e+00
1.079266071319580078e-01 -1.402520835399627686e-01 0.000000000000000000e+00 1.000000000000000000e+00 0.000000000000000000e+00
-6.266018152236938477e-01 -6.922544240951538086e-01 1.000000000000000000e+00 0.000000000000000000e+00 0.000000000000000000e+00
1.135244071483612061e-01 7.840546965599060059e-01 1.000000000000000000e+00 0.000000000000000000e+00 0.000000000000000000e+00
-1.738822460174560547e-01 1.987567663192749023e+00 1.000000000000000000e+00 0.000000000000000000e+00 0.000000000000000000e+00
-8.299366384744644165e-02 3.016597032546997070e-01 1.000000000000000000e+00 0.000000000000000000e+00 0.000000000000000000e+00
-1.038705855607986450e-01 7.640652358531951904e-02 0.000000000000000000e+00 1.000000000000000000e+00 0.000000000000000000e+00
-3.902730345726013184e-02 -1.328926444053649902e+00 1.000000000000000000e+00 0.000000000000000000e+00 0.000000000000000000e+00
-2.421424686908721924e-01 7.749398052692413330e-02 1.000000000000000000e+00 0.000000000000000000e+00 0.000000000000000000e+00
-8.806371688842773438e-01 9.068363308906555176e-01 1.000000000000000000e+00 0.000000000000000000e+00 0.000000000000000000e+00
-2.907716333866119385e-01 1.541087925434112549e-01 0.000000000000000000e+00 1.000000000000000000e+00 0.000000000000000000e+00
1.831895589828491211e+00 -9.124210476875305176e-01 1.000000000000000000e+00 0.000000000000000000e+00 0.000000000000000000e+00
6.495926380157470703e-01 5.911921262741088867e-01 1.000000000000000000e+00 0.000000000000000000e+00 0.000000000000000000e+00
4.029583334922790527e-01 1.896325945854187012e-01 0.000000000000000000e+00 1.000000000000000000e+00 0.000000000000000000e+00
-2.125225305557250977e+00 -2.738552331924438477e+00 0.000000000000000000e+00 0.000000000000000000e+00 1.000000000000000000e+00
-7.314252853393554688e-02 1.526560783386230469e+00 0.000000000000000000e+00 0.000000000000000000e+00 1.000000000000000000e+00
-1.302412748336791992e+00 1.736699938774108887e-01 0.000000000000000000e+00 0.000000000000000000e+00 1.000000000000000000e+00
-9.286764860153198242e-01 -1.722967028617858887e-01 0.000000000000000000e+00 0.000000000000000000e+00 1.000000000000000000e+00
-9.288159608840942383e-01 -1.254752278327941895e-01 0.000000000000000000e+00 0.000000000000000000e+00 1.000000000000000000e+00
-8.913117647171020508e-01 -1.593849062919616699e-01 0.000000000000000000e+00 0.000000000000000000e+00 1.000000000000000000e+00
-8.633544445037841797e-01 -1.715950965881347656e-01 0.000000000000000000e+00 0.000000000000000000e+00 1.000000000000000000e+00
-8.369780778884887695e-01 -1.863305568695068359e-01 0.000000000000000000e+00 0.000000000000000000e+00 1.000000000000000000e+00
-8.120867013931274414e-01 -1.990077495574951172e-01 0.000000000000000000e+00 0.000000000000000000e+00 1.000000000000000000e+00
-7.892645597457885742e-01 -2.092352509498596191e-01 0.000000000000000000e+00 0.000000000000000000e+00 1.000000000000000000e+00
-7.703223228454589844e-01 -2.255735397338867188e-01 0.000000000000000000e+00 0.000000000000000000e+00 1.000000000000000000e+00
-7.574146986007690430e-01 -2.379415631294250488e-01 0.000000000000000000e+00 0.000000000000000000e+00 1.000000000000000000e+00
-7.468513250350952148e-01 -2.393361330032348633e-01 0.000000000000000000e+00 0.000000000000000000e+00 1.000000000000000000e+00
-7.381880283355712891e-01 -2.376801967620849609e-01 0.000000000000000000e+00 0.000000000000000000e+00 1.000000000000000000e+00
-7.288956642150878906e-01 -2.414255142211914062e-01 0.000000000000000000e+00 0.000000000000000000e+00 1.000000000000000000e+00
-7.191609144210815430e-01 -2.463322877883911133e-01 0.000000000000000000e+00 0.000000000000000000e+00 1.000000000000000000e+00
-7.082655429840087891e-01 -2.556293010711669922e-01 0.000000000000000000e+00 0.000000000000000000e+00 1.000000000000000000e+00
-6.988009214401245117e-01 -2.640787959098815918e-01 0.000000000000000000e+00 0.000000000000000000e+00 1.000000000000000000e+00
-6.919302940368652344e-01 -2.666153311729431152e-01 0.000000000000000000e+00 0.000000000000000000e+00 1.000000000000000000e+00
-6.862087249755859375e-01 -2.607592344284057617e-01 0.000000000000000000e+00 0.000000000000000000e+00 1.000000000000000000e+00
-6.808412671089172363e-01 -2.520380020141601562e-01 0.000000000000000000e+00 0.000000000000000000e+00 1.000000000000000000e+00
-6.742479801177978516e-01 -2.505468726158142090e-01 0.000000000000000000e+00 0.000000000000000000e+00 1.000000000000000000e+00
-6.674818992614746094e-01 -2.560691833496093750e-01 0.000000000000000000e+00 0.000000000000000000e+00 1.000000000000000000e+00
-6.626826524734497070e-01 -2.628148794174194336e-01 0.000000000000000000e+00 0.000000000000000000e+00 1.000000000000000000e+00
-6.605576276779174805e-01 -2.645421624183654785e-01 0.000000000000000000e+00 0.000000000000000000e+00 1.000000000000000000e+00
-6.591789126396179199e-01 -2.587823271751403809e-01 0.000000000000000000e+00 0.000000000000000000e+00 1.000000000000000000e+00
-6.563928127288818359e-01 -2.479210495948791504e-01 0.000000000000000000e+00 0.000000000000000000e+00 1.000000000000000000e+00
-6.515104770660400391e-01 -2.397999763488769531e-01 0.000000000000000000e+00 0.000000000000000000e+00 1.000000000000000000e+00
-6.465104818344116211e-01 -2.390318512916564941e-01 0.000000000000000000e+00 0.000000000000000000e+00 1.000000000000000000e+00
-6.421892046928405762e-01 -2.441068887710571289e-01 0.000000000000000000e+00 0.000000000000000000e+00 1.000000000000000000e+00
-6.398805975914001465e-01 -2.491623759269714355e-01 0.000000000000000000e+00 0.000000000000000000e+00 1.000000000000000000e+00
-6.391722559928894043e-01 -2.480884194374084473e-01 0.000000000000000000e+00 0.000000000000000000e+00 1.000000000000000000e+00
-6.391289234161376953e-01 -2.408818602561950684e-01 0.000000000000000000e+00 0.000000000000000000e+00 1.000000000000000000e+00
-6.361656188964843750e-01 -2.361409664154052734e-01 0.000000000000000000e+00 0.000000000000000000e+00 1.000000000000000000e+00
-6.295299530029296875e-01 -2.378477454185485840e-01 0.000000000000000000e+00 0.000000000000000000e+00 1.000000000000000000e+00
-6.214982271194458008e-01 -2.461966276168823242e-01 0.000000000000000000e+00 0.000000000000000000e+00 1.000000000000000000e+00
-6.155073642730712891e-01 -2.540487051010131836e-01 0.000000000000000000e+00 0.000000000000000000e+00 1.000000000000000000e+00
-6.105445623397827148e-01 -2.585782408714294434e-01 0.000000000000000000e+00 0.000000000000000000e+00 1.000000000000000000e+00
-6.084167957305908203e-01 -2.535064816474914551e-01 0.000000000000000000e+00 0.000000000000000000e+00 1.000000000000000000e+00
-6.091994047164916992e-01 -2.406867146492004395e-01 0.000000000000000000e+00 0.000000000000000000e+00 1.000000000000000000e+00
-6.086429357528686523e-01 -2.318858504295349121e-01 0.000000000000000000e+00 0.000000000000000000e+00 1.000000000000000000e+00
-6.043360233306884766e-01 -2.336308360099792480e-01 0.000000000000000000e+00 0.000000000000000000e+00 1.000000000000000000e+00
0.000000000000000000e+00 0.000000000000000000e+00 0.000000000000000000e+00 0.000000000000000000e+00 0.000000000000000000e+00
0.000000000000000000e+00 0.000000000000000000e+00 0.000000000000000000e+00 0.000000000000000000e+00 0.000000000000000000e+00
0.000000000000000000e+00 0.000000000000000000e+00 0.000000000000000000e+00 0.000000000000000000e+00 0.000000000000000000e+00
0.000000000000000000e+00 0.000000000000000000e+00 0.000000000000000000e+00 0.000000000000000000e+00 0.000000000000000000e+00
0.000000000000000000e+00 0.000000000000000000e+00 0.000000000000000000e+00 0.000000000000000000e+00 0.000000000000000000e+00
0.000000000000000000e+00 0.000000000000000000e+00 0.000000000000000000e+00 0.000000000000000000e+00 0.000000000000000000e+00
0.000000000000000000e+00 0.000000000000000000e+00 0.000000000000000000e+00 0.000000000000000000e+00 0.000000000000000000e+00
0.000000000000000000e+00 0.000000000000000000e+00 0.000000000000000000e+00 0.000000000000000000e+00 0.000000000000000000e+00
0.000000000000000000e+00 0.000000000000000000e+00 0.000000000000000000e+00 0.000000000000000000e+00 0.000000000000000000e+00
0.000000000000000000e+00 0.000000000000000000e+00 0.000000000000000000e+00 0.000000000000000000e+00 0.000000000000000000e+00
0.000000000000000000e+00 0.000000000000000000e+00 0.000000000000000000e+00 0.000000000000000000e+00 0.000000000000000000e+00
0.000000000000000000e+00 0.000000000000000000e+00 0.000000000000000000e+00 0.000000000000000000e+00 0.000000000000000000e+00
0.000000000000000000e+00 0.000000000000000000e+00 0.000000000000000000e+00 0.000000000000000000e+00 0.000000000000000000e+00
0.000000000000000000e+00 0.000000000000000000e+00 0.000000000000000000e+00 0.000000000000000000e+00 0.000000000000000000e+00
0.000000000000000000e+00 0.000000000000000000e+00 0.000000000000000000e+00 0.000000000000000000e+00 0.000000000000000000e+00
0.000000000000000000e+00 0.000000000000000000e+00 0.000000000000000000e+00 0.000000000000000000e+00 0.000000000000000000e+00
0.000000000000000000e+00 0.000000000000000000e+00 0.000000000000000000e+00 0.000000000000000000e+00 0.000000000000000000e+00
0.000000000000000000e+00 0.000000000000000000e+00 0.000000000000000000e+00 0.000000000000000000e+00 0.000000000000000000e+00
0.000000000000000000e+00 0.000000000000000000e+00 0.000000000000000000e+00 0.000000000000000000e+00 0.000000000000000000e+00
0.000000000000000000e+00 0.000000000000000000e+00 0.000000000000000000e+00 0.000000000000000000e+00 0.000000000000000000e+00
0.000000000000000000e+00 0.000000000000000000e+00 0.000000000000000000e+00 0.000000000000000000e+00 0.000000000000000000e+00
0.000000000000000000e+00 0.000000000000000000e+00 0.000000000000000000e+00 0.000000000000000000e+00 0.000000000000000000e+00
0.000000000000000000e+00 0.000000000000000000e+00 0.000000000000000000e+00 0.000000000000000000e+00 0.000000000000000000e+00
0.000000000000000000e+00 0.000000000000000000e+00 0.000000000000000000e+00 0.000000000000000000e+00 0.000000000000000000e+00
0.000000000000000000e+00 0.000000000000000000e+00 0.000000000000000000e+00 0.000000000000000000e+00 0.000000000000000000e+00
0.000000000000000000e+00 0.000000000000000000e+00 0.000000000000000000e+00 0.000000000000000000e+00 0.000000000000000000e+00
0.000000000000000000e+00 0.000000000000000000e+00 0.000000000000000000e+00 0.000000000000000000e+00 0.000000000000000000e+00
0.000000000000000000e+00 0.000000000000000000e+00 0.000000000000000000e+00 0.000000000000000000e+00 0.000000000000000000e+00
0.000000000000000000e+00 0.000000000000000000e+00 0.000000000000000000e+00 0.000000000000000000e+00 0.000000000000000000e+00
0.000000000000000000e+00 0.000000000000000000e+00 0.000000000000000000e+00 0.000000000000000000e+00 0.000000000000000000e+00
0.000000000000000000e+00 0.000000000000000000e+00 0.000000000000000000e+00 0.000000000000000000e+00 0.000000000000000000e+00
0.000000000000000000e+00 0.000000000000000000e+00 0.000000000000000000e+00 0.000000000000000000e+00 0.000000000000000000e+00
0.000000000000000000e+00 0.000000000000000000e+00 0.000000000000000000e+00 0.000000000000000000e+00 0.000000000000000000e+00
0.000000000000000000e+00 0.000000000000000000e+00 0.000000000000000000e+00 0.000000000000000000e+00 0.000000000000000000e+00
0.000000000000000000e+00 0.000000000000000000e+00 0.000000000000000000e+00 0.000000000000000000e+00 0.000000000000000000e+00
0.000000000000000000e+00 0.000000000000000000e+00 0.000000000000000000e+00 0.000000000000000000e+00 0.000000000000000000e+00
0.000000000000000000e+00 0.000000000000000000e+00 0.000000000000000000e+00 0.000000000000000000e+00 0.000000000000000000e+00
0.000000000000000000e+00 0.000000000000000000e+00 0.000000000000000000e+00 0.000000000000000000e+00 0.000000000000000000e+00
0.000000000000000000e+00 0.000000000000000000e+00 0.000000000000000000e+00 0.000000000000000000e+00 0.000000000000000000e+00
0.000000000000000000e+00 0.000000000000000000e+00 0.000000000000000000e+00 0.000000000000000000e+00 0.000000000000000000e+00
0.000000000000000000e+00 0.000000000000000000e+00 0.000000000000000000e+00 0.000000000000000000e+00 0.000000000000000000e+00
0.000000000000000000e+00 0.000000000000000000e+00 0.000000000000000000e+00 0.000000000000000000e+00 0.000000000000000000e+00
0.000000000000000000e+00 0.000000000000000000e+00 0.000000000000000000e+00 0.000000000000000000e+00 0.000000000000000000e+00
0.000000000000000000e+00 0.000000000000000000e+00 0.000000000000000000e+00 0.000000000000000000e+00 0.000000000000000000e+00
0.000000000000000000e+00 0.000000000000000000e+00 0.000000000000000000e+00 0.000000000000000000e+00 0.000000000000000000e+00
0.000000000000000000e+00 0.000000000000000000e+00 0.000000000000000000e+00 0.000000000000000000e+00 0.000000000000000000e+00
0.000000000000000000e+00 0.000000000000000000e+00 0.000000000000000000e+00 0.000000000000000000e+00 0.000000000000000000e+00
0.000000000000000000e+00 0.000000000000000000e+00 0.000000000000000000e+00 0.000000000000000000e+00 0.000000000000000000e+00
0.000000000000000000e+00 0.000000000000000000e+00 0.000000000000000000e+00 0.000000000000000000e+00 0.000000000000000000e+00
0.000000000000000000e+00 0.000000000000000000e+00 0.000000000000000000e+00 0.000000000000000000e+00 0.000000000000000000e+00
0.000000000000000000e+00 0.000000000000000000e+00 0.000000000000000000e+00 0.000000000000000000e+00 0.000000000000000000e+00
0.000000000000000000e+00 0.000000000000000000e+00 0.000000000000000000e+00 0.000000000000000000e+00 0.000000000000000000e+00
0.000000000000000000e+00 0.000000000000000000e+00 0.000000000000000000e+00 0.000000000000000000e+00 0.000000000000000000e+00
0.000000000000000000e+00 0.000000000000000000e+00 0.000000000000000000e+00 0.000000000000000000e+00 0.000000000000000000e+00
0.000000000000000000e+00 0.000000000000000000e+00 0.000000000000000000e+00 0.000000000000000000e+00 0.000000000000000000e+00
