0.000000000000000000e+00 0.000000000000000000e+00 1.000000000000000000e+00 0.000000000000000000e+00 0.000000000000000000e+00
-1.061845302581787109e+00 1.244817852973937988e+00 1.000000000000000000e+00 0.000000000000000000e+00 0.000000000000000000e+00
-8.315320014953613281e-01 6.924865245819091797e-01 1.000000000000000000e+00 0.000000000000000000e+00 0.000000000000000000e+00
5.664646029472351074e-01 -1.843830198049545288e-01 1.000000000000000000e+00 0.000000000000000000e+00 0.000000000000000000e+00
2.203238308429718018e-01 4.703219607472419739e-02 1.000000000000000000e+00 0.000000000000000000e+00 0.000000000000000000e+00
1.217670962214469910e-01 1.607078015804290771e-01 1.000000000000000000e+00 0.000000000000000000e+00 0.000000000000000000e+00
-8.636213093996047974e-02 1.059030055999755859e+00 1.000000000000000000e+00 0.000000000000000000e+00 0.000000000000000000e+00
-1.314900368452072144e-01 4.066009819507598877e-01 0.000000000000000000e+00 1.000000000000000000e+00 0.000000000000000000e+00
1.468248248100280762e+00 -2.657796144485473633e+00 1.000000000000000000e+00 0.000000000000000000e+00 0.000000000000000000e+00
8.286300897598266602e-01 -2.397779226303100586e-01 1.000000000000000000e+00 0.000000000000000000e+00 0.000000000000000000e+00
2.107457816600799561e-01 2.913268283009529114e-02 0.000000000000000000e+00 1.000000000000000000e+00 0.000000000000000000e+00
-5.864234566688537598e-01 4.053788781166076660e-01 1.000000000000000000e+00 0.000000000000000000e+00 0.000000000000000000e+00
-6.272740364074707031e-01 9.260936379432678223e-01 1.000000000000000000e+00 0.000000000000000000e+00 0.000000000000000000e+00
1.254829019308090210e-02 1.463923454284667969e-01 1.000000000000000000e+00 0.000000000000000000e+00 0.000000000000000000e+00
5.553392171859741211e-01 8.128891885280609131e-02 1.000000000000000000e+00 0.000000000000000000e+00 0.000000000000000000e+00
9.514123797416687012e-01 -1.939545273780822754e-01 1.000000000000000000e+00 0.000000000000000000e+00 0.000000000000000000e+00
2.803668081760406494e-01 -1.592361181974411011e-01 1.000000000000000000e+00 0.000000000000000000e+00 0.000000000000000000e+00
2.325618267059326172e-02 -1.443951725959777832e-01 0.000000000000000000e+00 1.000000000000000000e+00 0.000000000000000000e+00
-6.079147458076477051e-01 -3.310596942901611328e-01 1.000000000000000000e+00 0.000000000000000000e+00 0.000000000000000000e+00
-2.798083424568176270e-02 1.547372102737426758e+00 1.000000000000000000e+00 0.000000000000000000e+00 0.000000000000000000e+00
-1.413251012563705444e-01 8.494853973388671875e-01 1.000000000000000000e+00 0.000000000000000000e+00 0.000000000000000000e+00
-9.736593067646026611e-02 1.240556016564369202e-01 1.000000000000000000e+00 0.000000000000000000e+00 0.000000000000000000e+00
-1.144057512283325195e-01 -6.996884942054748535e-03 1.000000000000000000e+00 0.000000000000000000e+00 0.000000000000000000e+00
-1.773691475391387939e-01 -1.719964146614074707e-01 1.000000000000000000e+00 0.000000000000000000e+00 0.000000000000000000e+00
-1.647525578737258911e-01 -3.985567092895507812e-01 1.000000000000000000e+00 0.000000000000000000e+00 0.000000000000000000e+00
-2.022049576044082642e-02 -4.720816016197204590e-01 1.000000000000000000e+00 0.000000000000000000e+00 0.000000000000000000e+00
-9.958323240280151367e-01 7.858541011810302734e-01 1.000000000000000000e+00 0.000000000000000000e+00 0.000000000000000000e+00
-5.020817518234252930e-01 2.385860979557037354e-01 0.000000000000000000e+00 1.000000000000000000e+00 0.000000000000000000e+00
2.034779071807861328e+00 -1.208486557006835938e+00 0.000000000000000000e+00 0.000000000000000000e+00 1.000000000000000000e+00
-1.421983242034912109e+00 -4.173650145530700684e-01 0.000000000000000000e+00 0.000000000000000000e+00 1.000000000000000000e+00
-7.865511178970336914e-01 -3.814415335655212402e-01 0.000000000000000000e+00 0.000000000000000000e+00 1.000000000000000000e+00
-8.431686162948608398e-01 -4.093704819679260254e-01 0.000000000000000000e+00 0.000000000000000000e+00 1.000000000000000000e+00
-7.929996252059936523e-01 -3.637025952339172363e-01 0.000000000000000000e+00 0.000000000000000000e+00 1.000000000000000000e+00
-7.863545417785644531e-01 -3.443494439125061035e-01 0.000000000000000000e+00 0.000000000000000000e+00 1.000000000000000000e+00
-7.805796861648559570e-01 -3.401594758033752441e-01 0.000000000000000000e+00 0.000000000000000000e+00 1.000000000000000000e+00
-7.779415845870971680e-01 -3.226378560066223145e-01 0.000000000000000000e+00 0.000000000000000000e+00 1.000000000000000000e+00
-7.881720066070556641e-01 -3.010694384574890137e-01 0.000000000000000000e+00 0.000000000000000000e+00 1.000000000000000000e+00
-7.792310714721679688e-01 -2.886229157447814941e-01 0.000000000000000000e+00 0.000000000000000000e+00 1.000000000000000000e+00
-7.534787654876708984e-01 -2.877236604690551758e-01 0.000000000000000000e+00 0.000000000000000000e+00 1.000000000000000000e+00
-7.411495447158813477e-01 -2.792258262634277344e-01 0.000000000000000000e+00 0.000000000000000000e+00 1.000000000000000000e+00
-7.317450046539306641e-01 -2.752663493156433105e-01 0.000000000000000000e+00 0.000000000000000000e+00 1.000000000000000000e+00
-7.242609262466430664e-01 -2.742034196853637695e-01 0.000000000000000000e+00 0.000000000000000000e+00 1.000000000000000000e+00
-7.179006338119506836e-01 -2.746388912200927734e-01 0.000000000000000000e+00 0.000000000000000000e+00 1.000000000000000000e+00
-7.121057510375976562e-01 -2.743139863014221191e-01 0.000000000000000000e+00 0.000000000000000000e+00 1.000000000000000000e+00
-7.009769678115844727e-01 -2.774238586425781250e-01 0.000000000000000000e+00 0.000000000000000000e+00 1.000000000000000000e+00
-6.866605281829833984e-01 -2.840678691864013672e-01 0.000000000000000000e+00 0.000000000000000000e+00 1.000000000000000000e+00
-6.770299673080444336e-01 -2.903217077255249023e-01 0.000000000000000000e+00 0.000000000000000000e+00 1.000000000000000000e+00
-6.717424392700195312e-01 -2.938214540481567383e-01 0.000000000000000000e+00 0.000000000000000000e+00 1.000000000000000000e+00
-6.707762479782104492e-01 -2.914693355560302734e-01 0.000000000000000000e+00 0.000000000000000000e+00 1.000000000000000000e+00
-6.716731786727905273e-01 -2.841412425041198730e-01 0.000000000000000000e+00 0.000000000000000000e+00 1.000000000000000000e+00
-6.718940734863281250e-01 -2.756845951080322266e-01 0.000000000000000000e+00 0.000000000000000000e+00 1.000000000000000000e+00
-6.691377162933349609e-01 -2.712110877037048340e-01 0.000000000000000000e+00 0.000000000000000000e+00 1.000000000000000000e+00
-6.636512279510498047e-01 -2.725943922996520996e-01 0.000000000000000000e+00 0.000000000000000000e+00 1.000000000000000000e+00
-6.561031341552734375e-01 -2.771562933921813965e-01 0.000000000000000000e+00 0.000000000000000000e+00 1.000000000000000000e+00
-6.494508981704711914e-01 -2.810584902763366699e-01 0.000000000000000000e+00 0.000000000000000000e+00 1.000000000000000000e+00
-6.455315351486206055e-01 -2.809329628944396973e-01 0.000000000000000000e+00 0.000000000000000000e+00 1.000000000000000000e+00
-6.446405649185180664e-01 -2.763900160789489746e-01 0.000000000000000000e+00 0.000000000000000000e+00 1.000000000000000000e+00
-6.429396271705627441e-01 -2.728542685508728027e-01 0.000000000000000000e+00 0.000000000000000000e+00 1.000000000000000000e+00
0.000000000000000000e+00 0.000000000000000000e+00 0.000000000000000000e+00 0.000000000000000000e+00 0.000000000000000000e+00
0.000000000000000000e+00 0.000000000000000000e+00 0.000000000000000000e+00 0.000000000000000000e+00 0.000000000000000000e+00
0.000000000000000000e+00 0.000000000000000000e+00 0.000000000000000000e+00 0.000000000000000000e+00 0.000000000000000000e+00
0.000000000000000000e+00 0.000000000000000000e+00 0.000000000000000000e+00 0.000000000000000000e+00 0.000000000000000000e+00
0.000000000000000000e+00 0.000000000000000000e+00 0.000000000000000000e+00 0.000000000000000000e+00 0.000000000000000000e+00
0.000000000000000000e+00 0.000000000000000000e+00 0.000000000000000000e+00 0.000000000000000000e+00 0.000000000000000000e+00
0.000000000000000000e+00 0.000000000000000000e+00 0.000000000000000000e+00 0.000000000000000000e+00 0.000000000000000000e+00
0.000000000000000000e+00 0.000000000000000000e+00 0.000000000000000000e+00 0.000000000000000000e+00 0.000000000000000000e+00
0.000000000000000000e+00 0.000000000000000000e+00 0.000000000000000000e+00 0.000000000000000000e+00 0.000000000000000000e+00
0.000000000000000000e+00 0.000000000000000000e+00 0.000000000000000000e+00 0.000000000000000000e+00 0.000000000000000000e+00
0.000000000000000000e+00 0.000000000000000000e+00 0.000000000000000000e+00 0.000000000000000000e+00 0.000000000000000000e+00
0.000000000000000000e+00 0.000000000000000000e+00 0.000000000000000000e+00 0.000000000000000000e+00 0.000000000000000000e+00
0.000000000000000000e+00 0.000000000000000000e+00 0.000000000000000000e+00 0.000000000000000000e+00 0.000000000000000000e+00
0.000000000000000000e+00 0.000000000000000000e+00 0.000000000000000000e+00 0.000000000000000000e+00 0.000000000000000000e+00
0.000000000000000000e+00 0.000000000000000000e+00 0.000000000000000000e+00 0.000000000000000000e+00 0.000000000000000000e+00
0.000000000000000000e+00 0.000000000000000000e+00 0.000000000000000000e+00 0.000000000000000000e+00 0.000000000000000000e+00
0.000000000000000000e+00 0.000000000000000000e+00 0.000000000000000000e+00 0.000000000000000000e+00 0.000000000000000000e+00
0.000000000000000000e+00 0.000000000000000000e+00 0.000000000000000000e+00 0.000000000000000000e+00 0.000000000000000000e+00
0.000000000000000000e+00 0.000000000000000000e+00 0.000000000000000000e+00 0.000000000000000000e+00 0.000000000000000000e+00
0.000000000000000000e+00 0.000000000000000000e+00 0.000000000000000000e+00 0.000000000000000000e+00 0.000000000000000000e+00
0.000000000000000000e+00 0.000000000000000000e+00 0.000000000000000000e+00 0.000000000000000000e+00 0.000000000000000000e+00
0.000000000000000000e+00 0.000000000000000000e+00 0.000000000000000000e+00 0.000000000000000000e+00 0.000000000000000000e+00
0.000000000000000000e+00 0.000000000000000000e+00 0.000000000000000000e+00 0.000000000000000000e+00 0.000000000000000000e+00
0.000000000000000000e+00 0.000000000000000000e+00 0.000000000000000000e+00 0.000000000000000000e+00 0.000000000000000000e+00
0.000000000000000000e+00 0.000000000000000000e+00 0.000000000000000000e+00 0.000000000000000000e+00 0.000000000000000000e+00
0.000000000000000000e+00 0.000000000000000000e+00 0.000000000000000000e+00 0.000000000000000000e+00 0.000000000000000000e+00
0.000000000000000000e+00 0.000000000000000000e+00 0.000000000000000000e+00 0.000000000000000000e+00 0.000000000000000000e+00
0.000000000000000000e+00 0.000000000000000000e+00 0.000000000000000000e+00 0.000000000000000000e+00 0.000000000000000000e+00
0.000000000000000000e+00 0.000000000000000000e+00 0.000000000000000000e+00 0.000000000000000000e+00 0.000000000000000000e+00
0.000000000000000000e+00 0.000000000000000000e+00 0.000000000000000000e+00 0.000000000000000000e+00 0.000000000000000000e+00
0.000000000000000000e+00 0.000000000000000000e+00 0.000000000000000000e+00 0.000000000000000000e+00 0.000000000000000000e+00
0.000000000000000000e+00 0.000000000000000000e+00 0.000000000000000000e+00 0.000000000000000000e+00 0.000000000000000000e+00
0.000000000000000000e+00 0.000000000000000000e+00 0.000000000000000000e+00 0.000000000000000000e+00 0.000000000000000000e+00
0.000000000000000000e+00 0.000000000000000000e+00 0.000000000000000000e+00 0.000000000000000000e+00 0.000000000000000000e+00
0.000000000000000000e+00 0.000000000000000000e+00 0.000000000000000000e+00 0.000000000000000000e+00 0.000000000000000000e+00
0.000000000000000000e+00 0.000000000000000000e+00 0.000000000000000000e+00 0.000000000000000000e+00 0.000000000000000000e+00
0.000000000000000000e+00 0.000000000000000000e+00 0.000000000000000000e+00 0.000000000000000000e+00 0.000000000000000000e+00
0.000000000000000000e+00 0.000000000000000000e+00 0.000000000000000000e+00 0.000000000000000000e+00 0.000000000000000000e+00
0.000000000000000000e+00 0.000000000000000000e+00 0.000000000000000000e+00 0.000000000000000000e+00 0.000000000000000000e+00
0.000000000000000000e+00 0.000000000000000000e+00 0.000000000000000000e+00 0.000000000000000000e+00 0.000000000000000000e+00
0.000000000000000000e+00 0.000000000000000000e+00 0.000000000000000000e+00 0.000000000000000000e+00 0.000000000000000000e+00
0.000000000000000000e+00 0.000000000000000000e+00 0.000000000000000000e+00 0.000000000000000000e+00 0.000000000000000000e+00
0.000000000000000000e+00 0.000000000000000000e+00 0.000000000000000000e+00 0.000000000000000000e+00 0.000000000000000000e+00
0.000000000000000000e+00 0.000000000000000000e+00 0.000000000000000000e+00 0.000000000000000000e+00 0.000000000000000000e+00
0.000000000000000000e+00 0.000000000000000000e+00 0.000000000000000000e+00 0.000000000000000000e+00 0.000000000000000000e+00
0.000000000000000000e+00 0.000000000000000000e+00 0.000000000000000000e+00 0.000000000000000000e+00 0.000000000000000000e+00
0.000000000000000000e+00 0.000000000000000000e+00 0.000000000000000000e+00 0.000000000000000000e+00 0.000000000000000000e+00
0.000000000000000000e+00 0.000000000000000000e+00 0.000000000000000000e+00 0.000000000000000000e+00 0.000000000000000000e+00
0.000000000000000000e+00 0.000000000000000000e+00 0.000000000000000000e+00 0.000000000000000000e+00 0.000000000000000000e+00
0.000000000000000000e+00 0.000000000000000000e+00 0.000000000000000000e+00 0.000000000000000000e+00 0.000000000000000000e+00
0.000000000000000000e+00 0.000000000000000000e+00 0.000000000000000000e+00 0.000000000000000000e+00 0.000000000000000000e+00
0.000000000000000000e+00 0.000000000000000000e+00 0.000000000000000000e+00 0.000000000000000000e+00 0.000000000000000000e+00
0.000000000000000000e+00 0.000000000000000000e+00 0.000000000000000000e+00 0.000000000000000000e+00 0.000000000000000000e+00
0.000000000000000000e+00 0.000000000000000000e+00 0.000000000000000000e+00 0.000000000000000000e+00 0.000000000000000000e+00
0.000000000000000000e+00 0.000000000000000000e+00 0.000000000000000000e+00 0.000000000000000000e+00 0.000000000000000000e+00
0.000000000000000000e+00 0.000000000000000000e+00 0.000000000000000000e+00 0.000000000000000000e+00 0.000000000000000000e+00
0.000000000000000000e+00 0.000000000000000000e+00 0.000000000000000000e+00 0.000000000000000000e+00 0.000000000000000000e+00
0.000000000000000000e+00 0.000000000000000000e+00 0.000000000000000000e+00 0.000000000000000000e+00 0.000000000000000000e+00
0.000000000000000000e+00 0.000000000000000000e+00 0.000000000000000000e+00 0.000000000000000000e+00 0.000000000000000000e+00
0.000000000000000000e+00 0.000000000000000000e+00 0.000000000000000000e+00 0.000000000000000000e+00 0.000000000000000000e+00
0.000000000000000000e+00 0.000000000000000000e+00 0.000000000000000000e+00 0.000000000000000000e+00 0.000000000000000000e+00
0.000000000000000000e+00 0.000000000000000000e+00 0.000000000000000000e+00 0.000000000000000000e+00 0.000000000000000000e+00
0.000000000000000000e+00 0.000000000000000000e+00 0.000000000000000000e+00 0.000000000000000000e+00 0.000000000000000000e+00
