0.000000000000000000e+00 0.000000000000000000e+00 1.000000000000000000e+00 0.000000000000000000e+00 0.000000000000000000e+00
-1.115994691848754883e+00 1.310299754142761230e+00 1.000000000000000000e+00 0.000000000000000000e+00 0.000000000000000000e+00
-8.108434677124023438e-01 6.681557893753051758e-01 1.000000000000000000e+00 0.000000000000000000e+00 0.000000000000000000e+00
5.302050113677978516e-01 -1.446395218372344971e-01 1.000000000000000000e+00 0.000000000000000000e+00 0.000000000000000000e+00
2.037131637334823608e-01 6.204820051789283752e-02 1.000000000000000000e+00 0.000000000000000000e+00 0.000000000000000000e+00
1.059184819459915161e-01 1.670761257410049438e-01 1.000000000000000000e+00 0.000000000000000000e+00 0.000000000000000000e+00
-9.481666982173919678e-02 1.047478675842285156e+00 1.000000000000000000e+00 0.000000000000000000e+00 0.000000000000000000e+00
5.010039359331130981e-02 1.341479122638702393e-01 0.000000000000000000e+00 1.000000000000000000e+00 0.000000000000000000e+00
2.102194309234619141e+00 -2.872829914093017578e+00 1.000000000000000000e+00 0.000000000000000000e+00 0.000000000000000000e+00
-9.271386861801147461e-01 8.384053111076354980e-01 1.000000000000000000e+00 0.000000000000000000e+00 0.000000000000000000e+00
1.750700920820236206e-01 4.683105945587158203e-01 1.000000000000000000e+00 0.000000000000000000e+00 0.000000000000000000e+00
-1.263391077518463135e-01 9.975832104682922363e-01 1.000000000000000000e+00 0.000000000000000000e+00 0.000000000000000000e+00
-8.486570417881011963e-02 2.177355736494064331e-01 0.000000000000000000e+00 1.000000000000000000e+00 0.000000000000000000e+00
5.394552946090698242e-01 -1.596555471420288086e+00 1.000000000000000000e+00 0.000000000000000000e+00 0.000000000000000000e+00
8.069865703582763672e-01 -1.343149542808532715e-01 1.000000000000000000e+00 0.000000000000000000e+00 0.000000000000000000e+00
2.521236538887023926e-01 8.750511705875396729e-02 1.000000000000000000e+00 0.000000000000000000e+00 0.000000000000000000e+00
-1.195231303572654724e-01 1.421419501304626465e+00 1.000000000000000000e+00 0.000000000000000000e+00 0.000000000000000000e+00
-8.456274867057800293e-02 2.285297662019729614e-01 1.000000000000000000e+00 0.000000000000000000e+00 0.000000000000000000e+00
-1.526584327220916748e-01 1.216911673545837402e-01 0.000000000000000000e+00 1.000000000000000000e+00 0.000000000000000000e+00
-5.422791242599487305e-01 -8.918641805648803711e-01 1.000000000000000000e+00 0.000000000000000000e+00 0.000000000000000000e+00
4.003033638000488281e-01 1.084509491920471191e-02 0.000000000000000000e+00 1.000000000000000000e+00 0.000000000000000000e+00
-3.800322413444519043e-01 5.371958613395690918e-01 1.000000000000000000e+00 0.000000000000000000e+00 0.000000000000000000e+00
5.998058319091796875e-01 -3.274057805538177490e-02 1.000000000000000000e+00 0.000000000000000000e+00 0.000000000000000000e+00
4.012444615364074707e-01 -1.378896236419677734e-01 0.000000000000000000e+00 1.000000000000000000e+00 0.000000000000000000e+00
-1.425821781158447266e+00 -2.083550453186035156e+00 0.000000000000000000e+00 0.000000000000000000e+00 1.000000000000000000e+00
-5.529452562332153320e-01 1.376250982284545898e+00 0.000000000000000000e+00 0.000000000000000000e+00 1.000000000000000000e+00
-1.264649152755737305e+00 -1.107667088508605957e-01 0.000000000000000000e+00 0.000000000000000000e+00 1.000000000000000000e+00
-9.323577880859375000e-01 -3.487578034400939941e-01 0.000000000000000000e+00 0.000000000000000000e+00 1.000000000000000000e+00
-9.268534183502197266e-01 -3.041206002235412598e-01 0.000000000000000000e+00 0.000000000000000000e+00 1.000000000000000000e+00
-9.126583337783813477e-01 -2.670137882232666016e-01 0.000000000000000000e+00 0.000000000000000000e+00 1.000000000000000000e+00
-9.032166004180908203e-01 -2.540227174758911133e-01 0.000000000000000000e+00 0.000000000000000000e+00 1.000000000000000000e+00
-8.703701496124267578e-01 -2.700791954994201660e-01 0.000000000000000000e+00 0.000000000000000000e+00 1.000000000000000000e+00
-8.469005823135375977e-01 -2.691100835800170898e-01 0.000000000000000000e+00 0.000000000000000000e+00 1.000000000000000000e+00
-8.260443210601806641e-01 -2.700523734092712402e-01 0.000000000000000000e+00 0.000000000000000000e+00 1.000000000000000000e+00
-8.078442811965942383e-01 -2.770269513130187988e-01 0.000000000000000000e+00 0.000000000000000000e+00 1.000000000000000000e+00
-7.953339815139770508e-01 -2.802401781082153320e-01 0.000000000000000000e+00 0.000000000000000000e+00 1.000000000000000000e+00
-7.895107269287109375e-01 -2.824869751930236816e-01 0.000000000000000000e+00 0.000000000000000000e+00 1.000000000000000000e+00
-7.805569171905517578e-01 -2.859874367713928223e-01 0.000000000000000000e+00 0.000000000000000000e+00 1.000000000000000000e+00
-7.696033716201782227e-01 -2.864686846733093262e-01 0.000000000000000000e+00 0.000000000000000000e+00 1.000000000000000000e+00
-7.591245174407958984e-01 -2.824428677558898926e-01 0.000000000000000000e+00 0.000000000000000000e+00 1.000000000000000000e+00
-7.507884502410888672e-01 -2.814653515815734863e-01 0.000000000000000000e+00 0.000000000000000000e+00 1.000000000000000000e+00
-7.431155443191528320e-01 -2.778699994087219238e-01 0.000000000000000000e+00 0.000000000000000000e+00 1.000000000000000000e+00
-7.378379106521606445e-01 -2.700363397598266602e-01 0.000000000000000000e+00 0.000000000000000000e+00 1.000000000000000000e+00
-7.319209575653076172e-01 -2.652609348297119141e-01 0.000000000000000000e+00 0.000000000000000000e+00 1.000000000000000000e+00
-7.233614921569824219e-01 -2.664417624473571777e-01 0.000000000000000000e+00 0.000000000000000000e+00 1.000000000000000000e+00
-7.137378454208374023e-01 -2.737017273902893066e-01 0.000000000000000000e+00 0.000000000000000000e+00 1.000000000000000000e+00
-7.053078413009643555e-01 -2.831458449363708496e-01 0.000000000000000000e+00 0.000000000000000000e+00 1.000000000000000000e+00
-6.994299888610839844e-01 -2.906956076622009277e-01 0.000000000000000000e+00 0.000000000000000000e+00 1.000000000000000000e+00
-6.965826749801635742e-01 -2.926766276359558105e-01 0.000000000000000000e+00 0.000000000000000000e+00 1.000000000000000000e+00
-6.938287019729614258e-01 -2.882483005523681641e-01 0.000000000000000000e+00 0.000000000000000000e+00 1.000000000000000000e+00
-6.906116604804992676e-01 -2.801393866539001465e-01 0.000000000000000000e+00 0.000000000000000000e+00 1.000000000000000000e+00
-6.865154504776000977e-01 -2.751906514167785645e-01 0.000000000000000000e+00 0.000000000000000000e+00 1.000000000000000000e+00
-6.828992366790771484e-01 -2.759073376655578613e-01 0.000000000000000000e+00 0.000000000000000000e+00 1.000000000000000000e+00
-6.802340745925903320e-01 -2.811263203620910645e-01 0.000000000000000000e+00 0.000000000000000000e+00 1.000000000000000000e+00
-6.782671213150024414e-01 -2.888633012771606445e-01 0.000000000000000000e+00 0.000000000000000000e+00 1.000000000000000000e+00
-6.752492189407348633e-01 -2.934480905532836914e-01 0.000000000000000000e+00 0.000000000000000000e+00 1.000000000000000000e+00
-6.721398830413818359e-01 -2.914550900459289551e-01 0.000000000000000000e+00 0.000000000000000000e+00 1.000000000000000000e+00
-6.679738759994506836e-01 -2.881485819816589355e-01 0.000000000000000000e+00 0.000000000000000000e+00 1.000000000000000000e+00
-6.618791222572326660e-01 -2.880896329879760742e-01 0.000000000000000000e+00 0.000000000000000000e+00 1.000000000000000000e+00
-6.551413536071777344e-01 -2.915436029434204102e-01 0.000000000000000000e+00 0.000000000000000000e+00 1.000000000000000000e+00
-6.494736671447753906e-01 -2.948692440986633301e-01 0.000000000000000000e+00 0.000000000000000000e+00 1.000000000000000000e+00
-6.439609527587890625e-01 -2.967445254325866699e-01 0.000000000000000000e+00 0.000000000000000000e+00 1.000000000000000000e+00
-6.392827033996582031e-01 -2.951402664184570312e-01 0.000000000000000000e+00 0.000000000000000000e+00 1.000000000000000000e+00
-6.370158195495605469e-01 -2.891614437103271484e-01 0.000000000000000000e+00 0.000000000000000000e+00 1.000000000000000000e+00
-6.357815265655517578e-01 -2.843086123466491699e-01 0.000000000000000000e+00 0.000000000000000000e+00 1.000000000000000000e+00
-6.346461772918701172e-01 -2.852083444595336914e-01 0.000000000000000000e+00 0.000000000000000000e+00 1.000000000000000000e+00
-6.334645748138427734e-01 -2.905769944190979004e-01 0.000000000000000000e+00 0.000000000000000000e+00 1.000000000000000000e+00
-6.305558085441589355e-01 -2.974415421485900879e-01 0.000000000000000000e+00 0.000000000000000000e+00 1.000000000000000000e+00
-6.267038583755493164e-01 -3.000246882438659668e-01 0.000000000000000000e+00 0.000000000000000000e+00 1.000000000000000000e+00
0.000000000000000000e+00 0.000000000000000000e+00 0.000000000000000000e+00 0.000000000000000000e+00 0.000000000000000000e+00
0.000000000000000000e+00 0.000000000000000000e+00 0.000000000000000000e+00 0.000000000000000000e+00 0.000000000000000000e+00
0.000000000000000000e+00 0.000000000000000000e+00 0.000000000000000000e+00 0.000000000000000000e+00 0.000000000000000000e+00
0.000000000000000000e+00 0.000000000000000000e+00 0.000000000000000000e+00 0.000000000000000000e+00 0.000000000000000000e+00
0.000000000000000000e+00 0.000000000000000000e+00 0.000000000000000000e+00 0.000000000000000000e+00 0.000000000000000000e+00
0.000000000000000000e+00 0.000000000000000000e+00 0.000000000000000000e+00 0.000000000000000000e+00 0.000000000000000000e+00
0.000000000000000000e+00 0.000000000000000000e+00 0.000000000000000000e+00 0.000000000000000000e+00 0.000000000000000000e+00
0.000000000000000000e+00 0.000000000000000000e+00 0.000000000000000000e+00 0.000000000000000000e+00 0.000000000000000000e+00
0.000000000000000000e+00 0.000000000000000000e+00 0.000000000000000000e+00 0.000000000000000000e+00 0.000000000000000000e+00
0.000000000000000000e+00 0.000000000000000000e+00 0.000000000000000000e+00 0.000000000000000000e+00 0.000000000000000000e+00
0.000000000000000000e+00 0.000000000000000000e+00 0.000000000000000000e+00 0.000000000000000000e+00 0.000000000000000000e+00
0.000000000000000000e+00 0.000000000000000000e+00 0.000000000000000000e+00 0.000000000000000000e+00 0.000000000000000000e+00
0.000000000000000000e+00 0.000000000000000000e+00 0.000000000000000000e+00 0.000000000000000000e+00 0.000000000000000000e+00
0.000000000000000000e+00 0.000000000000000000e+00 0.000000000000000000e+00 0.000000000000000000e+00 0.000000000000000000e+00
0.000000000000000000e+00 0.000000000000000000e+00 0.000000000000000000e+00 0.000000000000000000e+00 0.000000000000000000e+00
0.000000000000000000e+00 0.000000000000000000e+00 0.000000000000000000e+00 0.000000000000000000e+00 0.000000000000000000e+00
0.000000000000000000e+00 0.000000000000000000e+00 0.000000000000000000e+00 0.000000000000000000e+00 0.000000000000000000e+00
0.000000000000000000e+00 0.000000000000000000e+00 0.000000000000000000e+00 0.000000000000000000e+00 0.000000000000000000e+00
0.000000000000000000e+00 0.000000000000000000e+00 0.000000000000000000e+00 0.000000000000000000e+00 0.000000000000000000e+00
0.000000000000000000e+00 0.000000000000000000e+00 0.000000000000000000e+00 0.000000000000000000e+00 0.000000000000000000e+00
0.000000000000000000e+00 0.000000000000000000e+00 0.000000000000000000e+00 0.000000000000000000e+00 0.000000000000000000e+00
0.000000000000000000e+00 0.000000000000000000e+00 0.000000000000000000e+00 0.000000000000000000e+00 0.000000000000000000e+00
0.000000000000000000e+00 0.000000000000000000e+00 0.000000000000000000e+00 0.000000000000000000e+00 0.000000000000000000e+00
0.000000000000000000e+00 0.000000000000000000e+00 0.000000000000000000e+00 0.000000000000000000e+00 0.000000000000000000e+00
0.000000000000000000e+00 0.000000000000000000e+00 0.000000000000000000e+00 0.000000000000000000e+00 0.000000000000000000e+00
0.000000000000000000e+00 0.000000000000000000e+00 0.000000000000000000e+00 0.000000000000000000e+00 0.000000000000000000e+00
0.000000000000000000e+00 0.000000000000000000e+00 0.000000000000000000e+00 0.000000000000000000e+00 0.000000000000000000e+00
0.000000000000000000e+00 0.000000000000000000e+00 0.000000000000000000e+00 0.000000000000000000e+00 0.000000000000000000e+00
0.000000000000000000e+00 0.000000000000000000e+00 0.000000000000000000e+00 0.000000000000000000e+00 0.000000000000000000e+00
0.000000000000000000e+00 0.000000000000000000e+00 0.000000000000000000e+00 0.000000000000000000e+00 0.000000000000000000e+00
0.000000000000000000e+00 0.000000000000000000e+00 0.000000000000000000e+00 0.000000000000000000e+00 0.000000000000000000e+00
0.000000000000000000e+00 0.000000000000000000e+00 0.000000000000000000e+00 0.000000000000000000e+00 0.000000000000000000e+00
0.000000000000000000e+00 0.000000000000000000e+00 0.000000000000000000e+00 0.000000000000000000e+00 0.000000000000000000e+00
0.000000000000000000e+00 0.000000000000000000e+00 0.000000000000000000e+00 0.000000000000000000e+00 0.000000000000000000e+00
0.000000000000000000e+00 0.000000000000000000e+00 0.000000000000000000e+00 0.000000000000000000e+00 0.000000000000000000e+00
0.000000000000000000e+00 0.000000000000000000e+00 0.000000000000000000e+00 0.000000000000000000e+00 0.000000000000000000e+00
0.000000000000000000e+00 0.000000000000000000e+00 0.000000000000000000e+00 0.000000000000000000e+00 0.000000000000000000e+00
0.000000000000000000e+00 0.000000000000000000e+00 0.000000000000000000e+00 0.000000000000000000e+00 0.000000000000000000e+00
0.000000000000000000e+00 0.000000000000000000e+00 0.000000000000000000e+00 0.000000000000000000e+00 0.000000000000000000e+00
0.000000000000000000e+00 0.000000000000000000e+00 0.000000000000000000e+00 0.000000000000000000e+00 0.000000000000000000e+00
0.000000000000000000e+00 0.000000000000000000e+00 0.000000000000000000e+00 0.000000000000000000e+00 0.000000000000000000e+00
0.000000000000000000e+00 0.000000000000000000e+00 0.000000000000000000e+00 0.000000000000000000e+00 0.000000000000000000e+00
0.000000000000000000e+00 0.000000000000000000e+00 0.000000000000000000e+00 0.000000000000000000e+00 0.000000000000000000e+00
0.000000000000000000e+00 0.000000000000000000e+00 0.000000000000000000e+00 0.000000000000000000e+00 0.000000000000000000e+00
0.000000000000000000e+00 0.000000000000000000e+00 0.000000000000000000e+00 0.000000000000000000e+00 0.000000000000000000e+00
0.000000000000000000e+00 0.000000000000000000e+00 0.000000000000000000e+00 0.000000000000000000e+00 0.000000000000000000e+00
0.000000000000000000e+00 0.000000000000000000e+00 0.000000000000000000e+00 0.000000000000000000e+00 0.000000000000000000e+00
0.000000000000000000e+00 0.000000000000000000e+00 0.000000000000000000e+00 0.000000000000000000e+00 0.000000000000000000e+00
0.000000000000000000e+00 0.000000000000000000e+00 0.000000000000000000e+00 0.000000000000000000e+00 0.000000000000000000e+00
0.000000000000000000e+00 0.000000000000000000e+00 0.000000000000000000e+00 0.000000000000000000e+00 0.000000000000000000e+00
0.000000000000000000e+00 0.000000000000000000e+00 0.000000000000000000e+00 0.000000000000000000e+00 0.000000000000000000e+00
0.000000000000000000e+00 0.000000000000000000e+00 0.000000000000000000e+00 0.000000000000000000e+00 0.000000000000000000e+00
