0.000000000000000000e+00 0.000000000000000000e+00 1.000000000000000000e+00 0.000000000000000000e+00 0.000000000000000000e+00
-1.134880900382995605e+00 1.304067015647888184e+00 1.000000000000000000e+00 0.000000000000000000e+00 0.000000000000000000e+00
-7.880440354347229004e-01 6.348362565040588379e-01 1.000000000000000000e+00 0.000000000000000000e+00 0.000000000000000000e+00
5.295717716217041016e-01 -1.420134156942367554e-01 1.000000000000000000e+00 0.000000000000000000e+00 0.000000000000000000e+00
2.046242356300354004e-01 6.106539070606231689e-02 1.000000000000000000e+00 0.000000000000000000e+00 0.000000000000000000e+00
1.073408722877502441e-01 1.666269898414611816e-01 1.000000000000000000e+00 0.000000000000000000e+00 0.000000000000000000e+00
-1.044757962226867676e-01 1.060417413711547852e+00 1.000000000000000000e+00 0.000000000000000000e+00 0.000000000000000000e+00
-8.826003968715667725e-02 2.471655607223510742e-01 0.000000000000000000e+00 1.000000000000000000e+00 0.000000000000000000e+00
1.416360497474670410e+00 -2.568778276443481445e+00 1.000000000000000000e+00 0.000000000000000000e+00 0.000000000000000000e+00
8.312919139862060547e-01 -2.302816808223724365e-01 1.000000000000000000e+00 0.000000000000000000e+00 0.000000000000000000e+00
-8.946640491485595703e-01 9.711433649063110352e-01 1.000000000000000000e+00 0.000000000000000000e+00 0.000000000000000000e+00
-1.569919288158416748e-01 1.050525188446044922e+00 1.000000000000000000e+00 0.000000000000000000e+00 0.000000000000000000e+00
-8.496811985969543457e-02 2.125847786664962769e-01 0.000000000000000000e+00 1.000000000000000000e+00 0.000000000000000000e+00
5.199229121208190918e-01 -1.227477550506591797e+00 1.000000000000000000e+00 0.000000000000000000e+00 0.000000000000000000e+00
8.236614465713500977e-01 -1.517282128334045410e-01 1.000000000000000000e+00 0.000000000000000000e+00 0.000000000000000000e+00
2.915858626365661621e-01 6.684975326061248779e-02 1.000000000000000000e+00 0.000000000000000000e+00 0.000000000000000000e+00
-1.142753139138221741e-01 1.224216222763061523e+00 1.000000000000000000e+00 0.000000000000000000e+00 0.000000000000000000e+00
-8.373433351516723633e-02 2.064115554094314575e-01 1.000000000000000000e+00 0.000000000000000000e+00 0.000000000000000000e+00
-1.530159860849380493e-01 1.121178045868873596e-01 0.000000000000000000e+00 1.000000000000000000e+00 0.000000000000000000e+00
-5.225411653518676758e-01 -7.956041097640991211e-01 1.000000000000000000e+00 0.000000000000000000e+00 0.000000000000000000e+00
3.802820444107055664e-01 1.706583797931671143e-02 1.000000000000000000e+00 0.000000000000000000e+00 0.000000000000000000e+00
4.441446810960769653e-02 6.499756127595901489e-02 0.000000000000000000e+00 1.000000000000000000e+00 0.000000000000000000e+00
-4.125521183013916016e-01 4.791982769966125488e-01 1.000000000000000000e+00 0.000000000000000000e+00 0.000000000000000000e+00
6.212043762207031250e-01 -4.602320492267608643e-02 1.000000000000000000e+00 0.000000000000000000e+00 0.000000000000000000e+00
4.039348959922790527e-01 -1.391904354095458984e-01 0.000000000000000000e+00 1.000000000000000000e+00 0.000000000000000000e+00
-1.676597118377685547e+00 -2.062944650650024414e+00 0.000000000000000000e+00 0.000000000000000000e+00 1.000000000000000000e+00
-3.949794769287109375e-01 1.436094522476196289e+00 0.000000000000000000e+00 0.000000000000000000e+00 1.000000000000000000e+00
-1.482841134071350098e+00 -1.489560008049011230e-01 0.000000000000000000e+00 0.000000000000000000e+00 1.000000000000000000e+00
-1.005641698837280273e+00 -3.274324536323547363e-01 0.000000000000000000e+00 0.000000000000000000e+00 1.000000000000000000e+00
-1.088024497032165527e+00 -2.346082329750061035e-01 0.000000000000000000e+00 0.000000000000000000e+00 1.000000000000000000e+00
-1.031010389328002930e+00 -2.135204076766967773e-01 0.000000000000000000e+00 0.000000000000000000e+00 1.000000000000000000e+00
-1.006883263587951660e+00 -2.213205695152282715e-01 0.000000000000000000e+00 0.000000000000000000e+00 1.000000000000000000e+00
-9.764655828475952148e-01 -2.355981469154357910e-01 0.000000000000000000e+00 0.000000000000000000e+00 1.000000000000000000e+00
-9.600362777709960938e-01 -2.334650754928588867e-01 0.000000000000000000e+00 0.000000000000000000e+00 1.000000000000000000e+00
-9.432239532470703125e-01 -2.342454195022583008e-01 0.000000000000000000e+00 0.000000000000000000e+00 1.000000000000000000e+00
-9.305627346038818359e-01 -2.327193617820739746e-01 0.000000000000000000e+00 0.000000000000000000e+00 1.000000000000000000e+00
-9.252152442932128906e-01 -2.292395830154418945e-01 0.000000000000000000e+00 0.000000000000000000e+00 1.000000000000000000e+00
-9.160946607589721680e-01 -2.309792041778564453e-01 0.000000000000000000e+00 0.000000000000000000e+00 1.000000000000000000e+00
-9.012101888656616211e-01 -2.384013533592224121e-01 0.000000000000000000e+00 0.000000000000000000e+00 1.000000000000000000e+00
-8.866554498672485352e-01 -2.462754845619201660e-01 0.000000000000000000e+00 0.000000000000000000e+00 1.000000000000000000e+00
-8.733249902725219727e-01 -2.510872483253479004e-01 0.000000000000000000e+00 0.000000000000000000e+00 1.000000000000000000e+00
-8.609902858734130859e-01 -2.560251355171203613e-01 0.000000000000000000e+00 0.000000000000000000e+00 1.000000000000000000e+00
-8.501275777816772461e-01 -2.578166127204895020e-01 0.000000000000000000e+00 0.000000000000000000e+00 1.000000000000000000e+00
-8.397046327590942383e-01 -2.594110369682312012e-01 0.000000000000000000e+00 0.000000000000000000e+00 1.000000000000000000e+00
-8.273934125900268555e-01 -2.646405100822448730e-01 0.000000000000000000e+00 0.000000000000000000e+00 1.000000000000000000e+00
-8.145458698272705078e-01 -2.741584181785583496e-01 0.000000000000000000e+00 0.000000000000000000e+00 1.000000000000000000e+00
-8.033103942871093750e-01 -2.853810787200927734e-01 0.000000000000000000e+00 0.000000000000000000e+00 1.000000000000000000e+00
-7.949497699737548828e-01 -2.940121293067932129e-01 0.000000000000000000e+00 0.000000000000000000e+00 1.000000000000000000e+00
-7.900521755218505859e-01 -2.962878346443176270e-01 0.000000000000000000e+00 0.000000000000000000e+00 1.000000000000000000e+00
-7.871377468109130859e-01 -2.907277941703796387e-01 0.000000000000000000e+00 0.000000000000000000e+00 1.000000000000000000e+00
-7.834707498550415039e-01 -2.821395993232727051e-01 0.000000000000000000e+00 0.000000000000000000e+00 1.000000000000000000e+00
-7.781910896301269531e-01 -2.773286700248718262e-01 0.000000000000000000e+00 0.000000000000000000e+00 1.000000000000000000e+00
-7.718027830123901367e-01 -2.795471549034118652e-01 0.000000000000000000e+00 0.000000000000000000e+00 1.000000000000000000e+00
-7.658895254135131836e-01 -2.853636145591735840e-01 0.000000000000000000e+00 0.000000000000000000e+00 1.000000000000000000e+00
-7.628253698348999023e-01 -2.917846441268920898e-01 0.000000000000000000e+00 0.000000000000000000e+00 1.000000000000000000e+00
-7.597403526306152344e-01 -2.951343655586242676e-01 0.000000000000000000e+00 0.000000000000000000e+00 1.000000000000000000e+00
-7.571176290512084961e-01 -2.916032671928405762e-01 0.000000000000000000e+00 0.000000000000000000e+00 1.000000000000000000e+00
0.000000000000000000e+00 0.000000000000000000e+00 0.000000000000000000e+00 0.000000000000000000e+00 0.000000000000000000e+00
0.000000000000000000e+00 0.000000000000000000e+00 0.000000000000000000e+00 0.000000000000000000e+00 0.000000000000000000e+00
0.000000000000000000e+00 0.000000000000000000e+00 0.000000000000000000e+00 0.000000000000000000e+00 0.000000000000000000e+00
0.000000000000000000e+00 0.000000000000000000e+00 0.000000000000000000e+00 0.000000000000000000e+00 0.000000000000000000e+00
0.000000000000000000e+00 0.000000000000000000e+00 0.000000000000000000e+00 0.000000000000000000e+00 0.000000000000000000e+00
0.000000000000000000e+00 0.000000000000000000e+00 0.000000000000000000e+00 0.000000000000000000e+00 0.000000000000000000e+00
0.000000000000000000e+00 0.000000000000000000e+00 0.000000000000000000e+00 0.000000000000000000e+00 0.000000000000000000e+00
0.000000000000000000e+00 0.000000000000000000e+00 0.000000000000000000e+00 0.000000000000000000e+00 0.000000000000000000e+00
0.000000000000000000e+00 0.000000000000000000e+00 0.000000000000000000e+00 0.000000000000000000e+00 0.000000000000000000e+00
0.000000000000000000e+00 0.000000000000000000e+00 0.000000000000000000e+00 0.000000000000000000e+00 0.000000000000000000e+00
0.000000000000000000e+00 0.000000000000000000e+00 0.000000000000000000e+00 0.000000000000000000e+00 0.000000000000000000e+00
0.000000000000000000e+00 0.000000000000000000e+00 0.000000000000000000e+00 0.000000000000000000e+00 0.000000000000000000e+00
0.000000000000000000e+00 0.000000000000000000e+00 0.000000000000000000e+00 0.000000000000000000e+00 0.000000000000000000e+00
0.000000000000000000e+00 0.000000000000000000e+00 0.000000000000000000e+00 0.000000000000000000e+00 0.000000000000000000e+00
0.000000000000000000e+00 0.000000000000000000e+00 0.000000000000000000e+00 0.000000000000000000e+00 0.000000000000000000e+00
0.000000000000000000e+00 0.000000000000000000e+00 0.000000000000000000e+00 0.000000000000000000e+00 0.000000000000000000e+00
0.000000000000000000e+00 0.000000000000000000e+00 0.000000000000000000e+00 0.000000000000000000e+00 0.000000000000000000e+00
0.000000000000000000e+00 0.000000000000000000e+00 0.000000000000000000e+00 0.000000000000000000e+00 0.000000000000000000e+00
0.000000000000000000e+00 0.000000000000000000e+00 0.000000000000000000e+00 0.000000000000000000e+00 0.000000000000000000e+00
0.000000000000000000e+00 0.000000000000000000e+00 0.000000000000000000e+00 0.000000000000000000e+00 0.000000000000000000e+00
0.000000000000000000e+00 0.000000000000000000e+00 0.000000000000000000e+00 0.000000000000000000e+00 0.000000000000000000e+00
0.000000000000000000e+00 0.000000000000000000e+00 0.000000000000000000e+00 0.000000000000000000e+00 0.000000000000000000e+00
0.000000000000000000e+00 0.000000000000000000e+00 0.000000000000000000e+00 0.000000000000000000e+00 0.000000000000000000e+00
0.000000000000000000e+00 0.000000000000000000e+00 0.000000000000000000e+00 0.000000000000000000e+00 0.000000000000000000e+00
0.000000000000000000e+00 0.000000000000000000e+00 0.000000000000000000e+00 0.000000000000000000e+00 0.000000000000000000e+00
0.000000000000000000e+00 0.000000000000000000e+00 0.000000000000000000e+00 0.000000000000000000e+00 0.000000000000000000e+00
0.000000000000000000e+00 0.000000000000000000e+00 0.000000000000000000e+00 0.000000000000000000e+00 0.000000000000000000e+00
0.000000000000000000e+00 0.000000000000000000e+00 0.000000000000000000e+00 0.000000000000000000e+00 0.000000000000000000e+00
0.000000000000000000e+00 0.000000000000000000e+00 0.000000000000000000e+00 0.000000000000000000e+00 0.000000000000000000e+00
0.000000000000000000e+00 0.000000000000000000e+00 0.000000000000000000e+00 0.000000000000000000e+00 0.000000000000000000e+00
0.000000000000000000e+00 0.000000000000000000e+00 0.000000000000000000e+00 0.000000000000000000e+00 0.000000000000000000e+00
0.000000000000000000e+00 0.000000000000000000e+00 0.000000000000000000e+00 0.000000000000000000e+00 0.000000000000000000e+00
0.000000000000000000e+00 0.000000000000000000e+00 0.000000000000000000e+00 0.000000000000000000e+00 0.000000000000000000e+00
0.000000000000000000e+00 0.000000000000000000e+00 0.000000000000000000e+00 0.000000000000000000e+00 0.000000000000000000e+00
0.000000000000000000e+00 0.000000000000000000e+00 0.000000000000000000e+00 0.000000000000000000e+00 0.000000000000000000e+00
0.000000000000000000e+00 0.000000000000000000e+00 0.000000000000000000e+00 0.000000000000000000e+00 0.000000000000000000e+00
0.000000000000000000e+00 0.000000000000000000e+00 0.000000000000000000e+00 0.000000000000000000e+00 0.000000000000000000e+00
0.000000000000000000e+00 0.000000000000000000e+00 0.000000000000000000e+00 0.000000000000000000e+00 0.000000000000000000e+00
0.000000000000000000e+00 0.000000000000000000e+00 0.000000000000000000e+00 0.000000000000000000e+00 0.000000000000000000e+00
0.000000000000000000e+00 0.000000000000000000e+00 0.000000000000000000e+00 0.000000000000000000e+00 0.000000000000000000e+00
0.000000000000000000e+00 0.000000000000000000e+00 0.000000000000000000e+00 0.000000000000000000e+00 0.000000000000000000e+00
0.000000000000000000e+00 0.000000000000000000e+00 0.000000000000000000e+00 0.000000000000000000e+00 0.000000000000000000e+00
0.000000000000000000e+00 0.000000000000000000e+00 0.000000000000000000e+00 0.000000000000000000e+00 0.000000000000000000e+00
0.000000000000000000e+00 0.000000000000000000e+00 0.000000000000000000e+00 0.000000000000000000e+00 0.000000000000000000e+00
0.000000000000000000e+00 0.000000000000000000e+00 0.000000000000000000e+00 0.000000000000000000e+00 0.000000000000000000e+00
0.000000000000000000e+00 0.000000000000000000e+00 0.000000000000000000e+00 0.000000000000000000e+00 0.000000000000000000e+00
0.000000000000000000e+00 0.000000000000000000e+00 0.000000000000000000e+00 0.000000000000000000e+00 0.000000000000000000e+00
0.000000000000000000e+00 0.000000000000000000e+00 0.000000000000000000e+00 0.000000000000000000e+00 0.000000000000000000e+00
0.000000000000000000e+00 0.000000000000000000e+00 0.000000000000000000e+00 0.000000000000000000e+00 0.000000000000000000e+00
0.000000000000000000e+00 0.000000000000000000e+00 0.000000000000000000e+00 0.000000000000000000e+00 0.000000000000000000e+00
0.000000000000000000e+00 0.000000000000000000e+00 0.000000000000000000e+00 0.000000000000000000e+00 0.000000000000000000e+00
0.000000000000000000e+00 0.000000000000000000e+00 0.000000000000000000e+00 0.000000000000000000e+00 0.000000000000000000e+00
0.000000000000000000e+00 0.000000000000000000e+00 0.000000000000000000e+00 0.000000000000000000e+00 0.000000000000000000e+00
0.000000000000000000e+00 0.000000000000000000e+00 0.000000000000000000e+00 0.000000000000000000e+00 0.000000000000000000e+00
0.000000000000000000e+00 0.000000000000000000e+00 0.000000000000000000e+00 0.000000000000000000e+00 0.000000000000000000e+00
0.000000000000000000e+00 0.000000000000000000e+00 0.000000000000000000e+00 0.000000000000000000e+00 0.000000000000000000e+00
0.000000000000000000e+00 0.000000000000000000e+00 0.000000000000000000e+00 0.000000000000000000e+00 0.000000000000000000e+00
0.000000000000000000e+00 0.000000000000000000e+00 0.000000000000000000e+00 0.000000000000000000e+00 0.000000000000000000e+00
0.000000000000000000e+00 0.000000000000000000e+00 0.000000000000000000e+00 0.000000000000000000e+00 0.000000000000000000e+00
0.000000000000000000e+00 0.000000000000000000e+00 0.000000000000000000e+00 0.000000000000000000e+00 0.000000000000000000e+00
0.000000000000000000e+00 0.000000000000000000e+00 0.000000000000000000e+00 0.000000000000000000e+00 0.000000000000000000e+00
0.000000000000000000e+00 0.000000000000000000e+00 0.000000000000000000e+00 0.000000000000000000e+00 0.000000000000000000e+00
0.000000000000000000e+00 0.000000000000000000e+00 0.000000000000000000e+00 0.000000000000000000e+00 0.000000000000000000e+00
0.000000000000000000e+00 0.000000000000000000e+00 0.000000000000000000e+00 0.000000000000000000e+00 0.000000000000000000e+00
