0.000000000000000000e+00 0.000000000000000000e+00 1.000000000000000000e+00 0.000000000000000000e+00 0.000000000000000000e+00
-1.069310545921325684e+00 1.255931615829467773e+00 1.000000000000000000e+00 0.000000000000000000e+00 0.000000000000000000e+00
-8.548302650451660156e-01 7.300744056701660156e-01 1.000000000000000000e+00 0.000000000000000000e+00 0.000000000000000000e+00
5.783742070198059082e-01 -1.952245831489562988e-01 1.000000000000000000e+00 0.000000000000000000e+00 0.000000000000000000e+00
2.085418999195098877e-01 4.999719560146331787e-02 1.000000000000000000e+00 0.000000000000000000e+00 0.000000000000000000e+00
1.086613982915878296e-01 1.689138114452362061e-01 1.000000000000000000e+00 0.000000000000000000e+00 0.000000000000000000e+00
-1.056324541568756104e-01 1.117820739746093750e+00 1.000000000000000000e+00 0.000000000000000000e+00 0.000000000000000000e+00
4.542943835258483887e-02 1.352553218603134155e-01 0.000000000000000000e+00 1.000000000000000000e+00 0.000000000000000000e+00
1.975142002105712891e+00 -3.229842424392700195e+00 1.000000000000000000e+00 0.000000000000000000e+00 0.000000000000000000e+00
-6.659111380577087402e-01 7.836881875991821289e-01 1.000000000000000000e+00 0.000000000000000000e+00 0.000000000000000000e+00
6.671185493469238281e-01 -1.217047274112701416e-01 1.000000000000000000e+00 0.000000000000000000e+00 0.000000000000000000e+00
2.195522189140319824e-01 8.896313607692718506e-02 1.000000000000000000e+00 0.000000000000000000e+00 0.000000000000000000e+00
-1.009521260857582092e-01 3.020019233226776123e-01 1.000000000000000000e+00 0.000000000000000000e+00 0.000000000000000000e+00
-5.604023933410644531e-01 6.191562414169311523e-01 1.000000000000000000e+00 0.000000000000000000e+00 0.000000000000000000e+00
-6.864057779312133789e-01 4.600670933723449707e-01 1.000000000000000000e+00 0.000000000000000000e+00 0.000000000000000000e+00
-3.480269610881805420e-01 6.984385848045349121e-02 0.000000000000000000e+00 1.000000000000000000e+00 0.000000000000000000e+00
5.328929424285888672e-01 -7.043365240097045898e-01 1.000000000000000000e+00 0.000000000000000000e+00 0.000000000000000000e+00
3.493536710739135742e-01 1.789789944887161255e-01 1.000000000000000000e+00 0.000000000000000000e+00 0.000000000000000000e+00
1.914201676845550537e-01 -1.361282914876937866e-02 0.000000000000000000e+00 1.000000000000000000e+00 0.000000000000000000e+00
1.090191364288330078e+00 -4.817519783973693848e-01 1.000000000000000000e+00 0.000000000000000000e+00 0.000000000000000000e+00
-9.391847848892211914e-01 9.494132399559020996e-01 1.000000000000000000e+00 0.000000000000000000e+00 0.000000000000000000e+00
7.495539188385009766e-01 -1.052565351128578186e-01 1.000000000000000000e+00 0.000000000000000000e+00 0.000000000000000000e+00
2.479314208030700684e-01 9.245164692401885986e-02 1.000000000000000000e+00 0.000000000000000000e+00 0.000000000000000000e+00
-6.858507543802261353e-02 2.905344367027282715e-01 1.000000000000000000e+00 0.000000000000000000e+00 0.000000000000000000e+00
-5.544563531875610352e-01 6.186068058013916016e-01 1.000000000000000000e+00 0.000000000000000000e+00 0.000000000000000000e+00
-8.264127969741821289e-01 5.580096840858459473e-01 1.000000000000000000e+00 0.000000000000000000e+00 0.000000000000000000e+00
-4.375778138637542725e-01 1.239876449108123779e-01 1.000000000000000000e+00 0.000000000000000000e+00 0.000000000000000000e+00
-2.766260504722595215e-01 -9.090088307857513428e-02 0.000000000000000000e+00 1.000000000000000000e+00 0.000000000000000000e+00
8.019956350326538086e-01 -7.660285234451293945e-01 1.000000000000000000e+00 0.000000000000000000e+00 0.000000000000000000e+00
5.641421079635620117e-01 2.918367087841033936e-01 1.000000000000000000e+00 0.000000000000000000e+00 0.000000000000000000e+00
4.153352081775665283e-01 5.937001109123229980e-02 0.000000000000000000e+00 1.000000000000000000e+00 0.000000000000000000e+00
-1.131677865982055664e+00 -2.489578723907470703e+00 0.000000000000000000e+00 0.000000000000000000e+00 1.000000000000000000e+00
-6.272622346878051758e-01 1.075333952903747559e+00 0.000000000000000000e+00 0.000000000000000000e+00 1.000000000000000000e+00
-1.340518712997436523e+00 -5.127868056297302246e-01 0.000000000000000000e+00 0.000000000000000000e+00 1.000000000000000000e+00
-9.207812547683715820e-01 -3.224962353706359863e-01 0.000000000000000000e+00 0.000000000000000000e+00 1.000000000000000000e+00
-1.037970185279846191e+00 -3.709490895271301270e-01 0.000000000000000000e+00 0.000000000000000000e+00 1.000000000000000000e+00
-9.734661579132080078e-01 -3.058812022209167480e-01 0.000000000000000000e+00 0.000000000000000000e+00 1.000000000000000000e+00
-9.703012704849243164e-01 -3.170281052589416504e-01 0.000000000000000000e+00 0.000000000000000000e+00 1.000000000000000000e+00
-9.394090175628662109e-01 -3.058423995971679688e-01 0.000000000000000000e+00 0.000000000000000000e+00 1.000000000000000000e+00
-9.267065525054931641e-01 -2.905116081237792969e-01 0.000000000000000000e+00 0.000000000000000000e+00 1.000000000000000000e+00
-9.131662845611572266e-01 -2.761686444282531738e-01 0.000000000000000000e+00 0.000000000000000000e+00 1.000000000000000000e+00
-8.977136611938476562e-01 -2.657388448715209961e-01 0.000000000000000000e+00 0.000000000000000000e+00 1.000000000000000000e+00
-8.871086835861206055e-01 -2.517653703689575195e-01 0.000000000000000000e+00 0.000000000000000000e+00 1.000000000000000000e+00
-8.760945796966552734e-01 -2.424313426017761230e-01 0.000000000000000000e+00 0.000000000000000000e+00 1.000000000000000000e+00
-8.617559671401977539e-01 -2.389879822731018066e-01 0.000000000000000000e+00 0.000000000000000000e+00 1.000000000000000000e+00
-8.473699092864990234e-01 -2.407181859016418457e-01 0.000000000000000000e+00 0.000000000000000000e+00 1.000000000000000000e+00
-8.363286256790161133e-01 -2.463546991348266602e-01 0.000000000000000000e+00 0.000000000000000000e+00 1.000000000000000000e+00
-8.292483091354370117e-01 -2.521876096725463867e-01 0.000000000000000000e+00 0.000000000000000000e+00 1.000000000000000000e+00
-8.248649835586547852e-01 -2.529104948043823242e-01 0.000000000000000000e+00 0.000000000000000000e+00 1.000000000000000000e+00
-8.212474584579467773e-01 -2.504550218582153320e-01 0.000000000000000000e+00 0.000000000000000000e+00 1.000000000000000000e+00
-8.178859949111938477e-01 -2.448008060455322266e-01 0.000000000000000000e+00 0.000000000000000000e+00 1.000000000000000000e+00
-8.120257854461669922e-01 -2.439343929290771484e-01 0.000000000000000000e+00 0.000000000000000000e+00 1.000000000000000000e+00
-8.038288354873657227e-01 -2.478431463241577148e-01 0.000000000000000000e+00 0.000000000000000000e+00 1.000000000000000000e+00
-7.945600748062133789e-01 -2.556097507476806641e-01 0.000000000000000000e+00 0.000000000000000000e+00 1.000000000000000000e+00
-7.857818603515625000e-01 -2.631932497024536133e-01 0.000000000000000000e+00 0.000000000000000000e+00 1.000000000000000000e+00
-7.798819541931152344e-01 -2.663965225219726562e-01 0.000000000000000000e+00 0.000000000000000000e+00 1.000000000000000000e+00
-7.773251533508300781e-01 -2.637436389923095703e-01 0.000000000000000000e+00 0.000000000000000000e+00 1.000000000000000000e+00
0.000000000000000000e+00 0.000000000000000000e+00 0.000000000000000000e+00 0.000000000000000000e+00 0.000000000000000000e+00
0.000000000000000000e+00 0.000000000000000000e+00 0.000000000000000000e+00 0.000000000000000000e+00 0.000000000000000000e+00
0.000000000000000000e+00 0.000000000000000000e+00 0.000000000000000000e+00 0.000000000000000000e+00 0.000000000000000000e+00
0.000000000000000000e+00 0.000000000000000000e+00 0.000000000000000000e+00 0.000000000000000000e+00 0.000000000000000000e+00
0.000000000000000000e+00 0.000000000000000000e+00 0.000000000000000000e+00 0.000000000000000000e+00 0.000000000000000000e+00
0.000000000000000000e+00 0.000000000000000000e+00 0.000000000000000000e+00 0.000000000000000000e+00 0.000000000000000000e+00
0.000000000000000000e+00 0.000000000000000000e+00 0.000000000000000000e+00 0.000000000000000000e+00 0.000000000000000000e+00
0.000000000000000000e+00 0.000000000000000000e+00 0.000000000000000000e+00 0.000000000000000000e+00 0.000000000000000000e+00
0.000000000000000000e+00 0.000000000000000000e+00 0.000000000000000000e+00 0.000000000000000000e+00 0.000000000000000000e+00
0.000000000000000000e+00 0.000000000000000000e+00 0.000000000000000000e+00 0.000000000000000000e+00 0.000000000000000000e+00
0.000000000000000000e+00 0.000000000000000000e+00 0.000000000000000000e+00 0.000000000000000000e+00 0.000000000000000000e+00
0.000000000000000000e+00 0.000000000000000000e+00 0.000000000000000000e+00 0.000000000000000000e+00 0.000000000000000000e+00
0.000000000000000000e+00 0.000000000000000000e+00 0.000000000000000000e+00 0.000000000000000000e+00 0.000000000000000000e+00
0.000000000000000000e+00 0.000000000000000000e+00 0.000000000000000000e+00 0.000000000000000000e+00 0.000000000000000000e+00
0.000000000000000000e+00 0.000000000000000000e+00 0.000000000000000000e+00 0.000000000000000000e+00 0.000000000000000000e+00
0.000000000000000000e+00 0.000000000000000000e+00 0.000000000000000000e+00 0.000000000000000000e+00 0.000000000000000000e+00
0.000000000000000000e+00 0.000000000000000000e+00 0.000000000000000000e+00 0.000000000000000000e+00 0.000000000000000000e+00
0.000000000000000000e+00 0.000000000000000000e+00 0.000000000000000000e+00 0.000000000000000000e+00 0.000000000000000000e+00
0.000000000000000000e+00 0.000000000000000000e+00 0.000000000000000000e+00 0.000000000000000000e+00 0.000000000000000000e+00
0.000000000000000000e+00 0.000000000000000000e+00 0.000000000000000000e+00 0.000000000000000000e+00 0.000000000000000000e+00
0.000000000000000000e+00 0.000000000000000000e+00 0.000000000000000000e+00 0.000000000000000000e+00 0.000000000000000000e+00
0.000000000000000000e+00 0.000000000000000000e+00 0.000000000000000000e+00 0.000000000000000000e+00 0.000000000000000000e+00
0.000000000000000000e+00 0.000000000000000000e+00 0.000000000000000000e+00 0.000000000000000000e+00 0.000000000000000000e+00
0.000000000000000000e+00 0.000000000000000000e+00 0.000000000000000000e+00 0.000000000000000000e+00 0.000000000000000000e+00
0.000000000000000000e+00 0.000000000000000000e+00 0.000000000000000000e+00 0.000000000000000000e+00 0.000000000000000000e+00
0.000000000000000000e+00 0.000000000000000000e+00 0.000000000000000000e+00 0.000000000000000000e+00 0.000000000000000000e+00
0.000000000000000000e+00 0.000000000000000000e+00 0.000000000000000000e+00 0.000000000000000000e+00 0.000000000000000000e+00
0.000000000000000000e+00 0.000000000000000000e+00 0.000000000000000000e+00 0.000000000000000000e+00 0.000000000000000000e+00
0.000000000000000000e+00 0.000000000000000000e+00 0.000000000000000000e+00 0.000000000000000000e+00 0.000000000000000000e+00
0.000000000000000000e+00 0.000000000000000000e+00 0.000000000000000000e+00 0.000000000000000000e+00 0.000000000000000000e+00
0.000000000000000000e+00 0.000000000000000000e+00 0.000000000000000000e+00 0.000000000000000000e+00 0.000000000000000000e+00
0.000000000000000000e+00 0.000000000000000000e+00 0.000000000000000000e+00 0.000000000000000000e+00 0.000000000000000000e+00
0.000000000000000000e+00 0.000000000000000000e+00 0.000000000000000000e+00 0.000000000000000000e+00 0.000000000000000000e+00
0.000000000000000000e+00 0.000000000000000000e+00 0.000000000000000000e+00 0.000000000000000000e+00 0.000000000000000000e+00
0.000000000000000000e+00 0.000000000000000000e+00 0.000000000000000000e+00 0.000000000000000000e+00 0.000000000000000000e+00
0.000000000000000000e+00 0.000000000000000000e+00 0.000000000000000000e+00 0.000000000000000000e+00 0.000000000000000000e+00
0.000000000000000000e+00 0.000000000000000000e+00 0.000000000000000000e+00 0.000000000000000000e+00 0.000000000000000000e+00
0.000000000000000000e+00 0.000000000000000000e+00 0.000000000000000000e+00 0.000000000000000000e+00 0.000000000000000000e+00
0.000000000000000000e+00 0.000000000000000000e+00 0.000000000000000000e+00 0.000000000000000000e+00 0.000000000000000000e+00
0.000000000000000000e+00 0.000000000000000000e+00 0.000000000000000000e+00 0.000000000000000000e+00 0.000000000000000000e+00
0.000000000000000000e+00 0.000000000000000000e+00 0.000000000000000000e+00 0.000000000000000000e+00 0.000000000000000000e+00
0.000000000000000000e+00 0.000000000000000000e+00 0.000000000000000000e+00 0.000000000000000000e+00 0.000000000000000000e+00
0.000000000000000000e+00 0.000000000000000000e+00 0.000000000000000000e+00 0.000000000000000000e+00 0.000000000000000000e+00
0.000000000000000000e+00 0.000000000000000000e+00 0.000000000000000000e+00 0.000000000000000000e+00 0.000000000000000000e+00
0.000000000000000000e+00 0.000000000000000000e+00 0.000000000000000000e+00 0.000000000000000000e+00 0.000000000000000000e+00
0.000000000000000000e+00 0.000000000000000000e+00 0.000000000000000000e+00 0.000000000000000000e+00 0.000000000000000000e+00
0.000000000000000000e+00 0.000000000000000000e+00 0.000000000000000000e+00 0.000000000000000000e+00 0.000000000000000000e+00
0.000000000000000000e+00 0.000000000000000000e+00 0.000000000000000000e+00 0.000000000000000000e+00 0.000000000000000000e+00
0.000000000000000000e+00 0.000000000000000000e+00 0.000000000000000000e+00 0.000000000000000000e+00 0.000000000000000000e+00
0.000000000000000000e+00 0.000000000000000000e+00 0.000000000000000000e+00 0.000000000000000000e+00 0.000000000000000000e+00
0.000000000000000000e+00 0.000000000000000000e+00 0.000000000000000000e+00 0.000000000000000000e+00 0.000000000000000000e+00
0.000000000000000000e+00 0.000000000000000000e+00 0.000000000000000000e+00 0.000000000000000000e+00 0.000000000000000000e+00
0.000000000000000000e+00 0.000000000000000000e+00 0.000000000000000000e+00 0.000000000000000000e+00 0.000000000000000000e+00
0.000000000000000000e+00 0.000000000000000000e+00 0.000000000000000000e+00 0.000000000000000000e+00 0.000000000000000000e+00
0.000000000000000000e+00 0.000000000000000000e+00 0.000000000000000000e+00 0.000000000000000000e+00 0.000000000000000000e+00
0.000000000000000000e+00 0.000000000000000000e+00 0.000000000000000000e+00 0.000000000000000000e+00 0.000000000000000000e+00
0.000000000000000000e+00 0.000000000000000000e+00 0.000000000000000000e+00 0.000000000000000000e+00 0.000000000000000000e+00
0.000000000000000000e+00 0.000000000000000000e+00 0.000000000000000000e+00 0.000000000000000000e+00 0.000000000000000000e+00
0.000000000000000000e+00 0.000000000000000000e+00 0.000000000000000000e+00 0.000000000000000000e+00 0.000000000000000000e+00
0.000000000000000000e+00 0.000000000000000000e+00 0.000000000000000000e+00 0.000000000000000000e+00 0.000000000000000000e+00
0.000000000000000000e+00 0.000000000000000000e+00 0.000000000000000000e+00 0.000000000000000000e+00 0.000000000000000000e+00
0.000000000000000000e+00 0.000000000000000000e+00 0.000000000000000000e+00 0.000000000000000000e+00 0.000000000000000000e+00
0.000000000000000000e+00 0.000000000000000000e+00 0.000000000000000000e+00 0.000000000000000000e+00 0.000000000000000000e+00
0.000000000000000000e+00 0.000000000000000000e+00 0.000000000000000000e+00 0.000000000000000000e+00 0.000000000000000000e+00
