0.000000000000000000e+00 0.000000000000000000e+00 1.000000000000000000e+00 0.000000000000000000e+00 0.000000000000000000e+00
-8.380300998687744141e-01 1.008974075317382812e+00 1.000000000000000000e+00 0.000000000000000000e+00 0.000000000000000000e+00
-6.436372399330139160e-01 5.457334518432617188e-01 1.000000000000000000e+00 0.000000000000000000e+00 0.000000000000000000e+00
4.479576945304870605e-01 -1.460703313350677490e-01 1.000000000000000000e+00 0.000000000000000000e+00 0.000000000000000000e+00
1.597826182842254639e-01 3.992980718612670898e-02 1.000000000000000000e+00 0.000000000000000000e+00 0.000000000000000000e+00
7.582804560661315918e-02 1.206735149025917053e-01 1.000000000000000000e+00 0.000000000000000000e+00 0.000000000000000000e+00
-2.302104979753494263e-02 4.416716992855072021e-01 1.000000000000000000e+00 0.000000000000000000e+00 0.000000000000000000e+00
-7.352209091186523438e-02 2.123118638992309570e-01 0.000000000000000000e+00 1.000000000000000000e+00 0.000000000000000000e+00
8.223673105239868164e-01 -1.574693441390991211e+00 1.000000000000000000e+00 0.000000000000000000e+00 0.000000000000000000e+00
5.736312866210937500e-01 -1.499960124492645264e-01 1.000000000000000000e+00 0.000000000000000000e+00 0.000000000000000000e+00
-6.525840759277343750e-01 8.335727453231811523e-01 1.000000000000000000e+00 0.000000000000000000e+00 0.000000000000000000e+00
5.254560112953186035e-01 -1.280889809131622314e-01 1.000000000000000000e+00 0.000000000000000000e+00 0.000000000000000000e+00
1.746346801519393921e-01 6.514664739370346069e-02 1.000000000000000000e+00 0.000000000000000000e+00 0.000000000000000000e+00
-5.672589316964149475e-02 2.554201781749725342e-01 1.000000000000000000e+00 0.000000000000000000e+00 0.000000000000000000e+00
-3.468050360679626465e-01 4.363312423229217529e-01 1.000000000000000000e+00 0.000000000000000000e+00 0.000000000000000000e+00
-2.086048275232315063e-01 1.634410917758941650e-01 1.000000000000000000e+00 0.000000000000000000e+00 0.000000000000000000e+00
-1.681839078664779663e-01 4.700412973761558533e-02 1.000000000000000000e+00 0.000000000000000000e+00 0.000000000000000000e+00
-1.038324832916259766e-01 -7.540985941886901855e-02 1.000000000000000000e+00 0.000000000000000000e+00 0.000000000000000000e+00
3.354369662702083588e-03 -1.723368167877197266e-01 1.000000000000000000e+00 0.000000000000000000e+00 0.000000000000000000e+00
1.138676851987838745e-01 -1.591719537973403931e-01 1.000000000000000000e+00 0.000000000000000000e+00 0.000000000000000000e+00
2.063606977462768555e-01 -8.625288307666778564e-02 1.000000000000000000e+00 0.000000000000000000e+00 0.000000000000000000e+00
3.506824374198913574e-01 7.194077968597412109e-02 1.000000000000000000e+00 0.000000000000000000e+00 0.000000000000000000e+00
1.224734485149383545e-01 -4.580891877412796021e-02 0.000000000000000000e+00 1.000000000000000000e+00 0.000000000000000000e+00
6.793026924133300781e-01 -8.436092734336853027e-01 1.000000000000000000e+00 0.000000000000000000e+00 0.000000000000000000e+00
-3.594890981912612915e-02 5.637427568435668945e-01 1.000000000000000000e+00 0.000000000000000000e+00 0.000000000000000000e+00
4.221891611814498901e-02 4.845743253827095032e-02 0.000000000000000000e+00 1.000000000000000000e+00 0.000000000000000000e+00
5.935046672821044922e-01 -1.587296366691589355e+00 1.000000000000000000e+00 0.000000000000000000e+00 0.000000000000000000e+00
1.324611008167266846e-01 6.814450025558471680e-01 1.000000000000000000e+00 0.000000000000000000e+00 0.000000000000000000e+00
3.946688491851091385e-03 1.037009119987487793e+00 1.000000000000000000e+00 0.000000000000000000e+00 0.000000000000000000e+00
-1.211237236857414246e-01 9.016377925872802734e-01 1.000000000000000000e+00 0.000000000000000000e+00 0.000000000000000000e+00
-9.785158932209014893e-02 2.268020212650299072e-01 1.000000000000000000e+00 0.000000000000000000e+00 0.000000000000000000e+00
-1.214534789323806763e-01 8.906093239784240723e-02 1.000000000000000000e+00 0.000000000000000000e+00 0.000000000000000000e+00
-1.660154461860656738e-01 3.061678260564804077e-03 1.000000000000000000e+00 0.000000000000000000e+00 0.000000000000000000e+00
-2.574527859687805176e-01 -1.058222204446792603e-01 1.000000000000000000e+00 0.000000000000000000e+00 0.000000000000000000e+00
-3.142997622489929199e-01 -2.964342534542083740e-01 0.000000000000000000e+00 1.000000000000000000e+00 0.000000000000000000e+00
-5.075298547744750977e-01 -2.051835775375366211e+00 0.000000000000000000e+00 0.000000000000000000e+00 1.000000000000000000e+00
-8.054747581481933594e-01 1.820858716964721680e-01 0.000000000000000000e+00 0.000000000000000000e+00 1.000000000000000000e+00
-1.254597902297973633e+00 -2.600823044776916504e-01 0.000000000000000000e+00 0.000000000000000000e+00 1.000000000000000000e+00
-1.008624672889709473e+00 -1.657952666282653809e-01 0.000000000000000000e+00 0.000000000000000000e+00 1.000000000000000000e+00
-1.049010396003723145e+00 -2.354859709739685059e-01 0.000000000000000000e+00 0.000000000000000000e+00 1.000000000000000000e+00
-1.001754164695739746e+00 -2.354901432991027832e-01 0.000000000000000000e+00 0.000000000000000000e+00 1.000000000000000000e+00
-9.859664440155029297e-01 -2.415775060653686523e-01 0.000000000000000000e+00 0.000000000000000000e+00 1.000000000000000000e+00
-9.694070816040039062e-01 -2.469198107719421387e-01 0.000000000000000000e+00 0.000000000000000000e+00 1.000000000000000000e+00
-9.587352275848388672e-01 -2.514626979827880859e-01 0.000000000000000000e+00 0.000000000000000000e+00 1.000000000000000000e+00
-9.443956613540649414e-01 -2.500772476196289062e-01 0.000000000000000000e+00 0.000000000000000000e+00 1.000000000000000000e+00
-9.277942180633544922e-01 -2.517973780632019043e-01 0.000000000000000000e+00 0.000000000000000000e+00 1.000000000000000000e+00
-9.149775505065917969e-01 -2.535726428031921387e-01 0.000000000000000000e+00 0.000000000000000000e+00 1.000000000000000000e+00
-9.045724868774414062e-01 -2.550647854804992676e-01 0.000000000000000000e+00 0.000000000000000000e+00 1.000000000000000000e+00
-8.983019590377807617e-01 -2.551230788230895996e-01 0.000000000000000000e+00 0.000000000000000000e+00 1.000000000000000000e+00
-8.942095041275024414e-01 -2.523265480995178223e-01 0.000000000000000000e+00 0.000000000000000000e+00 1.000000000000000000e+00
-8.903383016586303711e-01 -2.438150048255920410e-01 0.000000000000000000e+00 0.000000000000000000e+00 1.000000000000000000e+00
-8.865354061126708984e-01 -2.382848858833312988e-01 0.000000000000000000e+00 0.000000000000000000e+00 1.000000000000000000e+00
-8.816438913345336914e-01 -2.388394474983215332e-01 0.000000000000000000e+00 0.000000000000000000e+00 1.000000000000000000e+00
-8.708487749099731445e-01 -2.412332892417907715e-01 0.000000000000000000e+00 0.000000000000000000e+00 1.000000000000000000e+00
-8.602246046066284180e-01 -2.477520108222961426e-01 0.000000000000000000e+00 0.000000000000000000e+00 1.000000000000000000e+00
-8.543745279312133789e-01 -2.515661120414733887e-01 0.000000000000000000e+00 0.000000000000000000e+00 1.000000000000000000e+00
-8.479640483856201172e-01 -2.505841851234436035e-01 0.000000000000000000e+00 0.000000000000000000e+00 1.000000000000000000e+00
-8.418675661087036133e-01 -2.489852905273437500e-01 0.000000000000000000e+00 0.000000000000000000e+00 1.000000000000000000e+00
-8.369452953338623047e-01 -2.501224875450134277e-01 0.000000000000000000e+00 0.000000000000000000e+00 1.000000000000000000e+00
-8.350194692611694336e-01 -2.540865540504455566e-01 0.000000000000000000e+00 0.000000000000000000e+00 1.000000000000000000e+00
-8.220702409744262695e-01 -2.598292231559753418e-01 0.000000000000000000e+00 0.000000000000000000e+00 1.000000000000000000e+00
-8.087533712387084961e-01 -2.645922303199768066e-01 0.000000000000000000e+00 0.000000000000000000e+00 1.000000000000000000e+00
-8.028284311294555664e-01 -2.635169029235839844e-01 0.000000000000000000e+00 0.000000000000000000e+00 1.000000000000000000e+00
-7.976126670837402344e-01 -2.586321234703063965e-01 0.000000000000000000e+00 0.000000000000000000e+00 1.000000000000000000e+00
-7.938803434371948242e-01 -2.548589110374450684e-01 0.000000000000000000e+00 0.000000000000000000e+00 1.000000000000000000e+00
-7.912781238555908203e-01 -2.564529776573181152e-01 0.000000000000000000e+00 0.000000000000000000e+00 1.000000000000000000e+00
-7.883143424987792969e-01 -2.628127336502075195e-01 0.000000000000000000e+00 0.000000000000000000e+00 1.000000000000000000e+00
-7.824577093124389648e-01 -2.701953053474426270e-01 0.000000000000000000e+00 0.000000000000000000e+00 1.000000000000000000e+00
-7.762473821640014648e-01 -2.742032408714294434e-01 0.000000000000000000e+00 0.000000000000000000e+00 1.000000000000000000e+00
-7.720515727996826172e-01 -2.711697816848754883e-01 0.000000000000000000e+00 0.000000000000000000e+00 1.000000000000000000e+00
-7.689239978790283203e-01 -2.661942839622497559e-01 0.000000000000000000e+00 0.000000000000000000e+00 1.000000000000000000e+00
-7.667180299758911133e-01 -2.642457485198974609e-01 0.000000000000000000e+00 0.000000000000000000e+00 1.000000000000000000e+00
-7.661088705062866211e-01 -2.657251954078674316e-01 0.000000000000000000e+00 0.000000000000000000e+00 1.000000000000000000e+00
0.000000000000000000e+00 0.000000000000000000e+00 0.000000000000000000e+00 0.000000000000000000e+00 0.000000000000000000e+00
0.000000000000000000e+00 0.000000000000000000e+00 0.000000000000000000e+00 0.000000000000000000e+00 0.000000000000000000e+00
0.000000000000000000e+00 0.000000000000000000e+00 0.000000000000000000e+00 0.000000000000000000e+00 0.000000000000000000e+00
0.000000000000000000e+00 0.000000000000000000e+00 0.000000000000000000e+00 0.000000000000000000e+00 0.000000000000000000e+00
0.000000000000000000e+00 0.000000000000000000e+00 0.000000000000000000e+00 0.000000000000000000e+00 0.000000000000000000e+00
0.000000000000000000e+00 0.000000000000000000e+00 0.000000000000000000e+00 0.000000000000000000e+00 0.000000000000000000e+00
0.000000000000000000e+00 0.000000000000000000e+00 0.000000000000000000e+00 0.000000000000000000e+00 0.000000000000000000e+00
0.000000000000000000e+00 0.000000000000000000e+00 0.000000000000000000e+00 0.000000000000000000e+00 0.000000000000000000e+00
0.000000000000000000e+00 0.000000000000000000e+00 0.000000000000000000e+00 0.000000000000000000e+00 0.000000000000000000e+00
0.000000000000000000e+00 0.000000000000000000e+00 0.000000000000000000e+00 0.000000000000000000e+00 0.000000000000000000e+00
0.000000000000000000e+00 0.000000000000000000e+00 0.000000000000000000e+00 0.000000000000000000e+00 0.000000000000000000e+00
0.000000000000000000e+00 0.000000000000000000e+00 0.000000000000000000e+00 0.000000000000000000e+00 0.000000000000000000e+00
0.000000000000000000e+00 0.000000000000000000e+00 0.000000000000000000e+00 0.000000000000000000e+00 0.000000000000000000e+00
0.000000000000000000e+00 0.000000000000000000e+00 0.000000000000000000e+00 0.000000000000000000e+00 0.000000000000000000e+00
0.000000000000000000e+00 0.000000000000000000e+00 0.000000000000000000e+00 0.000000000000000000e+00 0.000000000000000000e+00
0.000000000000000000e+00 0.000000000000000000e+00 0.000000000000000000e+00 0.000000000000000000e+00 0.000000000000000000e+00
0.000000000000000000e+00 0.000000000000000000e+00 0.000000000000000000e+00 0.000000000000000000e+00 0.000000000000000000e+00
0.000000000000000000e+00 0.000000000000000000e+00 0.000000000000000000e+00 0.000000000000000000e+00 0.000000000000000000e+00
0.000000000000000000e+00 0.000000000000000000e+00 0.000000000000000000e+00 0.000000000000000000e+00 0.000000000000000000e+00
0.000000000000000000e+00 0.000000000000000000e+00 0.000000000000000000e+00 0.000000000000000000e+00 0.000000000000000000e+00
0.000000000000000000e+00 0.000000000000000000e+00 0.000000000000000000e+00 0.000000000000000000e+00 0.000000000000000000e+00
0.000000000000000000e+00 0.000000000000000000e+00 0.000000000000000000e+00 0.000000000000000000e+00 0.000000000000000000e+00
0.000000000000000000e+00 0.000000000000000000e+00 0.000000000000000000e+00 0.000000000000000000e+00 0.000000000000000000e+00
0.000000000000000000e+00 0.000000000000000000e+00 0.000000000000000000e+00 0.000000000000000000e+00 0.000000000000000000e+00
0.000000000000000000e+00 0.000000000000000000e+00 0.000000000000000000e+00 0.000000000000000000e+00 0.000000000000000000e+00
0.000000000000000000e+00 0.000000000000000000e+00 0.000000000000000000e+00 0.000000000000000000e+00 0.000000000000000000e+00
0.000000000000000000e+00 0.000000000000000000e+00 0.000000000000000000e+00 0.000000000000000000e+00 0.000000000000000000e+00
0.000000000000000000e+00 0.000000000000000000e+00 0.000000000000000000e+00 0.000000000000000000e+00 0.000000000000000000e+00
0.000000000000000000e+00 0.000000000000000000e+00 0.000000000000000000e+00 0.000000000000000000e+00 0.000000000000000000e+00
0.000000000000000000e+00 0.000000000000000000e+00 0.000000000000000000e+00 0.000000000000000000e+00 0.000000000000000000e+00
0.000000000000000000e+00 0.000000000000000000e+00 0.000000000000000000e+00 0.000000000000000000e+00 0.000000000000000000e+00
0.000000000000000000e+00 0.000000000000000000e+00 0.000000000000000000e+00 0.000000000000000000e+00 0.000000000000000000e+00
0.000000000000000000e+00 0.000000000000000000e+00 0.000000000000000000e+00 0.000000000000000000e+00 0.000000000000000000e+00
0.000000000000000000e+00 0.000000000000000000e+00 0.000000000000000000e+00 0.000000000000000000e+00 0.000000000000000000e+00
0.000000000000000000e+00 0.000000000000000000e+00 0.000000000000000000e+00 0.000000000000000000e+00 0.000000000000000000e+00
0.000000000000000000e+00 0.000000000000000000e+00 0.000000000000000000e+00 0.000000000000000000e+00 0.000000000000000000e+00
0.000000000000000000e+00 0.000000000000000000e+00 0.000000000000000000e+00 0.000000000000000000e+00 0.000000000000000000e+00
0.000000000000000000e+00 0.000000000000000000e+00 0.000000000000000000e+00 0.000000000000000000e+00 0.000000000000000000e+00
0.000000000000000000e+00 0.000000000000000000e+00 0.000000000000000000e+00 0.000000000000000000e+00 0.000000000000000000e+00
0.000000000000000000e+00 0.000000000000000000e+00 0.000000000000000000e+00 0.000000000000000000e+00 0.000000000000000000e+00
0.000000000000000000e+00 0.000000000000000000e+00 0.000000000000000000e+00 0.000000000000000000e+00 0.000000000000000000e+00
0.000000000000000000e+00 0.000000000000000000e+00 0.000000000000000000e+00 0.000000000000000000e+00 0.000000000000000000e+00
0.000000000000000000e+00 0.000000000000000000e+00 0.000000000000000000e+00 0.000000000000000000e+00 0.000000000000000000e+00
0.000000000000000000e+00 0.000000000000000000e+00 0.000000000000000000e+00 0.000000000000000000e+00 0.000000000000000000e+00
0.000000000000000000e+00 0.000000000000000000e+00 0.000000000000000000e+00 0.000000000000000000e+00 0.000000000000000000e+00
0.000000000000000000e+00 0.000000000000000000e+00 0.000000000000000000e+00 0.000000000000000000e+00 0.000000000000000000e+00
0.000000000000000000e+00 0.000000000000000000e+00 0.000000000000000000e+00 0.000000000000000000e+00 0.000000000000000000e+00
0.000000000000000000e+00 0.000000000000000000e+00 0.000000000000000000e+00 0.000000000000000000e+00 0.000000000000000000e+00
