0.000000000000000000e+00 0.000000000000000000e+00 1.000000000000000000e+00 0.000000000000000000e+00 0.000000000000000000e+00
-1.109051823616027832e+00 1.343403339385986328e+00 1.000000000000000000e+00 0.000000000000000000e+00 0.000000000000000000e+00
-8.811746835708618164e-01 7.518144845962524414e-01 1.000000000000000000e+00 0.000000000000000000e+00 0.000000000000000000e+00
6.008016467094421387e-01 -2.067936062812805176e-01 1.000000000000000000e+00 0.000000000000000000e+00 0.000000000000000000e+00
2.264553308486938477e-01 4.733505845069885254e-02 1.000000000000000000e+00 0.000000000000000000e+00 0.000000000000000000e+00
1.257117390632629395e-01 1.713061332702636719e-01 1.000000000000000000e+00 0.000000000000000000e+00 0.000000000000000000e+00
-8.563472330570220947e-02 1.115416526794433594e+00 1.000000000000000000e+00 0.000000000000000000e+00 0.000000000000000000e+00
5.348210781812667847e-02 1.348299384117126465e-01 0.000000000000000000e+00 1.000000000000000000e+00 0.000000000000000000e+00
1.699210047721862793e+00 -2.785277366638183594e+00 1.000000000000000000e+00 0.000000000000000000e+00 0.000000000000000000e+00
-6.516538858413696289e-01 8.730046153068542480e-01 1.000000000000000000e+00 0.000000000000000000e+00 0.000000000000000000e+00
9.130752086639404297e-01 -2.155362218618392944e-01 1.000000000000000000e+00 0.000000000000000000e+00 0.000000000000000000e+00
2.329685986042022705e-01 2.699567377567291260e-02 0.000000000000000000e+00 1.000000000000000000e+00 0.000000000000000000e+00
-1.267832756042480469e+00 8.916640877723693848e-01 1.000000000000000000e+00 0.000000000000000000e+00 0.000000000000000000e+00
1.018329143524169922e+00 -1.195929273962974548e-01 1.000000000000000000e+00 0.000000000000000000e+00 0.000000000000000000e+00
5.778228044509887695e-01 -1.996173560619354248e-01 1.000000000000000000e+00 0.000000000000000000e+00 0.000000000000000000e+00
1.534991115331649780e-01 -1.385300755500793457e-01 0.000000000000000000e+00 1.000000000000000000e+00 0.000000000000000000e+00
-5.978822708129882812e-01 -1.130508661270141602e+00 1.000000000000000000e+00 0.000000000000000000e+00 0.000000000000000000e+00
5.260020866990089417e-02 7.912063002586364746e-01 1.000000000000000000e+00 0.000000000000000000e+00 0.000000000000000000e+00
-2.707672119140625000e-01 1.884955406188964844e+00 1.000000000000000000e+00 0.000000000000000000e+00 0.000000000000000000e+00
-8.883254975080490112e-02 2.517750263214111328e-01 1.000000000000000000e+00 0.000000000000000000e+00 0.000000000000000000e+00
-9.764318913221359253e-02 3.936193883419036865e-02 0.000000000000000000e+00 1.000000000000000000e+00 0.000000000000000000e+00
-8.254922926425933838e-02 -8.690313100814819336e-01 1.000000000000000000e+00 0.000000000000000000e+00 0.000000000000000000e+00
-2.513140439987182617e-01 6.403783708810806274e-02 1.000000000000000000e+00 0.000000000000000000e+00 0.000000000000000000e+00
-7.787056565284729004e-01 6.987309455871582031e-01 1.000000000000000000e+00 0.000000000000000000e+00 0.000000000000000000e+00
-3.850869834423065186e-04 -5.761577188968658447e-02 0.000000000000000000e+00 1.000000000000000000e+00 0.000000000000000000e+00
1.544049859046936035e+00 -5.457226634025573730e-01 1.000000000000000000e+00 0.000000000000000000e+00 0.000000000000000000e+00
6.933230161666870117e-01 5.241833925247192383e-01 1.000000000000000000e+00 0.000000000000000000e+00 0.000000000000000000e+00
4.235019385814666748e-01 1.510175019502639771e-01 0.000000000000000000e+00 1.000000000000000000e+00 0.000000000000000000e+00
-2.166476249694824219e+00 -2.657667160034179688e+00 0.000000000000000000e+00 0.000000000000000000e+00 1.000000000000000000e+00
-4.076659679412841797e-01 1.475378036499023438e+00 0.000000000000000000e+00 0.000000000000000000e+00 1.000000000000000000e+00
-1.449693918228149414e+00 -8.297646045684814453e-02 0.000000000000000000e+00 0.000000000000000000e+00 1.000000000000000000e+00
-9.809775352478027344e-01 -3.607698082923889160e-01 0.000000000000000000e+00 0.000000000000000000e+00 1.000000000000000000e+00
-1.007564663887023926e+00 -2.117984294891357422e-01 0.000000000000000000e+00 0.000000000000000000e+00 1.000000000000000000e+00
-9.770995378494262695e-01 -1.512957215309143066e-01 0.000000000000000000e+00 0.000000000000000000e+00 1.000000000000000000e+00
-9.727557897567749023e-01 -1.158447265625000000e-01 0.000000000000000000e+00 0.000000000000000000e+00 1.000000000000000000e+00
-9.677394628524780273e-01 -1.179199218750000000e-01 0.000000000000000000e+00 0.000000000000000000e+00 1.000000000000000000e+00
-9.714868068695068359e-01 -1.006850600242614746e-01 0.000000000000000000e+00 0.000000000000000000e+00 1.000000000000000000e+00
-9.485421180725097656e-01 -1.290170550346374512e-01 0.000000000000000000e+00 0.000000000000000000e+00 1.000000000000000000e+00
-9.051344394683837891e-01 -1.789892911911010742e-01 0.000000000000000000e+00 0.000000000000000000e+00 1.000000000000000000e+00
-8.835347890853881836e-01 -1.916553378105163574e-01 0.000000000000000000e+00 0.000000000000000000e+00 1.000000000000000000e+00
-8.745039701461791992e-01 -1.966062784194946289e-01 0.000000000000000000e+00 0.000000000000000000e+00 1.000000000000000000e+00
-8.687208890914916992e-01 -1.971321105957031250e-01 0.000000000000000000e+00 0.000000000000000000e+00 1.000000000000000000e+00
-8.653415441513061523e-01 -1.876899600028991699e-01 0.000000000000000000e+00 0.000000000000000000e+00 1.000000000000000000e+00
-8.593400716781616211e-01 -1.807479262351989746e-01 0.000000000000000000e+00 0.000000000000000000e+00 1.000000000000000000e+00
-8.399925231933593750e-01 -1.922844648361206055e-01 0.000000000000000000e+00 0.000000000000000000e+00 1.000000000000000000e+00
-8.182375431060791016e-01 -2.120562195777893066e-01 0.000000000000000000e+00 0.000000000000000000e+00 1.000000000000000000e+00
-8.049387931823730469e-01 -2.281450033187866211e-01 0.000000000000000000e+00 0.000000000000000000e+00 1.000000000000000000e+00
-7.968344688415527344e-01 -2.392611503601074219e-01 0.000000000000000000e+00 0.000000000000000000e+00 1.000000000000000000e+00
-7.917324304580688477e-01 -2.414051890373229980e-01 0.000000000000000000e+00 0.000000000000000000e+00 1.000000000000000000e+00
-7.885814905166625977e-01 -2.349730134010314941e-01 0.000000000000000000e+00 0.000000000000000000e+00 1.000000000000000000e+00
-7.848262786865234375e-01 -2.244542837142944336e-01 0.000000000000000000e+00 0.000000000000000000e+00 1.000000000000000000e+00
-7.802282571792602539e-01 -2.181263566017150879e-01 0.000000000000000000e+00 0.000000000000000000e+00 1.000000000000000000e+00
-7.761905193328857422e-01 -2.197690606117248535e-01 0.000000000000000000e+00 0.000000000000000000e+00 1.000000000000000000e+00
-7.720540761947631836e-01 -2.285271883010864258e-01 0.000000000000000000e+00 0.000000000000000000e+00 1.000000000000000000e+00
-7.663069963455200195e-01 -2.389097213745117188e-01 0.000000000000000000e+00 0.000000000000000000e+00 1.000000000000000000e+00
-7.600464820861816406e-01 -2.451306581497192383e-01 0.000000000000000000e+00 0.000000000000000000e+00 1.000000000000000000e+00
-7.559890747070312500e-01 -2.430640459060668945e-01 0.000000000000000000e+00 0.000000000000000000e+00 1.000000000000000000e+00
-7.529166936874389648e-01 -2.385792732238769531e-01 0.000000000000000000e+00 0.000000000000000000e+00 1.000000000000000000e+00
-7.495955228805541992e-01 -2.369539141654968262e-01 0.000000000000000000e+00 0.000000000000000000e+00 1.000000000000000000e+00
-7.472376823425292969e-01 -2.375470995903015137e-01 0.000000000000000000e+00 0.000000000000000000e+00 1.000000000000000000e+00
-7.433694601058959961e-01 -2.405456900596618652e-01 0.000000000000000000e+00 0.000000000000000000e+00 1.000000000000000000e+00
-7.343779802322387695e-01 -2.481927275657653809e-01 0.000000000000000000e+00 0.000000000000000000e+00 1.000000000000000000e+00
-7.246859073638916016e-01 -2.513570189476013184e-01 0.000000000000000000e+00 0.000000000000000000e+00 1.000000000000000000e+00
-7.208058834075927734e-01 -2.456265091896057129e-01 0.000000000000000000e+00 0.000000000000000000e+00 1.000000000000000000e+00
-7.202850580215454102e-01 -2.379538416862487793e-01 0.000000000000000000e+00 0.000000000000000000e+00 1.000000000000000000e+00
-7.193905115127563477e-01 -2.364201545715332031e-01 0.000000000000000000e+00 0.000000000000000000e+00 1.000000000000000000e+00
-7.181400060653686523e-01 -2.378674745559692383e-01 0.000000000000000000e+00 0.000000000000000000e+00 1.000000000000000000e+00
-7.154690027236938477e-01 -2.398369312286376953e-01 0.000000000000000000e+00 0.000000000000000000e+00 1.000000000000000000e+00
-7.103148698806762695e-01 -2.414596676826477051e-01 0.000000000000000000e+00 0.000000000000000000e+00 1.000000000000000000e+00
-7.057762145996093750e-01 -2.366749644279479980e-01 0.000000000000000000e+00 0.000000000000000000e+00 1.000000000000000000e+00
0.000000000000000000e+00 0.000000000000000000e+00 0.000000000000000000e+00 0.000000000000000000e+00 0.000000000000000000e+00
0.000000000000000000e+00 0.000000000000000000e+00 0.000000000000000000e+00 0.000000000000000000e+00 0.000000000000000000e+00
0.000000000000000000e+00 0.000000000000000000e+00 0.000000000000000000e+00 0.000000000000000000e+00 0.000000000000000000e+00
0.000000000000000000e+00 0.000000000000000000e+00 0.000000000000000000e+00 0.000000000000000000e+00 0.000000000000000000e+00
0.000000000000000000e+00 0.000000000000000000e+00 0.000000000000000000e+00 0.000000000000000000e+00 0.000000000000000000e+00
0.000000000000000000e+00 0.000000000000000000e+00 0.000000000000000000e+00 0.000000000000000000e+00 0.000000000000000000e+00
0.000000000000000000e+00 0.000000000000000000e+00 0.000000000000000000e+00 0.000000000000000000e+00 0.000000000000000000e+00
0.000000000000000000e+00 0.000000000000000000e+00 0.000000000000000000e+00 0.000000000000000000e+00 0.000000000000000000e+00
0.000000000000000000e+00 0.000000000000000000e+00 0.000000000000000000e+00 0.000000000000000000e+00 0.000000000000000000e+00
0.000000000000000000e+00 0.000000000000000000e+00 0.000000000000000000e+00 0.000000000000000000e+00 0.000000000000000000e+00
0.000000000000000000e+00 0.000000000000000000e+00 0.000000000000000000e+00 0.000000000000000000e+00 0.000000000000000000e+00
0.000000000000000000e+00 0.000000000000000000e+00 0.000000000000000000e+00 0.000000000000000000e+00 0.000000000000000000e+00
0.000000000000000000e+00 0.000000000000000000e+00 0.000000000000000000e+00 0.000000000000000000e+00 0.000000000000000000e+00
0.000000000000000000e+00 0.000000000000000000e+00 0.000000000000000000e+00 0.000000000000000000e+00 0.000000000000000000e+00
0.000000000000000000e+00 0.000000000000000000e+00 0.000000000000000000e+00 0.000000000000000000e+00 0.000000000000000000e+00
0.000000000000000000e+00 0.000000000000000000e+00 0.000000000000000000e+00 0.000000000000000000e+00 0.000000000000000000e+00
0.000000000000000000e+00 0.000000000000000000e+00 0.000000000000000000e+00 0.000000000000000000e+00 0.000000000000000000e+00
0.000000000000000000e+00 0.000000000000000000e+00 0.000000000000000000e+00 0.000000000000000000e+00 0.000000000000000000e+00
0.000000000000000000e+00 0.000000000000000000e+00 0.000000000000000000e+00 0.000000000000000000e+00 0.000000000000000000e+00
0.000000000000000000e+00 0.000000000000000000e+00 0.000000000000000000e+00 0.000000000000000000e+00 0.000000000000000000e+00
0.000000000000000000e+00 0.000000000000000000e+00 0.000000000000000000e+00 0.000000000000000000e+00 0.000000000000000000e+00
0.000000000000000000e+00 0.000000000000000000e+00 0.000000000000000000e+00 0.000000000000000000e+00 0.000000000000000000e+00
0.000000000000000000e+00 0.000000000000000000e+00 0.000000000000000000e+00 0.000000000000000000e+00 0.000000000000000000e+00
0.000000000000000000e+00 0.000000000000000000e+00 0.000000000000000000e+00 0.000000000000000000e+00 0.000000000000000000e+00
0.000000000000000000e+00 0.000000000000000000e+00 0.000000000000000000e+00 0.000000000000000000e+00 0.000000000000000000e+00
0.000000000000000000e+00 0.000000000000000000e+00 0.000000000000000000e+00 0.000000000000000000e+00 0.000000000000000000e+00
0.000000000000000000e+00 0.000000000000000000e+00 0.000000000000000000e+00 0.000000000000000000e+00 0.000000000000000000e+00
0.000000000000000000e+00 0.000000000000000000e+00 0.000000000000000000e+00 0.000000000000000000e+00 0.000000000000000000e+00
0.000000000000000000e+00 0.000000000000000000e+00 0.000000000000000000e+00 0.000000000000000000e+00 0.000000000000000000e+00
0.000000000000000000e+00 0.000000000000000000e+00 0.000000000000000000e+00 0.000000000000000000e+00 0.000000000000000000e+00
0.000000000000000000e+00 0.000000000000000000e+00 0.000000000000000000e+00 0.000000000000000000e+00 0.000000000000000000e+00
0.000000000000000000e+00 0.000000000000000000e+00 0.000000000000000000e+00 0.000000000000000000e+00 0.000000000000000000e+00
0.000000000000000000e+00 0.000000000000000000e+00 0.000000000000000000e+00 0.000000000000000000e+00 0.000000000000000000e+00
0.000000000000000000e+00 0.000000000000000000e+00 0.000000000000000000e+00 0.000000000000000000e+00 0.000000000000000000e+00
0.000000000000000000e+00 0.000000000000000000e+00 0.000000000000000000e+00 0.000000000000000000e+00 0.000000000000000000e+00
0.000000000000000000e+00 0.000000000000000000e+00 0.000000000000000000e+00 0.000000000000000000e+00 0.000000000000000000e+00
0.000000000000000000e+00 0.000000000000000000e+00 0.000000000000000000e+00 0.000000000000000000e+00 0.000000000000000000e+00
0.000000000000000000e+00 0.000000000000000000e+00 0.000000000000000000e+00 0.000000000000000000e+00 0.000000000000000000e+00
0.000000000000000000e+00 0.000000000000000000e+00 0.000000000000000000e+00 0.000000000000000000e+00 0.000000000000000000e+00
0.000000000000000000e+00 0.000000000000000000e+00 0.000000000000000000e+00 0.000000000000000000e+00 0.000000000000000000e+00
0.000000000000000000e+00 0.000000000000000000e+00 0.000000000000000000e+00 0.000000000000000000e+00 0.000000000000000000e+00
0.000000000000000000e+00 0.000000000000000000e+00 0.000000000000000000e+00 0.000000000000000000e+00 0.000000000000000000e+00
0.000000000000000000e+00 0.000000000000000000e+00 0.000000000000000000e+00 0.000000000000000000e+00 0.000000000000000000e+00
0.000000000000000000e+00 0.000000000000000000e+00 0.000000000000000000e+00 0.000000000000000000e+00 0.000000000000000000e+00
0.000000000000000000e+00 0.000000000000000000e+00 0.000000000000000000e+00 0.000000000000000000e+00 0.000000000000000000e+00
0.000000000000000000e+00 0.000000000000000000e+00 0.000000000000000000e+00 0.000000000000000000e+00 0.000000000000000000e+00
0.000000000000000000e+00 0.000000000000000000e+00 0.000000000000000000e+00 0.000000000000000000e+00 0.000000000000000000e+00
0.000000000000000000e+00 0.000000000000000000e+00 0.000000000000000000e+00 0.000000000000000000e+00 0.000000000000000000e+00
0.000000000000000000e+00 0.000000000000000000e+00 0.000000000000000000e+00 0.000000000000000000e+00 0.000000000000000000e+00
0.000000000000000000e+00 0.000000000000000000e+00 0.000000000000000000e+00 0.000000000000000000e+00 0.000000000000000000e+00
0.000000000000000000e+00 0.000000000000000000e+00 0.000000000000000000e+00 0.000000000000000000e+00 0.000000000000000000e+00
