0.000000000000000000e+00 0.000000000000000000e+00 1.000000000000000000e+00 0.000000000000000000e+00 0.000000000000000000e+00
-1.042673945426940918e+00 1.226801633834838867e+00 1.000000000000000000e+00 0.000000000000000000e+00 0.000000000000000000e+00
-7.890943884849548340e-01 6.640709638595581055e-01 1.000000000000000000e+00 0.000000000000000000e+00 0.000000000000000000e+00
3.522667884826660156e-01 -1.790602356195449829e-01 1.000000000000000000e+00 0.000000000000000000e+00 0.000000000000000000e+00
1.917271912097930908e-01 3.171388059854507446e-03 1.000000000000000000e+00 0.000000000000000000e+00 0.000000000000000000e+00
1.224840208888053894e-01 1.132970452308654785e-01 1.000000000000000000e+00 0.000000000000000000e+00 0.000000000000000000e+00
5.989096686244010925e-02 5.001502037048339844e-01 1.000000000000000000e+00 0.000000000000000000e+00 0.000000000000000000e+00
-1.043234467506408691e-01 6.049472093582153320e-01 1.000000000000000000e+00 0.000000000000000000e+00 0.000000000000000000e+00
-2.347443252801895142e-03 -6.495913863182067871e-02 0.000000000000000000e+00 1.000000000000000000e+00 0.000000000000000000e+00
1.051176786422729492e+00 -1.652768492698669434e+00 1.000000000000000000e+00 0.000000000000000000e+00 0.000000000000000000e+00
-1.268790513277053833e-01 6.845102906227111816e-01 1.000000000000000000e+00 0.000000000000000000e+00 0.000000000000000000e+00
3.357823938131332397e-02 1.179932355880737305e-01 0.000000000000000000e+00 1.000000000000000000e+00 0.000000000000000000e+00
1.433657407760620117e+00 -2.287419795989990234e+00 1.000000000000000000e+00 0.000000000000000000e+00 0.000000000000000000e+00
-5.700380802154541016e-01 7.646496295928955078e-01 1.000000000000000000e+00 0.000000000000000000e+00 0.000000000000000000e+00
6.279047727584838867e-01 -1.275665462017059326e-01 1.000000000000000000e+00 0.000000000000000000e+00 0.000000000000000000e+00
1.936767846345901489e-01 7.662500441074371338e-02 1.000000000000000000e+00 0.000000000000000000e+00 0.000000000000000000e+00
-8.793357610702514648e-01 9.102210998535156250e-01 1.000000000000000000e+00 0.000000000000000000e+00 0.000000000000000000e+00
-7.521710395812988281e-01 5.130912065505981445e-01 1.000000000000000000e+00 0.000000000000000000e+00 0.000000000000000000e+00
-3.492275178432464600e-01 1.049943864345550537e-01 0.000000000000000000e+00 1.000000000000000000e+00 0.000000000000000000e+00
8.214595317840576172e-01 -7.330875396728515625e-01 1.000000000000000000e+00 0.000000000000000000e+00 0.000000000000000000e+00
4.310555160045623779e-01 4.324918240308761597e-02 1.000000000000000000e+00 0.000000000000000000e+00 0.000000000000000000e+00
8.479351997375488281e-01 4.141927063465118408e-01 1.000000000000000000e+00 0.000000000000000000e+00 0.000000000000000000e+00
3.169988095760345459e-01 4.118491709232330322e-02 0.000000000000000000e+00 1.000000000000000000e+00 0.000000000000000000e+00
-8.120782971382141113e-01 2.139623463153839111e-02 1.000000000000000000e+00 0.000000000000000000e+00 0.000000000000000000e+00
-7.348669171333312988e-01 6.989971399307250977e-01 1.000000000000000000e+00 0.000000000000000000e+00 0.000000000000000000e+00
6.042525768280029297e-01 -1.613962203264236450e-01 1.000000000000000000e+00 0.000000000000000000e+00 0.000000000000000000e+00
-5.328542590141296387e-01 6.426903009414672852e-01 1.000000000000000000e+00 0.000000000000000000e+00 0.000000000000000000e+00
7.292086482048034668e-01 -1.049881055951118469e-01 1.000000000000000000e+00 0.000000000000000000e+00 0.000000000000000000e+00
1.025082543492317200e-01 5.287878215312957764e-02 1.000000000000000000e+00 0.000000000000000000e+00 0.000000000000000000e+00
-7.541953325271606445e-01 7.768673300743103027e-01 1.000000000000000000e+00 0.000000000000000000e+00 0.000000000000000000e+00
-4.647885560989379883e-01 3.055603802204132080e-01 1.000000000000000000e+00 0.000000000000000000e+00 0.000000000000000000e+00
-5.354871749877929688e-01 1.570046544075012207e-01 0.000000000000000000e+00 1.000000000000000000e+00 0.000000000000000000e+00
6.220793724060058594e-01 -3.021162033081054688e+00 0.000000000000000000e+00 0.000000000000000000e+00 1.000000000000000000e+00
-8.305152654647827148e-01 4.316053390502929688e-01 0.000000000000000000e+00 0.000000000000000000e+00 1.000000000000000000e+00
-1.300507187843322754e+00 -7.264247536659240723e-01 0.000000000000000000e+00 0.000000000000000000e+00 1.000000000000000000e+00
-8.977118730545043945e-01 -2.235808372497558594e-01 0.000000000000000000e+00 0.000000000000000000e+00 1.000000000000000000e+00
-1.060826063156127930e+00 -3.558785319328308105e-01 0.000000000000000000e+00 0.000000000000000000e+00 1.000000000000000000e+00
-9.632012844085693359e-01 -2.980946898460388184e-01 0.000000000000000000e+00 0.000000000000000000e+00 1.000000000000000000e+00
-9.691054821014404297e-01 -3.525027632713317871e-01 0.000000000000000000e+00 0.000000000000000000e+00 1.000000000000000000e+00
-9.405056238174438477e-01 -3.635376095771789551e-01 0.000000000000000000e+00 0.000000000000000000e+00 1.000000000000000000e+00
-9.290851354598999023e-01 -3.679078221321105957e-01 0.000000000000000000e+00 0.000000000000000000e+00 1.000000000000000000e+00
-9.203747510910034180e-01 -3.519886136054992676e-01 0.000000000000000000e+00 0.000000000000000000e+00 1.000000000000000000e+00
-9.130237102508544922e-01 -3.336876034736633301e-01 0.000000000000000000e+00 0.000000000000000000e+00 1.000000000000000000e+00
-8.998754024505615234e-01 -3.186047673225402832e-01 0.000000000000000000e+00 0.000000000000000000e+00 1.000000000000000000e+00
-8.809512853622436523e-01 -3.115026950836181641e-01 0.000000000000000000e+00 0.000000000000000000e+00 1.000000000000000000e+00
-8.608192205429077148e-01 -3.111548423767089844e-01 0.000000000000000000e+00 0.000000000000000000e+00 1.000000000000000000e+00
-8.455660343170166016e-01 -3.115039467811584473e-01 0.000000000000000000e+00 0.000000000000000000e+00 1.000000000000000000e+00
-8.374814987182617188e-01 -3.102597594261169434e-01 0.000000000000000000e+00 0.000000000000000000e+00 1.000000000000000000e+00
-8.324524164199829102e-01 -3.103700876235961914e-01 0.000000000000000000e+00 0.000000000000000000e+00 1.000000000000000000e+00
-8.278005123138427734e-01 -3.061785101890563965e-01 0.000000000000000000e+00 0.000000000000000000e+00 1.000000000000000000e+00
-8.227236270904541016e-01 -2.980343699455261230e-01 0.000000000000000000e+00 0.000000000000000000e+00 1.000000000000000000e+00
-8.142797946929931641e-01 -2.934187054634094238e-01 0.000000000000000000e+00 0.000000000000000000e+00 1.000000000000000000e+00
-8.040103912353515625e-01 -2.956370115280151367e-01 0.000000000000000000e+00 0.000000000000000000e+00 1.000000000000000000e+00
-7.931258678436279297e-01 -2.989133000373840332e-01 0.000000000000000000e+00 0.000000000000000000e+00 1.000000000000000000e+00
-7.837665081024169922e-01 -3.046582341194152832e-01 0.000000000000000000e+00 0.000000000000000000e+00 1.000000000000000000e+00
-7.757582664489746094e-01 -3.098719120025634766e-01 0.000000000000000000e+00 0.000000000000000000e+00 1.000000000000000000e+00
-7.687538862228393555e-01 -3.109872937202453613e-01 0.000000000000000000e+00 0.000000000000000000e+00 1.000000000000000000e+00
-7.636588811874389648e-01 -3.113514780998229980e-01 0.000000000000000000e+00 0.000000000000000000e+00 1.000000000000000000e+00
-7.606821060180664062e-01 -3.134012818336486816e-01 0.000000000000000000e+00 0.000000000000000000e+00 1.000000000000000000e+00
-7.558282613754272461e-01 -3.151326775550842285e-01 0.000000000000000000e+00 0.000000000000000000e+00 1.000000000000000000e+00
-7.487746477127075195e-01 -3.175824284553527832e-01 0.000000000000000000e+00 0.000000000000000000e+00 1.000000000000000000e+00
-7.407019138336181641e-01 -3.193729519844055176e-01 0.000000000000000000e+00 0.000000000000000000e+00 1.000000000000000000e+00
-7.329710721969604492e-01 -3.184568285942077637e-01 0.000000000000000000e+00 0.000000000000000000e+00 1.000000000000000000e+00
-7.272318601608276367e-01 -3.141449093818664551e-01 0.000000000000000000e+00 0.000000000000000000e+00 1.000000000000000000e+00
-7.243639230728149414e-01 -3.097260594367980957e-01 0.000000000000000000e+00 0.000000000000000000e+00 1.000000000000000000e+00
-7.232488393783569336e-01 -3.089776039123535156e-01 0.000000000000000000e+00 0.000000000000000000e+00 1.000000000000000000e+00
0.000000000000000000e+00 0.000000000000000000e+00 0.000000000000000000e+00 0.000000000000000000e+00 0.000000000000000000e+00
0.000000000000000000e+00 0.000000000000000000e+00 0.000000000000000000e+00 0.000000000000000000e+00 0.000000000000000000e+00
0.000000000000000000e+00 0.000000000000000000e+00 0.000000000000000000e+00 0.000000000000000000e+00 0.000000000000000000e+00
0.000000000000000000e+00 0.000000000000000000e+00 0.000000000000000000e+00 0.000000000000000000e+00 0.000000000000000000e+00
0.000000000000000000e+00 0.000000000000000000e+00 0.000000000000000000e+00 0.000000000000000000e+00 0.000000000000000000e+00
0.000000000000000000e+00 0.000000000000000000e+00 0.000000000000000000e+00 0.000000000000000000e+00 0.000000000000000000e+00
0.000000000000000000e+00 0.000000000000000000e+00 0.000000000000000000e+00 0.000000000000000000e+00 0.000000000000000000e+00
0.000000000000000000e+00 0.000000000000000000e+00 0.000000000000000000e+00 0.000000000000000000e+00 0.000000000000000000e+00
0.000000000000000000e+00 0.000000000000000000e+00 0.000000000000000000e+00 0.000000000000000000e+00 0.000000000000000000e+00
0.000000000000000000e+00 0.000000000000000000e+00 0.000000000000000000e+00 0.000000000000000000e+00 0.000000000000000000e+00
0.000000000000000000e+00 0.000000000000000000e+00 0.000000000000000000e+00 0.000000000000000000e+00 0.000000000000000000e+00
0.000000000000000000e+00 0.000000000000000000e+00 0.000000000000000000e+00 0.000000000000000000e+00 0.000000000000000000e+00
0.000000000000000000e+00 0.000000000000000000e+00 0.000000000000000000e+00 0.000000000000000000e+00 0.000000000000000000e+00
0.000000000000000000e+00 0.000000000000000000e+00 0.000000000000000000e+00 0.000000000000000000e+00 0.000000000000000000e+00
0.000000000000000000e+00 0.000000000000000000e+00 0.000000000000000000e+00 0.000000000000000000e+00 0.000000000000000000e+00
0.000000000000000000e+00 0.000000000000000000e+00 0.000000000000000000e+00 0.000000000000000000e+00 0.000000000000000000e+00
0.000000000000000000e+00 0.000000000000000000e+00 0.000000000000000000e+00 0.000000000000000000e+00 0.000000000000000000e+00
0.000000000000000000e+00 0.000000000000000000e+00 0.000000000000000000e+00 0.000000000000000000e+00 0.000000000000000000e+00
0.000000000000000000e+00 0.000000000000000000e+00 0.000000000000000000e+00 0.000000000000000000e+00 0.000000000000000000e+00
0.000000000000000000e+00 0.000000000000000000e+00 0.000000000000000000e+00 0.000000000000000000e+00 0.000000000000000000e+00
0.000000000000000000e+00 0.000000000000000000e+00 0.000000000000000000e+00 0.000000000000000000e+00 0.000000000000000000e+00
0.000000000000000000e+00 0.000000000000000000e+00 0.000000000000000000e+00 0.000000000000000000e+00 0.000000000000000000e+00
0.000000000000000000e+00 0.000000000000000000e+00 0.000000000000000000e+00 0.000000000000000000e+00 0.000000000000000000e+00
0.000000000000000000e+00 0.000000000000000000e+00 0.000000000000000000e+00 0.000000000000000000e+00 0.000000000000000000e+00
0.000000000000000000e+00 0.000000000000000000e+00 0.000000000000000000e+00 0.000000000000000000e+00 0.000000000000000000e+00
0.000000000000000000e+00 0.000000000000000000e+00 0.000000000000000000e+00 0.000000000000000000e+00 0.000000000000000000e+00
0.000000000000000000e+00 0.000000000000000000e+00 0.000000000000000000e+00 0.000000000000000000e+00 0.000000000000000000e+00
0.000000000000000000e+00 0.000000000000000000e+00 0.000000000000000000e+00 0.000000000000000000e+00 0.000000000000000000e+00
0.000000000000000000e+00 0.000000000000000000e+00 0.000000000000000000e+00 0.000000000000000000e+00 0.000000000000000000e+00
0.000000000000000000e+00 0.000000000000000000e+00 0.000000000000000000e+00 0.000000000000000000e+00 0.000000000000000000e+00
0.000000000000000000e+00 0.000000000000000000e+00 0.000000000000000000e+00 0.000000000000000000e+00 0.000000000000000000e+00
0.000000000000000000e+00 0.000000000000000000e+00 0.000000000000000000e+00 0.000000000000000000e+00 0.000000000000000000e+00
0.000000000000000000e+00 0.000000000000000000e+00 0.000000000000000000e+00 0.000000000000000000e+00 0.000000000000000000e+00
0.000000000000000000e+00 0.000000000000000000e+00 0.000000000000000000e+00 0.000000000000000000e+00 0.000000000000000000e+00
0.000000000000000000e+00 0.000000000000000000e+00 0.000000000000000000e+00 0.000000000000000000e+00 0.000000000000000000e+00
0.000000000000000000e+00 0.000000000000000000e+00 0.000000000000000000e+00 0.000000000000000000e+00 0.000000000000000000e+00
0.000000000000000000e+00 0.000000000000000000e+00 0.000000000000000000e+00 0.000000000000000000e+00 0.000000000000000000e+00
0.000000000000000000e+00 0.000000000000000000e+00 0.000000000000000000e+00 0.000000000000000000e+00 0.000000000000000000e+00
0.000000000000000000e+00 0.000000000000000000e+00 0.000000000000000000e+00 0.000000000000000000e+00 0.000000000000000000e+00
0.000000000000000000e+00 0.000000000000000000e+00 0.000000000000000000e+00 0.000000000000000000e+00 0.000000000000000000e+00
0.000000000000000000e+00 0.000000000000000000e+00 0.000000000000000000e+00 0.000000000000000000e+00 0.000000000000000000e+00
0.000000000000000000e+00 0.000000000000000000e+00 0.000000000000000000e+00 0.000000000000000000e+00 0.000000000000000000e+00
0.000000000000000000e+00 0.000000000000000000e+00 0.000000000000000000e+00 0.000000000000000000e+00 0.000000000000000000e+00
0.000000000000000000e+00 0.000000000000000000e+00 0.000000000000000000e+00 0.000000000000000000e+00 0.000000000000000000e+00
0.000000000000000000e+00 0.000000000000000000e+00 0.000000000000000000e+00 0.000000000000000000e+00 0.000000000000000000e+00
0.000000000000000000e+00 0.000000000000000000e+00 0.000000000000000000e+00 0.000000000000000000e+00 0.000000000000000000e+00
0.000000000000000000e+00 0.000000000000000000e+00 0.000000000000000000e+00 0.000000000000000000e+00 0.000000000000000000e+00
0.000000000000000000e+00 0.000000000000000000e+00 0.000000000000000000e+00 0.000000000000000000e+00 0.000000000000000000e+00
0.000000000000000000e+00 0.000000000000000000e+00 0.000000000000000000e+00 0.000000000000000000e+00 0.000000000000000000e+00
0.000000000000000000e+00 0.000000000000000000e+00 0.000000000000000000e+00 0.000000000000000000e+00 0.000000000000000000e+00
0.000000000000000000e+00 0.000000000000000000e+00 0.000000000000000000e+00 0.000000000000000000e+00 0.000000000000000000e+00
0.000000000000000000e+00 0.000000000000000000e+00 0.000000000000000000e+00 0.000000000000000000e+00 0.000000000000000000e+00
0.000000000000000000e+00 0.000000000000000000e+00 0.000000000000000000e+00 0.000000000000000000e+00 0.000000000000000000e+00
0.000000000000000000e+00 0.000000000000000000e+00 0.000000000000000000e+00 0.000000000000000000e+00 0.000000000000000000e+00
0.000000000000000000e+00 0.000000000000000000e+00 0.000000000000000000e+00 0.000000000000000000e+00 0.000000000000000000e+00
