0.000000000000000000e+00 0.000000000000000000e+00 1.000000000000000000e+00 0.000000000000000000e+00 0.000000000000000000e+00
-9.692521095275878906e-01 1.179208755493164062e+00 1.000000000000000000e+00 0.000000000000000000e+00 0.000000000000000000e+00
-7.484391927719116211e-01 6.398562192916870117e-01 1.000000000000000000e+00 0.000000000000000000e+00 0.000000000000000000e+00
5.003170371055603027e-01 -1.731188446283340454e-01 1.000000000000000000e+00 0.000000000000000000e+00 0.000000000000000000e+00
1.932612061500549316e-01 4.078884422779083252e-02 1.000000000000000000e+00 0.000000000000000000e+00 0.000000000000000000e+00
1.036772727966308594e-01 1.456364244222640991e-01 1.000000000000000000e+00 0.000000000000000000e+00 0.000000000000000000e+00
3.369220066815614700e-03 5.354868173599243164e-01 1.000000000000000000e+00 0.000000000000000000e+00 0.000000000000000000e+00
-1.592734456062316895e-01 5.990262031555175781e-01 1.000000000000000000e+00 0.000000000000000000e+00 0.000000000000000000e+00
-9.154862165451049805e-02 1.151927858591079712e-01 0.000000000000000000e+00 1.000000000000000000e+00 0.000000000000000000e+00
1.234793782234191895e+00 -2.354022502899169922e+00 1.000000000000000000e+00 0.000000000000000000e+00 0.000000000000000000e+00
-5.016268789768218994e-02 7.483665347099304199e-01 1.000000000000000000e+00 0.000000000000000000e+00 0.000000000000000000e+00
5.801683291792869568e-02 1.722810268402099609e-01 1.000000000000000000e+00 0.000000000000000000e+00 0.000000000000000000e+00
8.898030221462249756e-02 5.461334809660911560e-02 1.000000000000000000e+00 0.000000000000000000e+00 0.000000000000000000e+00
2.054014950990676880e-01 -1.773276031017303467e-01 1.000000000000000000e+00 0.000000000000000000e+00 0.000000000000000000e+00
7.419396936893463135e-02 -2.199050039052963257e-01 0.000000000000000000e+00 1.000000000000000000e+00 0.000000000000000000e+00
-8.435866236686706543e-02 -3.330314159393310547e-01 1.000000000000000000e+00 0.000000000000000000e+00 0.000000000000000000e+00
4.600433409214019775e-01 -9.546707570552825928e-02 1.000000000000000000e+00 0.000000000000000000e+00 0.000000000000000000e+00
3.444990813732147217e-01 -2.096441686153411865e-01 0.000000000000000000e+00 1.000000000000000000e+00 0.000000000000000000e+00
8.692364394664764404e-02 -2.871668040752410889e-01 1.000000000000000000e+00 0.000000000000000000e+00 0.000000000000000000e+00
6.024062633514404297e-03 6.923239231109619141e-01 1.000000000000000000e+00 0.000000000000000000e+00 0.000000000000000000e+00
1.508910506963729858e-01 3.482154607772827148e-01 1.000000000000000000e+00 0.000000000000000000e+00 0.000000000000000000e+00
1.983708441257476807e-01 1.208558455109596252e-01 1.000000000000000000e+00 0.000000000000000000e+00 0.000000000000000000e+00
1.517463922500610352e-01 -1.090153306722640991e-02 1.000000000000000000e+00 0.000000000000000000e+00 0.000000000000000000e+00
1.356447041034698486e-01 -1.451375484466552734e-01 1.000000000000000000e+00 0.000000000000000000e+00 0.000000000000000000e+00
5.777160823345184326e-02 -2.304967939853668213e-01 0.000000000000000000e+00 1.000000000000000000e+00 0.000000000000000000e+00
-4.331609234213829041e-02 -4.222375750541687012e-01 1.000000000000000000e+00 0.000000000000000000e+00 0.000000000000000000e+00
-1.023950099945068359e+00 7.207132577896118164e-01 1.000000000000000000e+00 0.000000000000000000e+00 0.000000000000000000e+00
-7.220720648765563965e-01 7.188454270362854004e-01 0.000000000000000000e+00 1.000000000000000000e+00 0.000000000000000000e+00
4.189658164978027344e-01 -2.156481444835662842e-01 1.000000000000000000e+00 0.000000000000000000e+00 0.000000000000000000e+00
-5.345120429992675781e-01 6.750819683074951172e-01 1.000000000000000000e+00 0.000000000000000000e+00 0.000000000000000000e+00
-2.407331168651580811e-01 1.748270392417907715e-01 1.000000000000000000e+00 0.000000000000000000e+00 0.000000000000000000e+00
-2.024128139019012451e-01 4.075589030981063843e-02 1.000000000000000000e+00 0.000000000000000000e+00 0.000000000000000000e+00
-4.974060505628585815e-02 -6.712068617343902588e-02 1.000000000000000000e+00 0.000000000000000000e+00 0.000000000000000000e+00
7.496522367000579834e-02 -1.134646534919738770e-01 1.000000000000000000e+00 0.000000000000000000e+00 0.000000000000000000e+00
2.166831642389297485e-01 -9.432537853717803955e-02 1.000000000000000000e+00 0.000000000000000000e+00 0.000000000000000000e+00
2.189824581146240234e-01 4.041051119565963745e-02 1.000000000000000000e+00 0.000000000000000000e+00 0.000000000000000000e+00
7.794825732707977295e-02 2.638104557991027832e-01 1.000000000000000000e+00 0.000000000000000000e+00 0.000000000000000000e+00
-7.479674369096755981e-02 3.316706418991088867e-01 0.000000000000000000e+00 1.000000000000000000e+00 0.000000000000000000e+00
4.922503232955932617e-01 -9.431049823760986328e-01 1.000000000000000000e+00 0.000000000000000000e+00 0.000000000000000000e+00
8.920419216156005859e-01 -1.359742730855941772e-01 1.000000000000000000e+00 0.000000000000000000e+00 0.000000000000000000e+00
2.656840085983276367e-01 5.452364310622215271e-02 1.000000000000000000e+00 0.000000000000000000e+00 0.000000000000000000e+00
-1.719881296157836914e-01 9.708787202835083008e-01 1.000000000000000000e+00 0.000000000000000000e+00 0.000000000000000000e+00
-9.381219744682312012e-02 1.724076271057128906e-01 1.000000000000000000e+00 0.000000000000000000e+00 0.000000000000000000e+00
-1.545987725257873535e-01 1.006353795528411865e-01 0.000000000000000000e+00 1.000000000000000000e+00 0.000000000000000000e+00
-5.096449851989746094e-01 -6.661068201065063477e-01 1.000000000000000000e+00 0.000000000000000000e+00 0.000000000000000000e+00
3.596215844154357910e-01 7.506862282752990723e-03 1.000000000000000000e+00 0.000000000000000000e+00 0.000000000000000000e+00
-3.508465737104415894e-02 6.706601381301879883e-02 0.000000000000000000e+00 1.000000000000000000e+00 0.000000000000000000e+00
-3.649480938911437988e-01 3.294259607791900635e-01 1.000000000000000000e+00 0.000000000000000000e+00 0.000000000000000000e+00
6.068223714828491211e-01 -4.764847457408905029e-02 1.000000000000000000e+00 0.000000000000000000e+00 0.000000000000000000e+00
3.975707590579986572e-01 -1.325543373823165894e-01 0.000000000000000000e+00 1.000000000000000000e+00 0.000000000000000000e+00
-1.370654225349426270e+00 -2.105311393737792969e+00 0.000000000000000000e+00 0.000000000000000000e+00 1.000000000000000000e+00
-5.439893007278442383e-01 1.295313835144042969e+00 0.000000000000000000e+00 0.000000000000000000e+00 1.000000000000000000e+00
-1.465445518493652344e+00 -4.577551484107971191e-01 0.000000000000000000e+00 0.000000000000000000e+00 1.000000000000000000e+00
-9.562636613845825195e-01 -1.890816688537597656e-01 0.000000000000000000e+00 0.000000000000000000e+00 1.000000000000000000e+00
-1.152050971984863281e+00 -3.779724240303039551e-01 0.000000000000000000e+00 0.000000000000000000e+00 1.000000000000000000e+00
-1.021153450012207031e+00 -2.923652529716491699e-01 0.000000000000000000e+00 0.000000000000000000e+00 1.000000000000000000e+00
-1.043738842010498047e+00 -3.657169938087463379e-01 0.000000000000000000e+00 0.000000000000000000e+00 1.000000000000000000e+00
-1.002983570098876953e+00 -3.532010912895202637e-01 0.000000000000000000e+00 0.000000000000000000e+00 1.000000000000000000e+00
-9.928113222122192383e-01 -3.605982661247253418e-01 0.000000000000000000e+00 0.000000000000000000e+00 1.000000000000000000e+00
-9.742417335510253906e-01 -3.421681523323059082e-01 0.000000000000000000e+00 0.000000000000000000e+00 1.000000000000000000e+00
-9.603875875473022461e-01 -3.450178503990173340e-01 0.000000000000000000e+00 0.000000000000000000e+00 1.000000000000000000e+00
-9.494140148162841797e-01 -3.416052460670471191e-01 0.000000000000000000e+00 0.000000000000000000e+00 1.000000000000000000e+00
-9.414561986923217773e-01 -3.377531170845031738e-01 0.000000000000000000e+00 0.000000000000000000e+00 1.000000000000000000e+00
-9.332623481750488281e-01 -3.337839245796203613e-01 0.000000000000000000e+00 0.000000000000000000e+00 1.000000000000000000e+00
-9.263799190521240234e-01 -3.319768309593200684e-01 0.000000000000000000e+00 0.000000000000000000e+00 1.000000000000000000e+00
-9.207456111907958984e-01 -3.306589722633361816e-01 0.000000000000000000e+00 0.000000000000000000e+00 1.000000000000000000e+00
-9.158307313919067383e-01 -3.310579657554626465e-01 0.000000000000000000e+00 0.000000000000000000e+00 1.000000000000000000e+00
-9.107484817504882812e-01 -3.309450745582580566e-01 0.000000000000000000e+00 0.000000000000000000e+00 1.000000000000000000e+00
-9.062471389770507812e-01 -3.288865685462951660e-01 0.000000000000000000e+00 0.000000000000000000e+00 1.000000000000000000e+00
-9.028686285018920898e-01 -3.220365643501281738e-01 0.000000000000000000e+00 0.000000000000000000e+00 1.000000000000000000e+00
-9.010844230651855469e-01 -3.144416213035583496e-01 0.000000000000000000e+00 0.000000000000000000e+00 1.000000000000000000e+00
-8.995064496994018555e-01 -3.107703924179077148e-01 0.000000000000000000e+00 0.000000000000000000e+00 1.000000000000000000e+00
-8.967448472976684570e-01 -3.113400936126708984e-01 0.000000000000000000e+00 0.000000000000000000e+00 1.000000000000000000e+00
-8.915317058563232422e-01 -3.135593533515930176e-01 0.000000000000000000e+00 0.000000000000000000e+00 1.000000000000000000e+00
-8.838313817977905273e-01 -3.168926835060119629e-01 0.000000000000000000e+00 0.000000000000000000e+00 1.000000000000000000e+00
-8.763840198516845703e-01 -3.201249241828918457e-01 0.000000000000000000e+00 0.000000000000000000e+00 1.000000000000000000e+00
-8.708419799804687500e-01 -3.172160983085632324e-01 0.000000000000000000e+00 0.000000000000000000e+00 1.000000000000000000e+00
-8.694168329238891602e-01 -3.116794824600219727e-01 0.000000000000000000e+00 0.000000000000000000e+00 1.000000000000000000e+00
-8.711823225021362305e-01 -3.096945285797119141e-01 0.000000000000000000e+00 0.000000000000000000e+00 1.000000000000000000e+00
0.000000000000000000e+00 0.000000000000000000e+00 0.000000000000000000e+00 0.000000000000000000e+00 0.000000000000000000e+00
0.000000000000000000e+00 0.000000000000000000e+00 0.000000000000000000e+00 0.000000000000000000e+00 0.000000000000000000e+00
0.000000000000000000e+00 0.000000000000000000e+00 0.000000000000000000e+00 0.000000000000000000e+00 0.000000000000000000e+00
0.000000000000000000e+00 0.000000000000000000e+00 0.000000000000000000e+00 0.000000000000000000e+00 0.000000000000000000e+00
0.000000000000000000e+00 0.000000000000000000e+00 0.000000000000000000e+00 0.000000000000000000e+00 0.000000000000000000e+00
0.000000000000000000e+00 0.000000000000000000e+00 0.000000000000000000e+00 0.000000000000000000e+00 0.000000000000000000e+00
0.000000000000000000e+00 0.000000000000000000e+00 0.000000000000000000e+00 0.000000000000000000e+00 0.000000000000000000e+00
0.000000000000000000e+00 0.000000000000000000e+00 0.000000000000000000e+00 0.000000000000000000e+00 0.000000000000000000e+00
0.000000000000000000e+00 0.000000000000000000e+00 0.000000000000000000e+00 0.000000000000000000e+00 0.000000000000000000e+00
0.000000000000000000e+00 0.000000000000000000e+00 0.000000000000000000e+00 0.000000000000000000e+00 0.000000000000000000e+00
0.000000000000000000e+00 0.000000000000000000e+00 0.000000000000000000e+00 0.000000000000000000e+00 0.000000000000000000e+00
0.000000000000000000e+00 0.000000000000000000e+00 0.000000000000000000e+00 0.000000000000000000e+00 0.000000000000000000e+00
0.000000000000000000e+00 0.000000000000000000e+00 0.000000000000000000e+00 0.000000000000000000e+00 0.000000000000000000e+00
0.000000000000000000e+00 0.000000000000000000e+00 0.000000000000000000e+00 0.000000000000000000e+00 0.000000000000000000e+00
0.000000000000000000e+00 0.000000000000000000e+00 0.000000000000000000e+00 0.000000000000000000e+00 0.000000000000000000e+00
0.000000000000000000e+00 0.000000000000000000e+00 0.000000000000000000e+00 0.000000000000000000e+00 0.000000000000000000e+00
0.000000000000000000e+00 0.000000000000000000e+00 0.000000000000000000e+00 0.000000000000000000e+00 0.000000000000000000e+00
0.000000000000000000e+00 0.000000000000000000e+00 0.000000000000000000e+00 0.000000000000000000e+00 0.000000000000000000e+00
0.000000000000000000e+00 0.000000000000000000e+00 0.000000000000000000e+00 0.000000000000000000e+00 0.000000000000000000e+00
0.000000000000000000e+00 0.000000000000000000e+00 0.000000000000000000e+00 0.000000000000000000e+00 0.000000000000000000e+00
0.000000000000000000e+00 0.000000000000000000e+00 0.000000000000000000e+00 0.000000000000000000e+00 0.000000000000000000e+00
0.000000000000000000e+00 0.000000000000000000e+00 0.000000000000000000e+00 0.000000000000000000e+00 0.000000000000000000e+00
0.000000000000000000e+00 0.000000000000000000e+00 0.000000000000000000e+00 0.000000000000000000e+00 0.000000000000000000e+00
0.000000000000000000e+00 0.000000000000000000e+00 0.000000000000000000e+00 0.000000000000000000e+00 0.000000000000000000e+00
0.000000000000000000e+00 0.000000000000000000e+00 0.000000000000000000e+00 0.000000000000000000e+00 0.000000000000000000e+00
0.000000000000000000e+00 0.000000000000000000e+00 0.000000000000000000e+00 0.000000000000000000e+00 0.000000000000000000e+00
0.000000000000000000e+00 0.000000000000000000e+00 0.000000000000000000e+00 0.000000000000000000e+00 0.000000000000000000e+00
0.000000000000000000e+00 0.000000000000000000e+00 0.000000000000000000e+00 0.000000000000000000e+00 0.000000000000000000e+00
0.000000000000000000e+00 0.000000000000000000e+00 0.000000000000000000e+00 0.000000000000000000e+00 0.000000000000000000e+00
0.000000000000000000e+00 0.000000000000000000e+00 0.000000000000000000e+00 0.000000000000000000e+00 0.000000000000000000e+00
0.000000000000000000e+00 0.000000000000000000e+00 0.000000000000000000e+00 0.000000000000000000e+00 0.000000000000000000e+00
0.000000000000000000e+00 0.000000000000000000e+00 0.000000000000000000e+00 0.000000000000000000e+00 0.000000000000000000e+00
0.000000000000000000e+00 0.000000000000000000e+00 0.000000000000000000e+00 0.000000000000000000e+00 0.000000000000000000e+00
0.000000000000000000e+00 0.000000000000000000e+00 0.000000000000000000e+00 0.000000000000000000e+00 0.000000000000000000e+00
0.000000000000000000e+00 0.000000000000000000e+00 0.000000000000000000e+00 0.000000000000000000e+00 0.000000000000000000e+00
0.000000000000000000e+00 0.000000000000000000e+00 0.000000000000000000e+00 0.000000000000000000e+00 0.000000000000000000e+00
0.000000000000000000e+00 0.000000000000000000e+00 0.000000000000000000e+00 0.000000000000000000e+00 0.000000000000000000e+00
0.000000000000000000e+00 0.000000000000000000e+00 0.000000000000000000e+00 0.000000000000000000e+00 0.000000000000000000e+00
0.000000000000000000e+00 0.000000000000000000e+00 0.000000000000000000e+00 0.000000000000000000e+00 0.000000000000000000e+00
0.000000000000000000e+00 0.000000000000000000e+00 0.000000000000000000e+00 0.000000000000000000e+00 0.000000000000000000e+00
0.000000000000000000e+00 0.000000000000000000e+00 0.000000000000000000e+00 0.000000000000000000e+00 0.000000000000000000e+00
0.000000000000000000e+00 0.000000000000000000e+00 0.000000000000000000e+00 0.000000000000000000e+00 0.000000000000000000e+00
