0.000000000000000000e+00 0.000000000000000000e+00 1.000000000000000000e+00 0.000000000000000000e+00 0.000000000000000000e+00
3.606635332107543945e-01 2.770988941192626953e-01 1.000000000000000000e+00 0.000000000000000000e+00 0.000000000000000000e+00
3.250584006309509277e-01 4.819140583276748657e-02 0.000000000000000000e+00 1.000000000000000000e+00 0.000000000000000000e+00
7.654504179954528809e-01 -4.596576094627380371e-01 1.000000000000000000e+00 0.000000000000000000e+00 0.000000000000000000e+00
-1.208409070968627930e+00 9.955929517745971680e-01 1.000000000000000000e+00 0.000000000000000000e+00 0.000000000000000000e+00
8.776154518127441406e-01 -8.884738385677337646e-02 1.000000000000000000e+00 0.000000000000000000e+00 0.000000000000000000e+00
7.273620367050170898e-02 4.059942811727523804e-02 0.000000000000000000e+00 1.000000000000000000e+00 0.000000000000000000e+00
-1.401845574378967285e+00 8.666461110115051270e-01 1.000000000000000000e+00 0.000000000000000000e+00 0.000000000000000000e+00
1.093865394592285156e+00 -1.188150942325592041e-01 1.000000000000000000e+00 0.000000000000000000e+00 0.000000000000000000e+00
5.559374094009399414e-01 -1.852782070636749268e-01 1.000000000000000000e+00 0.000000000000000000e+00 0.000000000000000000e+00
1.657958477735519409e-01 -1.467751413583755493e-01 0.000000000000000000e+00 1.000000000000000000e+00 0.000000000000000000e+00
-7.842901945114135742e-01 -1.440670609474182129e+00 1.000000000000000000e+00 0.000000000000000000e+00 0.000000000000000000e+00
5.481489002704620361e-02 6.877353191375732422e-01 1.000000000000000000e+00 0.000000000000000000e+00 0.000000000000000000e+00
-7.958353310823440552e-02 5.262811183929443359e-01 1.000000000000000000e+00 0.000000000000000000e+00 0.000000000000000000e+00
-4.057830572128295898e-01 1.241278767585754395e+00 1.000000000000000000e+00 0.000000000000000000e+00 0.000000000000000000e+00
-1.889240145683288574e-01 3.393538594245910645e-01 1.000000000000000000e+00 0.000000000000000000e+00 0.000000000000000000e+00
-1.546513438224792480e-01 1.221876591444015503e-01 0.000000000000000000e+00 1.000000000000000000e+00 0.000000000000000000e+00
1.866763591766357422e+00 -2.021267175674438477e+00 1.000000000000000000e+00 0.000000000000000000e+00 0.000000000000000000e+00
-1.565517112612724304e-02 6.880548000335693359e-01 1.000000000000000000e+00 0.000000000000000000e+00 0.000000000000000000e+00
5.529357492923736572e-02 6.980316340923309326e-02 0.000000000000000000e+00 1.000000000000000000e+00 0.000000000000000000e+00
7.379312515258789062e-01 -1.952183485031127930e+00 1.000000000000000000e+00 0.000000000000000000e+00 0.000000000000000000e+00
1.704226732254028320e-01 7.888206243515014648e-01 1.000000000000000000e+00 0.000000000000000000e+00 0.000000000000000000e+00
3.104141354560852051e-02 1.227071404457092285e+00 1.000000000000000000e+00 0.000000000000000000e+00 0.000000000000000000e+00
-1.222765147686004639e-01 1.096335291862487793e+00 1.000000000000000000e+00 0.000000000000000000e+00 0.000000000000000000e+00
-1.092606484889984131e-01 3.064570724964141846e-01 1.000000000000000000e+00 0.000000000000000000e+00 0.000000000000000000e+00
-1.360770016908645630e-01 1.173014864325523376e-01 1.000000000000000000e+00 0.000000000000000000e+00 0.000000000000000000e+00
-1.886606216430664062e-01 1.292880810797214508e-02 1.000000000000000000e+00 0.000000000000000000e+00 0.000000000000000000e+00
-3.107045888900756836e-01 -1.077196449041366577e-01 1.000000000000000000e+00 0.000000000000000000e+00 0.000000000000000000e+00
-4.091833829879760742e-01 -3.249239921569824219e-01 0.000000000000000000e+00 1.000000000000000000e+00 0.000000000000000000e+00
-4.173064827919006348e-01 -2.519932270050048828e+00 0.000000000000000000e+00 0.000000000000000000e+00 1.000000000000000000e+00
-7.315381765365600586e-01 4.292213320732116699e-01 0.000000000000000000e+00 0.000000000000000000e+00 1.000000000000000000e+00
-1.179899096488952637e+00 -4.020851254463195801e-01 0.000000000000000000e+00 0.000000000000000000e+00 1.000000000000000000e+00
-8.512831926345825195e-01 -2.465807795524597168e-01 0.000000000000000000e+00 0.000000000000000000e+00 1.000000000000000000e+00
-9.126378297805786133e-01 -3.675346970558166504e-01 0.000000000000000000e+00 0.000000000000000000e+00 1.000000000000000000e+00
-8.583012819290161133e-01 -3.533366322517395020e-01 0.000000000000000000e+00 0.000000000000000000e+00 1.000000000000000000e+00
-8.578211069107055664e-01 -3.518143296241760254e-01 0.000000000000000000e+00 0.000000000000000000e+00 1.000000000000000000e+00
-8.400012254714965820e-01 -3.464570641517639160e-01 0.000000000000000000e+00 0.000000000000000000e+00 1.000000000000000000e+00
-8.447871208190917969e-01 -3.306967616081237793e-01 0.000000000000000000e+00 0.000000000000000000e+00 1.000000000000000000e+00
-8.351439237594604492e-01 -3.217526078224182129e-01 0.000000000000000000e+00 0.000000000000000000e+00 1.000000000000000000e+00
-7.973206043243408203e-01 -3.355390429496765137e-01 0.000000000000000000e+00 0.000000000000000000e+00 1.000000000000000000e+00
-7.867182493209838867e-01 -3.305607438087463379e-01 0.000000000000000000e+00 0.000000000000000000e+00 1.000000000000000000e+00
-7.823789119720458984e-01 -3.158083558082580566e-01 0.000000000000000000e+00 0.000000000000000000e+00 1.000000000000000000e+00
-7.816957235336303711e-01 -3.065333962440490723e-01 0.000000000000000000e+00 0.000000000000000000e+00 1.000000000000000000e+00
-7.783445119857788086e-01 -3.043513894081115723e-01 0.000000000000000000e+00 0.000000000000000000e+00 1.000000000000000000e+00
-7.701480388641357422e-01 -3.080120682716369629e-01 0.000000000000000000e+00 0.000000000000000000e+00 1.000000000000000000e+00
-7.553539276123046875e-01 -3.213043808937072754e-01 0.000000000000000000e+00 0.000000000000000000e+00 1.000000000000000000e+00
-7.433166503906250000e-01 -3.335390686988830566e-01 0.000000000000000000e+00 0.000000000000000000e+00 1.000000000000000000e+00
-7.363890409469604492e-01 -3.326405882835388184e-01 0.000000000000000000e+00 0.000000000000000000e+00 1.000000000000000000e+00
-7.384083271026611328e-01 -3.259155154228210449e-01 0.000000000000000000e+00 0.000000000000000000e+00 1.000000000000000000e+00
-7.395762205123901367e-01 -3.204869627952575684e-01 0.000000000000000000e+00 0.000000000000000000e+00 1.000000000000000000e+00
-7.331552505493164062e-01 -3.173255324363708496e-01 0.000000000000000000e+00 0.000000000000000000e+00 1.000000000000000000e+00
-7.239013910293579102e-01 -3.165457844734191895e-01 0.000000000000000000e+00 0.000000000000000000e+00 1.000000000000000000e+00
-7.197806835174560547e-01 -3.273310065269470215e-01 0.000000000000000000e+00 0.000000000000000000e+00 1.000000000000000000e+00
-7.158056497573852539e-01 -3.365705609321594238e-01 0.000000000000000000e+00 0.000000000000000000e+00 1.000000000000000000e+00
-7.119239568710327148e-01 -3.302549719810485840e-01 0.000000000000000000e+00 0.000000000000000000e+00 1.000000000000000000e+00
-7.164087295532226562e-01 -3.134057521820068359e-01 0.000000000000000000e+00 0.000000000000000000e+00 1.000000000000000000e+00
-7.149434089660644531e-01 -3.130885958671569824e-01 0.000000000000000000e+00 0.000000000000000000e+00 1.000000000000000000e+00
-7.003313302993774414e-01 -3.199353814125061035e-01 0.000000000000000000e+00 0.000000000000000000e+00 1.000000000000000000e+00
-6.895674467086791992e-01 -3.261920809745788574e-01 0.000000000000000000e+00 0.000000000000000000e+00 1.000000000000000000e+00
-6.894984245300292969e-01 -3.299472928047180176e-01 0.000000000000000000e+00 0.000000000000000000e+00 1.000000000000000000e+00
-6.905456781387329102e-01 -3.347752690315246582e-01 0.000000000000000000e+00 0.000000000000000000e+00 1.000000000000000000e+00
-6.886426210403442383e-01 -3.259114623069763184e-01 0.000000000000000000e+00 0.000000000000000000e+00 1.000000000000000000e+00
-6.900887489318847656e-01 -3.134090900421142578e-01 0.000000000000000000e+00 0.000000000000000000e+00 1.000000000000000000e+00
-6.836117506027221680e-01 -3.084730505943298340e-01 0.000000000000000000e+00 0.000000000000000000e+00 1.000000000000000000e+00
-6.685347557067871094e-01 -3.083098530769348145e-01 0.000000000000000000e+00 0.000000000000000000e+00 1.000000000000000000e+00
-6.611299514770507812e-01 -3.112333416938781738e-01 0.000000000000000000e+00 0.000000000000000000e+00 1.000000000000000000e+00
-6.645787954330444336e-01 -3.171109557151794434e-01 0.000000000000000000e+00 0.000000000000000000e+00 1.000000000000000000e+00
-6.689283847808837891e-01 -3.187127709388732910e-01 0.000000000000000000e+00 0.000000000000000000e+00 1.000000000000000000e+00
-6.751083135604858398e-01 -3.112040758132934570e-01 0.000000000000000000e+00 0.000000000000000000e+00 1.000000000000000000e+00
-6.753218173980712891e-01 -3.042102456092834473e-01 0.000000000000000000e+00 0.000000000000000000e+00 1.000000000000000000e+00
-6.636424064636230469e-01 -3.009487390518188477e-01 0.000000000000000000e+00 0.000000000000000000e+00 1.000000000000000000e+00
-6.525185704231262207e-01 -3.017854094505310059e-01 0.000000000000000000e+00 0.000000000000000000e+00 1.000000000000000000e+00
-6.482602357864379883e-01 -3.059555888175964355e-01 0.000000000000000000e+00 0.000000000000000000e+00 1.000000000000000000e+00
0.000000000000000000e+00 0.000000000000000000e+00 0.000000000000000000e+00 0.000000000000000000e+00 0.000000000000000000e+00
0.000000000000000000e+00 0.000000000000000000e+00 0.000000000000000000e+00 0.000000000000000000e+00 0.000000000000000000e+00
0.000000000000000000e+00 0.000000000000000000e+00 0.000000000000000000e+00 0.000000000000000000e+00 0.000000000000000000e+00
0.000000000000000000e+00 0.000000000000000000e+00 0.000000000000000000e+00 0.000000000000000000e+00 0.000000000000000000e+00
0.000000000000000000e+00 0.000000000000000000e+00 0.000000000000000000e+00 0.000000000000000000e+00 0.000000000000000000e+00
0.000000000000000000e+00 0.000000000000000000e+00 0.000000000000000000e+00 0.000000000000000000e+00 0.000000000000000000e+00
0.000000000000000000e+00 0.000000000000000000e+00 0.000000000000000000e+00 0.000000000000000000e+00 0.000000000000000000e+00
0.000000000000000000e+00 0.000000000000000000e+00 0.000000000000000000e+00 0.000000000000000000e+00 0.000000000000000000e+00
0.000000000000000000e+00 0.000000000000000000e+00 0.000000000000000000e+00 0.000000000000000000e+00 0.000000000000000000e+00
0.000000000000000000e+00 0.000000000000000000e+00 0.000000000000000000e+00 0.000000000000000000e+00 0.000000000000000000e+00
0.000000000000000000e+00 0.000000000000000000e+00 0.000000000000000000e+00 0.000000000000000000e+00 0.000000000000000000e+00
0.000000000000000000e+00 0.000000000000000000e+00 0.000000000000000000e+00 0.000000000000000000e+00 0.000000000000000000e+00
0.000000000000000000e+00 0.000000000000000000e+00 0.000000000000000000e+00 0.000000000000000000e+00 0.000000000000000000e+00
0.000000000000000000e+00 0.000000000000000000e+00 0.000000000000000000e+00 0.000000000000000000e+00 0.000000000000000000e+00
0.000000000000000000e+00 0.000000000000000000e+00 0.000000000000000000e+00 0.000000000000000000e+00 0.000000000000000000e+00
0.000000000000000000e+00 0.000000000000000000e+00 0.000000000000000000e+00 0.000000000000000000e+00 0.000000000000000000e+00
0.000000000000000000e+00 0.000000000000000000e+00 0.000000000000000000e+00 0.000000000000000000e+00 0.000000000000000000e+00
0.000000000000000000e+00 0.000000000000000000e+00 0.000000000000000000e+00 0.000000000000000000e+00 0.000000000000000000e+00
0.000000000000000000e+00 0.000000000000000000e+00 0.000000000000000000e+00 0.000000000000000000e+00 0.000000000000000000e+00
0.000000000000000000e+00 0.000000000000000000e+00 0.000000000000000000e+00 0.000000000000000000e+00 0.000000000000000000e+00
0.000000000000000000e+00 0.000000000000000000e+00 0.000000000000000000e+00 0.000000000000000000e+00 0.000000000000000000e+00
0.000000000000000000e+00 0.000000000000000000e+00 0.000000000000000000e+00 0.000000000000000000e+00 0.000000000000000000e+00
0.000000000000000000e+00 0.000000000000000000e+00 0.000000000000000000e+00 0.000000000000000000e+00 0.000000000000000000e+00
0.000000000000000000e+00 0.000000000000000000e+00 0.000000000000000000e+00 0.000000000000000000e+00 0.000000000000000000e+00
0.000000000000000000e+00 0.000000000000000000e+00 0.000000000000000000e+00 0.000000000000000000e+00 0.000000000000000000e+00
0.000000000000000000e+00 0.000000000000000000e+00 0.000000000000000000e+00 0.000000000000000000e+00 0.000000000000000000e+00
0.000000000000000000e+00 0.000000000000000000e+00 0.000000000000000000e+00 0.000000000000000000e+00 0.000000000000000000e+00
0.000000000000000000e+00 0.000000000000000000e+00 0.000000000000000000e+00 0.000000000000000000e+00 0.000000000000000000e+00
0.000000000000000000e+00 0.000000000000000000e+00 0.000000000000000000e+00 0.000000000000000000e+00 0.000000000000000000e+00
0.000000000000000000e+00 0.000000000000000000e+00 0.000000000000000000e+00 0.000000000000000000e+00 0.000000000000000000e+00
0.000000000000000000e+00 0.000000000000000000e+00 0.000000000000000000e+00 0.000000000000000000e+00 0.000000000000000000e+00
0.000000000000000000e+00 0.000000000000000000e+00 0.000000000000000000e+00 0.000000000000000000e+00 0.000000000000000000e+00
0.000000000000000000e+00 0.000000000000000000e+00 0.000000000000000000e+00 0.000000000000000000e+00 0.000000000000000000e+00
0.000000000000000000e+00 0.000000000000000000e+00 0.000000000000000000e+00 0.000000000000000000e+00 0.000000000000000000e+00
0.000000000000000000e+00 0.000000000000000000e+00 0.000000000000000000e+00 0.000000000000000000e+00 0.000000000000000000e+00
0.000000000000000000e+00 0.000000000000000000e+00 0.000000000000000000e+00 0.000000000000000000e+00 0.000000000000000000e+00
0.000000000000000000e+00 0.000000000000000000e+00 0.000000000000000000e+00 0.000000000000000000e+00 0.000000000000000000e+00
0.000000000000000000e+00 0.000000000000000000e+00 0.000000000000000000e+00 0.000000000000000000e+00 0.000000000000000000e+00
0.000000000000000000e+00 0.000000000000000000e+00 0.000000000000000000e+00 0.000000000000000000e+00 0.000000000000000000e+00
0.000000000000000000e+00 0.000000000000000000e+00 0.000000000000000000e+00 0.000000000000000000e+00 0.000000000000000000e+00
0.000000000000000000e+00 0.000000000000000000e+00 0.000000000000000000e+00 0.000000000000000000e+00 0.000000000000000000e+00
0.000000000000000000e+00 0.000000000000000000e+00 0.000000000000000000e+00 0.000000000000000000e+00 0.000000000000000000e+00
0.000000000000000000e+00 0.000000000000000000e+00 0.000000000000000000e+00 0.000000000000000000e+00 0.000000000000000000e+00
0.000000000000000000e+00 0.000000000000000000e+00 0.000000000000000000e+00 0.000000000000000000e+00 0.000000000000000000e+00
0.000000000000000000e+00 0.000000000000000000e+00 0.000000000000000000e+00 0.000000000000000000e+00 0.000000000000000000e+00
0.000000000000000000e+00 0.000000000000000000e+00 0.000000000000000000e+00 0.000000000000000000e+00 0.000000000000000000e+00
0.000000000000000000e+00 0.000000000000000000e+00 0.000000000000000000e+00 0.000000000000000000e+00 0.000000000000000000e+00
0.000000000000000000e+00 0.000000000000000000e+00 0.000000000000000000e+00 0.000000000000000000e+00 0.000000000000000000e+00
