0.000000000000000000e+00 0.000000000000000000e+00 1.000000000000000000e+00 0.000000000000000000e+00 0.000000000000000000e+00
5.931090116500854492e-01 -9.817308187484741211e-02 1.000000000000000000e+00 0.000000000000000000e+00 0.000000000000000000e+00
8.643701672554016113e-02 4.227146878838539124e-02 0.000000000000000000e+00 1.000000000000000000e+00 0.000000000000000000e+00
-8.507981896400451660e-01 9.374874830245971680e-01 1.000000000000000000e+00 0.000000000000000000e+00 0.000000000000000000e+00
6.422326564788818359e-01 -1.065443605184555054e-01 1.000000000000000000e+00 0.000000000000000000e+00 0.000000000000000000e+00
-4.387404024600982666e-01 9.036134481430053711e-01 1.000000000000000000e+00 0.000000000000000000e+00 0.000000000000000000e+00
5.622682571411132812e-01 -2.429843693971633911e-01 1.000000000000000000e+00 0.000000000000000000e+00 0.000000000000000000e+00
1.824609488248825073e-01 4.270658269524574280e-02 1.000000000000000000e+00 0.000000000000000000e+00 0.000000000000000000e+00
2.413668856024742126e-02 2.439882159233093262e-01 0.000000000000000000e+00 1.000000000000000000e+00 0.000000000000000000e+00
5.674592256546020508e-01 -1.087523937225341797e+00 1.000000000000000000e+00 0.000000000000000000e+00 0.000000000000000000e+00
9.044648408889770508e-01 -1.799340993165969849e-01 1.000000000000000000e+00 0.000000000000000000e+00 0.000000000000000000e+00
3.609552383422851562e-01 6.594400107860565186e-02 1.000000000000000000e+00 0.000000000000000000e+00 0.000000000000000000e+00
8.448365330696105957e-02 3.642787933349609375e-01 1.000000000000000000e+00 0.000000000000000000e+00 0.000000000000000000e+00
-1.153217554092407227e-01 6.206898689270019531e-01 1.000000000000000000e+00 0.000000000000000000e+00 0.000000000000000000e+00
-2.791081070899963379e-01 5.278164148330688477e-01 1.000000000000000000e+00 0.000000000000000000e+00 0.000000000000000000e+00
-1.290564835071563721e-01 6.812865287065505981e-02 1.000000000000000000e+00 0.000000000000000000e+00 0.000000000000000000e+00
-1.657547205686569214e-01 -8.688670396804809570e-02 1.000000000000000000e+00 0.000000000000000000e+00 0.000000000000000000e+00
-2.010637819766998291e-01 -3.424253761768341064e-01 0.000000000000000000e+00 1.000000000000000000e+00 0.000000000000000000e+00
4.242751896381378174e-01 -2.274468183517456055e+00 1.000000000000000000e+00 0.000000000000000000e+00 0.000000000000000000e+00
6.826332956552505493e-02 -9.280093014240264893e-03 1.000000000000000000e+00 0.000000000000000000e+00 0.000000000000000000e+00
-4.626056179404258728e-02 3.262238502502441406e-01 1.000000000000000000e+00 0.000000000000000000e+00 0.000000000000000000e+00
-5.314307212829589844e-01 1.353123426437377930e+00 1.000000000000000000e+00 0.000000000000000000e+00 0.000000000000000000e+00
-7.308481335639953613e-01 1.322486162185668945e+00 1.000000000000000000e+00 0.000000000000000000e+00 0.000000000000000000e+00
-5.199348330497741699e-01 6.367368698120117188e-01 0.000000000000000000e+00 1.000000000000000000e+00 0.000000000000000000e+00
2.639552950859069824e-01 -2.886846065521240234e+00 0.000000000000000000e+00 0.000000000000000000e+00 1.000000000000000000e+00
-7.032656073570251465e-01 5.887777805328369141e-01 0.000000000000000000e+00 0.000000000000000000e+00 1.000000000000000000e+00
-1.198460817337036133e+00 -4.271454215049743652e-01 0.000000000000000000e+00 0.000000000000000000e+00 1.000000000000000000e+00
-8.065378665924072266e-01 -3.928666710853576660e-01 0.000000000000000000e+00 0.000000000000000000e+00 1.000000000000000000e+00
-8.593393564224243164e-01 -3.261905312538146973e-01 0.000000000000000000e+00 0.000000000000000000e+00 1.000000000000000000e+00
-8.312168121337890625e-01 -3.050846457481384277e-01 0.000000000000000000e+00 0.000000000000000000e+00 1.000000000000000000e+00
-8.219311237335205078e-01 -2.873681783676147461e-01 0.000000000000000000e+00 0.000000000000000000e+00 1.000000000000000000e+00
-7.978371381759643555e-01 -2.826968431472778320e-01 0.000000000000000000e+00 0.000000000000000000e+00 1.000000000000000000e+00
-7.771135568618774414e-01 -2.615002989768981934e-01 0.000000000000000000e+00 0.000000000000000000e+00 1.000000000000000000e+00
-7.659876346588134766e-01 -2.261626124382019043e-01 0.000000000000000000e+00 0.000000000000000000e+00 1.000000000000000000e+00
-7.593104839324951172e-01 -2.059673666954040527e-01 0.000000000000000000e+00 0.000000000000000000e+00 1.000000000000000000e+00
-7.592282295227050781e-01 -2.001249790191650391e-01 0.000000000000000000e+00 0.000000000000000000e+00 1.000000000000000000e+00
-7.575703859329223633e-01 -2.018079757690429688e-01 0.000000000000000000e+00 0.000000000000000000e+00 1.000000000000000000e+00
-7.503986358642578125e-01 -2.109828591346740723e-01 0.000000000000000000e+00 0.000000000000000000e+00 1.000000000000000000e+00
-7.408306598663330078e-01 -2.179744243621826172e-01 0.000000000000000000e+00 0.000000000000000000e+00 1.000000000000000000e+00
-7.354211807250976562e-01 -2.138010263442993164e-01 0.000000000000000000e+00 0.000000000000000000e+00 1.000000000000000000e+00
-7.335903644561767578e-01 -2.035059928894042969e-01 0.000000000000000000e+00 0.000000000000000000e+00 1.000000000000000000e+00
-7.314227819442749023e-01 -1.948279738426208496e-01 0.000000000000000000e+00 0.000000000000000000e+00 1.000000000000000000e+00
-7.284553050994873047e-01 -1.914603710174560547e-01 0.000000000000000000e+00 0.000000000000000000e+00 1.000000000000000000e+00
-7.209841012954711914e-01 -1.954812407493591309e-01 0.000000000000000000e+00 0.000000000000000000e+00 1.000000000000000000e+00
-7.091304063796997070e-01 -2.063468694686889648e-01 0.000000000000000000e+00 0.000000000000000000e+00 1.000000000000000000e+00
-6.979045867919921875e-01 -2.191564440727233887e-01 0.000000000000000000e+00 0.000000000000000000e+00 1.000000000000000000e+00
-6.917344331741333008e-01 -2.277150750160217285e-01 0.000000000000000000e+00 0.000000000000000000e+00 1.000000000000000000e+00
-6.895076632499694824e-01 -2.313029766082763672e-01 0.000000000000000000e+00 0.000000000000000000e+00 1.000000000000000000e+00
-6.895967721939086914e-01 -2.294309735298156738e-01 0.000000000000000000e+00 0.000000000000000000e+00 1.000000000000000000e+00
-6.878882646560668945e-01 -2.266261577606201172e-01 0.000000000000000000e+00 0.000000000000000000e+00 1.000000000000000000e+00
-6.820558309555053711e-01 -2.258678674697875977e-01 0.000000000000000000e+00 0.000000000000000000e+00 1.000000000000000000e+00
-6.767088174819946289e-01 -2.245612740516662598e-01 0.000000000000000000e+00 0.000000000000000000e+00 1.000000000000000000e+00
-6.739847660064697266e-01 -2.259051799774169922e-01 0.000000000000000000e+00 0.000000000000000000e+00 1.000000000000000000e+00
-6.719932556152343750e-01 -2.293115258216857910e-01 0.000000000000000000e+00 0.000000000000000000e+00 1.000000000000000000e+00
-6.720132827758789062e-01 -2.340179681777954102e-01 0.000000000000000000e+00 0.000000000000000000e+00 1.000000000000000000e+00
-6.708394289016723633e-01 -2.375492453575134277e-01 0.000000000000000000e+00 0.000000000000000000e+00 1.000000000000000000e+00
-6.652448177337646484e-01 -2.421085834503173828e-01 0.000000000000000000e+00 0.000000000000000000e+00 1.000000000000000000e+00
-6.564019918441772461e-01 -2.462647557258605957e-01 0.000000000000000000e+00 0.000000000000000000e+00 1.000000000000000000e+00
-6.519145965576171875e-01 -2.437054514884948730e-01 0.000000000000000000e+00 0.000000000000000000e+00 1.000000000000000000e+00
-6.494460105895996094e-01 -2.414900660514831543e-01 0.000000000000000000e+00 0.000000000000000000e+00 1.000000000000000000e+00
-6.452140808105468750e-01 -2.409966588020324707e-01 0.000000000000000000e+00 0.000000000000000000e+00 1.000000000000000000e+00
-6.424659490585327148e-01 -2.403499484062194824e-01 0.000000000000000000e+00 0.000000000000000000e+00 1.000000000000000000e+00
-6.393036842346191406e-01 -2.395672202110290527e-01 0.000000000000000000e+00 0.000000000000000000e+00 1.000000000000000000e+00
-6.336967945098876953e-01 -2.400447130203247070e-01 0.000000000000000000e+00 0.000000000000000000e+00 1.000000000000000000e+00
-6.277822256088256836e-01 -2.417225837707519531e-01 0.000000000000000000e+00 0.000000000000000000e+00 1.000000000000000000e+00
-6.265666484832763672e-01 -2.420164346694946289e-01 0.000000000000000000e+00 0.000000000000000000e+00 1.000000000000000000e+00
-6.254657506942749023e-01 -2.441281676292419434e-01 0.000000000000000000e+00 0.000000000000000000e+00 1.000000000000000000e+00
-6.245484352111816406e-01 -2.457098960876464844e-01 0.000000000000000000e+00 0.000000000000000000e+00 1.000000000000000000e+00
-6.242074370384216309e-01 -2.445963025093078613e-01 0.000000000000000000e+00 0.000000000000000000e+00 1.000000000000000000e+00
0.000000000000000000e+00 0.000000000000000000e+00 0.000000000000000000e+00 0.000000000000000000e+00 0.000000000000000000e+00
0.000000000000000000e+00 0.000000000000000000e+00 0.000000000000000000e+00 0.000000000000000000e+00 0.000000000000000000e+00
0.000000000000000000e+00 0.000000000000000000e+00 0.000000000000000000e+00 0.000000000000000000e+00 0.000000000000000000e+00
0.000000000000000000e+00 0.000000000000000000e+00 0.000000000000000000e+00 0.000000000000000000e+00 0.000000000000000000e+00
0.000000000000000000e+00 0.000000000000000000e+00 0.000000000000000000e+00 0.000000000000000000e+00 0.000000000000000000e+00
0.000000000000000000e+00 0.000000000000000000e+00 0.000000000000000000e+00 0.000000000000000000e+00 0.000000000000000000e+00
0.000000000000000000e+00 0.000000000000000000e+00 0.000000000000000000e+00 0.000000000000000000e+00 0.000000000000000000e+00
0.000000000000000000e+00 0.000000000000000000e+00 0.000000000000000000e+00 0.000000000000000000e+00 0.000000000000000000e+00
0.000000000000000000e+00 0.000000000000000000e+00 0.000000000000000000e+00 0.000000000000000000e+00 0.000000000000000000e+00
0.000000000000000000e+00 0.000000000000000000e+00 0.000000000000000000e+00 0.000000000000000000e+00 0.000000000000000000e+00
0.000000000000000000e+00 0.000000000000000000e+00 0.000000000000000000e+00 0.000000000000000000e+00 0.000000000000000000e+00
0.000000000000000000e+00 0.000000000000000000e+00 0.000000000000000000e+00 0.000000000000000000e+00 0.000000000000000000e+00
0.000000000000000000e+00 0.000000000000000000e+00 0.000000000000000000e+00 0.000000000000000000e+00 0.000000000000000000e+00
0.000000000000000000e+00 0.000000000000000000e+00 0.000000000000000000e+00 0.000000000000000000e+00 0.000000000000000000e+00
0.000000000000000000e+00 0.000000000000000000e+00 0.000000000000000000e+00 0.000000000000000000e+00 0.000000000000000000e+00
0.000000000000000000e+00 0.000000000000000000e+00 0.000000000000000000e+00 0.000000000000000000e+00 0.000000000000000000e+00
0.000000000000000000e+00 0.000000000000000000e+00 0.000000000000000000e+00 0.000000000000000000e+00 0.000000000000000000e+00
0.000000000000000000e+00 0.000000000000000000e+00 0.000000000000000000e+00 0.000000000000000000e+00 0.000000000000000000e+00
0.000000000000000000e+00 0.000000000000000000e+00 0.000000000000000000e+00 0.000000000000000000e+00 0.000000000000000000e+00
0.000000000000000000e+00 0.000000000000000000e+00 0.000000000000000000e+00 0.000000000000000000e+00 0.000000000000000000e+00
0.000000000000000000e+00 0.000000000000000000e+00 0.000000000000000000e+00 0.000000000000000000e+00 0.000000000000000000e+00
0.000000000000000000e+00 0.000000000000000000e+00 0.000000000000000000e+00 0.000000000000000000e+00 0.000000000000000000e+00
0.000000000000000000e+00 0.000000000000000000e+00 0.000000000000000000e+00 0.000000000000000000e+00 0.000000000000000000e+00
0.000000000000000000e+00 0.000000000000000000e+00 0.000000000000000000e+00 0.000000000000000000e+00 0.000000000000000000e+00
0.000000000000000000e+00 0.000000000000000000e+00 0.000000000000000000e+00 0.000000000000000000e+00 0.000000000000000000e+00
0.000000000000000000e+00 0.000000000000000000e+00 0.000000000000000000e+00 0.000000000000000000e+00 0.000000000000000000e+00
0.000000000000000000e+00 0.000000000000000000e+00 0.000000000000000000e+00 0.000000000000000000e+00 0.000000000000000000e+00
0.000000000000000000e+00 0.000000000000000000e+00 0.000000000000000000e+00 0.000000000000000000e+00 0.000000000000000000e+00
0.000000000000000000e+00 0.000000000000000000e+00 0.000000000000000000e+00 0.000000000000000000e+00 0.000000000000000000e+00
0.000000000000000000e+00 0.000000000000000000e+00 0.000000000000000000e+00 0.000000000000000000e+00 0.000000000000000000e+00
0.000000000000000000e+00 0.000000000000000000e+00 0.000000000000000000e+00 0.000000000000000000e+00 0.000000000000000000e+00
0.000000000000000000e+00 0.000000000000000000e+00 0.000000000000000000e+00 0.000000000000000000e+00 0.000000000000000000e+00
0.000000000000000000e+00 0.000000000000000000e+00 0.000000000000000000e+00 0.000000000000000000e+00 0.000000000000000000e+00
0.000000000000000000e+00 0.000000000000000000e+00 0.000000000000000000e+00 0.000000000000000000e+00 0.000000000000000000e+00
0.000000000000000000e+00 0.000000000000000000e+00 0.000000000000000000e+00 0.000000000000000000e+00 0.000000000000000000e+00
0.000000000000000000e+00 0.000000000000000000e+00 0.000000000000000000e+00 0.000000000000000000e+00 0.000000000000000000e+00
0.000000000000000000e+00 0.000000000000000000e+00 0.000000000000000000e+00 0.000000000000000000e+00 0.000000000000000000e+00
0.000000000000000000e+00 0.000000000000000000e+00 0.000000000000000000e+00 0.000000000000000000e+00 0.000000000000000000e+00
0.000000000000000000e+00 0.000000000000000000e+00 0.000000000000000000e+00 0.000000000000000000e+00 0.000000000000000000e+00
0.000000000000000000e+00 0.000000000000000000e+00 0.000000000000000000e+00 0.000000000000000000e+00 0.000000000000000000e+00
0.000000000000000000e+00 0.000000000000000000e+00 0.000000000000000000e+00 0.000000000000000000e+00 0.000000000000000000e+00
0.000000000000000000e+00 0.000000000000000000e+00 0.000000000000000000e+00 0.000000000000000000e+00 0.000000000000000000e+00
0.000000000000000000e+00 0.000000000000000000e+00 0.000000000000000000e+00 0.000000000000000000e+00 0.000000000000000000e+00
0.000000000000000000e+00 0.000000000000000000e+00 0.000000000000000000e+00 0.000000000000000000e+00 0.000000000000000000e+00
0.000000000000000000e+00 0.000000000000000000e+00 0.000000000000000000e+00 0.000000000000000000e+00 0.000000000000000000e+00
0.000000000000000000e+00 0.000000000000000000e+00 0.000000000000000000e+00 0.000000000000000000e+00 0.000000000000000000e+00
0.000000000000000000e+00 0.000000000000000000e+00 0.000000000000000000e+00 0.000000000000000000e+00 0.000000000000000000e+00
0.000000000000000000e+00 0.000000000000000000e+00 0.000000000000000000e+00 0.000000000000000000e+00 0.000000000000000000e+00
0.000000000000000000e+00 0.000000000000000000e+00 0.000000000000000000e+00 0.000000000000000000e+00 0.000000000000000000e+00
0.000000000000000000e+00 0.000000000000000000e+00 0.000000000000000000e+00 0.000000000000000000e+00 0.000000000000000000e+00
0.000000000000000000e+00 0.000000000000000000e+00 0.000000000000000000e+00 0.000000000000000000e+00 0.000000000000000000e+00
0.000000000000000000e+00 0.000000000000000000e+00 0.000000000000000000e+00 0.000000000000000000e+00 0.000000000000000000e+00
