0.000000000000000000e+00 0.000000000000000000e+00 1.000000000000000000e+00 0.000000000000000000e+00 0.000000000000000000e+00
1.743819236755371094e+00 -3.111822903156280518e-01 1.000000000000000000e+00 0.000000000000000000e+00 0.000000000000000000e+00
1.369191765785217285e+00 -4.974308013916015625e-01 0.000000000000000000e+00 1.000000000000000000e+00 0.000000000000000000e+00
-1.860091447830200195e+00 -3.446164131164550781e-01 1.000000000000000000e+00 0.000000000000000000e+00 0.000000000000000000e+00
-1.497948765754699707e-01 1.338836073875427246e+00 1.000000000000000000e+00 0.000000000000000000e+00 0.000000000000000000e+00
6.323952972888946533e-02 3.116148412227630615e-01 0.000000000000000000e+00 1.000000000000000000e+00 0.000000000000000000e+00
1.323675990104675293e+00 -1.528283119201660156e+00 1.000000000000000000e+00 0.000000000000000000e+00 0.000000000000000000e+00
-8.644059896469116211e-01 1.281397819519042969e+00 1.000000000000000000e+00 0.000000000000000000e+00 0.000000000000000000e+00
-4.946622848510742188e-01 5.221841335296630859e-01 0.000000000000000000e+00 1.000000000000000000e+00 0.000000000000000000e+00
-1.468626499176025391e+00 5.020479559898376465e-01 1.000000000000000000e+00 0.000000000000000000e+00 0.000000000000000000e+00
-1.107743978500366211e-01 1.039946794509887695e+00 1.000000000000000000e+00 0.000000000000000000e+00 0.000000000000000000e+00
-1.244779676198959351e-01 3.158293366432189941e-01 0.000000000000000000e+00 1.000000000000000000e+00 0.000000000000000000e+00
1.053470730781555176e+00 -1.301326632499694824e+00 1.000000000000000000e+00 0.000000000000000000e+00 0.000000000000000000e+00
1.630235910415649414e+00 -3.076350688934326172e-01 1.000000000000000000e+00 0.000000000000000000e+00 0.000000000000000000e+00
1.043778300285339355e+00 6.279634684324264526e-02 1.000000000000000000e+00 0.000000000000000000e+00 0.000000000000000000e+00
-1.072887420654296875e+00 9.297448396682739258e-01 1.000000000000000000e+00 0.000000000000000000e+00 0.000000000000000000e+00
-7.071869969367980957e-01 4.481643736362457275e-01 0.000000000000000000e+00 1.000000000000000000e+00 0.000000000000000000e+00
-9.138290882110595703e-01 2.668069899082183838e-01 1.000000000000000000e+00 0.000000000000000000e+00 0.000000000000000000e+00
1.274886131286621094e+00 -1.956607401371002197e-01 1.000000000000000000e+00 0.000000000000000000e+00 0.000000000000000000e+00
9.438374042510986328e-01 1.436095535755157471e-01 1.000000000000000000e+00 0.000000000000000000e+00 0.000000000000000000e+00
2.037360966205596924e-01 1.749559342861175537e-01 1.000000000000000000e+00 0.000000000000000000e+00 0.000000000000000000e+00
2.054338809102773666e-03 5.331834554672241211e-01 1.000000000000000000e+00 0.000000000000000000e+00 0.000000000000000000e+00
-4.273127019405364990e-01 6.768992543220520020e-01 1.000000000000000000e+00 0.000000000000000000e+00 0.000000000000000000e+00
-2.823744416236877441e-01 1.875927448272705078e-01 1.000000000000000000e+00 0.000000000000000000e+00 0.000000000000000000e+00
-2.974807918071746826e-01 -2.213358134031295776e-02 1.000000000000000000e+00 0.000000000000000000e+00 0.000000000000000000e+00
-3.171958923339843750e-01 -2.832401394844055176e-01 1.000000000000000000e+00 0.000000000000000000e+00 0.000000000000000000e+00
-2.367606759071350098e-01 -6.148166656494140625e-01 1.000000000000000000e+00 0.000000000000000000e+00 0.000000000000000000e+00
-3.084687888622283936e-02 -7.227509617805480957e-01 1.000000000000000000e+00 0.000000000000000000e+00 0.000000000000000000e+00
1.614052802324295044e-01 -4.891560673713684082e-01 1.000000000000000000e+00 0.000000000000000000e+00 0.000000000000000000e+00
-1.181325078010559082e+00 1.757379889488220215e+00 1.000000000000000000e+00 0.000000000000000000e+00 0.000000000000000000e+00
-5.880385637283325195e-01 6.608633399009704590e-01 0.000000000000000000e+00 1.000000000000000000e+00 0.000000000000000000e+00
1.138640761375427246e+00 -3.784019947052001953e+00 0.000000000000000000e+00 0.000000000000000000e+00 1.000000000000000000e+00
-8.681560754776000977e-01 7.175338864326477051e-01 0.000000000000000000e+00 0.000000000000000000e+00 1.000000000000000000e+00
-1.150897860527038574e+00 -1.049105405807495117e+00 0.000000000000000000e+00 0.000000000000000000e+00 1.000000000000000000e+00
-8.797879219055175781e-01 -4.499155879020690918e-01 0.000000000000000000e+00 0.000000000000000000e+00 1.000000000000000000e+00
-9.193869829177856445e-01 -5.643935799598693848e-01 0.000000000000000000e+00 0.000000000000000000e+00 1.000000000000000000e+00
-8.857567310333251953e-01 -4.382272362709045410e-01 0.000000000000000000e+00 0.000000000000000000e+00 1.000000000000000000e+00
-8.953775167465209961e-01 -4.061651825904846191e-01 0.000000000000000000e+00 0.000000000000000000e+00 1.000000000000000000e+00
-8.977842330932617188e-01 -4.092779755592346191e-01 0.000000000000000000e+00 0.000000000000000000e+00 1.000000000000000000e+00
-8.989169597625732422e-01 -3.832834362983703613e-01 0.000000000000000000e+00 0.000000000000000000e+00 1.000000000000000000e+00
-8.991676568984985352e-01 -3.394892811775207520e-01 0.000000000000000000e+00 0.000000000000000000e+00 1.000000000000000000e+00
-8.901132345199584961e-01 -3.010848760604858398e-01 0.000000000000000000e+00 0.000000000000000000e+00 1.000000000000000000e+00
-8.782268762588500977e-01 -2.819319963455200195e-01 0.000000000000000000e+00 0.000000000000000000e+00 1.000000000000000000e+00
-8.664464950561523438e-01 -2.678471207618713379e-01 0.000000000000000000e+00 0.000000000000000000e+00 1.000000000000000000e+00
-8.528220653533935547e-01 -2.660489678382873535e-01 0.000000000000000000e+00 0.000000000000000000e+00 1.000000000000000000e+00
-8.427591323852539062e-01 -2.690294981002807617e-01 0.000000000000000000e+00 0.000000000000000000e+00 1.000000000000000000e+00
-8.369921445846557617e-01 -2.703400254249572754e-01 0.000000000000000000e+00 0.000000000000000000e+00 1.000000000000000000e+00
-8.346931934356689453e-01 -2.632853984832763672e-01 0.000000000000000000e+00 0.000000000000000000e+00 1.000000000000000000e+00
-8.288761377334594727e-01 -2.558931708335876465e-01 0.000000000000000000e+00 0.000000000000000000e+00 1.000000000000000000e+00
-8.216849565505981445e-01 -2.488242983818054199e-01 0.000000000000000000e+00 0.000000000000000000e+00 1.000000000000000000e+00
-8.176082372665405273e-01 -2.370230555534362793e-01 0.000000000000000000e+00 0.000000000000000000e+00 1.000000000000000000e+00
-8.160099983215332031e-01 -2.248221635818481445e-01 0.000000000000000000e+00 0.000000000000000000e+00 1.000000000000000000e+00
-8.148833513259887695e-01 -2.194377183914184570e-01 0.000000000000000000e+00 0.000000000000000000e+00 1.000000000000000000e+00
-8.138562440872192383e-01 -2.158777713775634766e-01 0.000000000000000000e+00 0.000000000000000000e+00 1.000000000000000000e+00
-8.117450475692749023e-01 -2.132039070129394531e-01 0.000000000000000000e+00 0.000000000000000000e+00 1.000000000000000000e+00
-8.060907125473022461e-01 -2.167524099349975586e-01 0.000000000000000000e+00 0.000000000000000000e+00 1.000000000000000000e+00
-7.954492568969726562e-01 -2.237757444381713867e-01 0.000000000000000000e+00 0.000000000000000000e+00 1.000000000000000000e+00
-7.874042987823486328e-01 -2.280451655387878418e-01 0.000000000000000000e+00 0.000000000000000000e+00 1.000000000000000000e+00
-7.867630720138549805e-01 -2.241691350936889648e-01 0.000000000000000000e+00 0.000000000000000000e+00 1.000000000000000000e+00
-7.851881980895996094e-01 -2.211146354675292969e-01 0.000000000000000000e+00 0.000000000000000000e+00 1.000000000000000000e+00
-7.791054248809814453e-01 -2.237071990966796875e-01 0.000000000000000000e+00 0.000000000000000000e+00 1.000000000000000000e+00
-7.732136249542236328e-01 -2.255008816719055176e-01 0.000000000000000000e+00 0.000000000000000000e+00 1.000000000000000000e+00
-7.682255506515502930e-01 -2.267512083053588867e-01 0.000000000000000000e+00 0.000000000000000000e+00 1.000000000000000000e+00
0.000000000000000000e+00 0.000000000000000000e+00 0.000000000000000000e+00 0.000000000000000000e+00 0.000000000000000000e+00
0.000000000000000000e+00 0.000000000000000000e+00 0.000000000000000000e+00 0.000000000000000000e+00 0.000000000000000000e+00
0.000000000000000000e+00 0.000000000000000000e+00 0.000000000000000000e+00 0.000000000000000000e+00 0.000000000000000000e+00
0.000000000000000000e+00 0.000000000000000000e+00 0.000000000000000000e+00 0.000000000000000000e+00 0.000000000000000000e+00
0.000000000000000000e+00 0.000000000000000000e+00 0.000000000000000000e+00 0.000000000000000000e+00 0.000000000000000000e+00
0.000000000000000000e+00 0.000000000000000000e+00 0.000000000000000000e+00 0.000000000000000000e+00 0.000000000000000000e+00
0.000000000000000000e+00 0.000000000000000000e+00 0.000000000000000000e+00 0.000000000000000000e+00 0.000000000000000000e+00
0.000000000000000000e+00 0.000000000000000000e+00 0.000000000000000000e+00 0.000000000000000000e+00 0.000000000000000000e+00
0.000000000000000000e+00 0.000000000000000000e+00 0.000000000000000000e+00 0.000000000000000000e+00 0.000000000000000000e+00
0.000000000000000000e+00 0.000000000000000000e+00 0.000000000000000000e+00 0.000000000000000000e+00 0.000000000000000000e+00
0.000000000000000000e+00 0.000000000000000000e+00 0.000000000000000000e+00 0.000000000000000000e+00 0.000000000000000000e+00
0.000000000000000000e+00 0.000000000000000000e+00 0.000000000000000000e+00 0.000000000000000000e+00 0.000000000000000000e+00
0.000000000000000000e+00 0.000000000000000000e+00 0.000000000000000000e+00 0.000000000000000000e+00 0.000000000000000000e+00
0.000000000000000000e+00 0.000000000000000000e+00 0.000000000000000000e+00 0.000000000000000000e+00 0.000000000000000000e+00
0.000000000000000000e+00 0.000000000000000000e+00 0.000000000000000000e+00 0.000000000000000000e+00 0.000000000000000000e+00
0.000000000000000000e+00 0.000000000000000000e+00 0.000000000000000000e+00 0.000000000000000000e+00 0.000000000000000000e+00
0.000000000000000000e+00 0.000000000000000000e+00 0.000000000000000000e+00 0.000000000000000000e+00 0.000000000000000000e+00
0.000000000000000000e+00 0.000000000000000000e+00 0.000000000000000000e+00 0.000000000000000000e+00 0.000000000000000000e+00
0.000000000000000000e+00 0.000000000000000000e+00 0.000000000000000000e+00 0.000000000000000000e+00 0.000000000000000000e+00
0.000000000000000000e+00 0.000000000000000000e+00 0.000000000000000000e+00 0.000000000000000000e+00 0.000000000000000000e+00
0.000000000000000000e+00 0.000000000000000000e+00 0.000000000000000000e+00 0.000000000000000000e+00 0.000000000000000000e+00
0.000000000000000000e+00 0.000000000000000000e+00 0.000000000000000000e+00 0.000000000000000000e+00 0.000000000000000000e+00
0.000000000000000000e+00 0.000000000000000000e+00 0.000000000000000000e+00 0.000000000000000000e+00 0.000000000000000000e+00
0.000000000000000000e+00 0.000000000000000000e+00 0.000000000000000000e+00 0.000000000000000000e+00 0.000000000000000000e+00
0.000000000000000000e+00 0.000000000000000000e+00 0.000000000000000000e+00 0.000000000000000000e+00 0.000000000000000000e+00
0.000000000000000000e+00 0.000000000000000000e+00 0.000000000000000000e+00 0.000000000000000000e+00 0.000000000000000000e+00
0.000000000000000000e+00 0.000000000000000000e+00 0.000000000000000000e+00 0.000000000000000000e+00 0.000000000000000000e+00
0.000000000000000000e+00 0.000000000000000000e+00 0.000000000000000000e+00 0.000000000000000000e+00 0.000000000000000000e+00
0.000000000000000000e+00 0.000000000000000000e+00 0.000000000000000000e+00 0.000000000000000000e+00 0.000000000000000000e+00
0.000000000000000000e+00 0.000000000000000000e+00 0.000000000000000000e+00 0.000000000000000000e+00 0.000000000000000000e+00
0.000000000000000000e+00 0.000000000000000000e+00 0.000000000000000000e+00 0.000000000000000000e+00 0.000000000000000000e+00
0.000000000000000000e+00 0.000000000000000000e+00 0.000000000000000000e+00 0.000000000000000000e+00 0.000000000000000000e+00
0.000000000000000000e+00 0.000000000000000000e+00 0.000000000000000000e+00 0.000000000000000000e+00 0.000000000000000000e+00
0.000000000000000000e+00 0.000000000000000000e+00 0.000000000000000000e+00 0.000000000000000000e+00 0.000000000000000000e+00
0.000000000000000000e+00 0.000000000000000000e+00 0.000000000000000000e+00 0.000000000000000000e+00 0.000000000000000000e+00
0.000000000000000000e+00 0.000000000000000000e+00 0.000000000000000000e+00 0.000000000000000000e+00 0.000000000000000000e+00
0.000000000000000000e+00 0.000000000000000000e+00 0.000000000000000000e+00 0.000000000000000000e+00 0.000000000000000000e+00
0.000000000000000000e+00 0.000000000000000000e+00 0.000000000000000000e+00 0.000000000000000000e+00 0.000000000000000000e+00
0.000000000000000000e+00 0.000000000000000000e+00 0.000000000000000000e+00 0.000000000000000000e+00 0.000000000000000000e+00
0.000000000000000000e+00 0.000000000000000000e+00 0.000000000000000000e+00 0.000000000000000000e+00 0.000000000000000000e+00
0.000000000000000000e+00 0.000000000000000000e+00 0.000000000000000000e+00 0.000000000000000000e+00 0.000000000000000000e+00
0.000000000000000000e+00 0.000000000000000000e+00 0.000000000000000000e+00 0.000000000000000000e+00 0.000000000000000000e+00
0.000000000000000000e+00 0.000000000000000000e+00 0.000000000000000000e+00 0.000000000000000000e+00 0.000000000000000000e+00
0.000000000000000000e+00 0.000000000000000000e+00 0.000000000000000000e+00 0.000000000000000000e+00 0.000000000000000000e+00
0.000000000000000000e+00 0.000000000000000000e+00 0.000000000000000000e+00 0.000000000000000000e+00 0.000000000000000000e+00
0.000000000000000000e+00 0.000000000000000000e+00 0.000000000000000000e+00 0.000000000000000000e+00 0.000000000000000000e+00
0.000000000000000000e+00 0.000000000000000000e+00 0.000000000000000000e+00 0.000000000000000000e+00 0.000000000000000000e+00
0.000000000000000000e+00 0.000000000000000000e+00 0.000000000000000000e+00 0.000000000000000000e+00 0.000000000000000000e+00
0.000000000000000000e+00 0.000000000000000000e+00 0.000000000000000000e+00 0.000000000000000000e+00 0.000000000000000000e+00
0.000000000000000000e+00 0.000000000000000000e+00 0.000000000000000000e+00 0.000000000000000000e+00 0.000000000000000000e+00
0.000000000000000000e+00 0.000000000000000000e+00 0.000000000000000000e+00 0.000000000000000000e+00 0.000000000000000000e+00
0.000000000000000000e+00 0.000000000000000000e+00 0.000000000000000000e+00 0.000000000000000000e+00 0.000000000000000000e+00
0.000000000000000000e+00 0.000000000000000000e+00 0.000000000000000000e+00 0.000000000000000000e+00 0.000000000000000000e+00
0.000000000000000000e+00 0.000000000000000000e+00 0.000000000000000000e+00 0.000000000000000000e+00 0.000000000000000000e+00
0.000000000000000000e+00 0.000000000000000000e+00 0.000000000000000000e+00 0.000000000000000000e+00 0.000000000000000000e+00
0.000000000000000000e+00 0.000000000000000000e+00 0.000000000000000000e+00 0.000000000000000000e+00 0.000000000000000000e+00
0.000000000000000000e+00 0.000000000000000000e+00 0.000000000000000000e+00 0.000000000000000000e+00 0.000000000000000000e+00
0.000000000000000000e+00 0.000000000000000000e+00 0.000000000000000000e+00 0.000000000000000000e+00 0.000000000000000000e+00
