0.000000000000000000e+00 0.000000000000000000e+00 1.000000000000000000e+00 0.000000000000000000e+00 0.000000000000000000e+00
-1.206676125526428223e+00 1.565892100334167480e+00 1.000000000000000000e+00 0.000000000000000000e+00 0.000000000000000000e+00
-5.979484319686889648e-01 5.910078883171081543e-01 1.000000000000000000e+00 0.000000000000000000e+00 0.000000000000000000e+00
-5.095858573913574219e-01 3.138650953769683838e-01 0.000000000000000000e+00 1.000000000000000000e+00 0.000000000000000000e+00
1.399322271347045898e+00 -1.079968929290771484e+00 1.000000000000000000e+00 0.000000000000000000e+00 0.000000000000000000e+00
1.352037191390991211e+00 -1.828143447637557983e-01 1.000000000000000000e+00 0.000000000000000000e+00 0.000000000000000000e+00
8.647785782814025879e-01 1.717605441808700562e-01 1.000000000000000000e+00 0.000000000000000000e+00 0.000000000000000000e+00
2.690232098102569580e-01 2.679933309555053711e-01 1.000000000000000000e+00 0.000000000000000000e+00 0.000000000000000000e+00
1.458261162042617798e-02 6.802507638931274414e-01 1.000000000000000000e+00 0.000000000000000000e+00 0.000000000000000000e+00
-1.375317871570587158e-01 4.770074486732482910e-01 1.000000000000000000e+00 0.000000000000000000e+00 0.000000000000000000e+00
-5.238885879516601562e-01 9.075446128845214844e-01 1.000000000000000000e+00 0.000000000000000000e+00 0.000000000000000000e+00
-3.267467021942138672e-01 2.977190017700195312e-01 1.000000000000000000e+00 0.000000000000000000e+00 0.000000000000000000e+00
-3.121080398559570312e-01 1.139330938458442688e-01 1.000000000000000000e+00 0.000000000000000000e+00 0.000000000000000000e+00
-3.568234443664550781e-01 -8.805695176124572754e-02 0.000000000000000000e+00 1.000000000000000000e+00 0.000000000000000000e+00
-1.888080835342407227e-01 -1.869011521339416504e+00 1.000000000000000000e+00 0.000000000000000000e+00 0.000000000000000000e+00
-7.814309597015380859e-01 8.738706707954406738e-01 1.000000000000000000e+00 0.000000000000000000e+00 0.000000000000000000e+00
-2.245378792285919189e-01 4.534422457218170166e-01 0.000000000000000000e+00 1.000000000000000000e+00 0.000000000000000000e+00
1.792903661727905273e+00 -1.190625429153442383e+00 1.000000000000000000e+00 0.000000000000000000e+00 0.000000000000000000e+00
-9.833803176879882812e-01 1.166449666023254395e+00 1.000000000000000000e+00 0.000000000000000000e+00 0.000000000000000000e+00
-4.455914497375488281e-01 3.581324517726898193e-01 1.000000000000000000e+00 0.000000000000000000e+00 0.000000000000000000e+00
-4.765642285346984863e-01 2.276174128055572510e-01 0.000000000000000000e+00 1.000000000000000000e+00 0.000000000000000000e+00
3.392083346843719482e-01 -1.256265401840209961e+00 1.000000000000000000e+00 0.000000000000000000e+00 0.000000000000000000e+00
1.149665474891662598e+00 6.211475133895874023e-01 1.000000000000000000e+00 0.000000000000000000e+00 0.000000000000000000e+00
6.634714603424072266e-01 1.995443105697631836e-01 0.000000000000000000e+00 1.000000000000000000e+00 0.000000000000000000e+00
-1.365623831748962402e+00 -2.787258625030517578e+00 0.000000000000000000e+00 0.000000000000000000e+00 1.000000000000000000e+00
-7.564350366592407227e-01 1.502434730529785156e+00 0.000000000000000000e+00 0.000000000000000000e+00 1.000000000000000000e+00
-1.223338723182678223e+00 -5.414190888404846191e-01 0.000000000000000000e+00 0.000000000000000000e+00 1.000000000000000000e+00
-9.721156358718872070e-01 -4.976447224617004395e-01 0.000000000000000000e+00 0.000000000000000000e+00 1.000000000000000000e+00
-9.712038040161132812e-01 -4.166836142539978027e-01 0.000000000000000000e+00 0.000000000000000000e+00 1.000000000000000000e+00
-9.356007575988769531e-01 -3.202415108680725098e-01 0.000000000000000000e+00 0.000000000000000000e+00 1.000000000000000000e+00
-9.139090776443481445e-01 -2.885533571243286133e-01 0.000000000000000000e+00 0.000000000000000000e+00 1.000000000000000000e+00
-9.000802040100097656e-01 -2.769346833229064941e-01 0.000000000000000000e+00 0.000000000000000000e+00 1.000000000000000000e+00
-9.070717096328735352e-01 -2.753219604492187500e-01 0.000000000000000000e+00 0.000000000000000000e+00 1.000000000000000000e+00
-9.040882587432861328e-01 -2.665061354637145996e-01 0.000000000000000000e+00 0.000000000000000000e+00 1.000000000000000000e+00
-8.879382610321044922e-01 -2.727154493331909180e-01 0.000000000000000000e+00 0.000000000000000000e+00 1.000000000000000000e+00
-8.760547637939453125e-01 -2.739315032958984375e-01 0.000000000000000000e+00 0.000000000000000000e+00 1.000000000000000000e+00
-8.600857257843017578e-01 -2.718973159790039062e-01 0.000000000000000000e+00 0.000000000000000000e+00 1.000000000000000000e+00
-8.438378572463989258e-01 -2.701644301414489746e-01 0.000000000000000000e+00 0.000000000000000000e+00 1.000000000000000000e+00
-8.345565795898437500e-01 -2.673209309577941895e-01 0.000000000000000000e+00 0.000000000000000000e+00 1.000000000000000000e+00
-8.300267457962036133e-01 -2.640936374664306641e-01 0.000000000000000000e+00 0.000000000000000000e+00 1.000000000000000000e+00
-8.222231864929199219e-01 -2.655553817749023438e-01 0.000000000000000000e+00 0.000000000000000000e+00 1.000000000000000000e+00
-8.126047849655151367e-01 -2.694402933120727539e-01 0.000000000000000000e+00 0.000000000000000000e+00 1.000000000000000000e+00
-8.035001754760742188e-01 -2.704680562019348145e-01 0.000000000000000000e+00 0.000000000000000000e+00 1.000000000000000000e+00
-7.943308353424072266e-01 -2.704788446426391602e-01 0.000000000000000000e+00 0.000000000000000000e+00 1.000000000000000000e+00
-7.861973047256469727e-01 -2.720814347267150879e-01 0.000000000000000000e+00 0.000000000000000000e+00 1.000000000000000000e+00
-7.824964523315429688e-01 -2.745565176010131836e-01 0.000000000000000000e+00 0.000000000000000000e+00 1.000000000000000000e+00
-7.767221927642822266e-01 -2.810460329055786133e-01 0.000000000000000000e+00 0.000000000000000000e+00 1.000000000000000000e+00
-7.700641155242919922e-01 -2.890192270278930664e-01 0.000000000000000000e+00 0.000000000000000000e+00 1.000000000000000000e+00
-7.671283483505249023e-01 -2.918729186058044434e-01 0.000000000000000000e+00 0.000000000000000000e+00 1.000000000000000000e+00
-7.655838727951049805e-01 -2.866987586021423340e-01 0.000000000000000000e+00 0.000000000000000000e+00 1.000000000000000000e+00
-7.645099163055419922e-01 -2.770836353302001953e-01 0.000000000000000000e+00 0.000000000000000000e+00 1.000000000000000000e+00
-7.649300098419189453e-01 -2.695721983909606934e-01 0.000000000000000000e+00 0.000000000000000000e+00 1.000000000000000000e+00
-7.683050632476806641e-01 -2.675536870956420898e-01 0.000000000000000000e+00 0.000000000000000000e+00 1.000000000000000000e+00
-7.608665227890014648e-01 -2.741866707801818848e-01 0.000000000000000000e+00 0.000000000000000000e+00 1.000000000000000000e+00
-7.532764673233032227e-01 -2.833309173583984375e-01 0.000000000000000000e+00 0.000000000000000000e+00 1.000000000000000000e+00
-7.511911392211914062e-01 -2.857673764228820801e-01 0.000000000000000000e+00 0.000000000000000000e+00 1.000000000000000000e+00
-7.495537996292114258e-01 -2.792108654975891113e-01 0.000000000000000000e+00 0.000000000000000000e+00 1.000000000000000000e+00
-7.460317611694335938e-01 -2.705415487289428711e-01 0.000000000000000000e+00 0.000000000000000000e+00 1.000000000000000000e+00
-7.408193349838256836e-01 -2.667686343193054199e-01 0.000000000000000000e+00 0.000000000000000000e+00 1.000000000000000000e+00
-7.395923137664794922e-01 -2.720439434051513672e-01 0.000000000000000000e+00 0.000000000000000000e+00 1.000000000000000000e+00
-7.355363368988037109e-01 -2.792864441871643066e-01 0.000000000000000000e+00 0.000000000000000000e+00 1.000000000000000000e+00
-7.261099815368652344e-01 -2.856885790824890137e-01 0.000000000000000000e+00 0.000000000000000000e+00 1.000000000000000000e+00
-7.229231595993041992e-01 -2.867659926414489746e-01 0.000000000000000000e+00 0.000000000000000000e+00 1.000000000000000000e+00
-7.213798761367797852e-01 -2.786198854446411133e-01 0.000000000000000000e+00 0.000000000000000000e+00 1.000000000000000000e+00
0.000000000000000000e+00 0.000000000000000000e+00 0.000000000000000000e+00 0.000000000000000000e+00 0.000000000000000000e+00
0.000000000000000000e+00 0.000000000000000000e+00 0.000000000000000000e+00 0.000000000000000000e+00 0.000000000000000000e+00
0.000000000000000000e+00 0.000000000000000000e+00 0.000000000000000000e+00 0.000000000000000000e+00 0.000000000000000000e+00
0.000000000000000000e+00 0.000000000000000000e+00 0.000000000000000000e+00 0.000000000000000000e+00 0.000000000000000000e+00
0.000000000000000000e+00 0.000000000000000000e+00 0.000000000000000000e+00 0.000000000000000000e+00 0.000000000000000000e+00
0.000000000000000000e+00 0.000000000000000000e+00 0.000000000000000000e+00 0.000000000000000000e+00 0.000000000000000000e+00
0.000000000000000000e+00 0.000000000000000000e+00 0.000000000000000000e+00 0.000000000000000000e+00 0.000000000000000000e+00
0.000000000000000000e+00 0.000000000000000000e+00 0.000000000000000000e+00 0.000000000000000000e+00 0.000000000000000000e+00
0.000000000000000000e+00 0.000000000000000000e+00 0.000000000000000000e+00 0.000000000000000000e+00 0.000000000000000000e+00
0.000000000000000000e+00 0.000000000000000000e+00 0.000000000000000000e+00 0.000000000000000000e+00 0.000000000000000000e+00
0.000000000000000000e+00 0.000000000000000000e+00 0.000000000000000000e+00 0.000000000000000000e+00 0.000000000000000000e+00
0.000000000000000000e+00 0.000000000000000000e+00 0.000000000000000000e+00 0.000000000000000000e+00 0.000000000000000000e+00
0.000000000000000000e+00 0.000000000000000000e+00 0.000000000000000000e+00 0.000000000000000000e+00 0.000000000000000000e+00
0.000000000000000000e+00 0.000000000000000000e+00 0.000000000000000000e+00 0.000000000000000000e+00 0.000000000000000000e+00
0.000000000000000000e+00 0.000000000000000000e+00 0.000000000000000000e+00 0.000000000000000000e+00 0.000000000000000000e+00
0.000000000000000000e+00 0.000000000000000000e+00 0.000000000000000000e+00 0.000000000000000000e+00 0.000000000000000000e+00
0.000000000000000000e+00 0.000000000000000000e+00 0.000000000000000000e+00 0.000000000000000000e+00 0.000000000000000000e+00
0.000000000000000000e+00 0.000000000000000000e+00 0.000000000000000000e+00 0.000000000000000000e+00 0.000000000000000000e+00
0.000000000000000000e+00 0.000000000000000000e+00 0.000000000000000000e+00 0.000000000000000000e+00 0.000000000000000000e+00
0.000000000000000000e+00 0.000000000000000000e+00 0.000000000000000000e+00 0.000000000000000000e+00 0.000000000000000000e+00
0.000000000000000000e+00 0.000000000000000000e+00 0.000000000000000000e+00 0.000000000000000000e+00 0.000000000000000000e+00
0.000000000000000000e+00 0.000000000000000000e+00 0.000000000000000000e+00 0.000000000000000000e+00 0.000000000000000000e+00
0.000000000000000000e+00 0.000000000000000000e+00 0.000000000000000000e+00 0.000000000000000000e+00 0.000000000000000000e+00
0.000000000000000000e+00 0.000000000000000000e+00 0.000000000000000000e+00 0.000000000000000000e+00 0.000000000000000000e+00
0.000000000000000000e+00 0.000000000000000000e+00 0.000000000000000000e+00 0.000000000000000000e+00 0.000000000000000000e+00
0.000000000000000000e+00 0.000000000000000000e+00 0.000000000000000000e+00 0.000000000000000000e+00 0.000000000000000000e+00
0.000000000000000000e+00 0.000000000000000000e+00 0.000000000000000000e+00 0.000000000000000000e+00 0.000000000000000000e+00
0.000000000000000000e+00 0.000000000000000000e+00 0.000000000000000000e+00 0.000000000000000000e+00 0.000000000000000000e+00
0.000000000000000000e+00 0.000000000000000000e+00 0.000000000000000000e+00 0.000000000000000000e+00 0.000000000000000000e+00
0.000000000000000000e+00 0.000000000000000000e+00 0.000000000000000000e+00 0.000000000000000000e+00 0.000000000000000000e+00
0.000000000000000000e+00 0.000000000000000000e+00 0.000000000000000000e+00 0.000000000000000000e+00 0.000000000000000000e+00
0.000000000000000000e+00 0.000000000000000000e+00 0.000000000000000000e+00 0.000000000000000000e+00 0.000000000000000000e+00
0.000000000000000000e+00 0.000000000000000000e+00 0.000000000000000000e+00 0.000000000000000000e+00 0.000000000000000000e+00
0.000000000000000000e+00 0.000000000000000000e+00 0.000000000000000000e+00 0.000000000000000000e+00 0.000000000000000000e+00
0.000000000000000000e+00 0.000000000000000000e+00 0.000000000000000000e+00 0.000000000000000000e+00 0.000000000000000000e+00
0.000000000000000000e+00 0.000000000000000000e+00 0.000000000000000000e+00 0.000000000000000000e+00 0.000000000000000000e+00
0.000000000000000000e+00 0.000000000000000000e+00 0.000000000000000000e+00 0.000000000000000000e+00 0.000000000000000000e+00
0.000000000000000000e+00 0.000000000000000000e+00 0.000000000000000000e+00 0.000000000000000000e+00 0.000000000000000000e+00
0.000000000000000000e+00 0.000000000000000000e+00 0.000000000000000000e+00 0.000000000000000000e+00 0.000000000000000000e+00
0.000000000000000000e+00 0.000000000000000000e+00 0.000000000000000000e+00 0.000000000000000000e+00 0.000000000000000000e+00
0.000000000000000000e+00 0.000000000000000000e+00 0.000000000000000000e+00 0.000000000000000000e+00 0.000000000000000000e+00
0.000000000000000000e+00 0.000000000000000000e+00 0.000000000000000000e+00 0.000000000000000000e+00 0.000000000000000000e+00
0.000000000000000000e+00 0.000000000000000000e+00 0.000000000000000000e+00 0.000000000000000000e+00 0.000000000000000000e+00
0.000000000000000000e+00 0.000000000000000000e+00 0.000000000000000000e+00 0.000000000000000000e+00 0.000000000000000000e+00
0.000000000000000000e+00 0.000000000000000000e+00 0.000000000000000000e+00 0.000000000000000000e+00 0.000000000000000000e+00
0.000000000000000000e+00 0.000000000000000000e+00 0.000000000000000000e+00 0.000000000000000000e+00 0.000000000000000000e+00
0.000000000000000000e+00 0.000000000000000000e+00 0.000000000000000000e+00 0.000000000000000000e+00 0.000000000000000000e+00
0.000000000000000000e+00 0.000000000000000000e+00 0.000000000000000000e+00 0.000000000000000000e+00 0.000000000000000000e+00
0.000000000000000000e+00 0.000000000000000000e+00 0.000000000000000000e+00 0.000000000000000000e+00 0.000000000000000000e+00
0.000000000000000000e+00 0.000000000000000000e+00 0.000000000000000000e+00 0.000000000000000000e+00 0.000000000000000000e+00
0.000000000000000000e+00 0.000000000000000000e+00 0.000000000000000000e+00 0.000000000000000000e+00 0.000000000000000000e+00
0.000000000000000000e+00 0.000000000000000000e+00 0.000000000000000000e+00 0.000000000000000000e+00 0.000000000000000000e+00
0.000000000000000000e+00 0.000000000000000000e+00 0.000000000000000000e+00 0.000000000000000000e+00 0.000000000000000000e+00
0.000000000000000000e+00 0.000000000000000000e+00 0.000000000000000000e+00 0.000000000000000000e+00 0.000000000000000000e+00
0.000000000000000000e+00 0.000000000000000000e+00 0.000000000000000000e+00 0.000000000000000000e+00 0.000000000000000000e+00
0.000000000000000000e+00 0.000000000000000000e+00 0.000000000000000000e+00 0.000000000000000000e+00 0.000000000000000000e+00
0.000000000000000000e+00 0.000000000000000000e+00 0.000000000000000000e+00 0.000000000000000000e+00 0.000000000000000000e+00
