0.000000000000000000e+00 0.000000000000000000e+00 1.000000000000000000e+00 0.000000000000000000e+00 0.000000000000000000e+00
1.613515853881835938e+00 -2.682288885116577148e-01 1.000000000000000000e+00 0.000000000000000000e+00 0.000000000000000000e+00
6.964687108993530273e-01 -2.322999835014343262e-01 0.000000000000000000e+00 1.000000000000000000e+00 0.000000000000000000e+00
-2.451390504837036133e+00 1.042047500610351562e+00 1.000000000000000000e+00 0.000000000000000000e+00 0.000000000000000000e+00
-2.460497319698333740e-01 1.891242265701293945e+00 1.000000000000000000e+00 0.000000000000000000e+00 0.000000000000000000e+00
-4.886385500431060791e-01 1.705724000930786133e+00 1.000000000000000000e+00 0.000000000000000000e+00 0.000000000000000000e+00
2.471057415008544922e+00 -1.160130053758621216e-01 1.000000000000000000e+00 0.000000000000000000e+00 0.000000000000000000e+00
1.195778608322143555e+00 -2.382963746786117554e-01 1.000000000000000000e+00 0.000000000000000000e+00 0.000000000000000000e+00
1.283060312271118164e-01 -1.144845038652420044e-01 0.000000000000000000e+00 1.000000000000000000e+00 0.000000000000000000e+00
-2.273863792419433594e+00 -2.172453403472900391e+00 1.000000000000000000e+00 0.000000000000000000e+00 0.000000000000000000e+00
-1.166049614548683167e-01 5.684106051921844482e-02 1.000000000000000000e+00 0.000000000000000000e+00 0.000000000000000000e+00
6.656311452388763428e-03 7.097181677818298340e-01 0.000000000000000000e+00 1.000000000000000000e+00 0.000000000000000000e+00
5.515991449356079102e-01 -1.086544036865234375e+00 1.000000000000000000e+00 0.000000000000000000e+00 0.000000000000000000e+00
1.130985856056213379e+00 -1.558785438537597656e-01 1.000000000000000000e+00 0.000000000000000000e+00 0.000000000000000000e+00
4.509105384349822998e-01 7.928539067506790161e-02 1.000000000000000000e+00 0.000000000000000000e+00 0.000000000000000000e+00
-2.709743678569793701e-01 8.129539489746093750e-01 1.000000000000000000e+00 0.000000000000000000e+00 0.000000000000000000e+00
-2.059731036424636841e-01 2.861619889736175537e-01 0.000000000000000000e+00 1.000000000000000000e+00 0.000000000000000000e+00
-8.669891357421875000e-01 -3.877089023590087891e-01 1.000000000000000000e+00 0.000000000000000000e+00 0.000000000000000000e+00
5.185334682464599609e-01 -4.628017544746398926e-03 1.000000000000000000e+00 0.000000000000000000e+00 0.000000000000000000e+00
-3.987031430006027222e-02 7.752724736928939819e-02 0.000000000000000000e+00 1.000000000000000000e+00 0.000000000000000000e+00
-5.918226242065429688e-01 4.936186671257019043e-01 1.000000000000000000e+00 0.000000000000000000e+00 0.000000000000000000e+00
7.047088742256164551e-01 -7.174833118915557861e-02 1.000000000000000000e+00 0.000000000000000000e+00 0.000000000000000000e+00
2.101259231567382812e-01 -1.088672578334808350e-01 0.000000000000000000e+00 1.000000000000000000e+00 0.000000000000000000e+00
-3.984131515026092529e-01 -8.050440549850463867e-01 1.000000000000000000e+00 0.000000000000000000e+00 0.000000000000000000e+00
-1.914774775505065918e-01 1.758911848068237305e+00 1.000000000000000000e+00 0.000000000000000000e+00 0.000000000000000000e+00
-2.241801321506500244e-01 8.863893747329711914e-01 0.000000000000000000e+00 1.000000000000000000e+00 0.000000000000000000e+00
-5.926809310913085938e-01 -3.715001106262207031e+00 0.000000000000000000e+00 0.000000000000000000e+00 1.000000000000000000e+00
-5.130578279495239258e-01 1.221276521682739258e+00 0.000000000000000000e+00 0.000000000000000000e+00 1.000000000000000000e+00
-1.230399012565612793e+00 -4.972782731056213379e-01 0.000000000000000000e+00 0.000000000000000000e+00 1.000000000000000000e+00
-8.723400831222534180e-01 -3.658936619758605957e-01 0.000000000000000000e+00 0.000000000000000000e+00 1.000000000000000000e+00
-9.499448537826538086e-01 -2.918708920478820801e-01 0.000000000000000000e+00 0.000000000000000000e+00 1.000000000000000000e+00
-8.997843265533447266e-01 -3.090775012969970703e-01 0.000000000000000000e+00 0.000000000000000000e+00 1.000000000000000000e+00
-8.662493228912353516e-01 -3.089365959167480469e-01 0.000000000000000000e+00 0.000000000000000000e+00 1.000000000000000000e+00
-8.447984457015991211e-01 -3.097469210624694824e-01 0.000000000000000000e+00 0.000000000000000000e+00 1.000000000000000000e+00
-8.332016468048095703e-01 -3.127970099449157715e-01 0.000000000000000000e+00 0.000000000000000000e+00 1.000000000000000000e+00
-8.193180561065673828e-01 -3.130132555961608887e-01 0.000000000000000000e+00 0.000000000000000000e+00 1.000000000000000000e+00
-8.069791793823242188e-01 -3.149517178535461426e-01 0.000000000000000000e+00 0.000000000000000000e+00 1.000000000000000000e+00
-7.976661920547485352e-01 -3.155432343482971191e-01 0.000000000000000000e+00 0.000000000000000000e+00 1.000000000000000000e+00
-7.859128713607788086e-01 -3.133143782615661621e-01 0.000000000000000000e+00 0.000000000000000000e+00 1.000000000000000000e+00
-7.727198600769042969e-01 -3.084739446640014648e-01 0.000000000000000000e+00 0.000000000000000000e+00 1.000000000000000000e+00
-7.641638517379760742e-01 -3.019552230834960938e-01 0.000000000000000000e+00 0.000000000000000000e+00 1.000000000000000000e+00
-7.574664354324340820e-01 -2.966193556785583496e-01 0.000000000000000000e+00 0.000000000000000000e+00 1.000000000000000000e+00
-7.484180927276611328e-01 -2.917965054512023926e-01 0.000000000000000000e+00 0.000000000000000000e+00 1.000000000000000000e+00
-7.387033700942993164e-01 -2.884351611137390137e-01 0.000000000000000000e+00 0.000000000000000000e+00 1.000000000000000000e+00
-7.298476696014404297e-01 -2.901677489280700684e-01 0.000000000000000000e+00 0.000000000000000000e+00 1.000000000000000000e+00
-7.252370119094848633e-01 -2.945582866668701172e-01 0.000000000000000000e+00 0.000000000000000000e+00 1.000000000000000000e+00
-7.205076217651367188e-01 -2.992247343063354492e-01 0.000000000000000000e+00 0.000000000000000000e+00 1.000000000000000000e+00
-7.168101072311401367e-01 -3.025467991828918457e-01 0.000000000000000000e+00 0.000000000000000000e+00 1.000000000000000000e+00
-7.136344909667968750e-01 -3.024927973747253418e-01 0.000000000000000000e+00 0.000000000000000000e+00 1.000000000000000000e+00
-7.081778049468994141e-01 -2.975924611091613770e-01 0.000000000000000000e+00 0.000000000000000000e+00 1.000000000000000000e+00
-7.027156949043273926e-01 -2.888174057006835938e-01 0.000000000000000000e+00 0.000000000000000000e+00 1.000000000000000000e+00
-6.991568207740783691e-01 -2.809926867485046387e-01 0.000000000000000000e+00 0.000000000000000000e+00 1.000000000000000000e+00
-6.994611024856567383e-01 -2.770546674728393555e-01 0.000000000000000000e+00 0.000000000000000000e+00 1.000000000000000000e+00
-6.994152069091796875e-01 -2.787895798683166504e-01 0.000000000000000000e+00 0.000000000000000000e+00 1.000000000000000000e+00
-6.968013048171997070e-01 -2.822049856185913086e-01 0.000000000000000000e+00 0.000000000000000000e+00 1.000000000000000000e+00
-6.935192346572875977e-01 -2.856140136718750000e-01 0.000000000000000000e+00 0.000000000000000000e+00 1.000000000000000000e+00
-6.858612298965454102e-01 -2.897184491157531738e-01 0.000000000000000000e+00 0.000000000000000000e+00 1.000000000000000000e+00
-6.758641004562377930e-01 -2.937195897102355957e-01 0.000000000000000000e+00 0.000000000000000000e+00 1.000000000000000000e+00
-6.689162850379943848e-01 -2.938805818557739258e-01 0.000000000000000000e+00 0.000000000000000000e+00 1.000000000000000000e+00
-6.643739938735961914e-01 -2.928847670555114746e-01 0.000000000000000000e+00 0.000000000000000000e+00 1.000000000000000000e+00
-6.571526527404785156e-01 -2.938171625137329102e-01 0.000000000000000000e+00 0.000000000000000000e+00 1.000000000000000000e+00
-6.489865779876708984e-01 -2.930556535720825195e-01 0.000000000000000000e+00 0.000000000000000000e+00 1.000000000000000000e+00
-6.447138786315917969e-01 -2.892172932624816895e-01 0.000000000000000000e+00 0.000000000000000000e+00 1.000000000000000000e+00
-6.431603431701660156e-01 -2.853725552558898926e-01 0.000000000000000000e+00 0.000000000000000000e+00 1.000000000000000000e+00
-6.438323259353637695e-01 -2.841762304306030273e-01 0.000000000000000000e+00 0.000000000000000000e+00 1.000000000000000000e+00
-6.474709510803222656e-01 -2.853833436965942383e-01 0.000000000000000000e+00 0.000000000000000000e+00 1.000000000000000000e+00
-6.500506401062011719e-01 -2.865877747535705566e-01 0.000000000000000000e+00 0.000000000000000000e+00 1.000000000000000000e+00
-6.462687849998474121e-01 -2.889418601989746094e-01 0.000000000000000000e+00 0.000000000000000000e+00 1.000000000000000000e+00
-6.393364667892456055e-01 -2.893118262290954590e-01 0.000000000000000000e+00 0.000000000000000000e+00 1.000000000000000000e+00
-6.335422992706298828e-01 -2.866940498352050781e-01 0.000000000000000000e+00 0.000000000000000000e+00 1.000000000000000000e+00
-6.305454373359680176e-01 -2.819624543190002441e-01 0.000000000000000000e+00 0.000000000000000000e+00 1.000000000000000000e+00
0.000000000000000000e+00 0.000000000000000000e+00 0.000000000000000000e+00 0.000000000000000000e+00 0.000000000000000000e+00
0.000000000000000000e+00 0.000000000000000000e+00 0.000000000000000000e+00 0.000000000000000000e+00 0.000000000000000000e+00
0.000000000000000000e+00 0.000000000000000000e+00 0.000000000000000000e+00 0.000000000000000000e+00 0.000000000000000000e+00
0.000000000000000000e+00 0.000000000000000000e+00 0.000000000000000000e+00 0.000000000000000000e+00 0.000000000000000000e+00
0.000000000000000000e+00 0.000000000000000000e+00 0.000000000000000000e+00 0.000000000000000000e+00 0.000000000000000000e+00
0.000000000000000000e+00 0.000000000000000000e+00 0.000000000000000000e+00 0.000000000000000000e+00 0.000000000000000000e+00
0.000000000000000000e+00 0.000000000000000000e+00 0.000000000000000000e+00 0.000000000000000000e+00 0.000000000000000000e+00
0.000000000000000000e+00 0.000000000000000000e+00 0.000000000000000000e+00 0.000000000000000000e+00 0.000000000000000000e+00
0.000000000000000000e+00 0.000000000000000000e+00 0.000000000000000000e+00 0.000000000000000000e+00 0.000000000000000000e+00
0.000000000000000000e+00 0.000000000000000000e+00 0.000000000000000000e+00 0.000000000000000000e+00 0.000000000000000000e+00
0.000000000000000000e+00 0.000000000000000000e+00 0.000000000000000000e+00 0.000000000000000000e+00 0.000000000000000000e+00
0.000000000000000000e+00 0.000000000000000000e+00 0.000000000000000000e+00 0.000000000000000000e+00 0.000000000000000000e+00
0.000000000000000000e+00 0.000000000000000000e+00 0.000000000000000000e+00 0.000000000000000000e+00 0.000000000000000000e+00
0.000000000000000000e+00 0.000000000000000000e+00 0.000000000000000000e+00 0.000000000000000000e+00 0.000000000000000000e+00
0.000000000000000000e+00 0.000000000000000000e+00 0.000000000000000000e+00 0.000000000000000000e+00 0.000000000000000000e+00
0.000000000000000000e+00 0.000000000000000000e+00 0.000000000000000000e+00 0.000000000000000000e+00 0.000000000000000000e+00
0.000000000000000000e+00 0.000000000000000000e+00 0.000000000000000000e+00 0.000000000000000000e+00 0.000000000000000000e+00
0.000000000000000000e+00 0.000000000000000000e+00 0.000000000000000000e+00 0.000000000000000000e+00 0.000000000000000000e+00
0.000000000000000000e+00 0.000000000000000000e+00 0.000000000000000000e+00 0.000000000000000000e+00 0.000000000000000000e+00
0.000000000000000000e+00 0.000000000000000000e+00 0.000000000000000000e+00 0.000000000000000000e+00 0.000000000000000000e+00
0.000000000000000000e+00 0.000000000000000000e+00 0.000000000000000000e+00 0.000000000000000000e+00 0.000000000000000000e+00
0.000000000000000000e+00 0.000000000000000000e+00 0.000000000000000000e+00 0.000000000000000000e+00 0.000000000000000000e+00
0.000000000000000000e+00 0.000000000000000000e+00 0.000000000000000000e+00 0.000000000000000000e+00 0.000000000000000000e+00
0.000000000000000000e+00 0.000000000000000000e+00 0.000000000000000000e+00 0.000000000000000000e+00 0.000000000000000000e+00
0.000000000000000000e+00 0.000000000000000000e+00 0.000000000000000000e+00 0.000000000000000000e+00 0.000000000000000000e+00
0.000000000000000000e+00 0.000000000000000000e+00 0.000000000000000000e+00 0.000000000000000000e+00 0.000000000000000000e+00
0.000000000000000000e+00 0.000000000000000000e+00 0.000000000000000000e+00 0.000000000000000000e+00 0.000000000000000000e+00
0.000000000000000000e+00 0.000000000000000000e+00 0.000000000000000000e+00 0.000000000000000000e+00 0.000000000000000000e+00
0.000000000000000000e+00 0.000000000000000000e+00 0.000000000000000000e+00 0.000000000000000000e+00 0.000000000000000000e+00
0.000000000000000000e+00 0.000000000000000000e+00 0.000000000000000000e+00 0.000000000000000000e+00 0.000000000000000000e+00
0.000000000000000000e+00 0.000000000000000000e+00 0.000000000000000000e+00 0.000000000000000000e+00 0.000000000000000000e+00
0.000000000000000000e+00 0.000000000000000000e+00 0.000000000000000000e+00 0.000000000000000000e+00 0.000000000000000000e+00
0.000000000000000000e+00 0.000000000000000000e+00 0.000000000000000000e+00 0.000000000000000000e+00 0.000000000000000000e+00
0.000000000000000000e+00 0.000000000000000000e+00 0.000000000000000000e+00 0.000000000000000000e+00 0.000000000000000000e+00
0.000000000000000000e+00 0.000000000000000000e+00 0.000000000000000000e+00 0.000000000000000000e+00 0.000000000000000000e+00
0.000000000000000000e+00 0.000000000000000000e+00 0.000000000000000000e+00 0.000000000000000000e+00 0.000000000000000000e+00
0.000000000000000000e+00 0.000000000000000000e+00 0.000000000000000000e+00 0.000000000000000000e+00 0.000000000000000000e+00
0.000000000000000000e+00 0.000000000000000000e+00 0.000000000000000000e+00 0.000000000000000000e+00 0.000000000000000000e+00
0.000000000000000000e+00 0.000000000000000000e+00 0.000000000000000000e+00 0.000000000000000000e+00 0.000000000000000000e+00
0.000000000000000000e+00 0.000000000000000000e+00 0.000000000000000000e+00 0.000000000000000000e+00 0.000000000000000000e+00
0.000000000000000000e+00 0.000000000000000000e+00 0.000000000000000000e+00 0.000000000000000000e+00 0.000000000000000000e+00
0.000000000000000000e+00 0.000000000000000000e+00 0.000000000000000000e+00 0.000000000000000000e+00 0.000000000000000000e+00
0.000000000000000000e+00 0.000000000000000000e+00 0.000000000000000000e+00 0.000000000000000000e+00 0.000000000000000000e+00
0.000000000000000000e+00 0.000000000000000000e+00 0.000000000000000000e+00 0.000000000000000000e+00 0.000000000000000000e+00
0.000000000000000000e+00 0.000000000000000000e+00 0.000000000000000000e+00 0.000000000000000000e+00 0.000000000000000000e+00
0.000000000000000000e+00 0.000000000000000000e+00 0.000000000000000000e+00 0.000000000000000000e+00 0.000000000000000000e+00
0.000000000000000000e+00 0.000000000000000000e+00 0.000000000000000000e+00 0.000000000000000000e+00 0.000000000000000000e+00
0.000000000000000000e+00 0.000000000000000000e+00 0.000000000000000000e+00 0.000000000000000000e+00 0.000000000000000000e+00
0.000000000000000000e+00 0.000000000000000000e+00 0.000000000000000000e+00 0.000000000000000000e+00 0.000000000000000000e+00
0.000000000000000000e+00 0.000000000000000000e+00 0.000000000000000000e+00 0.000000000000000000e+00 0.000000000000000000e+00
