0.000000000000000000e+00 0.000000000000000000e+00 1.000000000000000000e+00 0.000000000000000000e+00 0.000000000000000000e+00
-1.476204514503479004e+00 1.280968546867370605e+00 1.000000000000000000e+00 0.000000000000000000e+00 0.000000000000000000e+00
-5.496680140495300293e-01 7.962392568588256836e-01 1.000000000000000000e+00 0.000000000000000000e+00 0.000000000000000000e+00
4.479959607124328613e-01 1.006893873214721680e+00 1.000000000000000000e+00 0.000000000000000000e+00 0.000000000000000000e+00
-8.589456975460052490e-02 7.787116765975952148e-01 1.000000000000000000e+00 0.000000000000000000e+00 0.000000000000000000e+00
-1.644976586103439331e-01 3.753886222839355469e-01 1.000000000000000000e+00 0.000000000000000000e+00 0.000000000000000000e+00
-1.980888843536376953e-01 1.759775280952453613e-01 0.000000000000000000e+00 1.000000000000000000e+00 0.000000000000000000e+00
1.056306600570678711e+00 -2.075329303741455078e+00 1.000000000000000000e+00 0.000000000000000000e+00 0.000000000000000000e+00
1.089364528656005859e+00 -2.329537123441696167e-01 1.000000000000000000e+00 0.000000000000000000e+00 0.000000000000000000e+00
4.161078631877899170e-01 7.984777539968490601e-02 1.000000000000000000e+00 0.000000000000000000e+00 0.000000000000000000e+00
-9.061323404312133789e-01 1.311722278594970703e+00 1.000000000000000000e+00 0.000000000000000000e+00 0.000000000000000000e+00
-4.713413715362548828e-01 4.472607970237731934e-01 1.000000000000000000e+00 0.000000000000000000e+00 0.000000000000000000e+00
-4.221697449684143066e-01 2.258893549442291260e-01 1.000000000000000000e+00 0.000000000000000000e+00 0.000000000000000000e+00
-3.605423271656036377e-01 -5.346112325787544250e-02 0.000000000000000000e+00 1.000000000000000000e+00 0.000000000000000000e+00
5.660830140113830566e-01 -1.026280403137207031e+00 1.000000000000000000e+00 0.000000000000000000e+00 0.000000000000000000e+00
1.392239570617675781e+00 8.419111967086791992e-01 1.000000000000000000e+00 0.000000000000000000e+00 0.000000000000000000e+00
1.193434834480285645e+00 4.360843896865844727e-01 1.000000000000000000e+00 0.000000000000000000e+00 0.000000000000000000e+00
7.373960018157958984e-01 7.116654515266418457e-02 0.000000000000000000e+00 1.000000000000000000e+00 0.000000000000000000e+00
-2.701851367950439453e+00 -3.475837707519531250e+00 0.000000000000000000e+00 0.000000000000000000e+00 1.000000000000000000e+00
-3.421787619590759277e-01 1.442398667335510254e+00 0.000000000000000000e+00 0.000000000000000000e+00 1.000000000000000000e+00
-1.233176231384277344e+00 -3.493958115577697754e-01 0.000000000000000000e+00 0.000000000000000000e+00 1.000000000000000000e+00
-9.568867683410644531e-01 -3.553479313850402832e-01 0.000000000000000000e+00 0.000000000000000000e+00 1.000000000000000000e+00
-9.674286842346191406e-01 -2.102669477462768555e-01 0.000000000000000000e+00 0.000000000000000000e+00 1.000000000000000000e+00
-9.326752424240112305e-01 -1.718411445617675781e-01 0.000000000000000000e+00 0.000000000000000000e+00 1.000000000000000000e+00
-9.141370058059692383e-01 -1.772602200508117676e-01 0.000000000000000000e+00 0.000000000000000000e+00 1.000000000000000000e+00
-8.930093050003051758e-01 -1.920077800750732422e-01 0.000000000000000000e+00 0.000000000000000000e+00 1.000000000000000000e+00
-8.786976337432861328e-01 -2.084423303604125977e-01 0.000000000000000000e+00 0.000000000000000000e+00 1.000000000000000000e+00
-8.640558719635009766e-01 -2.308571934700012207e-01 0.000000000000000000e+00 0.000000000000000000e+00 1.000000000000000000e+00
-8.478809595108032227e-01 -2.513126134872436523e-01 0.000000000000000000e+00 0.000000000000000000e+00 1.000000000000000000e+00
-8.360435962677001953e-01 -2.640354037284851074e-01 0.000000000000000000e+00 0.000000000000000000e+00 1.000000000000000000e+00
-8.241783380508422852e-01 -2.653259038925170898e-01 0.000000000000000000e+00 0.000000000000000000e+00 1.000000000000000000e+00
-8.145167827606201172e-01 -2.601702213287353516e-01 0.000000000000000000e+00 0.000000000000000000e+00 1.000000000000000000e+00
-8.072113990783691406e-01 -2.545706033706665039e-01 0.000000000000000000e+00 0.000000000000000000e+00 1.000000000000000000e+00
-7.987837791442871094e-01 -2.517146468162536621e-01 0.000000000000000000e+00 0.000000000000000000e+00 1.000000000000000000e+00
-7.907683849334716797e-01 -2.540131211280822754e-01 0.000000000000000000e+00 0.000000000000000000e+00 1.000000000000000000e+00
-7.825545072555541992e-01 -2.585878372192382812e-01 0.000000000000000000e+00 0.000000000000000000e+00 1.000000000000000000e+00
-7.761774063110351562e-01 -2.592462301254272461e-01 0.000000000000000000e+00 0.000000000000000000e+00 1.000000000000000000e+00
-7.698409557342529297e-01 -2.584776878356933594e-01 0.000000000000000000e+00 0.000000000000000000e+00 1.000000000000000000e+00
-7.641869783401489258e-01 -2.568659186363220215e-01 0.000000000000000000e+00 0.000000000000000000e+00 1.000000000000000000e+00
-7.609688043594360352e-01 -2.552517056465148926e-01 0.000000000000000000e+00 0.000000000000000000e+00 1.000000000000000000e+00
-7.543628215789794922e-01 -2.584897875785827637e-01 0.000000000000000000e+00 0.000000000000000000e+00 1.000000000000000000e+00
-7.482597827911376953e-01 -2.621440291404724121e-01 0.000000000000000000e+00 0.000000000000000000e+00 1.000000000000000000e+00
-7.440749406814575195e-01 -2.614430189132690430e-01 0.000000000000000000e+00 0.000000000000000000e+00 1.000000000000000000e+00
-7.387278079986572266e-01 -2.601653337478637695e-01 0.000000000000000000e+00 0.000000000000000000e+00 1.000000000000000000e+00
-7.320715188980102539e-01 -2.621330618858337402e-01 0.000000000000000000e+00 0.000000000000000000e+00 1.000000000000000000e+00
-7.253415584564208984e-01 -2.685964107513427734e-01 0.000000000000000000e+00 0.000000000000000000e+00 1.000000000000000000e+00
-7.197191715240478516e-01 -2.778034806251525879e-01 0.000000000000000000e+00 0.000000000000000000e+00 1.000000000000000000e+00
-7.152240276336669922e-01 -2.865070700645446777e-01 0.000000000000000000e+00 0.000000000000000000e+00 1.000000000000000000e+00
-7.132871150970458984e-01 -2.899498343467712402e-01 0.000000000000000000e+00 0.000000000000000000e+00 1.000000000000000000e+00
-7.135616540908813477e-01 -2.824331521987915039e-01 0.000000000000000000e+00 0.000000000000000000e+00 1.000000000000000000e+00
-7.138620615005493164e-01 -2.686179280281066895e-01 0.000000000000000000e+00 0.000000000000000000e+00 1.000000000000000000e+00
-7.147295475006103516e-01 -2.568578124046325684e-01 0.000000000000000000e+00 0.000000000000000000e+00 1.000000000000000000e+00
-7.123433351516723633e-01 -2.539703249931335449e-01 0.000000000000000000e+00 0.000000000000000000e+00 1.000000000000000000e+00
-7.034572958946228027e-01 -2.631494402885437012e-01 0.000000000000000000e+00 0.000000000000000000e+00 1.000000000000000000e+00
-6.986008882522583008e-01 -2.742152214050292969e-01 0.000000000000000000e+00 0.000000000000000000e+00 1.000000000000000000e+00
-6.962622404098510742e-01 -2.771023511886596680e-01 0.000000000000000000e+00 0.000000000000000000e+00 1.000000000000000000e+00
-6.942294239997863770e-01 -2.720599770545959473e-01 0.000000000000000000e+00 0.000000000000000000e+00 1.000000000000000000e+00
-6.918974518775939941e-01 -2.645241618156433105e-01 0.000000000000000000e+00 0.000000000000000000e+00 1.000000000000000000e+00
-6.925916075706481934e-01 -2.628343105316162109e-01 0.000000000000000000e+00 0.000000000000000000e+00 1.000000000000000000e+00
-6.949766874313354492e-01 -2.669632434844970703e-01 0.000000000000000000e+00 0.000000000000000000e+00 1.000000000000000000e+00
-6.837062835693359375e-01 -2.737466692924499512e-01 0.000000000000000000e+00 0.000000000000000000e+00 1.000000000000000000e+00
-6.749080419540405273e-01 -2.820942997932434082e-01 0.000000000000000000e+00 0.000000000000000000e+00 1.000000000000000000e+00
-6.720952987670898438e-01 -2.815228104591369629e-01 0.000000000000000000e+00 0.000000000000000000e+00 1.000000000000000000e+00
-6.697655916213989258e-01 -2.741998434066772461e-01 0.000000000000000000e+00 0.000000000000000000e+00 1.000000000000000000e+00
-6.677005887031555176e-01 -2.673055529594421387e-01 0.000000000000000000e+00 0.000000000000000000e+00 1.000000000000000000e+00
-6.675646305084228516e-01 -2.670816779136657715e-01 0.000000000000000000e+00 0.000000000000000000e+00 1.000000000000000000e+00
-6.665551662445068359e-01 -2.736082673072814941e-01 0.000000000000000000e+00 0.000000000000000000e+00 1.000000000000000000e+00
-6.595491766929626465e-01 -2.842957973480224609e-01 0.000000000000000000e+00 0.000000000000000000e+00 1.000000000000000000e+00
-6.574165821075439453e-01 -2.861509323120117188e-01 0.000000000000000000e+00 0.000000000000000000e+00 1.000000000000000000e+00
-6.592592000961303711e-01 -2.741190195083618164e-01 0.000000000000000000e+00 0.000000000000000000e+00 1.000000000000000000e+00
-6.624629497528076172e-01 -2.583290338516235352e-01 0.000000000000000000e+00 0.000000000000000000e+00 1.000000000000000000e+00
-6.639024019241333008e-01 -2.548075914382934570e-01 0.000000000000000000e+00 0.000000000000000000e+00 1.000000000000000000e+00
0.000000000000000000e+00 0.000000000000000000e+00 0.000000000000000000e+00 0.000000000000000000e+00 0.000000000000000000e+00
0.000000000000000000e+00 0.000000000000000000e+00 0.000000000000000000e+00 0.000000000000000000e+00 0.000000000000000000e+00
0.000000000000000000e+00 0.000000000000000000e+00 0.000000000000000000e+00 0.000000000000000000e+00 0.000000000000000000e+00
0.000000000000000000e+00 0.000000000000000000e+00 0.000000000000000000e+00 0.000000000000000000e+00 0.000000000000000000e+00
0.000000000000000000e+00 0.000000000000000000e+00 0.000000000000000000e+00 0.000000000000000000e+00 0.000000000000000000e+00
0.000000000000000000e+00 0.000000000000000000e+00 0.000000000000000000e+00 0.000000000000000000e+00 0.000000000000000000e+00
0.000000000000000000e+00 0.000000000000000000e+00 0.000000000000000000e+00 0.000000000000000000e+00 0.000000000000000000e+00
0.000000000000000000e+00 0.000000000000000000e+00 0.000000000000000000e+00 0.000000000000000000e+00 0.000000000000000000e+00
0.000000000000000000e+00 0.000000000000000000e+00 0.000000000000000000e+00 0.000000000000000000e+00 0.000000000000000000e+00
0.000000000000000000e+00 0.000000000000000000e+00 0.000000000000000000e+00 0.000000000000000000e+00 0.000000000000000000e+00
0.000000000000000000e+00 0.000000000000000000e+00 0.000000000000000000e+00 0.000000000000000000e+00 0.000000000000000000e+00
0.000000000000000000e+00 0.000000000000000000e+00 0.000000000000000000e+00 0.000000000000000000e+00 0.000000000000000000e+00
0.000000000000000000e+00 0.000000000000000000e+00 0.000000000000000000e+00 0.000000000000000000e+00 0.000000000000000000e+00
0.000000000000000000e+00 0.000000000000000000e+00 0.000000000000000000e+00 0.000000000000000000e+00 0.000000000000000000e+00
0.000000000000000000e+00 0.000000000000000000e+00 0.000000000000000000e+00 0.000000000000000000e+00 0.000000000000000000e+00
0.000000000000000000e+00 0.000000000000000000e+00 0.000000000000000000e+00 0.000000000000000000e+00 0.000000000000000000e+00
0.000000000000000000e+00 0.000000000000000000e+00 0.000000000000000000e+00 0.000000000000000000e+00 0.000000000000000000e+00
0.000000000000000000e+00 0.000000000000000000e+00 0.000000000000000000e+00 0.000000000000000000e+00 0.000000000000000000e+00
0.000000000000000000e+00 0.000000000000000000e+00 0.000000000000000000e+00 0.000000000000000000e+00 0.000000000000000000e+00
0.000000000000000000e+00 0.000000000000000000e+00 0.000000000000000000e+00 0.000000000000000000e+00 0.000000000000000000e+00
0.000000000000000000e+00 0.000000000000000000e+00 0.000000000000000000e+00 0.000000000000000000e+00 0.000000000000000000e+00
0.000000000000000000e+00 0.000000000000000000e+00 0.000000000000000000e+00 0.000000000000000000e+00 0.000000000000000000e+00
0.000000000000000000e+00 0.000000000000000000e+00 0.000000000000000000e+00 0.000000000000000000e+00 0.000000000000000000e+00
0.000000000000000000e+00 0.000000000000000000e+00 0.000000000000000000e+00 0.000000000000000000e+00 0.000000000000000000e+00
0.000000000000000000e+00 0.000000000000000000e+00 0.000000000000000000e+00 0.000000000000000000e+00 0.000000000000000000e+00
0.000000000000000000e+00 0.000000000000000000e+00 0.000000000000000000e+00 0.000000000000000000e+00 0.000000000000000000e+00
0.000000000000000000e+00 0.000000000000000000e+00 0.000000000000000000e+00 0.000000000000000000e+00 0.000000000000000000e+00
0.000000000000000000e+00 0.000000000000000000e+00 0.000000000000000000e+00 0.000000000000000000e+00 0.000000000000000000e+00
0.000000000000000000e+00 0.000000000000000000e+00 0.000000000000000000e+00 0.000000000000000000e+00 0.000000000000000000e+00
0.000000000000000000e+00 0.000000000000000000e+00 0.000000000000000000e+00 0.000000000000000000e+00 0.000000000000000000e+00
0.000000000000000000e+00 0.000000000000000000e+00 0.000000000000000000e+00 0.000000000000000000e+00 0.000000000000000000e+00
0.000000000000000000e+00 0.000000000000000000e+00 0.000000000000000000e+00 0.000000000000000000e+00 0.000000000000000000e+00
0.000000000000000000e+00 0.000000000000000000e+00 0.000000000000000000e+00 0.000000000000000000e+00 0.000000000000000000e+00
0.000000000000000000e+00 0.000000000000000000e+00 0.000000000000000000e+00 0.000000000000000000e+00 0.000000000000000000e+00
0.000000000000000000e+00 0.000000000000000000e+00 0.000000000000000000e+00 0.000000000000000000e+00 0.000000000000000000e+00
0.000000000000000000e+00 0.000000000000000000e+00 0.000000000000000000e+00 0.000000000000000000e+00 0.000000000000000000e+00
0.000000000000000000e+00 0.000000000000000000e+00 0.000000000000000000e+00 0.000000000000000000e+00 0.000000000000000000e+00
0.000000000000000000e+00 0.000000000000000000e+00 0.000000000000000000e+00 0.000000000000000000e+00 0.000000000000000000e+00
0.000000000000000000e+00 0.000000000000000000e+00 0.000000000000000000e+00 0.000000000000000000e+00 0.000000000000000000e+00
0.000000000000000000e+00 0.000000000000000000e+00 0.000000000000000000e+00 0.000000000000000000e+00 0.000000000000000000e+00
0.000000000000000000e+00 0.000000000000000000e+00 0.000000000000000000e+00 0.000000000000000000e+00 0.000000000000000000e+00
0.000000000000000000e+00 0.000000000000000000e+00 0.000000000000000000e+00 0.000000000000000000e+00 0.000000000000000000e+00
0.000000000000000000e+00 0.000000000000000000e+00 0.000000000000000000e+00 0.000000000000000000e+00 0.000000000000000000e+00
0.000000000000000000e+00 0.000000000000000000e+00 0.000000000000000000e+00 0.000000000000000000e+00 0.000000000000000000e+00
0.000000000000000000e+00 0.000000000000000000e+00 0.000000000000000000e+00 0.000000000000000000e+00 0.000000000000000000e+00
0.000000000000000000e+00 0.000000000000000000e+00 0.000000000000000000e+00 0.000000000000000000e+00 0.000000000000000000e+00
0.000000000000000000e+00 0.000000000000000000e+00 0.000000000000000000e+00 0.000000000000000000e+00 0.000000000000000000e+00
0.000000000000000000e+00 0.000000000000000000e+00 0.000000000000000000e+00 0.000000000000000000e+00 0.000000000000000000e+00
0.000000000000000000e+00 0.000000000000000000e+00 0.000000000000000000e+00 0.000000000000000000e+00 0.000000000000000000e+00
