0.000000000000000000e+00 0.000000000000000000e+00 1.000000000000000000e+00 0.000000000000000000e+00 0.000000000000000000e+00
-1.584362030029296875e+00 1.827129721641540527e+00 1.000000000000000000e+00 0.000000000000000000e+00 0.000000000000000000e+00
-1.405317544937133789e+00 1.222864508628845215e+00 1.000000000000000000e+00 0.000000000000000000e+00 0.000000000000000000e+00
-7.109889984130859375e-01 3.969646394252777100e-01 1.000000000000000000e+00 0.000000000000000000e+00 0.000000000000000000e+00
-3.883535861968994141e-01 -9.737968444824218750e-03 0.000000000000000000e+00 1.000000000000000000e+00 0.000000000000000000e+00
2.709559917449951172e+00 -1.692519783973693848e+00 1.000000000000000000e+00 0.000000000000000000e+00 0.000000000000000000e+00
5.868226289749145508e-01 1.116430610418319702e-01 1.000000000000000000e+00 0.000000000000000000e+00 0.000000000000000000e+00
4.082412421703338623e-01 2.628447413444519043e-01 1.000000000000000000e+00 0.000000000000000000e+00 0.000000000000000000e+00
5.382834672927856445e-01 7.345206737518310547e-01 0.000000000000000000e+00 1.000000000000000000e+00 0.000000000000000000e+00
-2.288353919982910156e+00 4.079324007034301758e-01 1.000000000000000000e+00 0.000000000000000000e+00 0.000000000000000000e+00
1.160176157951354980e+00 -1.061782836914062500e-01 1.000000000000000000e+00 0.000000000000000000e+00 0.000000000000000000e+00
3.135352730751037598e-01 8.395282924175262451e-02 0.000000000000000000e+00 1.000000000000000000e+00 0.000000000000000000e+00
-1.570131421089172363e+00 1.097988009452819824e+00 1.000000000000000000e+00 0.000000000000000000e+00 0.000000000000000000e+00
-1.038666442036628723e-02 7.503758668899536133e-01 1.000000000000000000e+00 0.000000000000000000e+00 0.000000000000000000e+00
-1.236994862556457520e-01 3.114660084247589111e-01 0.000000000000000000e+00 1.000000000000000000e+00 0.000000000000000000e+00
8.024027347564697266e-01 -1.041992545127868652e+00 1.000000000000000000e+00 0.000000000000000000e+00 0.000000000000000000e+00
6.551845073699951172e-01 8.355200290679931641e-02 1.000000000000000000e+00 0.000000000000000000e+00 0.000000000000000000e+00
2.485911250114440918e-01 1.899318248033523560e-01 1.000000000000000000e+00 0.000000000000000000e+00 0.000000000000000000e+00
-5.403985381126403809e-01 7.280545830726623535e-01 1.000000000000000000e+00 0.000000000000000000e+00 0.000000000000000000e+00
7.745451331138610840e-01 -1.452504247426986694e-01 1.000000000000000000e+00 0.000000000000000000e+00 0.000000000000000000e+00
6.415405273437500000e-01 -2.764899134635925293e-01 0.000000000000000000e+00 1.000000000000000000e+00 0.000000000000000000e+00
-1.716060638427734375e+00 -2.777029514312744141e+00 0.000000000000000000e+00 0.000000000000000000e+00 1.000000000000000000e+00
-3.692243695259094238e-01 1.871821880340576172e+00 0.000000000000000000e+00 0.000000000000000000e+00 1.000000000000000000e+00
-1.303340673446655273e+00 -1.159104108810424805e-01 0.000000000000000000e+00 0.000000000000000000e+00 1.000000000000000000e+00
-8.836939334869384766e-01 -4.048815369606018066e-01 0.000000000000000000e+00 0.000000000000000000e+00 1.000000000000000000e+00
-8.982495069503784180e-01 -3.060384988784790039e-01 0.000000000000000000e+00 0.000000000000000000e+00 1.000000000000000000e+00
-8.711791038513183594e-01 -2.798771262168884277e-01 0.000000000000000000e+00 0.000000000000000000e+00 1.000000000000000000e+00
-8.560050725936889648e-01 -2.595798373222351074e-01 0.000000000000000000e+00 0.000000000000000000e+00 1.000000000000000000e+00
-8.569729328155517578e-01 -2.291185855865478516e-01 0.000000000000000000e+00 0.000000000000000000e+00 1.000000000000000000e+00
-8.607349395751953125e-01 -2.008344531059265137e-01 0.000000000000000000e+00 0.000000000000000000e+00 1.000000000000000000e+00
-8.483815193176269531e-01 -2.047186493873596191e-01 0.000000000000000000e+00 0.000000000000000000e+00 1.000000000000000000e+00
-8.091992139816284180e-01 -2.355256080627441406e-01 0.000000000000000000e+00 0.000000000000000000e+00 1.000000000000000000e+00
-7.965689897537231445e-01 -2.284386157989501953e-01 0.000000000000000000e+00 0.000000000000000000e+00 1.000000000000000000e+00
-7.915582656860351562e-01 -2.109998464584350586e-01 0.000000000000000000e+00 0.000000000000000000e+00 1.000000000000000000e+00
-7.868055105209350586e-01 -2.061243653297424316e-01 0.000000000000000000e+00 0.000000000000000000e+00 1.000000000000000000e+00
-7.834129333496093750e-01 -2.043008804321289062e-01 0.000000000000000000e+00 0.000000000000000000e+00 1.000000000000000000e+00
-7.780982255935668945e-01 -2.066903710365295410e-01 0.000000000000000000e+00 0.000000000000000000e+00 1.000000000000000000e+00
-7.692413330078125000e-01 -2.119063138961791992e-01 0.000000000000000000e+00 0.000000000000000000e+00 1.000000000000000000e+00
-7.633527517318725586e-01 -2.086743712425231934e-01 0.000000000000000000e+00 0.000000000000000000e+00 1.000000000000000000e+00
-7.637083530426025391e-01 -1.964759230613708496e-01 0.000000000000000000e+00 0.000000000000000000e+00 1.000000000000000000e+00
-7.626122236251831055e-01 -1.895244717597961426e-01 0.000000000000000000e+00 0.000000000000000000e+00 1.000000000000000000e+00
-7.581826448440551758e-01 -1.872521638870239258e-01 0.000000000000000000e+00 0.000000000000000000e+00 1.000000000000000000e+00
-7.535828351974487305e-01 -1.880299448966979980e-01 0.000000000000000000e+00 0.000000000000000000e+00 1.000000000000000000e+00
-7.481797933578491211e-01 -1.890431642532348633e-01 0.000000000000000000e+00 0.000000000000000000e+00 1.000000000000000000e+00
-7.440760135650634766e-01 -1.883750557899475098e-01 0.000000000000000000e+00 0.000000000000000000e+00 1.000000000000000000e+00
-7.427850961685180664e-01 -1.852466464042663574e-01 0.000000000000000000e+00 0.000000000000000000e+00 1.000000000000000000e+00
-7.404708862304687500e-01 -1.865873932838439941e-01 0.000000000000000000e+00 0.000000000000000000e+00 1.000000000000000000e+00
-7.342998981475830078e-01 -1.969218850135803223e-01 0.000000000000000000e+00 0.000000000000000000e+00 1.000000000000000000e+00
-7.255289554595947266e-01 -2.094956636428833008e-01 0.000000000000000000e+00 0.000000000000000000e+00 1.000000000000000000e+00
-7.194900512695312500e-01 -2.110319137573242188e-01 0.000000000000000000e+00 0.000000000000000000e+00 1.000000000000000000e+00
-7.183833122253417969e-01 -1.965242624282836914e-01 0.000000000000000000e+00 0.000000000000000000e+00 1.000000000000000000e+00
-7.206876277923583984e-01 -1.762382388114929199e-01 0.000000000000000000e+00 0.000000000000000000e+00 1.000000000000000000e+00
-7.217627763748168945e-01 -1.658266186714172363e-01 0.000000000000000000e+00 0.000000000000000000e+00 1.000000000000000000e+00
-7.179081439971923828e-01 -1.707848906517028809e-01 0.000000000000000000e+00 0.000000000000000000e+00 1.000000000000000000e+00
-7.106844186782836914e-01 -1.884669661521911621e-01 0.000000000000000000e+00 0.000000000000000000e+00 1.000000000000000000e+00
-7.021744251251220703e-01 -2.069332003593444824e-01 0.000000000000000000e+00 0.000000000000000000e+00 1.000000000000000000e+00
-6.973444223403930664e-01 -2.117602229118347168e-01 0.000000000000000000e+00 0.000000000000000000e+00 1.000000000000000000e+00
-6.982060074806213379e-01 -2.012383341789245605e-01 0.000000000000000000e+00 0.000000000000000000e+00 1.000000000000000000e+00
-7.020071744918823242e-01 -1.848859786987304688e-01 0.000000000000000000e+00 0.000000000000000000e+00 1.000000000000000000e+00
-7.002204656600952148e-01 -1.813426017761230469e-01 0.000000000000000000e+00 0.000000000000000000e+00 1.000000000000000000e+00
-6.916692256927490234e-01 -1.913859844207763672e-01 0.000000000000000000e+00 0.000000000000000000e+00 1.000000000000000000e+00
-6.811119318008422852e-01 -2.085660696029663086e-01 0.000000000000000000e+00 0.000000000000000000e+00 1.000000000000000000e+00
-6.726404428482055664e-01 -2.184727191925048828e-01 0.000000000000000000e+00 0.000000000000000000e+00 1.000000000000000000e+00
-6.699427962303161621e-01 -2.140185832977294922e-01 0.000000000000000000e+00 0.000000000000000000e+00 1.000000000000000000e+00
-6.737105846405029297e-01 -1.997420787811279297e-01 0.000000000000000000e+00 0.000000000000000000e+00 1.000000000000000000e+00
-6.792215704917907715e-01 -1.894267201423645020e-01 0.000000000000000000e+00 0.000000000000000000e+00 1.000000000000000000e+00
-6.765295267105102539e-01 -1.938995718955993652e-01 0.000000000000000000e+00 0.000000000000000000e+00 1.000000000000000000e+00
-6.673651933670043945e-01 -2.098917961120605469e-01 0.000000000000000000e+00 0.000000000000000000e+00 1.000000000000000000e+00
0.000000000000000000e+00 0.000000000000000000e+00 0.000000000000000000e+00 0.000000000000000000e+00 0.000000000000000000e+00
0.000000000000000000e+00 0.000000000000000000e+00 0.000000000000000000e+00 0.000000000000000000e+00 0.000000000000000000e+00
0.000000000000000000e+00 0.000000000000000000e+00 0.000000000000000000e+00 0.000000000000000000e+00 0.000000000000000000e+00
0.000000000000000000e+00 0.000000000000000000e+00 0.000000000000000000e+00 0.000000000000000000e+00 0.000000000000000000e+00
0.000000000000000000e+00 0.000000000000000000e+00 0.000000000000000000e+00 0.000000000000000000e+00 0.000000000000000000e+00
0.000000000000000000e+00 0.000000000000000000e+00 0.000000000000000000e+00 0.000000000000000000e+00 0.000000000000000000e+00
0.000000000000000000e+00 0.000000000000000000e+00 0.000000000000000000e+00 0.000000000000000000e+00 0.000000000000000000e+00
0.000000000000000000e+00 0.000000000000000000e+00 0.000000000000000000e+00 0.000000000000000000e+00 0.000000000000000000e+00
0.000000000000000000e+00 0.000000000000000000e+00 0.000000000000000000e+00 0.000000000000000000e+00 0.000000000000000000e+00
0.000000000000000000e+00 0.000000000000000000e+00 0.000000000000000000e+00 0.000000000000000000e+00 0.000000000000000000e+00
0.000000000000000000e+00 0.000000000000000000e+00 0.000000000000000000e+00 0.000000000000000000e+00 0.000000000000000000e+00
0.000000000000000000e+00 0.000000000000000000e+00 0.000000000000000000e+00 0.000000000000000000e+00 0.000000000000000000e+00
0.000000000000000000e+00 0.000000000000000000e+00 0.000000000000000000e+00 0.000000000000000000e+00 0.000000000000000000e+00
0.000000000000000000e+00 0.000000000000000000e+00 0.000000000000000000e+00 0.000000000000000000e+00 0.000000000000000000e+00
0.000000000000000000e+00 0.000000000000000000e+00 0.000000000000000000e+00 0.000000000000000000e+00 0.000000000000000000e+00
0.000000000000000000e+00 0.000000000000000000e+00 0.000000000000000000e+00 0.000000000000000000e+00 0.000000000000000000e+00
0.000000000000000000e+00 0.000000000000000000e+00 0.000000000000000000e+00 0.000000000000000000e+00 0.000000000000000000e+00
0.000000000000000000e+00 0.000000000000000000e+00 0.000000000000000000e+00 0.000000000000000000e+00 0.000000000000000000e+00
0.000000000000000000e+00 0.000000000000000000e+00 0.000000000000000000e+00 0.000000000000000000e+00 0.000000000000000000e+00
0.000000000000000000e+00 0.000000000000000000e+00 0.000000000000000000e+00 0.000000000000000000e+00 0.000000000000000000e+00
0.000000000000000000e+00 0.000000000000000000e+00 0.000000000000000000e+00 0.000000000000000000e+00 0.000000000000000000e+00
0.000000000000000000e+00 0.000000000000000000e+00 0.000000000000000000e+00 0.000000000000000000e+00 0.000000000000000000e+00
0.000000000000000000e+00 0.000000000000000000e+00 0.000000000000000000e+00 0.000000000000000000e+00 0.000000000000000000e+00
0.000000000000000000e+00 0.000000000000000000e+00 0.000000000000000000e+00 0.000000000000000000e+00 0.000000000000000000e+00
0.000000000000000000e+00 0.000000000000000000e+00 0.000000000000000000e+00 0.000000000000000000e+00 0.000000000000000000e+00
0.000000000000000000e+00 0.000000000000000000e+00 0.000000000000000000e+00 0.000000000000000000e+00 0.000000000000000000e+00
0.000000000000000000e+00 0.000000000000000000e+00 0.000000000000000000e+00 0.000000000000000000e+00 0.000000000000000000e+00
0.000000000000000000e+00 0.000000000000000000e+00 0.000000000000000000e+00 0.000000000000000000e+00 0.000000000000000000e+00
0.000000000000000000e+00 0.000000000000000000e+00 0.000000000000000000e+00 0.000000000000000000e+00 0.000000000000000000e+00
0.000000000000000000e+00 0.000000000000000000e+00 0.000000000000000000e+00 0.000000000000000000e+00 0.000000000000000000e+00
0.000000000000000000e+00 0.000000000000000000e+00 0.000000000000000000e+00 0.000000000000000000e+00 0.000000000000000000e+00
0.000000000000000000e+00 0.000000000000000000e+00 0.000000000000000000e+00 0.000000000000000000e+00 0.000000000000000000e+00
0.000000000000000000e+00 0.000000000000000000e+00 0.000000000000000000e+00 0.000000000000000000e+00 0.000000000000000000e+00
0.000000000000000000e+00 0.000000000000000000e+00 0.000000000000000000e+00 0.000000000000000000e+00 0.000000000000000000e+00
0.000000000000000000e+00 0.000000000000000000e+00 0.000000000000000000e+00 0.000000000000000000e+00 0.000000000000000000e+00
0.000000000000000000e+00 0.000000000000000000e+00 0.000000000000000000e+00 0.000000000000000000e+00 0.000000000000000000e+00
0.000000000000000000e+00 0.000000000000000000e+00 0.000000000000000000e+00 0.000000000000000000e+00 0.000000000000000000e+00
0.000000000000000000e+00 0.000000000000000000e+00 0.000000000000000000e+00 0.000000000000000000e+00 0.000000000000000000e+00
0.000000000000000000e+00 0.000000000000000000e+00 0.000000000000000000e+00 0.000000000000000000e+00 0.000000000000000000e+00
0.000000000000000000e+00 0.000000000000000000e+00 0.000000000000000000e+00 0.000000000000000000e+00 0.000000000000000000e+00
0.000000000000000000e+00 0.000000000000000000e+00 0.000000000000000000e+00 0.000000000000000000e+00 0.000000000000000000e+00
0.000000000000000000e+00 0.000000000000000000e+00 0.000000000000000000e+00 0.000000000000000000e+00 0.000000000000000000e+00
0.000000000000000000e+00 0.000000000000000000e+00 0.000000000000000000e+00 0.000000000000000000e+00 0.000000000000000000e+00
0.000000000000000000e+00 0.000000000000000000e+00 0.000000000000000000e+00 0.000000000000000000e+00 0.000000000000000000e+00
0.000000000000000000e+00 0.000000000000000000e+00 0.000000000000000000e+00 0.000000000000000000e+00 0.000000000000000000e+00
0.000000000000000000e+00 0.000000000000000000e+00 0.000000000000000000e+00 0.000000000000000000e+00 0.000000000000000000e+00
0.000000000000000000e+00 0.000000000000000000e+00 0.000000000000000000e+00 0.000000000000000000e+00 0.000000000000000000e+00
0.000000000000000000e+00 0.000000000000000000e+00 0.000000000000000000e+00 0.000000000000000000e+00 0.000000000000000000e+00
0.000000000000000000e+00 0.000000000000000000e+00 0.000000000000000000e+00 0.000000000000000000e+00 0.000000000000000000e+00
0.000000000000000000e+00 0.000000000000000000e+00 0.000000000000000000e+00 0.000000000000000000e+00 0.000000000000000000e+00
0.000000000000000000e+00 0.000000000000000000e+00 0.000000000000000000e+00 0.000000000000000000e+00 0.000000000000000000e+00
0.000000000000000000e+00 0.000000000000000000e+00 0.000000000000000000e+00 0.000000000000000000e+00 0.000000000000000000e+00
0.000000000000000000e+00 0.000000000000000000e+00 0.000000000000000000e+00 0.000000000000000000e+00 0.000000000000000000e+00
