0.000000000000000000e+00 0.000000000000000000e+00 1.000000000000000000e+00 0.000000000000000000e+00 0.000000000000000000e+00
-1.533314585685729980e-03 8.211883306503295898e-01 1.000000000000000000e+00 0.000000000000000000e+00 0.000000000000000000e+00
-7.964985072612762451e-02 2.358952462673187256e-01 0.000000000000000000e+00 1.000000000000000000e+00 0.000000000000000000e+00
5.564929246902465820e-01 -1.035766839981079102e+00 1.000000000000000000e+00 0.000000000000000000e+00 0.000000000000000000e+00
4.074249863624572754e-01 4.852056503295898438e-02 1.000000000000000000e+00 0.000000000000000000e+00 0.000000000000000000e+00
1.261040866374969482e-01 1.633063554763793945e-01 1.000000000000000000e+00 0.000000000000000000e+00 0.000000000000000000e+00
-9.755491465330123901e-02 3.674191236495971680e-01 1.000000000000000000e+00 0.000000000000000000e+00 0.000000000000000000e+00
-3.832081556320190430e-01 3.891752958297729492e-01 1.000000000000000000e+00 0.000000000000000000e+00 0.000000000000000000e+00
5.107707977294921875e-01 -3.250116705894470215e-01 1.000000000000000000e+00 0.000000000000000000e+00 0.000000000000000000e+00
2.725973129272460938e-01 -3.320427536964416504e-01 0.000000000000000000e+00 1.000000000000000000e+00 0.000000000000000000e+00
1.586144566535949707e+00 -1.974418759346008301e+00 1.000000000000000000e+00 0.000000000000000000e+00 0.000000000000000000e+00
-1.051830649375915527e+00 1.383153915405273438e+00 1.000000000000000000e+00 0.000000000000000000e+00 0.000000000000000000e+00
-7.807071208953857422e-01 7.458730936050415039e-01 1.000000000000000000e+00 0.000000000000000000e+00 0.000000000000000000e+00
-4.650005400180816650e-01 2.471641600131988525e-01 0.000000000000000000e+00 1.000000000000000000e+00 0.000000000000000000e+00
1.749867439270019531e+00 -1.287071108818054199e+00 1.000000000000000000e+00 0.000000000000000000e+00 0.000000000000000000e+00
3.528559803962707520e-01 9.512019902467727661e-02 1.000000000000000000e+00 0.000000000000000000e+00 0.000000000000000000e+00
2.390523254871368408e-01 2.280208915472030640e-01 1.000000000000000000e+00 0.000000000000000000e+00 0.000000000000000000e+00
5.300599336624145508e-02 1.758802235126495361e-01 0.000000000000000000e+00 1.000000000000000000e+00 0.000000000000000000e+00
-7.322236299514770508e-01 1.806066036224365234e-01 1.000000000000000000e+00 0.000000000000000000e+00 0.000000000000000000e+00
-7.373545318841934204e-02 8.122789859771728516e-02 1.000000000000000000e+00 0.000000000000000000e+00 0.000000000000000000e+00
4.768004640936851501e-02 3.901933431625366211e-01 1.000000000000000000e+00 0.000000000000000000e+00 0.000000000000000000e+00
-7.630896568298339844e-02 2.121715545654296875e-01 0.000000000000000000e+00 1.000000000000000000e+00 0.000000000000000000e+00
-2.563439011573791504e-01 1.836914122104644775e-01 1.000000000000000000e+00 0.000000000000000000e+00 0.000000000000000000e+00
7.402428388595581055e-01 2.250172197818756104e-02 1.000000000000000000e+00 0.000000000000000000e+00 0.000000000000000000e+00
1.876627504825592041e-01 1.315151751041412354e-01 1.000000000000000000e+00 0.000000000000000000e+00 0.000000000000000000e+00
-7.357784509658813477e-01 7.468821406364440918e-01 1.000000000000000000e+00 0.000000000000000000e+00 0.000000000000000000e+00
8.319306373596191406e-01 6.107948720455169678e-02 1.000000000000000000e+00 0.000000000000000000e+00 0.000000000000000000e+00
4.426957964897155762e-01 -5.913069844245910645e-02 0.000000000000000000e+00 1.000000000000000000e+00 0.000000000000000000e+00
-1.490662693977355957e+00 -2.334457397460937500e+00 0.000000000000000000e+00 0.000000000000000000e+00 1.000000000000000000e+00
-3.770392537117004395e-01 1.343333482742309570e+00 0.000000000000000000e+00 0.000000000000000000e+00 1.000000000000000000e+00
-1.310018181800842285e+00 -6.398361325263977051e-01 0.000000000000000000e+00 0.000000000000000000e+00 1.000000000000000000e+00
-8.456411361694335938e-01 -2.200027108192443848e-01 0.000000000000000000e+00 0.000000000000000000e+00 1.000000000000000000e+00
-9.227433204650878906e-01 -6.151888966560363770e-01 0.000000000000000000e+00 0.000000000000000000e+00 1.000000000000000000e+00
-8.185364007949829102e-01 -4.355332255363464355e-01 0.000000000000000000e+00 0.000000000000000000e+00 1.000000000000000000e+00
-8.212488889694213867e-01 -4.436052441596984863e-01 0.000000000000000000e+00 0.000000000000000000e+00 1.000000000000000000e+00
-8.165320158004760742e-01 -3.854194283485412598e-01 0.000000000000000000e+00 0.000000000000000000e+00 1.000000000000000000e+00
-8.377219438552856445e-01 -3.226419091224670410e-01 0.000000000000000000e+00 0.000000000000000000e+00 1.000000000000000000e+00
-8.343321084976196289e-01 -3.060501813888549805e-01 0.000000000000000000e+00 0.000000000000000000e+00 1.000000000000000000e+00
-7.974811792373657227e-01 -3.404702544212341309e-01 0.000000000000000000e+00 0.000000000000000000e+00 1.000000000000000000e+00
-7.684184312820434570e-01 -3.615232110023498535e-01 0.000000000000000000e+00 0.000000000000000000e+00 1.000000000000000000e+00
-7.656348943710327148e-01 -3.552463650703430176e-01 0.000000000000000000e+00 0.000000000000000000e+00 1.000000000000000000e+00
-7.710902690887451172e-01 -3.414420485496520996e-01 0.000000000000000000e+00 0.000000000000000000e+00 1.000000000000000000e+00
-7.813942432403564453e-01 -3.127507567405700684e-01 0.000000000000000000e+00 0.000000000000000000e+00 1.000000000000000000e+00
-7.876332998275756836e-01 -2.889524698257446289e-01 0.000000000000000000e+00 0.000000000000000000e+00 1.000000000000000000e+00
-7.724949121475219727e-01 -3.001982569694519043e-01 0.000000000000000000e+00 0.000000000000000000e+00 1.000000000000000000e+00
-7.480293512344360352e-01 -3.232255578041076660e-01 0.000000000000000000e+00 0.000000000000000000e+00 1.000000000000000000e+00
-7.346545457839965820e-01 -3.377633690834045410e-01 0.000000000000000000e+00 0.000000000000000000e+00 1.000000000000000000e+00
-7.308933734893798828e-01 -3.385773301124572754e-01 0.000000000000000000e+00 0.000000000000000000e+00 1.000000000000000000e+00
-7.338680028915405273e-01 -3.292327523231506348e-01 0.000000000000000000e+00 0.000000000000000000e+00 1.000000000000000000e+00
-7.372789382934570312e-01 -3.169245123863220215e-01 0.000000000000000000e+00 0.000000000000000000e+00 1.000000000000000000e+00
-7.390394210815429688e-01 -3.043345212936401367e-01 0.000000000000000000e+00 0.000000000000000000e+00 1.000000000000000000e+00
-7.362198829650878906e-01 -2.994472980499267578e-01 0.000000000000000000e+00 0.000000000000000000e+00 1.000000000000000000e+00
-7.297359704971313477e-01 -3.022758364677429199e-01 0.000000000000000000e+00 0.000000000000000000e+00 1.000000000000000000e+00
-7.249686717987060547e-01 -3.051355481147766113e-01 0.000000000000000000e+00 0.000000000000000000e+00 1.000000000000000000e+00
-7.218234539031982422e-01 -3.064577579498291016e-01 0.000000000000000000e+00 0.000000000000000000e+00 1.000000000000000000e+00
-7.181475162506103516e-01 -3.060743212699890137e-01 0.000000000000000000e+00 0.000000000000000000e+00 1.000000000000000000e+00
-7.110519409179687500e-01 -3.054541945457458496e-01 0.000000000000000000e+00 0.000000000000000000e+00 1.000000000000000000e+00
0.000000000000000000e+00 0.000000000000000000e+00 0.000000000000000000e+00 0.000000000000000000e+00 0.000000000000000000e+00
0.000000000000000000e+00 0.000000000000000000e+00 0.000000000000000000e+00 0.000000000000000000e+00 0.000000000000000000e+00
0.000000000000000000e+00 0.000000000000000000e+00 0.000000000000000000e+00 0.000000000000000000e+00 0.000000000000000000e+00
0.000000000000000000e+00 0.000000000000000000e+00 0.000000000000000000e+00 0.000000000000000000e+00 0.000000000000000000e+00
0.000000000000000000e+00 0.000000000000000000e+00 0.000000000000000000e+00 0.000000000000000000e+00 0.000000000000000000e+00
0.000000000000000000e+00 0.000000000000000000e+00 0.000000000000000000e+00 0.000000000000000000e+00 0.000000000000000000e+00
0.000000000000000000e+00 0.000000000000000000e+00 0.000000000000000000e+00 0.000000000000000000e+00 0.000000000000000000e+00
0.000000000000000000e+00 0.000000000000000000e+00 0.000000000000000000e+00 0.000000000000000000e+00 0.000000000000000000e+00
0.000000000000000000e+00 0.000000000000000000e+00 0.000000000000000000e+00 0.000000000000000000e+00 0.000000000000000000e+00
0.000000000000000000e+00 0.000000000000000000e+00 0.000000000000000000e+00 0.000000000000000000e+00 0.000000000000000000e+00
0.000000000000000000e+00 0.000000000000000000e+00 0.000000000000000000e+00 0.000000000000000000e+00 0.000000000000000000e+00
0.000000000000000000e+00 0.000000000000000000e+00 0.000000000000000000e+00 0.000000000000000000e+00 0.000000000000000000e+00
0.000000000000000000e+00 0.000000000000000000e+00 0.000000000000000000e+00 0.000000000000000000e+00 0.000000000000000000e+00
0.000000000000000000e+00 0.000000000000000000e+00 0.000000000000000000e+00 0.000000000000000000e+00 0.000000000000000000e+00
0.000000000000000000e+00 0.000000000000000000e+00 0.000000000000000000e+00 0.000000000000000000e+00 0.000000000000000000e+00
0.000000000000000000e+00 0.000000000000000000e+00 0.000000000000000000e+00 0.000000000000000000e+00 0.000000000000000000e+00
0.000000000000000000e+00 0.000000000000000000e+00 0.000000000000000000e+00 0.000000000000000000e+00 0.000000000000000000e+00
0.000000000000000000e+00 0.000000000000000000e+00 0.000000000000000000e+00 0.000000000000000000e+00 0.000000000000000000e+00
0.000000000000000000e+00 0.000000000000000000e+00 0.000000000000000000e+00 0.000000000000000000e+00 0.000000000000000000e+00
0.000000000000000000e+00 0.000000000000000000e+00 0.000000000000000000e+00 0.000000000000000000e+00 0.000000000000000000e+00
0.000000000000000000e+00 0.000000000000000000e+00 0.000000000000000000e+00 0.000000000000000000e+00 0.000000000000000000e+00
0.000000000000000000e+00 0.000000000000000000e+00 0.000000000000000000e+00 0.000000000000000000e+00 0.000000000000000000e+00
0.000000000000000000e+00 0.000000000000000000e+00 0.000000000000000000e+00 0.000000000000000000e+00 0.000000000000000000e+00
0.000000000000000000e+00 0.000000000000000000e+00 0.000000000000000000e+00 0.000000000000000000e+00 0.000000000000000000e+00
0.000000000000000000e+00 0.000000000000000000e+00 0.000000000000000000e+00 0.000000000000000000e+00 0.000000000000000000e+00
0.000000000000000000e+00 0.000000000000000000e+00 0.000000000000000000e+00 0.000000000000000000e+00 0.000000000000000000e+00
0.000000000000000000e+00 0.000000000000000000e+00 0.000000000000000000e+00 0.000000000000000000e+00 0.000000000000000000e+00
0.000000000000000000e+00 0.000000000000000000e+00 0.000000000000000000e+00 0.000000000000000000e+00 0.000000000000000000e+00
0.000000000000000000e+00 0.000000000000000000e+00 0.000000000000000000e+00 0.000000000000000000e+00 0.000000000000000000e+00
0.000000000000000000e+00 0.000000000000000000e+00 0.000000000000000000e+00 0.000000000000000000e+00 0.000000000000000000e+00
0.000000000000000000e+00 0.000000000000000000e+00 0.000000000000000000e+00 0.000000000000000000e+00 0.000000000000000000e+00
0.000000000000000000e+00 0.000000000000000000e+00 0.000000000000000000e+00 0.000000000000000000e+00 0.000000000000000000e+00
0.000000000000000000e+00 0.000000000000000000e+00 0.000000000000000000e+00 0.000000000000000000e+00 0.000000000000000000e+00
0.000000000000000000e+00 0.000000000000000000e+00 0.000000000000000000e+00 0.000000000000000000e+00 0.000000000000000000e+00
0.000000000000000000e+00 0.000000000000000000e+00 0.000000000000000000e+00 0.000000000000000000e+00 0.000000000000000000e+00
0.000000000000000000e+00 0.000000000000000000e+00 0.000000000000000000e+00 0.000000000000000000e+00 0.000000000000000000e+00
0.000000000000000000e+00 0.000000000000000000e+00 0.000000000000000000e+00 0.000000000000000000e+00 0.000000000000000000e+00
0.000000000000000000e+00 0.000000000000000000e+00 0.000000000000000000e+00 0.000000000000000000e+00 0.000000000000000000e+00
0.000000000000000000e+00 0.000000000000000000e+00 0.000000000000000000e+00 0.000000000000000000e+00 0.000000000000000000e+00
0.000000000000000000e+00 0.000000000000000000e+00 0.000000000000000000e+00 0.000000000000000000e+00 0.000000000000000000e+00
0.000000000000000000e+00 0.000000000000000000e+00 0.000000000000000000e+00 0.000000000000000000e+00 0.000000000000000000e+00
0.000000000000000000e+00 0.000000000000000000e+00 0.000000000000000000e+00 0.000000000000000000e+00 0.000000000000000000e+00
0.000000000000000000e+00 0.000000000000000000e+00 0.000000000000000000e+00 0.000000000000000000e+00 0.000000000000000000e+00
0.000000000000000000e+00 0.000000000000000000e+00 0.000000000000000000e+00 0.000000000000000000e+00 0.000000000000000000e+00
0.000000000000000000e+00 0.000000000000000000e+00 0.000000000000000000e+00 0.000000000000000000e+00 0.000000000000000000e+00
0.000000000000000000e+00 0.000000000000000000e+00 0.000000000000000000e+00 0.000000000000000000e+00 0.000000000000000000e+00
0.000000000000000000e+00 0.000000000000000000e+00 0.000000000000000000e+00 0.000000000000000000e+00 0.000000000000000000e+00
0.000000000000000000e+00 0.000000000000000000e+00 0.000000000000000000e+00 0.000000000000000000e+00 0.000000000000000000e+00
0.000000000000000000e+00 0.000000000000000000e+00 0.000000000000000000e+00 0.000000000000000000e+00 0.000000000000000000e+00
0.000000000000000000e+00 0.000000000000000000e+00 0.000000000000000000e+00 0.000000000000000000e+00 0.000000000000000000e+00
0.000000000000000000e+00 0.000000000000000000e+00 0.000000000000000000e+00 0.000000000000000000e+00 0.000000000000000000e+00
0.000000000000000000e+00 0.000000000000000000e+00 0.000000000000000000e+00 0.000000000000000000e+00 0.000000000000000000e+00
0.000000000000000000e+00 0.000000000000000000e+00 0.000000000000000000e+00 0.000000000000000000e+00 0.000000000000000000e+00
0.000000000000000000e+00 0.000000000000000000e+00 0.000000000000000000e+00 0.000000000000000000e+00 0.000000000000000000e+00
0.000000000000000000e+00 0.000000000000000000e+00 0.000000000000000000e+00 0.000000000000000000e+00 0.000000000000000000e+00
0.000000000000000000e+00 0.000000000000000000e+00 0.000000000000000000e+00 0.000000000000000000e+00 0.000000000000000000e+00
0.000000000000000000e+00 0.000000000000000000e+00 0.000000000000000000e+00 0.000000000000000000e+00 0.000000000000000000e+00
0.000000000000000000e+00 0.000000000000000000e+00 0.000000000000000000e+00 0.000000000000000000e+00 0.000000000000000000e+00
0.000000000000000000e+00 0.000000000000000000e+00 0.000000000000000000e+00 0.000000000000000000e+00 0.000000000000000000e+00
0.000000000000000000e+00 0.000000000000000000e+00 0.000000000000000000e+00 0.000000000000000000e+00 0.000000000000000000e+00
0.000000000000000000e+00 0.000000000000000000e+00 0.000000000000000000e+00 0.000000000000000000e+00 0.000000000000000000e+00
0.000000000000000000e+00 0.000000000000000000e+00 0.000000000000000000e+00 0.000000000000000000e+00 0.000000000000000000e+00
0.000000000000000000e+00 0.000000000000000000e+00 0.000000000000000000e+00 0.000000000000000000e+00 0.000000000000000000e+00
0.000000000000000000e+00 0.000000000000000000e+00 0.000000000000000000e+00 0.000000000000000000e+00 0.000000000000000000e+00
