0.000000000000000000e+00 0.000000000000000000e+00 1.000000000000000000e+00 0.000000000000000000e+00 0.000000000000000000e+00
-1.372077822685241699e+00 1.526955485343933105e+00 1.000000000000000000e+00 0.000000000000000000e+00 0.000000000000000000e+00
-1.152822732925415039e+00 9.662368297576904297e-01 1.000000000000000000e+00 0.000000000000000000e+00 0.000000000000000000e+00
-6.070894598960876465e-01 3.111141026020050049e-01 0.000000000000000000e+00 1.000000000000000000e+00 0.000000000000000000e+00
2.381549835205078125e+00 -1.630059361457824707e+00 1.000000000000000000e+00 0.000000000000000000e+00 0.000000000000000000e+00
4.691195189952850342e-01 7.950618863105773926e-02 1.000000000000000000e+00 0.000000000000000000e+00 0.000000000000000000e+00
3.172864317893981934e-01 2.100248783826828003e-01 1.000000000000000000e+00 0.000000000000000000e+00 0.000000000000000000e+00
6.258080899715423584e-02 1.578768193721771240e-01 0.000000000000000000e+00 1.000000000000000000e+00 0.000000000000000000e+00
-1.796218514442443848e+00 6.711257696151733398e-01 1.000000000000000000e+00 0.000000000000000000e+00 0.000000000000000000e+00
9.156746864318847656e-01 -1.481684595346450806e-01 1.000000000000000000e+00 0.000000000000000000e+00 0.000000000000000000e+00
2.542563676834106445e-01 4.223722219467163086e-02 0.000000000000000000e+00 1.000000000000000000e+00 0.000000000000000000e+00
-1.600611329078674316e+00 1.026839613914489746e+00 1.000000000000000000e+00 0.000000000000000000e+00 0.000000000000000000e+00
-6.880509853363037109e-02 6.075958609580993652e-01 1.000000000000000000e+00 0.000000000000000000e+00 0.000000000000000000e+00
-1.297852993011474609e-01 2.305631041526794434e-01 0.000000000000000000e+00 1.000000000000000000e+00 0.000000000000000000e+00
5.968517065048217773e-01 -7.995380163192749023e-01 1.000000000000000000e+00 0.000000000000000000e+00 0.000000000000000000e+00
2.666460573673248291e-01 1.637854799628257751e-02 1.000000000000000000e+00 0.000000000000000000e+00 0.000000000000000000e+00
1.407751068472862244e-02 2.213980853557586670e-01 1.000000000000000000e+00 0.000000000000000000e+00 0.000000000000000000e+00
-2.692890763282775879e-01 3.662302494049072266e-01 1.000000000000000000e+00 0.000000000000000000e+00 0.000000000000000000e+00
5.587460398674011230e-01 -3.507515788078308105e-01 0.000000000000000000e+00 1.000000000000000000e+00 0.000000000000000000e+00
7.209928035736083984e-01 -5.261539220809936523e-01 1.000000000000000000e+00 0.000000000000000000e+00 0.000000000000000000e+00
8.177506923675537109e-01 -8.851732313632965088e-02 1.000000000000000000e+00 0.000000000000000000e+00 0.000000000000000000e+00
2.945101559162139893e-01 1.116416901350021362e-01 1.000000000000000000e+00 0.000000000000000000e+00 0.000000000000000000e+00
-3.767849132418632507e-02 3.143636584281921387e-01 1.000000000000000000e+00 0.000000000000000000e+00 0.000000000000000000e+00
-3.677351474761962891e-01 4.230425357818603516e-01 1.000000000000000000e+00 0.000000000000000000e+00 0.000000000000000000e+00
-3.193639814853668213e-01 1.019207239151000977e-01 1.000000000000000000e+00 0.000000000000000000e+00 0.000000000000000000e+00
-2.554907798767089844e-01 -6.206134334206581116e-02 1.000000000000000000e+00 0.000000000000000000e+00 0.000000000000000000e+00
-1.259205788373947144e-01 -1.842423379421234131e-01 1.000000000000000000e+00 0.000000000000000000e+00 0.000000000000000000e+00
5.917044356465339661e-02 -2.355144917964935303e-01 1.000000000000000000e+00 0.000000000000000000e+00 0.000000000000000000e+00
1.357045322656631470e-01 -1.642946153879165649e-03 1.000000000000000000e+00 0.000000000000000000e+00 0.000000000000000000e+00
8.968736976385116577e-02 4.328731000423431396e-01 1.000000000000000000e+00 0.000000000000000000e+00 0.000000000000000000e+00
-1.984114050865173340e-01 1.736827969551086426e+00 1.000000000000000000e+00 0.000000000000000000e+00 0.000000000000000000e+00
-1.880761086940765381e-01 6.031063795089721680e-01 0.000000000000000000e+00 1.000000000000000000e+00 0.000000000000000000e+00
-5.747026205062866211e-01 -4.130511760711669922e+00 0.000000000000000000e+00 0.000000000000000000e+00 1.000000000000000000e+00
-6.897653341293334961e-01 1.218937635421752930e+00 0.000000000000000000e+00 0.000000000000000000e+00 1.000000000000000000e+00
-1.412651896476745605e+00 -6.524674296379089355e-01 0.000000000000000000e+00 0.000000000000000000e+00 1.000000000000000000e+00
-9.841438531875610352e-01 -4.443358778953552246e-01 0.000000000000000000e+00 0.000000000000000000e+00 1.000000000000000000e+00
-1.088381886482238770e+00 -3.612003922462463379e-01 0.000000000000000000e+00 0.000000000000000000e+00 1.000000000000000000e+00
-1.036116838455200195e+00 -2.889338731765747070e-01 0.000000000000000000e+00 0.000000000000000000e+00 1.000000000000000000e+00
-1.037850499153137207e+00 -2.709481716156005859e-01 0.000000000000000000e+00 0.000000000000000000e+00 1.000000000000000000e+00
-1.012373924255371094e+00 -2.769530415534973145e-01 0.000000000000000000e+00 0.000000000000000000e+00 1.000000000000000000e+00
-9.959157705307006836e-01 -2.678214907646179199e-01 0.000000000000000000e+00 0.000000000000000000e+00 1.000000000000000000e+00
-9.857482910156250000e-01 -2.512310743331909180e-01 0.000000000000000000e+00 0.000000000000000000e+00 1.000000000000000000e+00
-9.736258983612060547e-01 -2.339206337928771973e-01 0.000000000000000000e+00 0.000000000000000000e+00 1.000000000000000000e+00
-9.623442888259887695e-01 -2.193781733512878418e-01 0.000000000000000000e+00 0.000000000000000000e+00 1.000000000000000000e+00
-9.502469301223754883e-01 -2.122253179550170898e-01 0.000000000000000000e+00 0.000000000000000000e+00 1.000000000000000000e+00
-9.375120401382446289e-01 -2.111187577247619629e-01 0.000000000000000000e+00 0.000000000000000000e+00 1.000000000000000000e+00
-9.242601394653320312e-01 -2.183977365493774414e-01 0.000000000000000000e+00 0.000000000000000000e+00 1.000000000000000000e+00
-9.110434055328369141e-01 -2.328290343284606934e-01 0.000000000000000000e+00 0.000000000000000000e+00 1.000000000000000000e+00
-9.000835418701171875e-01 -2.447478175163269043e-01 0.000000000000000000e+00 0.000000000000000000e+00 1.000000000000000000e+00
-8.917478322982788086e-01 -2.458838820457458496e-01 0.000000000000000000e+00 0.000000000000000000e+00 1.000000000000000000e+00
-8.851083517074584961e-01 -2.359827160835266113e-01 0.000000000000000000e+00 0.000000000000000000e+00 1.000000000000000000e+00
-8.783345222473144531e-01 -2.255733013153076172e-01 0.000000000000000000e+00 0.000000000000000000e+00 1.000000000000000000e+00
-8.718080520629882812e-01 -2.208158969879150391e-01 0.000000000000000000e+00 0.000000000000000000e+00 1.000000000000000000e+00
-8.661215305328369141e-01 -2.240991592407226562e-01 0.000000000000000000e+00 0.000000000000000000e+00 1.000000000000000000e+00
-8.590942621231079102e-01 -2.327117323875427246e-01 0.000000000000000000e+00 0.000000000000000000e+00 1.000000000000000000e+00
-8.517782688140869141e-01 -2.416801452636718750e-01 0.000000000000000000e+00 0.000000000000000000e+00 1.000000000000000000e+00
-8.458955287933349609e-01 -2.440605759620666504e-01 0.000000000000000000e+00 0.000000000000000000e+00 1.000000000000000000e+00
-8.416271209716796875e-01 -2.385198473930358887e-01 0.000000000000000000e+00 0.000000000000000000e+00 1.000000000000000000e+00
-8.342385292053222656e-01 -2.349229454994201660e-01 0.000000000000000000e+00 0.000000000000000000e+00 1.000000000000000000e+00
-8.241233825683593750e-01 -2.395405173301696777e-01 0.000000000000000000e+00 0.000000000000000000e+00 1.000000000000000000e+00
-8.159548044204711914e-01 -2.473153471946716309e-01 0.000000000000000000e+00 0.000000000000000000e+00 1.000000000000000000e+00
-8.086454868316650391e-01 -2.548872828483581543e-01 0.000000000000000000e+00 0.000000000000000000e+00 1.000000000000000000e+00
-8.032875061035156250e-01 -2.573233246803283691e-01 0.000000000000000000e+00 0.000000000000000000e+00 1.000000000000000000e+00
-8.008441925048828125e-01 -2.513789534568786621e-01 0.000000000000000000e+00 0.000000000000000000e+00 1.000000000000000000e+00
-8.017822504043579102e-01 -2.425034642219543457e-01 0.000000000000000000e+00 0.000000000000000000e+00 1.000000000000000000e+00
-8.019818067550659180e-01 -2.383114695549011230e-01 0.000000000000000000e+00 0.000000000000000000e+00 1.000000000000000000e+00
-7.986553907394409180e-01 -2.432743906974792480e-01 0.000000000000000000e+00 0.000000000000000000e+00 1.000000000000000000e+00
-7.924112081527709961e-01 -2.537298202514648438e-01 0.000000000000000000e+00 0.000000000000000000e+00 1.000000000000000000e+00
0.000000000000000000e+00 0.000000000000000000e+00 0.000000000000000000e+00 0.000000000000000000e+00 0.000000000000000000e+00
0.000000000000000000e+00 0.000000000000000000e+00 0.000000000000000000e+00 0.000000000000000000e+00 0.000000000000000000e+00
0.000000000000000000e+00 0.000000000000000000e+00 0.000000000000000000e+00 0.000000000000000000e+00 0.000000000000000000e+00
0.000000000000000000e+00 0.000000000000000000e+00 0.000000000000000000e+00 0.000000000000000000e+00 0.000000000000000000e+00
0.000000000000000000e+00 0.000000000000000000e+00 0.000000000000000000e+00 0.000000000000000000e+00 0.000000000000000000e+00
0.000000000000000000e+00 0.000000000000000000e+00 0.000000000000000000e+00 0.000000000000000000e+00 0.000000000000000000e+00
0.000000000000000000e+00 0.000000000000000000e+00 0.000000000000000000e+00 0.000000000000000000e+00 0.000000000000000000e+00
0.000000000000000000e+00 0.000000000000000000e+00 0.000000000000000000e+00 0.000000000000000000e+00 0.000000000000000000e+00
0.000000000000000000e+00 0.000000000000000000e+00 0.000000000000000000e+00 0.000000000000000000e+00 0.000000000000000000e+00
0.000000000000000000e+00 0.000000000000000000e+00 0.000000000000000000e+00 0.000000000000000000e+00 0.000000000000000000e+00
0.000000000000000000e+00 0.000000000000000000e+00 0.000000000000000000e+00 0.000000000000000000e+00 0.000000000000000000e+00
0.000000000000000000e+00 0.000000000000000000e+00 0.000000000000000000e+00 0.000000000000000000e+00 0.000000000000000000e+00
0.000000000000000000e+00 0.000000000000000000e+00 0.000000000000000000e+00 0.000000000000000000e+00 0.000000000000000000e+00
0.000000000000000000e+00 0.000000000000000000e+00 0.000000000000000000e+00 0.000000000000000000e+00 0.000000000000000000e+00
0.000000000000000000e+00 0.000000000000000000e+00 0.000000000000000000e+00 0.000000000000000000e+00 0.000000000000000000e+00
0.000000000000000000e+00 0.000000000000000000e+00 0.000000000000000000e+00 0.000000000000000000e+00 0.000000000000000000e+00
0.000000000000000000e+00 0.000000000000000000e+00 0.000000000000000000e+00 0.000000000000000000e+00 0.000000000000000000e+00
0.000000000000000000e+00 0.000000000000000000e+00 0.000000000000000000e+00 0.000000000000000000e+00 0.000000000000000000e+00
0.000000000000000000e+00 0.000000000000000000e+00 0.000000000000000000e+00 0.000000000000000000e+00 0.000000000000000000e+00
0.000000000000000000e+00 0.000000000000000000e+00 0.000000000000000000e+00 0.000000000000000000e+00 0.000000000000000000e+00
0.000000000000000000e+00 0.000000000000000000e+00 0.000000000000000000e+00 0.000000000000000000e+00 0.000000000000000000e+00
0.000000000000000000e+00 0.000000000000000000e+00 0.000000000000000000e+00 0.000000000000000000e+00 0.000000000000000000e+00
0.000000000000000000e+00 0.000000000000000000e+00 0.000000000000000000e+00 0.000000000000000000e+00 0.000000000000000000e+00
0.000000000000000000e+00 0.000000000000000000e+00 0.000000000000000000e+00 0.000000000000000000e+00 0.000000000000000000e+00
0.000000000000000000e+00 0.000000000000000000e+00 0.000000000000000000e+00 0.000000000000000000e+00 0.000000000000000000e+00
0.000000000000000000e+00 0.000000000000000000e+00 0.000000000000000000e+00 0.000000000000000000e+00 0.000000000000000000e+00
0.000000000000000000e+00 0.000000000000000000e+00 0.000000000000000000e+00 0.000000000000000000e+00 0.000000000000000000e+00
0.000000000000000000e+00 0.000000000000000000e+00 0.000000000000000000e+00 0.000000000000000000e+00 0.000000000000000000e+00
0.000000000000000000e+00 0.000000000000000000e+00 0.000000000000000000e+00 0.000000000000000000e+00 0.000000000000000000e+00
0.000000000000000000e+00 0.000000000000000000e+00 0.000000000000000000e+00 0.000000000000000000e+00 0.000000000000000000e+00
0.000000000000000000e+00 0.000000000000000000e+00 0.000000000000000000e+00 0.000000000000000000e+00 0.000000000000000000e+00
0.000000000000000000e+00 0.000000000000000000e+00 0.000000000000000000e+00 0.000000000000000000e+00 0.000000000000000000e+00
0.000000000000000000e+00 0.000000000000000000e+00 0.000000000000000000e+00 0.000000000000000000e+00 0.000000000000000000e+00
0.000000000000000000e+00 0.000000000000000000e+00 0.000000000000000000e+00 0.000000000000000000e+00 0.000000000000000000e+00
0.000000000000000000e+00 0.000000000000000000e+00 0.000000000000000000e+00 0.000000000000000000e+00 0.000000000000000000e+00
0.000000000000000000e+00 0.000000000000000000e+00 0.000000000000000000e+00 0.000000000000000000e+00 0.000000000000000000e+00
0.000000000000000000e+00 0.000000000000000000e+00 0.000000000000000000e+00 0.000000000000000000e+00 0.000000000000000000e+00
0.000000000000000000e+00 0.000000000000000000e+00 0.000000000000000000e+00 0.000000000000000000e+00 0.000000000000000000e+00
0.000000000000000000e+00 0.000000000000000000e+00 0.000000000000000000e+00 0.000000000000000000e+00 0.000000000000000000e+00
0.000000000000000000e+00 0.000000000000000000e+00 0.000000000000000000e+00 0.000000000000000000e+00 0.000000000000000000e+00
0.000000000000000000e+00 0.000000000000000000e+00 0.000000000000000000e+00 0.000000000000000000e+00 0.000000000000000000e+00
0.000000000000000000e+00 0.000000000000000000e+00 0.000000000000000000e+00 0.000000000000000000e+00 0.000000000000000000e+00
0.000000000000000000e+00 0.000000000000000000e+00 0.000000000000000000e+00 0.000000000000000000e+00 0.000000000000000000e+00
0.000000000000000000e+00 0.000000000000000000e+00 0.000000000000000000e+00 0.000000000000000000e+00 0.000000000000000000e+00
0.000000000000000000e+00 0.000000000000000000e+00 0.000000000000000000e+00 0.000000000000000000e+00 0.000000000000000000e+00
0.000000000000000000e+00 0.000000000000000000e+00 0.000000000000000000e+00 0.000000000000000000e+00 0.000000000000000000e+00
0.000000000000000000e+00 0.000000000000000000e+00 0.000000000000000000e+00 0.000000000000000000e+00 0.000000000000000000e+00
0.000000000000000000e+00 0.000000000000000000e+00 0.000000000000000000e+00 0.000000000000000000e+00 0.000000000000000000e+00
0.000000000000000000e+00 0.000000000000000000e+00 0.000000000000000000e+00 0.000000000000000000e+00 0.000000000000000000e+00
0.000000000000000000e+00 0.000000000000000000e+00 0.000000000000000000e+00 0.000000000000000000e+00 0.000000000000000000e+00
0.000000000000000000e+00 0.000000000000000000e+00 0.000000000000000000e+00 0.000000000000000000e+00 0.000000000000000000e+00
0.000000000000000000e+00 0.000000000000000000e+00 0.000000000000000000e+00 0.000000000000000000e+00 0.000000000000000000e+00
0.000000000000000000e+00 0.000000000000000000e+00 0.000000000000000000e+00 0.000000000000000000e+00 0.000000000000000000e+00
