0.000000000000000000e+00 0.000000000000000000e+00 1.000000000000000000e+00 0.000000000000000000e+00 0.000000000000000000e+00
-3.718849271535873413e-03 7.786736488342285156e-01 1.000000000000000000e+00 0.000000000000000000e+00 0.000000000000000000e+00
-7.535190880298614502e-02 2.207539379596710205e-01 0.000000000000000000e+00 1.000000000000000000e+00 0.000000000000000000e+00
5.308567285537719727e-01 -9.706333279609680176e-01 1.000000000000000000e+00 0.000000000000000000e+00 0.000000000000000000e+00
2.685395777225494385e-01 9.815134108066558838e-03 1.000000000000000000e+00 0.000000000000000000e+00 0.000000000000000000e+00
1.261204332113265991e-01 1.458308696746826172e-01 1.000000000000000000e+00 0.000000000000000000e+00 0.000000000000000000e+00
-7.146479189395904541e-02 3.518532812595367432e-01 1.000000000000000000e+00 0.000000000000000000e+00 0.000000000000000000e+00
-3.315762877464294434e-01 3.817503154277801514e-01 1.000000000000000000e+00 0.000000000000000000e+00 0.000000000000000000e+00
4.654491543769836426e-01 -2.835363149642944336e-01 1.000000000000000000e+00 0.000000000000000000e+00 0.000000000000000000e+00
2.292585670948028564e-01 -2.780420780181884766e-01 0.000000000000000000e+00 1.000000000000000000e+00 0.000000000000000000e+00
8.372254371643066406e-01 -1.215870499610900879e+00 1.000000000000000000e+00 0.000000000000000000e+00 0.000000000000000000e+00
-1.351354569196701050e-01 8.513903021812438965e-01 1.000000000000000000e+00 0.000000000000000000e+00 0.000000000000000000e+00
6.771212816238403320e-02 1.475524008274078369e-01 1.000000000000000000e+00 0.000000000000000000e+00 0.000000000000000000e+00
4.252166450023651123e-01 4.658167809247970581e-02 1.000000000000000000e+00 0.000000000000000000e+00 0.000000000000000000e+00
8.055972456932067871e-01 -2.817590236663818359e-01 1.000000000000000000e+00 0.000000000000000000e+00 0.000000000000000000e+00
3.635455369949340820e-01 -2.548893094062805176e-01 1.000000000000000000e+00 0.000000000000000000e+00 0.000000000000000000e+00
6.741423904895782471e-02 -1.758495569229125977e-01 1.000000000000000000e+00 0.000000000000000000e+00 0.000000000000000000e+00
-2.104995548725128174e-01 8.219166994094848633e-01 1.000000000000000000e+00 0.000000000000000000e+00 0.000000000000000000e+00
-1.144572645425796509e-01 1.504202336072921753e-01 0.000000000000000000e+00 1.000000000000000000e+00 0.000000000000000000e+00
-5.346337556838989258e-01 -1.926497697830200195e+00 1.000000000000000000e+00 0.000000000000000000e+00 0.000000000000000000e+00
-1.458746492862701416e-01 1.598644495010375977e+00 1.000000000000000000e+00 0.000000000000000000e+00 0.000000000000000000e+00
-1.151031628251075745e-01 5.124790668487548828e-01 1.000000000000000000e+00 0.000000000000000000e+00 0.000000000000000000e+00
-1.535492390394210815e-01 3.464994430541992188e-01 0.000000000000000000e+00 1.000000000000000000e+00 0.000000000000000000e+00
-4.398308992385864258e-01 -3.467918634414672852e-01 1.000000000000000000e+00 0.000000000000000000e+00 0.000000000000000000e+00
-1.195662319660186768e-01 1.627116203308105469e-01 1.000000000000000000e+00 0.000000000000000000e+00 0.000000000000000000e+00
1.519304513931274414e-02 4.908277988433837891e-01 1.000000000000000000e+00 0.000000000000000000e+00 0.000000000000000000e+00
1.241606101393699646e-01 1.574482917785644531e-01 1.000000000000000000e+00 0.000000000000000000e+00 0.000000000000000000e+00
1.985763311386108398e-01 6.031276658177375793e-02 1.000000000000000000e+00 0.000000000000000000e+00 0.000000000000000000e+00
9.061650037765502930e-01 -2.328644990921020508e-01 1.000000000000000000e+00 0.000000000000000000e+00 0.000000000000000000e+00
2.410432398319244385e-01 6.961442530155181885e-02 1.000000000000000000e+00 0.000000000000000000e+00 0.000000000000000000e+00
2.816712856292724609e-02 5.563230514526367188e-01 0.000000000000000000e+00 1.000000000000000000e+00 0.000000000000000000e+00
-1.191713094711303711e+00 -2.927657127380371094e+00 0.000000000000000000e+00 0.000000000000000000e+00 1.000000000000000000e+00
-3.899019360542297363e-01 1.224269986152648926e+00 0.000000000000000000e+00 0.000000000000000000e+00 1.000000000000000000e+00
-1.123367071151733398e+00 -2.377444505691528320e-02 0.000000000000000000e+00 0.000000000000000000e+00 1.000000000000000000e+00
-8.612474203109741211e-01 -2.736921310424804688e-01 0.000000000000000000e+00 0.000000000000000000e+00 1.000000000000000000e+00
-8.796561956405639648e-01 -2.768117189407348633e-01 0.000000000000000000e+00 0.000000000000000000e+00 1.000000000000000000e+00
-8.622738122940063477e-01 -2.824696302413940430e-01 0.000000000000000000e+00 0.000000000000000000e+00 1.000000000000000000e+00
-8.530640602111816406e-01 -2.833316326141357422e-01 0.000000000000000000e+00 0.000000000000000000e+00 1.000000000000000000e+00
-8.387150764465332031e-01 -2.807390689849853516e-01 0.000000000000000000e+00 0.000000000000000000e+00 1.000000000000000000e+00
-8.214987516403198242e-01 -2.780414819717407227e-01 0.000000000000000000e+00 0.000000000000000000e+00 1.000000000000000000e+00
-8.047283887863159180e-01 -2.733578085899353027e-01 0.000000000000000000e+00 0.000000000000000000e+00 1.000000000000000000e+00
-7.946259975433349609e-01 -2.566247582435607910e-01 0.000000000000000000e+00 0.000000000000000000e+00 1.000000000000000000e+00
-7.935385704040527344e-01 -2.408033609390258789e-01 0.000000000000000000e+00 0.000000000000000000e+00 1.000000000000000000e+00
-7.943129539489746094e-01 -2.311550974845886230e-01 0.000000000000000000e+00 0.000000000000000000e+00 1.000000000000000000e+00
-7.909116744995117188e-01 -2.288950681686401367e-01 0.000000000000000000e+00 0.000000000000000000e+00 1.000000000000000000e+00
-7.812575101852416992e-01 -2.338970303535461426e-01 0.000000000000000000e+00 0.000000000000000000e+00 1.000000000000000000e+00
-7.692108154296875000e-01 -2.418388724327087402e-01 0.000000000000000000e+00 0.000000000000000000e+00 1.000000000000000000e+00
-7.598564624786376953e-01 -2.458382248878479004e-01 0.000000000000000000e+00 0.000000000000000000e+00 1.000000000000000000e+00
-7.565578222274780273e-01 -2.426054477691650391e-01 0.000000000000000000e+00 0.000000000000000000e+00 1.000000000000000000e+00
-7.572565078735351562e-01 -2.344092130661010742e-01 0.000000000000000000e+00 0.000000000000000000e+00 1.000000000000000000e+00
-7.580610513687133789e-01 -2.247111797332763672e-01 0.000000000000000000e+00 0.000000000000000000e+00 1.000000000000000000e+00
-7.559739351272583008e-01 -2.197102904319763184e-01 0.000000000000000000e+00 0.000000000000000000e+00 1.000000000000000000e+00
-7.517033815383911133e-01 -2.213643789291381836e-01 0.000000000000000000e+00 0.000000000000000000e+00 1.000000000000000000e+00
-7.465821504592895508e-01 -2.249951362609863281e-01 0.000000000000000000e+00 0.000000000000000000e+00 1.000000000000000000e+00
-7.435289621353149414e-01 -2.265384793281555176e-01 0.000000000000000000e+00 0.000000000000000000e+00 1.000000000000000000e+00
-7.435612678527832031e-01 -2.270051836967468262e-01 0.000000000000000000e+00 0.000000000000000000e+00 1.000000000000000000e+00
-7.424203157424926758e-01 -2.261406779289245605e-01 0.000000000000000000e+00 0.000000000000000000e+00 1.000000000000000000e+00
-7.368786334991455078e-01 -2.257380485534667969e-01 0.000000000000000000e+00 0.000000000000000000e+00 1.000000000000000000e+00
-7.301366329193115234e-01 -2.272341251373291016e-01 0.000000000000000000e+00 0.000000000000000000e+00 1.000000000000000000e+00
-7.232617139816284180e-01 -2.308534979820251465e-01 0.000000000000000000e+00 0.000000000000000000e+00 1.000000000000000000e+00
-7.183978557586669922e-01 -2.326981425285339355e-01 0.000000000000000000e+00 0.000000000000000000e+00 1.000000000000000000e+00
-7.152898311614990234e-01 -2.301182746887207031e-01 0.000000000000000000e+00 0.000000000000000000e+00 1.000000000000000000e+00
-7.123726606369018555e-01 -2.252834439277648926e-01 0.000000000000000000e+00 0.000000000000000000e+00 1.000000000000000000e+00
-7.079405784606933594e-01 -2.211524844169616699e-01 0.000000000000000000e+00 0.000000000000000000e+00 1.000000000000000000e+00
-7.028485536575317383e-01 -2.191521525382995605e-01 0.000000000000000000e+00 0.000000000000000000e+00 1.000000000000000000e+00
0.000000000000000000e+00 0.000000000000000000e+00 0.000000000000000000e+00 0.000000000000000000e+00 0.000000000000000000e+00
0.000000000000000000e+00 0.000000000000000000e+00 0.000000000000000000e+00 0.000000000000000000e+00 0.000000000000000000e+00
0.000000000000000000e+00 0.000000000000000000e+00 0.000000000000000000e+00 0.000000000000000000e+00 0.000000000000000000e+00
0.000000000000000000e+00 0.000000000000000000e+00 0.000000000000000000e+00 0.000000000000000000e+00 0.000000000000000000e+00
0.000000000000000000e+00 0.000000000000000000e+00 0.000000000000000000e+00 0.000000000000000000e+00 0.000000000000000000e+00
0.000000000000000000e+00 0.000000000000000000e+00 0.000000000000000000e+00 0.000000000000000000e+00 0.000000000000000000e+00
0.000000000000000000e+00 0.000000000000000000e+00 0.000000000000000000e+00 0.000000000000000000e+00 0.000000000000000000e+00
0.000000000000000000e+00 0.000000000000000000e+00 0.000000000000000000e+00 0.000000000000000000e+00 0.000000000000000000e+00
0.000000000000000000e+00 0.000000000000000000e+00 0.000000000000000000e+00 0.000000000000000000e+00 0.000000000000000000e+00
0.000000000000000000e+00 0.000000000000000000e+00 0.000000000000000000e+00 0.000000000000000000e+00 0.000000000000000000e+00
0.000000000000000000e+00 0.000000000000000000e+00 0.000000000000000000e+00 0.000000000000000000e+00 0.000000000000000000e+00
0.000000000000000000e+00 0.000000000000000000e+00 0.000000000000000000e+00 0.000000000000000000e+00 0.000000000000000000e+00
0.000000000000000000e+00 0.000000000000000000e+00 0.000000000000000000e+00 0.000000000000000000e+00 0.000000000000000000e+00
0.000000000000000000e+00 0.000000000000000000e+00 0.000000000000000000e+00 0.000000000000000000e+00 0.000000000000000000e+00
0.000000000000000000e+00 0.000000000000000000e+00 0.000000000000000000e+00 0.000000000000000000e+00 0.000000000000000000e+00
0.000000000000000000e+00 0.000000000000000000e+00 0.000000000000000000e+00 0.000000000000000000e+00 0.000000000000000000e+00
0.000000000000000000e+00 0.000000000000000000e+00 0.000000000000000000e+00 0.000000000000000000e+00 0.000000000000000000e+00
0.000000000000000000e+00 0.000000000000000000e+00 0.000000000000000000e+00 0.000000000000000000e+00 0.000000000000000000e+00
0.000000000000000000e+00 0.000000000000000000e+00 0.000000000000000000e+00 0.000000000000000000e+00 0.000000000000000000e+00
0.000000000000000000e+00 0.000000000000000000e+00 0.000000000000000000e+00 0.000000000000000000e+00 0.000000000000000000e+00
0.000000000000000000e+00 0.000000000000000000e+00 0.000000000000000000e+00 0.000000000000000000e+00 0.000000000000000000e+00
0.000000000000000000e+00 0.000000000000000000e+00 0.000000000000000000e+00 0.000000000000000000e+00 0.000000000000000000e+00
0.000000000000000000e+00 0.000000000000000000e+00 0.000000000000000000e+00 0.000000000000000000e+00 0.000000000000000000e+00
0.000000000000000000e+00 0.000000000000000000e+00 0.000000000000000000e+00 0.000000000000000000e+00 0.000000000000000000e+00
0.000000000000000000e+00 0.000000000000000000e+00 0.000000000000000000e+00 0.000000000000000000e+00 0.000000000000000000e+00
0.000000000000000000e+00 0.000000000000000000e+00 0.000000000000000000e+00 0.000000000000000000e+00 0.000000000000000000e+00
0.000000000000000000e+00 0.000000000000000000e+00 0.000000000000000000e+00 0.000000000000000000e+00 0.000000000000000000e+00
0.000000000000000000e+00 0.000000000000000000e+00 0.000000000000000000e+00 0.000000000000000000e+00 0.000000000000000000e+00
0.000000000000000000e+00 0.000000000000000000e+00 0.000000000000000000e+00 0.000000000000000000e+00 0.000000000000000000e+00
0.000000000000000000e+00 0.000000000000000000e+00 0.000000000000000000e+00 0.000000000000000000e+00 0.000000000000000000e+00
0.000000000000000000e+00 0.000000000000000000e+00 0.000000000000000000e+00 0.000000000000000000e+00 0.000000000000000000e+00
0.000000000000000000e+00 0.000000000000000000e+00 0.000000000000000000e+00 0.000000000000000000e+00 0.000000000000000000e+00
0.000000000000000000e+00 0.000000000000000000e+00 0.000000000000000000e+00 0.000000000000000000e+00 0.000000000000000000e+00
0.000000000000000000e+00 0.000000000000000000e+00 0.000000000000000000e+00 0.000000000000000000e+00 0.000000000000000000e+00
0.000000000000000000e+00 0.000000000000000000e+00 0.000000000000000000e+00 0.000000000000000000e+00 0.000000000000000000e+00
0.000000000000000000e+00 0.000000000000000000e+00 0.000000000000000000e+00 0.000000000000000000e+00 0.000000000000000000e+00
0.000000000000000000e+00 0.000000000000000000e+00 0.000000000000000000e+00 0.000000000000000000e+00 0.000000000000000000e+00
0.000000000000000000e+00 0.000000000000000000e+00 0.000000000000000000e+00 0.000000000000000000e+00 0.000000000000000000e+00
0.000000000000000000e+00 0.000000000000000000e+00 0.000000000000000000e+00 0.000000000000000000e+00 0.000000000000000000e+00
0.000000000000000000e+00 0.000000000000000000e+00 0.000000000000000000e+00 0.000000000000000000e+00 0.000000000000000000e+00
0.000000000000000000e+00 0.000000000000000000e+00 0.000000000000000000e+00 0.000000000000000000e+00 0.000000000000000000e+00
0.000000000000000000e+00 0.000000000000000000e+00 0.000000000000000000e+00 0.000000000000000000e+00 0.000000000000000000e+00
0.000000000000000000e+00 0.000000000000000000e+00 0.000000000000000000e+00 0.000000000000000000e+00 0.000000000000000000e+00
0.000000000000000000e+00 0.000000000000000000e+00 0.000000000000000000e+00 0.000000000000000000e+00 0.000000000000000000e+00
0.000000000000000000e+00 0.000000000000000000e+00 0.000000000000000000e+00 0.000000000000000000e+00 0.000000000000000000e+00
0.000000000000000000e+00 0.000000000000000000e+00 0.000000000000000000e+00 0.000000000000000000e+00 0.000000000000000000e+00
0.000000000000000000e+00 0.000000000000000000e+00 0.000000000000000000e+00 0.000000000000000000e+00 0.000000000000000000e+00
0.000000000000000000e+00 0.000000000000000000e+00 0.000000000000000000e+00 0.000000000000000000e+00 0.000000000000000000e+00
0.000000000000000000e+00 0.000000000000000000e+00 0.000000000000000000e+00 0.000000000000000000e+00 0.000000000000000000e+00
0.000000000000000000e+00 0.000000000000000000e+00 0.000000000000000000e+00 0.000000000000000000e+00 0.000000000000000000e+00
0.000000000000000000e+00 0.000000000000000000e+00 0.000000000000000000e+00 0.000000000000000000e+00 0.000000000000000000e+00
0.000000000000000000e+00 0.000000000000000000e+00 0.000000000000000000e+00 0.000000000000000000e+00 0.000000000000000000e+00
0.000000000000000000e+00 0.000000000000000000e+00 0.000000000000000000e+00 0.000000000000000000e+00 0.000000000000000000e+00
0.000000000000000000e+00 0.000000000000000000e+00 0.000000000000000000e+00 0.000000000000000000e+00 0.000000000000000000e+00
0.000000000000000000e+00 0.000000000000000000e+00 0.000000000000000000e+00 0.000000000000000000e+00 0.000000000000000000e+00
0.000000000000000000e+00 0.000000000000000000e+00 0.000000000000000000e+00 0.000000000000000000e+00 0.000000000000000000e+00
