0.000000000000000000e+00 0.000000000000000000e+00 1.000000000000000000e+00 0.000000000000000000e+00 0.000000000000000000e+00
-5.368694663047790527e-03 6.990054845809936523e-01 1.000000000000000000e+00 0.000000000000000000e+00 0.000000000000000000e+00
-6.986244022846221924e-02 1.885490417480468750e-01 0.000000000000000000e+00 1.000000000000000000e+00 0.000000000000000000e+00
4.787462353706359863e-01 -8.823545575141906738e-01 1.000000000000000000e+00 0.000000000000000000e+00 0.000000000000000000e+00
2.572191953659057617e-01 1.670278608798980713e-02 1.000000000000000000e+00 0.000000000000000000e+00 0.000000000000000000e+00
1.142120063304901123e-01 1.397951096296310425e-01 1.000000000000000000e+00 0.000000000000000000e+00 0.000000000000000000e+00
-7.139744609594345093e-02 3.286599218845367432e-01 1.000000000000000000e+00 0.000000000000000000e+00 0.000000000000000000e+00
-3.079491853713989258e-01 3.427279889583587646e-01 1.000000000000000000e+00 0.000000000000000000e+00 0.000000000000000000e+00
4.282793104648590088e-01 -2.776806950569152832e-01 0.000000000000000000e+00 1.000000000000000000e+00 0.000000000000000000e+00
1.393682956695556641e+00 -1.911806344985961914e+00 1.000000000000000000e+00 0.000000000000000000e+00 0.000000000000000000e+00
-7.964390516281127930e-02 3.703590482473373413e-02 1.000000000000000000e+00 0.000000000000000000e+00 0.000000000000000000e+00
2.814459428191184998e-02 3.958833813667297363e-01 1.000000000000000000e+00 0.000000000000000000e+00 0.000000000000000000e+00
-9.290760010480880737e-02 2.761541008949279785e-01 0.000000000000000000e+00 1.000000000000000000e+00 0.000000000000000000e+00
-3.998007774353027344e-01 3.098930716514587402e-01 1.000000000000000000e+00 0.000000000000000000e+00 0.000000000000000000e+00
6.296478509902954102e-01 -5.645605921745300293e-02 1.000000000000000000e+00 0.000000000000000000e+00 0.000000000000000000e+00
2.270652502775192261e-01 1.290186047554016113e-01 1.000000000000000000e+00 0.000000000000000000e+00 0.000000000000000000e+00
-6.697598844766616821e-02 1.718125343322753906e+00 1.000000000000000000e+00 0.000000000000000000e+00 0.000000000000000000e+00
-7.829467952251434326e-02 2.422859370708465576e-01 1.000000000000000000e+00 0.000000000000000000e+00 0.000000000000000000e+00
-1.180546358227729797e-01 9.568104892969131470e-02 1.000000000000000000e+00 0.000000000000000000e+00 0.000000000000000000e+00
-2.149503678083419800e-01 -1.220534741878509521e-02 1.000000000000000000e+00 0.000000000000000000e+00 0.000000000000000000e+00
-2.930148839950561523e-01 -1.656867861747741699e-01 0.000000000000000000e+00 1.000000000000000000e+00 0.000000000000000000e+00
-2.780748903751373291e-01 -1.042053103446960449e+00 1.000000000000000000e+00 0.000000000000000000e+00 0.000000000000000000e+00
3.691135644912719727e-01 -7.622644305229187012e-03 1.000000000000000000e+00 0.000000000000000000e+00 0.000000000000000000e+00
6.253217160701751709e-02 7.603475451469421387e-02 1.000000000000000000e+00 0.000000000000000000e+00 0.000000000000000000e+00
-5.626565217971801758e-01 7.826418280601501465e-01 1.000000000000000000e+00 0.000000000000000000e+00 0.000000000000000000e+00
-2.668214440345764160e-01 2.018849253654479980e-01 0.000000000000000000e+00 1.000000000000000000e+00 0.000000000000000000e+00
2.234672546386718750e+00 -1.508103847503662109e+00 1.000000000000000000e+00 0.000000000000000000e+00 0.000000000000000000e+00
-4.241420924663543701e-01 5.100111365318298340e-01 1.000000000000000000e+00 0.000000000000000000e+00 0.000000000000000000e+00
-1.706919819116592407e-02 2.023018300533294678e-01 1.000000000000000000e+00 0.000000000000000000e+00 0.000000000000000000e+00
2.632111907005310059e-01 2.421122193336486816e-01 1.000000000000000000e+00 0.000000000000000000e+00 0.000000000000000000e+00
4.585220217704772949e-01 1.475391238927841187e-01 1.000000000000000000e+00 0.000000000000000000e+00 0.000000000000000000e+00
5.286831855773925781e-01 3.386515378952026367e-02 0.000000000000000000e+00 1.000000000000000000e+00 0.000000000000000000e+00
-2.495708703994750977e+00 -2.258473873138427734e+00 0.000000000000000000e+00 0.000000000000000000e+00 1.000000000000000000e+00
3.760392963886260986e-01 6.255939006805419922e-01 0.000000000000000000e+00 0.000000000000000000e+00 1.000000000000000000e+00
-1.610511302947998047e+00 2.454256415367126465e-01 0.000000000000000000e+00 0.000000000000000000e+00 1.000000000000000000e+00
-1.010553240776062012e+00 -2.070353627204895020e-01 0.000000000000000000e+00 0.000000000000000000e+00 1.000000000000000000e+00
-1.092913150787353516e+00 -1.806740164756774902e-01 0.000000000000000000e+00 0.000000000000000000e+00 1.000000000000000000e+00
-1.012197017669677734e+00 -1.399887800216674805e-01 0.000000000000000000e+00 0.000000000000000000e+00 1.000000000000000000e+00
-1.008322358131408691e+00 -1.561813950538635254e-01 0.000000000000000000e+00 0.000000000000000000e+00 1.000000000000000000e+00
-9.848361015319824219e-01 -1.654564142227172852e-01 0.000000000000000000e+00 0.000000000000000000e+00 1.000000000000000000e+00
-9.717408418655395508e-01 -1.732271909713745117e-01 0.000000000000000000e+00 0.000000000000000000e+00 1.000000000000000000e+00
-9.576834440231323242e-01 -1.748715639114379883e-01 0.000000000000000000e+00 0.000000000000000000e+00 1.000000000000000000e+00
-9.406281709671020508e-01 -1.823976039886474609e-01 0.000000000000000000e+00 0.000000000000000000e+00 1.000000000000000000e+00
-9.213521480560302734e-01 -1.898921728134155273e-01 0.000000000000000000e+00 0.000000000000000000e+00 1.000000000000000000e+00
-9.035902023315429688e-01 -1.976593136787414551e-01 0.000000000000000000e+00 0.000000000000000000e+00 1.000000000000000000e+00
-8.909738063812255859e-01 -2.052844762802124023e-01 0.000000000000000000e+00 0.000000000000000000e+00 1.000000000000000000e+00
-8.824803829193115234e-01 -2.106372117996215820e-01 0.000000000000000000e+00 0.000000000000000000e+00 1.000000000000000000e+00
-8.766132593154907227e-01 -2.124785184860229492e-01 0.000000000000000000e+00 0.000000000000000000e+00 1.000000000000000000e+00
-8.713232278823852539e-01 -2.096597552299499512e-01 0.000000000000000000e+00 0.000000000000000000e+00 1.000000000000000000e+00
-8.650343418121337891e-01 -2.059141993522644043e-01 0.000000000000000000e+00 0.000000000000000000e+00 1.000000000000000000e+00
-8.577955961227416992e-01 -2.013801336288452148e-01 0.000000000000000000e+00 0.000000000000000000e+00 1.000000000000000000e+00
-8.519551753997802734e-01 -1.969469785690307617e-01 0.000000000000000000e+00 0.000000000000000000e+00 1.000000000000000000e+00
-8.464832305908203125e-01 -1.987798810005187988e-01 0.000000000000000000e+00 0.000000000000000000e+00 1.000000000000000000e+00
-8.398030996322631836e-01 -2.044258117675781250e-01 0.000000000000000000e+00 0.000000000000000000e+00 1.000000000000000000e+00
-8.317738771438598633e-01 -2.092236876487731934e-01 0.000000000000000000e+00 0.000000000000000000e+00 1.000000000000000000e+00
-8.246428966522216797e-01 -2.137143611907958984e-01 0.000000000000000000e+00 0.000000000000000000e+00 1.000000000000000000e+00
-8.174643516540527344e-01 -2.166065573692321777e-01 0.000000000000000000e+00 0.000000000000000000e+00 1.000000000000000000e+00
-8.104891777038574219e-01 -2.177423238754272461e-01 0.000000000000000000e+00 0.000000000000000000e+00 1.000000000000000000e+00
-8.055458068847656250e-01 -2.170110344886779785e-01 0.000000000000000000e+00 0.000000000000000000e+00 1.000000000000000000e+00
-8.006619215011596680e-01 -2.181373238563537598e-01 0.000000000000000000e+00 0.000000000000000000e+00 1.000000000000000000e+00
-7.944529056549072266e-01 -2.208185791969299316e-01 0.000000000000000000e+00 0.000000000000000000e+00 1.000000000000000000e+00
-7.880451679229736328e-01 -2.214263081550598145e-01 0.000000000000000000e+00 0.000000000000000000e+00 1.000000000000000000e+00
-7.819186449050903320e-01 -2.189491391181945801e-01 0.000000000000000000e+00 0.000000000000000000e+00 1.000000000000000000e+00
-7.766424417495727539e-01 -2.146245241165161133e-01 0.000000000000000000e+00 0.000000000000000000e+00 1.000000000000000000e+00
-7.724578380584716797e-01 -2.118216156959533691e-01 0.000000000000000000e+00 0.000000000000000000e+00 1.000000000000000000e+00
-7.704663276672363281e-01 -2.118709087371826172e-01 0.000000000000000000e+00 0.000000000000000000e+00 1.000000000000000000e+00
-7.680871486663818359e-01 -2.149843573570251465e-01 0.000000000000000000e+00 0.000000000000000000e+00 1.000000000000000000e+00
-7.648695707321166992e-01 -2.185279726982116699e-01 0.000000000000000000e+00 0.000000000000000000e+00 1.000000000000000000e+00
0.000000000000000000e+00 0.000000000000000000e+00 0.000000000000000000e+00 0.000000000000000000e+00 0.000000000000000000e+00
0.000000000000000000e+00 0.000000000000000000e+00 0.000000000000000000e+00 0.000000000000000000e+00 0.000000000000000000e+00
0.000000000000000000e+00 0.000000000000000000e+00 0.000000000000000000e+00 0.000000000000000000e+00 0.000000000000000000e+00
0.000000000000000000e+00 0.000000000000000000e+00 0.000000000000000000e+00 0.000000000000000000e+00 0.000000000000000000e+00
0.000000000000000000e+00 0.000000000000000000e+00 0.000000000000000000e+00 0.000000000000000000e+00 0.000000000000000000e+00
0.000000000000000000e+00 0.000000000000000000e+00 0.000000000000000000e+00 0.000000000000000000e+00 0.000000000000000000e+00
0.000000000000000000e+00 0.000000000000000000e+00 0.000000000000000000e+00 0.000000000000000000e+00 0.000000000000000000e+00
0.000000000000000000e+00 0.000000000000000000e+00 0.000000000000000000e+00 0.000000000000000000e+00 0.000000000000000000e+00
0.000000000000000000e+00 0.000000000000000000e+00 0.000000000000000000e+00 0.000000000000000000e+00 0.000000000000000000e+00
0.000000000000000000e+00 0.000000000000000000e+00 0.000000000000000000e+00 0.000000000000000000e+00 0.000000000000000000e+00
0.000000000000000000e+00 0.000000000000000000e+00 0.000000000000000000e+00 0.000000000000000000e+00 0.000000000000000000e+00
0.000000000000000000e+00 0.000000000000000000e+00 0.000000000000000000e+00 0.000000000000000000e+00 0.000000000000000000e+00
0.000000000000000000e+00 0.000000000000000000e+00 0.000000000000000000e+00 0.000000000000000000e+00 0.000000000000000000e+00
0.000000000000000000e+00 0.000000000000000000e+00 0.000000000000000000e+00 0.000000000000000000e+00 0.000000000000000000e+00
0.000000000000000000e+00 0.000000000000000000e+00 0.000000000000000000e+00 0.000000000000000000e+00 0.000000000000000000e+00
0.000000000000000000e+00 0.000000000000000000e+00 0.000000000000000000e+00 0.000000000000000000e+00 0.000000000000000000e+00
0.000000000000000000e+00 0.000000000000000000e+00 0.000000000000000000e+00 0.000000000000000000e+00 0.000000000000000000e+00
0.000000000000000000e+00 0.000000000000000000e+00 0.000000000000000000e+00 0.000000000000000000e+00 0.000000000000000000e+00
0.000000000000000000e+00 0.000000000000000000e+00 0.000000000000000000e+00 0.000000000000000000e+00 0.000000000000000000e+00
0.000000000000000000e+00 0.000000000000000000e+00 0.000000000000000000e+00 0.000000000000000000e+00 0.000000000000000000e+00
0.000000000000000000e+00 0.000000000000000000e+00 0.000000000000000000e+00 0.000000000000000000e+00 0.000000000000000000e+00
0.000000000000000000e+00 0.000000000000000000e+00 0.000000000000000000e+00 0.000000000000000000e+00 0.000000000000000000e+00
0.000000000000000000e+00 0.000000000000000000e+00 0.000000000000000000e+00 0.000000000000000000e+00 0.000000000000000000e+00
0.000000000000000000e+00 0.000000000000000000e+00 0.000000000000000000e+00 0.000000000000000000e+00 0.000000000000000000e+00
0.000000000000000000e+00 0.000000000000000000e+00 0.000000000000000000e+00 0.000000000000000000e+00 0.000000000000000000e+00
0.000000000000000000e+00 0.000000000000000000e+00 0.000000000000000000e+00 0.000000000000000000e+00 0.000000000000000000e+00
0.000000000000000000e+00 0.000000000000000000e+00 0.000000000000000000e+00 0.000000000000000000e+00 0.000000000000000000e+00
0.000000000000000000e+00 0.000000000000000000e+00 0.000000000000000000e+00 0.000000000000000000e+00 0.000000000000000000e+00
0.000000000000000000e+00 0.000000000000000000e+00 0.000000000000000000e+00 0.000000000000000000e+00 0.000000000000000000e+00
0.000000000000000000e+00 0.000000000000000000e+00 0.000000000000000000e+00 0.000000000000000000e+00 0.000000000000000000e+00
0.000000000000000000e+00 0.000000000000000000e+00 0.000000000000000000e+00 0.000000000000000000e+00 0.000000000000000000e+00
0.000000000000000000e+00 0.000000000000000000e+00 0.000000000000000000e+00 0.000000000000000000e+00 0.000000000000000000e+00
0.000000000000000000e+00 0.000000000000000000e+00 0.000000000000000000e+00 0.000000000000000000e+00 0.000000000000000000e+00
0.000000000000000000e+00 0.000000000000000000e+00 0.000000000000000000e+00 0.000000000000000000e+00 0.000000000000000000e+00
0.000000000000000000e+00 0.000000000000000000e+00 0.000000000000000000e+00 0.000000000000000000e+00 0.000000000000000000e+00
0.000000000000000000e+00 0.000000000000000000e+00 0.000000000000000000e+00 0.000000000000000000e+00 0.000000000000000000e+00
0.000000000000000000e+00 0.000000000000000000e+00 0.000000000000000000e+00 0.000000000000000000e+00 0.000000000000000000e+00
0.000000000000000000e+00 0.000000000000000000e+00 0.000000000000000000e+00 0.000000000000000000e+00 0.000000000000000000e+00
0.000000000000000000e+00 0.000000000000000000e+00 0.000000000000000000e+00 0.000000000000000000e+00 0.000000000000000000e+00
0.000000000000000000e+00 0.000000000000000000e+00 0.000000000000000000e+00 0.000000000000000000e+00 0.000000000000000000e+00
0.000000000000000000e+00 0.000000000000000000e+00 0.000000000000000000e+00 0.000000000000000000e+00 0.000000000000000000e+00
0.000000000000000000e+00 0.000000000000000000e+00 0.000000000000000000e+00 0.000000000000000000e+00 0.000000000000000000e+00
0.000000000000000000e+00 0.000000000000000000e+00 0.000000000000000000e+00 0.000000000000000000e+00 0.000000000000000000e+00
0.000000000000000000e+00 0.000000000000000000e+00 0.000000000000000000e+00 0.000000000000000000e+00 0.000000000000000000e+00
0.000000000000000000e+00 0.000000000000000000e+00 0.000000000000000000e+00 0.000000000000000000e+00 0.000000000000000000e+00
0.000000000000000000e+00 0.000000000000000000e+00 0.000000000000000000e+00 0.000000000000000000e+00 0.000000000000000000e+00
0.000000000000000000e+00 0.000000000000000000e+00 0.000000000000000000e+00 0.000000000000000000e+00 0.000000000000000000e+00
0.000000000000000000e+00 0.000000000000000000e+00 0.000000000000000000e+00 0.000000000000000000e+00 0.000000000000000000e+00
0.000000000000000000e+00 0.000000000000000000e+00 0.000000000000000000e+00 0.000000000000000000e+00 0.000000000000000000e+00
0.000000000000000000e+00 0.000000000000000000e+00 0.000000000000000000e+00 0.000000000000000000e+00 0.000000000000000000e+00
0.000000000000000000e+00 0.000000000000000000e+00 0.000000000000000000e+00 0.000000000000000000e+00 0.000000000000000000e+00
0.000000000000000000e+00 0.000000000000000000e+00 0.000000000000000000e+00 0.000000000000000000e+00 0.000000000000000000e+00
0.000000000000000000e+00 0.000000000000000000e+00 0.000000000000000000e+00 0.000000000000000000e+00 0.000000000000000000e+00
