0.000000000000000000e+00 0.000000000000000000e+00 1.000000000000000000e+00 0.000000000000000000e+00 0.000000000000000000e+00
-1.368253678083419800e-02 7.666041254997253418e-01 1.000000000000000000e+00 0.000000000000000000e+00 0.000000000000000000e+00
-7.225403934717178345e-02 2.039377838373184204e-01 0.000000000000000000e+00 1.000000000000000000e+00 0.000000000000000000e+00
4.810494780540466309e-01 -9.357686638832092285e-01 1.000000000000000000e+00 0.000000000000000000e+00 0.000000000000000000e+00
2.450101226568222046e-01 1.516707241535186768e-02 1.000000000000000000e+00 0.000000000000000000e+00 0.000000000000000000e+00
1.111247837543487549e-01 1.414542347192764282e-01 1.000000000000000000e+00 0.000000000000000000e+00 0.000000000000000000e+00
-7.462233304977416992e-02 3.390665948390960693e-01 1.000000000000000000e+00 0.000000000000000000e+00 0.000000000000000000e+00
-3.079089224338531494e-01 3.480374813079833984e-01 1.000000000000000000e+00 0.000000000000000000e+00 0.000000000000000000e+00
4.461779296398162842e-01 -2.892965376377105713e-01 1.000000000000000000e+00 0.000000000000000000e+00 0.000000000000000000e+00
2.198511213064193726e-01 -2.822120189666748047e-01 0.000000000000000000e+00 1.000000000000000000e+00 0.000000000000000000e+00
1.163703560829162598e+00 -1.335562229156494141e+00 1.000000000000000000e+00 0.000000000000000000e+00 0.000000000000000000e+00
-7.807722091674804688e-01 1.049497127532958984e+00 1.000000000000000000e+00 0.000000000000000000e+00 0.000000000000000000e+00
-4.742331057786941528e-02 2.185082733631134033e-01 1.000000000000000000e+00 0.000000000000000000e+00 0.000000000000000000e+00
5.389109849929809570e-01 9.581089019775390625e-02 1.000000000000000000e+00 0.000000000000000000e+00 0.000000000000000000e+00
5.829148292541503906e-01 -9.613659232854843140e-02 1.000000000000000000e+00 0.000000000000000000e+00 0.000000000000000000e+00
3.951845169067382812e-01 -1.762738823890686035e-01 1.000000000000000000e+00 0.000000000000000000e+00 0.000000000000000000e+00
7.798148691654205322e-02 -1.402406394481658936e-01 0.000000000000000000e+00 1.000000000000000000e+00 0.000000000000000000e+00
-8.648490309715270996e-01 -1.912711262702941895e-01 1.000000000000000000e+00 0.000000000000000000e+00 0.000000000000000000e+00
-5.630341172218322754e-02 1.393911004066467285e+00 1.000000000000000000e+00 0.000000000000000000e+00 0.000000000000000000e+00
-8.254101127386093140e-02 3.123511970043182373e-01 1.000000000000000000e+00 0.000000000000000000e+00 0.000000000000000000e+00
-1.354224234819412231e-01 1.782242357730865479e-01 1.000000000000000000e+00 0.000000000000000000e+00 0.000000000000000000e+00
-1.715237200260162354e-01 6.101930141448974609e-02 1.000000000000000000e+00 0.000000000000000000e+00 0.000000000000000000e+00
-1.995593607425689697e-01 -7.255164533853530884e-02 1.000000000000000000e+00 0.000000000000000000e+00 0.000000000000000000e+00
-1.362166553735733032e-01 -1.983572840690612793e-01 1.000000000000000000e+00 0.000000000000000000e+00 0.000000000000000000e+00
1.597118563950061798e-03 -2.245395183563232422e-01 1.000000000000000000e+00 0.000000000000000000e+00 0.000000000000000000e+00
7.642883062362670898e-01 -5.892974734306335449e-01 1.000000000000000000e+00 0.000000000000000000e+00 0.000000000000000000e+00
2.334393113851547241e-01 -3.063167631626129150e-01 0.000000000000000000e+00 1.000000000000000000e+00 0.000000000000000000e+00
2.134474515914916992e-01 -1.221573352813720703e+00 1.000000000000000000e+00 0.000000000000000000e+00 0.000000000000000000e+00
3.683690726757049561e-01 1.620383024215698242e+00 1.000000000000000000e+00 0.000000000000000000e+00 0.000000000000000000e+00
3.341241180896759033e-01 7.237136363983154297e-01 1.000000000000000000e+00 0.000000000000000000e+00 0.000000000000000000e+00
2.707205414772033691e-01 2.590146660804748535e-01 1.000000000000000000e+00 0.000000000000000000e+00 0.000000000000000000e+00
1.719872653484344482e-01 2.835028618574142456e-02 1.000000000000000000e+00 0.000000000000000000e+00 0.000000000000000000e+00
1.061028540134429932e-01 -1.397904455661773682e-01 1.000000000000000000e+00 0.000000000000000000e+00 0.000000000000000000e+00
1.093363203108310699e-02 -2.932215034961700439e-01 1.000000000000000000e+00 0.000000000000000000e+00 0.000000000000000000e+00
-1.211247891187667847e-01 -3.198676109313964844e-01 1.000000000000000000e+00 0.000000000000000000e+00 0.000000000000000000e+00
-2.405137866735458374e-01 -1.642415821552276611e-01 1.000000000000000000e+00 0.000000000000000000e+00 0.000000000000000000e+00
-3.236307799816131592e-01 1.029081642627716064e-03 1.000000000000000000e+00 0.000000000000000000e+00 0.000000000000000000e+00
-1.006891489028930664e+00 5.772891640663146973e-01 1.000000000000000000e+00 0.000000000000000000e+00 0.000000000000000000e+00
-2.733799815177917480e-01 -1.635184139013290405e-02 0.000000000000000000e+00 1.000000000000000000e+00 0.000000000000000000e+00
1.355753540992736816e+00 -2.332179069519042969e+00 1.000000000000000000e+00 0.000000000000000000e+00 0.000000000000000000e+00
1.702105700969696045e-01 6.269591301679611206e-02 1.000000000000000000e+00 0.000000000000000000e+00 0.000000000000000000e+00
1.686547398567199707e-01 2.125788778066635132e-01 0.000000000000000000e+00 1.000000000000000000e+00 0.000000000000000000e+00
-1.366301298141479492e+00 8.398920297622680664e-02 0.000000000000000000e+00 0.000000000000000000e+00 1.000000000000000000e+00
-8.451937437057495117e-01 -2.208659648895263672e-01 0.000000000000000000e+00 0.000000000000000000e+00 1.000000000000000000e+00
-1.188550710678100586e+00 -3.641322255134582520e-01 0.000000000000000000e+00 0.000000000000000000e+00 1.000000000000000000e+00
-9.516649246215820312e-01 -2.832624912261962891e-01 0.000000000000000000e+00 0.000000000000000000e+00 1.000000000000000000e+00
-1.021939635276794434e+00 -3.890464901924133301e-01 0.000000000000000000e+00 0.000000000000000000e+00 1.000000000000000000e+00
-9.580527544021606445e-01 -3.315246701240539551e-01 0.000000000000000000e+00 0.000000000000000000e+00 1.000000000000000000e+00
-9.686449766159057617e-01 -3.538621068000793457e-01 0.000000000000000000e+00 0.000000000000000000e+00 1.000000000000000000e+00
-9.485163688659667969e-01 -3.328192830085754395e-01 0.000000000000000000e+00 0.000000000000000000e+00 1.000000000000000000e+00
-9.464352130889892578e-01 -3.114709258079528809e-01 0.000000000000000000e+00 0.000000000000000000e+00 1.000000000000000000e+00
-9.372271299362182617e-01 -3.040484189987182617e-01 0.000000000000000000e+00 0.000000000000000000e+00 1.000000000000000000e+00
-9.196540117263793945e-01 -3.210355639457702637e-01 0.000000000000000000e+00 0.000000000000000000e+00 1.000000000000000000e+00
-9.130524396896362305e-01 -3.153272271156311035e-01 0.000000000000000000e+00 0.000000000000000000e+00 1.000000000000000000e+00
-9.109954833984375000e-01 -3.093436956405639648e-01 0.000000000000000000e+00 0.000000000000000000e+00 1.000000000000000000e+00
-9.069540500640869141e-01 -2.998710870742797852e-01 0.000000000000000000e+00 0.000000000000000000e+00 1.000000000000000000e+00
-9.022034406661987305e-01 -2.903528213500976562e-01 0.000000000000000000e+00 0.000000000000000000e+00 1.000000000000000000e+00
-8.981791734695434570e-01 -2.808408141136169434e-01 0.000000000000000000e+00 0.000000000000000000e+00 1.000000000000000000e+00
-8.925155401229858398e-01 -2.762095332145690918e-01 0.000000000000000000e+00 0.000000000000000000e+00 1.000000000000000000e+00
-8.812986612319946289e-01 -2.764000296592712402e-01 0.000000000000000000e+00 0.000000000000000000e+00 1.000000000000000000e+00
-8.729895353317260742e-01 -2.750988602638244629e-01 0.000000000000000000e+00 0.000000000000000000e+00 1.000000000000000000e+00
-8.661224842071533203e-01 -2.707380056381225586e-01 0.000000000000000000e+00 0.000000000000000000e+00 1.000000000000000000e+00
0.000000000000000000e+00 0.000000000000000000e+00 0.000000000000000000e+00 0.000000000000000000e+00 0.000000000000000000e+00
0.000000000000000000e+00 0.000000000000000000e+00 0.000000000000000000e+00 0.000000000000000000e+00 0.000000000000000000e+00
0.000000000000000000e+00 0.000000000000000000e+00 0.000000000000000000e+00 0.000000000000000000e+00 0.000000000000000000e+00
0.000000000000000000e+00 0.000000000000000000e+00 0.000000000000000000e+00 0.000000000000000000e+00 0.000000000000000000e+00
0.000000000000000000e+00 0.000000000000000000e+00 0.000000000000000000e+00 0.000000000000000000e+00 0.000000000000000000e+00
0.000000000000000000e+00 0.000000000000000000e+00 0.000000000000000000e+00 0.000000000000000000e+00 0.000000000000000000e+00
0.000000000000000000e+00 0.000000000000000000e+00 0.000000000000000000e+00 0.000000000000000000e+00 0.000000000000000000e+00
0.000000000000000000e+00 0.000000000000000000e+00 0.000000000000000000e+00 0.000000000000000000e+00 0.000000000000000000e+00
0.000000000000000000e+00 0.000000000000000000e+00 0.000000000000000000e+00 0.000000000000000000e+00 0.000000000000000000e+00
0.000000000000000000e+00 0.000000000000000000e+00 0.000000000000000000e+00 0.000000000000000000e+00 0.000000000000000000e+00
0.000000000000000000e+00 0.000000000000000000e+00 0.000000000000000000e+00 0.000000000000000000e+00 0.000000000000000000e+00
0.000000000000000000e+00 0.000000000000000000e+00 0.000000000000000000e+00 0.000000000000000000e+00 0.000000000000000000e+00
0.000000000000000000e+00 0.000000000000000000e+00 0.000000000000000000e+00 0.000000000000000000e+00 0.000000000000000000e+00
0.000000000000000000e+00 0.000000000000000000e+00 0.000000000000000000e+00 0.000000000000000000e+00 0.000000000000000000e+00
0.000000000000000000e+00 0.000000000000000000e+00 0.000000000000000000e+00 0.000000000000000000e+00 0.000000000000000000e+00
0.000000000000000000e+00 0.000000000000000000e+00 0.000000000000000000e+00 0.000000000000000000e+00 0.000000000000000000e+00
0.000000000000000000e+00 0.000000000000000000e+00 0.000000000000000000e+00 0.000000000000000000e+00 0.000000000000000000e+00
0.000000000000000000e+00 0.000000000000000000e+00 0.000000000000000000e+00 0.000000000000000000e+00 0.000000000000000000e+00
0.000000000000000000e+00 0.000000000000000000e+00 0.000000000000000000e+00 0.000000000000000000e+00 0.000000000000000000e+00
0.000000000000000000e+00 0.000000000000000000e+00 0.000000000000000000e+00 0.000000000000000000e+00 0.000000000000000000e+00
0.000000000000000000e+00 0.000000000000000000e+00 0.000000000000000000e+00 0.000000000000000000e+00 0.000000000000000000e+00
0.000000000000000000e+00 0.000000000000000000e+00 0.000000000000000000e+00 0.000000000000000000e+00 0.000000000000000000e+00
0.000000000000000000e+00 0.000000000000000000e+00 0.000000000000000000e+00 0.000000000000000000e+00 0.000000000000000000e+00
0.000000000000000000e+00 0.000000000000000000e+00 0.000000000000000000e+00 0.000000000000000000e+00 0.000000000000000000e+00
0.000000000000000000e+00 0.000000000000000000e+00 0.000000000000000000e+00 0.000000000000000000e+00 0.000000000000000000e+00
0.000000000000000000e+00 0.000000000000000000e+00 0.000000000000000000e+00 0.000000000000000000e+00 0.000000000000000000e+00
0.000000000000000000e+00 0.000000000000000000e+00 0.000000000000000000e+00 0.000000000000000000e+00 0.000000000000000000e+00
0.000000000000000000e+00 0.000000000000000000e+00 0.000000000000000000e+00 0.000000000000000000e+00 0.000000000000000000e+00
0.000000000000000000e+00 0.000000000000000000e+00 0.000000000000000000e+00 0.000000000000000000e+00 0.000000000000000000e+00
0.000000000000000000e+00 0.000000000000000000e+00 0.000000000000000000e+00 0.000000000000000000e+00 0.000000000000000000e+00
0.000000000000000000e+00 0.000000000000000000e+00 0.000000000000000000e+00 0.000000000000000000e+00 0.000000000000000000e+00
0.000000000000000000e+00 0.000000000000000000e+00 0.000000000000000000e+00 0.000000000000000000e+00 0.000000000000000000e+00
0.000000000000000000e+00 0.000000000000000000e+00 0.000000000000000000e+00 0.000000000000000000e+00 0.000000000000000000e+00
0.000000000000000000e+00 0.000000000000000000e+00 0.000000000000000000e+00 0.000000000000000000e+00 0.000000000000000000e+00
0.000000000000000000e+00 0.000000000000000000e+00 0.000000000000000000e+00 0.000000000000000000e+00 0.000000000000000000e+00
0.000000000000000000e+00 0.000000000000000000e+00 0.000000000000000000e+00 0.000000000000000000e+00 0.000000000000000000e+00
0.000000000000000000e+00 0.000000000000000000e+00 0.000000000000000000e+00 0.000000000000000000e+00 0.000000000000000000e+00
0.000000000000000000e+00 0.000000000000000000e+00 0.000000000000000000e+00 0.000000000000000000e+00 0.000000000000000000e+00
0.000000000000000000e+00 0.000000000000000000e+00 0.000000000000000000e+00 0.000000000000000000e+00 0.000000000000000000e+00
0.000000000000000000e+00 0.000000000000000000e+00 0.000000000000000000e+00 0.000000000000000000e+00 0.000000000000000000e+00
0.000000000000000000e+00 0.000000000000000000e+00 0.000000000000000000e+00 0.000000000000000000e+00 0.000000000000000000e+00
0.000000000000000000e+00 0.000000000000000000e+00 0.000000000000000000e+00 0.000000000000000000e+00 0.000000000000000000e+00
0.000000000000000000e+00 0.000000000000000000e+00 0.000000000000000000e+00 0.000000000000000000e+00 0.000000000000000000e+00
0.000000000000000000e+00 0.000000000000000000e+00 0.000000000000000000e+00 0.000000000000000000e+00 0.000000000000000000e+00
0.000000000000000000e+00 0.000000000000000000e+00 0.000000000000000000e+00 0.000000000000000000e+00 0.000000000000000000e+00
0.000000000000000000e+00 0.000000000000000000e+00 0.000000000000000000e+00 0.000000000000000000e+00 0.000000000000000000e+00
0.000000000000000000e+00 0.000000000000000000e+00 0.000000000000000000e+00 0.000000000000000000e+00 0.000000000000000000e+00
0.000000000000000000e+00 0.000000000000000000e+00 0.000000000000000000e+00 0.000000000000000000e+00 0.000000000000000000e+00
0.000000000000000000e+00 0.000000000000000000e+00 0.000000000000000000e+00 0.000000000000000000e+00 0.000000000000000000e+00
0.000000000000000000e+00 0.000000000000000000e+00 0.000000000000000000e+00 0.000000000000000000e+00 0.000000000000000000e+00
0.000000000000000000e+00 0.000000000000000000e+00 0.000000000000000000e+00 0.000000000000000000e+00 0.000000000000000000e+00
0.000000000000000000e+00 0.000000000000000000e+00 0.000000000000000000e+00 0.000000000000000000e+00 0.000000000000000000e+00
0.000000000000000000e+00 0.000000000000000000e+00 0.000000000000000000e+00 0.000000000000000000e+00 0.000000000000000000e+00
0.000000000000000000e+00 0.000000000000000000e+00 0.000000000000000000e+00 0.000000000000000000e+00 0.000000000000000000e+00
0.000000000000000000e+00 0.000000000000000000e+00 0.000000000000000000e+00 0.000000000000000000e+00 0.000000000000000000e+00
0.000000000000000000e+00 0.000000000000000000e+00 0.000000000000000000e+00 0.000000000000000000e+00 0.000000000000000000e+00
0.000000000000000000e+00 0.000000000000000000e+00 0.000000000000000000e+00 0.000000000000000000e+00 0.000000000000000000e+00
0.000000000000000000e+00 0.000000000000000000e+00 0.000000000000000000e+00 0.000000000000000000e+00 0.000000000000000000e+00
0.000000000000000000e+00 0.000000000000000000e+00 0.000000000000000000e+00 0.000000000000000000e+00 0.000000000000000000e+00
