0.000000000000000000e+00 0.000000000000000000e+00 1.000000000000000000e+00 0.000000000000000000e+00 0.000000000000000000e+00
3.880093246698379517e-02 7.484756112098693848e-01 1.000000000000000000e+00 0.000000000000000000e+00 0.000000000000000000e+00
-6.944324821233749390e-02 2.345260530710220337e-01 0.000000000000000000e+00 1.000000000000000000e+00 0.000000000000000000e+00
5.334935784339904785e-01 -1.012111902236938477e+00 1.000000000000000000e+00 0.000000000000000000e+00 0.000000000000000000e+00
4.034656882286071777e-01 4.752166941761970520e-02 1.000000000000000000e+00 0.000000000000000000e+00 0.000000000000000000e+00
1.250707507133483887e-01 1.642912477254867554e-01 1.000000000000000000e+00 0.000000000000000000e+00 0.000000000000000000e+00
-1.054965108633041382e-01 3.774809241294860840e-01 1.000000000000000000e+00 0.000000000000000000e+00 0.000000000000000000e+00
-3.873154819011688232e-01 4.001595377922058105e-01 1.000000000000000000e+00 0.000000000000000000e+00 0.000000000000000000e+00
4.886278212070465088e-01 -2.910714745521545410e-01 0.000000000000000000e+00 1.000000000000000000e+00 0.000000000000000000e+00
1.070878982543945312e+00 -1.546287059783935547e+00 1.000000000000000000e+00 0.000000000000000000e+00 0.000000000000000000e+00
8.750615119934082031e-01 -2.270451635122299194e-01 1.000000000000000000e+00 0.000000000000000000e+00 0.000000000000000000e+00
3.872190713882446289e-01 -2.241115868091583252e-01 0.000000000000000000e+00 1.000000000000000000e+00 0.000000000000000000e+00
-3.917575180530548096e-01 -2.906632423400878906e-01 1.000000000000000000e+00 0.000000000000000000e+00 0.000000000000000000e+00
-3.151251077651977539e-01 1.049329042434692383e+00 1.000000000000000000e+00 0.000000000000000000e+00 0.000000000000000000e+00
-2.360675632953643799e-01 4.209133088588714600e-01 0.000000000000000000e+00 1.000000000000000000e+00 0.000000000000000000e+00
-4.999868273735046387e-01 1.871197521686553955e-01 1.000000000000000000e+00 0.000000000000000000e+00 0.000000000000000000e+00
1.144655346870422363e+00 -2.198462039232254028e-01 1.000000000000000000e+00 0.000000000000000000e+00 0.000000000000000000e+00
6.004519462585449219e-01 -2.640022635459899902e-01 1.000000000000000000e+00 0.000000000000000000e+00 0.000000000000000000e+00
1.318745613098144531e-01 -1.612773686647415161e-01 0.000000000000000000e+00 1.000000000000000000e+00 0.000000000000000000e+00
-1.500053703784942627e-01 -4.000433683395385742e-01 1.000000000000000000e+00 0.000000000000000000e+00 0.000000000000000000e+00
-1.496895909309387207e+00 1.620771288871765137e+00 1.000000000000000000e+00 0.000000000000000000e+00 0.000000000000000000e+00
-1.052868962287902832e+00 8.654110431671142578e-01 1.000000000000000000e+00 0.000000000000000000e+00 0.000000000000000000e+00
-4.018186330795288086e-01 1.865800321102142334e-01 0.000000000000000000e+00 1.000000000000000000e+00 0.000000000000000000e+00
1.614215373992919922e+00 -1.016866326332092285e+00 1.000000000000000000e+00 0.000000000000000000e+00 0.000000000000000000e+00
7.962013483047485352e-01 -1.011543571949005127e-01 1.000000000000000000e+00 0.000000000000000000e+00 0.000000000000000000e+00
2.312019765377044678e-01 9.781445562839508057e-02 1.000000000000000000e+00 0.000000000000000000e+00 0.000000000000000000e+00
-4.458491504192352295e-01 6.976383328437805176e-01 1.000000000000000000e+00 0.000000000000000000e+00 0.000000000000000000e+00
4.272128641605377197e-01 6.778984665870666504e-01 1.000000000000000000e+00 0.000000000000000000e+00 0.000000000000000000e+00
2.958383411169052124e-02 4.982575178146362305e-01 1.000000000000000000e+00 0.000000000000000000e+00 0.000000000000000000e+00
-1.065754890441894531e-01 1.822222620248794556e-01 1.000000000000000000e+00 0.000000000000000000e+00 0.000000000000000000e+00
-3.048872947692871094e-01 9.601761400699615479e-02 1.000000000000000000e+00 0.000000000000000000e+00 0.000000000000000000e+00
-5.348464250564575195e-01 -1.789760887622833252e-01 1.000000000000000000e+00 0.000000000000000000e+00 0.000000000000000000e+00
-2.752026915550231934e-01 -3.953732848167419434e-01 1.000000000000000000e+00 0.000000000000000000e+00 0.000000000000000000e+00
1.308162976056337357e-02 -2.668138146400451660e-01 1.000000000000000000e+00 0.000000000000000000e+00 0.000000000000000000e+00
1.773890703916549683e-01 -1.871163845062255859e-01 1.000000000000000000e+00 0.000000000000000000e+00 0.000000000000000000e+00
1.268521070480346680e+00 -4.520834088325500488e-01 0.000000000000000000e+00 1.000000000000000000e+00 0.000000000000000000e+00
-1.255725383758544922e+00 -1.653233528137207031e+00 0.000000000000000000e+00 0.000000000000000000e+00 1.000000000000000000e+00
-4.150111675262451172e-01 8.678138256072998047e-01 0.000000000000000000e+00 0.000000000000000000e+00 1.000000000000000000e+00
-1.177835702896118164e+00 -4.990180134773254395e-01 0.000000000000000000e+00 0.000000000000000000e+00 1.000000000000000000e+00
-8.504576683044433594e-01 -3.607887625694274902e-01 0.000000000000000000e+00 0.000000000000000000e+00 1.000000000000000000e+00
-8.880413770675659180e-01 -4.639647603034973145e-01 0.000000000000000000e+00 0.000000000000000000e+00 1.000000000000000000e+00
-8.456518650054931641e-01 -4.199343323707580566e-01 0.000000000000000000e+00 0.000000000000000000e+00 1.000000000000000000e+00
-8.422878980636596680e-01 -3.813367486000061035e-01 0.000000000000000000e+00 0.000000000000000000e+00 1.000000000000000000e+00
-8.294256925582885742e-01 -3.380561470985412598e-01 0.000000000000000000e+00 0.000000000000000000e+00 1.000000000000000000e+00
-8.192117214202880859e-01 -3.166676163673400879e-01 0.000000000000000000e+00 0.000000000000000000e+00 1.000000000000000000e+00
-8.126628398895263672e-01 -3.127822875976562500e-01 0.000000000000000000e+00 0.000000000000000000e+00 1.000000000000000000e+00
-7.987685203552246094e-01 -3.118284344673156738e-01 0.000000000000000000e+00 0.000000000000000000e+00 1.000000000000000000e+00
-7.910487651824951172e-01 -3.082535266876220703e-01 0.000000000000000000e+00 0.000000000000000000e+00 1.000000000000000000e+00
-7.872070074081420898e-01 -2.987461090087890625e-01 0.000000000000000000e+00 0.000000000000000000e+00 1.000000000000000000e+00
-7.856118679046630859e-01 -2.809210419654846191e-01 0.000000000000000000e+00 0.000000000000000000e+00 1.000000000000000000e+00
-7.840197086334228516e-01 -2.632505297660827637e-01 0.000000000000000000e+00 0.000000000000000000e+00 1.000000000000000000e+00
-7.817310094833374023e-01 -2.500141263008117676e-01 0.000000000000000000e+00 0.000000000000000000e+00 1.000000000000000000e+00
-7.781567573547363281e-01 -2.464038133621215820e-01 0.000000000000000000e+00 0.000000000000000000e+00 1.000000000000000000e+00
-7.730201482772827148e-01 -2.486023306846618652e-01 0.000000000000000000e+00 0.000000000000000000e+00 1.000000000000000000e+00
-7.694500684738159180e-01 -2.526180148124694824e-01 0.000000000000000000e+00 0.000000000000000000e+00 1.000000000000000000e+00
-7.675881385803222656e-01 -2.518023848533630371e-01 0.000000000000000000e+00 0.000000000000000000e+00 1.000000000000000000e+00
-7.634842395782470703e-01 -2.488501071929931641e-01 0.000000000000000000e+00 0.000000000000000000e+00 1.000000000000000000e+00
-7.568778991699218750e-01 -2.462814450263977051e-01 0.000000000000000000e+00 0.000000000000000000e+00 1.000000000000000000e+00
-7.525070905685424805e-01 -2.464963793754577637e-01 0.000000000000000000e+00 0.000000000000000000e+00 1.000000000000000000e+00
-7.468283176422119141e-01 -2.502977848052978516e-01 0.000000000000000000e+00 0.000000000000000000e+00 1.000000000000000000e+00
-7.418328523635864258e-01 -2.515358328819274902e-01 0.000000000000000000e+00 0.000000000000000000e+00 1.000000000000000000e+00
-7.378853559494018555e-01 -2.487173676490783691e-01 0.000000000000000000e+00 0.000000000000000000e+00 1.000000000000000000e+00
-7.350018024444580078e-01 -2.441166043281555176e-01 0.000000000000000000e+00 0.000000000000000000e+00 1.000000000000000000e+00
-7.304370403289794922e-01 -2.410557866096496582e-01 0.000000000000000000e+00 0.000000000000000000e+00 1.000000000000000000e+00
-7.239111661911010742e-01 -2.423160672187805176e-01 0.000000000000000000e+00 0.000000000000000000e+00 1.000000000000000000e+00
-7.190788984298706055e-01 -2.462213635444641113e-01 0.000000000000000000e+00 0.000000000000000000e+00 1.000000000000000000e+00
-7.155590057373046875e-01 -2.511172294616699219e-01 0.000000000000000000e+00 0.000000000000000000e+00 1.000000000000000000e+00
0.000000000000000000e+00 0.000000000000000000e+00 0.000000000000000000e+00 0.000000000000000000e+00 0.000000000000000000e+00
0.000000000000000000e+00 0.000000000000000000e+00 0.000000000000000000e+00 0.000000000000000000e+00 0.000000000000000000e+00
0.000000000000000000e+00 0.000000000000000000e+00 0.000000000000000000e+00 0.000000000000000000e+00 0.000000000000000000e+00
0.000000000000000000e+00 0.000000000000000000e+00 0.000000000000000000e+00 0.000000000000000000e+00 0.000000000000000000e+00
0.000000000000000000e+00 0.000000000000000000e+00 0.000000000000000000e+00 0.000000000000000000e+00 0.000000000000000000e+00
0.000000000000000000e+00 0.000000000000000000e+00 0.000000000000000000e+00 0.000000000000000000e+00 0.000000000000000000e+00
0.000000000000000000e+00 0.000000000000000000e+00 0.000000000000000000e+00 0.000000000000000000e+00 0.000000000000000000e+00
0.000000000000000000e+00 0.000000000000000000e+00 0.000000000000000000e+00 0.000000000000000000e+00 0.000000000000000000e+00
0.000000000000000000e+00 0.000000000000000000e+00 0.000000000000000000e+00 0.000000000000000000e+00 0.000000000000000000e+00
0.000000000000000000e+00 0.000000000000000000e+00 0.000000000000000000e+00 0.000000000000000000e+00 0.000000000000000000e+00
0.000000000000000000e+00 0.000000000000000000e+00 0.000000000000000000e+00 0.000000000000000000e+00 0.000000000000000000e+00
0.000000000000000000e+00 0.000000000000000000e+00 0.000000000000000000e+00 0.000000000000000000e+00 0.000000000000000000e+00
0.000000000000000000e+00 0.000000000000000000e+00 0.000000000000000000e+00 0.000000000000000000e+00 0.000000000000000000e+00
0.000000000000000000e+00 0.000000000000000000e+00 0.000000000000000000e+00 0.000000000000000000e+00 0.000000000000000000e+00
0.000000000000000000e+00 0.000000000000000000e+00 0.000000000000000000e+00 0.000000000000000000e+00 0.000000000000000000e+00
0.000000000000000000e+00 0.000000000000000000e+00 0.000000000000000000e+00 0.000000000000000000e+00 0.000000000000000000e+00
0.000000000000000000e+00 0.000000000000000000e+00 0.000000000000000000e+00 0.000000000000000000e+00 0.000000000000000000e+00
0.000000000000000000e+00 0.000000000000000000e+00 0.000000000000000000e+00 0.000000000000000000e+00 0.000000000000000000e+00
0.000000000000000000e+00 0.000000000000000000e+00 0.000000000000000000e+00 0.000000000000000000e+00 0.000000000000000000e+00
0.000000000000000000e+00 0.000000000000000000e+00 0.000000000000000000e+00 0.000000000000000000e+00 0.000000000000000000e+00
0.000000000000000000e+00 0.000000000000000000e+00 0.000000000000000000e+00 0.000000000000000000e+00 0.000000000000000000e+00
0.000000000000000000e+00 0.000000000000000000e+00 0.000000000000000000e+00 0.000000000000000000e+00 0.000000000000000000e+00
0.000000000000000000e+00 0.000000000000000000e+00 0.000000000000000000e+00 0.000000000000000000e+00 0.000000000000000000e+00
0.000000000000000000e+00 0.000000000000000000e+00 0.000000000000000000e+00 0.000000000000000000e+00 0.000000000000000000e+00
0.000000000000000000e+00 0.000000000000000000e+00 0.000000000000000000e+00 0.000000000000000000e+00 0.000000000000000000e+00
0.000000000000000000e+00 0.000000000000000000e+00 0.000000000000000000e+00 0.000000000000000000e+00 0.000000000000000000e+00
0.000000000000000000e+00 0.000000000000000000e+00 0.000000000000000000e+00 0.000000000000000000e+00 0.000000000000000000e+00
0.000000000000000000e+00 0.000000000000000000e+00 0.000000000000000000e+00 0.000000000000000000e+00 0.000000000000000000e+00
0.000000000000000000e+00 0.000000000000000000e+00 0.000000000000000000e+00 0.000000000000000000e+00 0.000000000000000000e+00
0.000000000000000000e+00 0.000000000000000000e+00 0.000000000000000000e+00 0.000000000000000000e+00 0.000000000000000000e+00
0.000000000000000000e+00 0.000000000000000000e+00 0.000000000000000000e+00 0.000000000000000000e+00 0.000000000000000000e+00
0.000000000000000000e+00 0.000000000000000000e+00 0.000000000000000000e+00 0.000000000000000000e+00 0.000000000000000000e+00
0.000000000000000000e+00 0.000000000000000000e+00 0.000000000000000000e+00 0.000000000000000000e+00 0.000000000000000000e+00
0.000000000000000000e+00 0.000000000000000000e+00 0.000000000000000000e+00 0.000000000000000000e+00 0.000000000000000000e+00
0.000000000000000000e+00 0.000000000000000000e+00 0.000000000000000000e+00 0.000000000000000000e+00 0.000000000000000000e+00
0.000000000000000000e+00 0.000000000000000000e+00 0.000000000000000000e+00 0.000000000000000000e+00 0.000000000000000000e+00
0.000000000000000000e+00 0.000000000000000000e+00 0.000000000000000000e+00 0.000000000000000000e+00 0.000000000000000000e+00
0.000000000000000000e+00 0.000000000000000000e+00 0.000000000000000000e+00 0.000000000000000000e+00 0.000000000000000000e+00
0.000000000000000000e+00 0.000000000000000000e+00 0.000000000000000000e+00 0.000000000000000000e+00 0.000000000000000000e+00
0.000000000000000000e+00 0.000000000000000000e+00 0.000000000000000000e+00 0.000000000000000000e+00 0.000000000000000000e+00
0.000000000000000000e+00 0.000000000000000000e+00 0.000000000000000000e+00 0.000000000000000000e+00 0.000000000000000000e+00
0.000000000000000000e+00 0.000000000000000000e+00 0.000000000000000000e+00 0.000000000000000000e+00 0.000000000000000000e+00
0.000000000000000000e+00 0.000000000000000000e+00 0.000000000000000000e+00 0.000000000000000000e+00 0.000000000000000000e+00
0.000000000000000000e+00 0.000000000000000000e+00 0.000000000000000000e+00 0.000000000000000000e+00 0.000000000000000000e+00
0.000000000000000000e+00 0.000000000000000000e+00 0.000000000000000000e+00 0.000000000000000000e+00 0.000000000000000000e+00
0.000000000000000000e+00 0.000000000000000000e+00 0.000000000000000000e+00 0.000000000000000000e+00 0.000000000000000000e+00
0.000000000000000000e+00 0.000000000000000000e+00 0.000000000000000000e+00 0.000000000000000000e+00 0.000000000000000000e+00
0.000000000000000000e+00 0.000000000000000000e+00 0.000000000000000000e+00 0.000000000000000000e+00 0.000000000000000000e+00
0.000000000000000000e+00 0.000000000000000000e+00 0.000000000000000000e+00 0.000000000000000000e+00 0.000000000000000000e+00
0.000000000000000000e+00 0.000000000000000000e+00 0.000000000000000000e+00 0.000000000000000000e+00 0.000000000000000000e+00
0.000000000000000000e+00 0.000000000000000000e+00 0.000000000000000000e+00 0.000000000000000000e+00 0.000000000000000000e+00
0.000000000000000000e+00 0.000000000000000000e+00 0.000000000000000000e+00 0.000000000000000000e+00 0.000000000000000000e+00
0.000000000000000000e+00 0.000000000000000000e+00 0.000000000000000000e+00 0.000000000000000000e+00 0.000000000000000000e+00
0.000000000000000000e+00 0.000000000000000000e+00 0.000000000000000000e+00 0.000000000000000000e+00 0.000000000000000000e+00
