0.000000000000000000e+00 0.000000000000000000e+00 1.000000000000000000e+00 0.000000000000000000e+00 0.000000000000000000e+00
3.210100531578063965e-02 7.271098494529724121e-01 1.000000000000000000e+00 0.000000000000000000e+00 0.000000000000000000e+00
-6.056227907538414001e-02 2.114802896976470947e-01 0.000000000000000000e+00 1.000000000000000000e+00 0.000000000000000000e+00
4.421961009502410889e-01 -9.231282472610473633e-01 1.000000000000000000e+00 0.000000000000000000e+00 0.000000000000000000e+00
3.436320722103118896e-01 4.815966635942459106e-02 1.000000000000000000e+00 0.000000000000000000e+00 0.000000000000000000e+00
6.535901129245758057e-02 9.581280499696731567e-02 1.000000000000000000e+00 0.000000000000000000e+00 0.000000000000000000e+00
-8.845903724431991577e-02 3.300070464611053467e-01 1.000000000000000000e+00 0.000000000000000000e+00 0.000000000000000000e+00
-3.227775096893310547e-01 3.671664595603942871e-01 1.000000000000000000e+00 0.000000000000000000e+00 0.000000000000000000e+00
4.341250061988830566e-01 -2.577722370624542236e-01 0.000000000000000000e+00 1.000000000000000000e+00 0.000000000000000000e+00
8.797077536582946777e-01 -1.537408471107482910e+00 1.000000000000000000e+00 0.000000000000000000e+00 0.000000000000000000e+00
-2.570416033267974854e-02 7.488827705383300781e-01 1.000000000000000000e+00 0.000000000000000000e+00 0.000000000000000000e+00
-6.856469064950942993e-02 2.118520438671112061e-01 0.000000000000000000e+00 1.000000000000000000e+00 0.000000000000000000e+00
3.948556184768676758e-01 -1.209833145141601562e+00 1.000000000000000000e+00 0.000000000000000000e+00 0.000000000000000000e+00
8.848888874053955078e-01 -1.566455066204071045e-01 1.000000000000000000e+00 0.000000000000000000e+00 0.000000000000000000e+00
3.289436101913452148e-01 5.049223825335502625e-02 1.000000000000000000e+00 0.000000000000000000e+00 0.000000000000000000e+00
-1.932353973388671875e-01 9.794682264328002930e-01 1.000000000000000000e+00 0.000000000000000000e+00 0.000000000000000000e+00
-1.100118309259414673e-01 2.289578169584274292e-01 1.000000000000000000e+00 0.000000000000000000e+00 0.000000000000000000e+00
-1.702304780483245850e-01 1.497088968753814697e-01 0.000000000000000000e+00 1.000000000000000000e+00 0.000000000000000000e+00
-6.781963109970092773e-01 -5.242003798484802246e-01 1.000000000000000000e+00 0.000000000000000000e+00 0.000000000000000000e+00
4.810326397418975830e-01 -1.150381267070770264e-01 1.000000000000000000e+00 0.000000000000000000e+00 0.000000000000000000e+00
2.198560386896133423e-01 -1.518471390008926392e-01 0.000000000000000000e+00 1.000000000000000000e+00 0.000000000000000000e+00
-2.831017374992370605e-01 -1.076612398028373718e-01 1.000000000000000000e+00 0.000000000000000000e+00 0.000000000000000000e+00
-2.693032026290893555e-01 7.153885364532470703e-01 1.000000000000000000e+00 0.000000000000000000e+00 0.000000000000000000e+00
-1.974442601203918457e-01 2.251219153404235840e-01 1.000000000000000000e+00 0.000000000000000000e+00 0.000000000000000000e+00
5.645484328269958496e-01 -1.164292097091674805e-01 1.000000000000000000e+00 0.000000000000000000e+00 0.000000000000000000e+00
1.415163576602935791e-01 3.991778567433357239e-02 0.000000000000000000e+00 1.000000000000000000e+00 0.000000000000000000e+00
-1.553368926048278809e+00 6.984331607818603516e-01 1.000000000000000000e+00 0.000000000000000000e+00 0.000000000000000000e+00
1.290596961975097656e+00 -1.823690533638000488e-01 1.000000000000000000e+00 0.000000000000000000e+00 0.000000000000000000e+00
5.232352018356323242e-01 -1.576206982135772705e-01 0.000000000000000000e+00 1.000000000000000000e+00 0.000000000000000000e+00
-9.525551795959472656e-01 2.978813052177429199e-01 1.000000000000000000e+00 0.000000000000000000e+00 0.000000000000000000e+00
-1.580803692340850830e-01 9.788814783096313477e-01 1.000000000000000000e+00 0.000000000000000000e+00 0.000000000000000000e+00
3.287442401051521301e-02 1.661711633205413818e-01 1.000000000000000000e+00 0.000000000000000000e+00 0.000000000000000000e+00
8.610694110393524170e-02 4.048816859722137451e-02 1.000000000000000000e+00 0.000000000000000000e+00 0.000000000000000000e+00
1.677428781986236572e-01 -9.257607161998748779e-02 1.000000000000000000e+00 0.000000000000000000e+00 0.000000000000000000e+00
5.658679008483886719e-01 -6.221770644187927246e-01 1.000000000000000000e+00 0.000000000000000000e+00 0.000000000000000000e+00
5.036624073982238770e-01 -3.096286654472351074e-01 1.000000000000000000e+00 0.000000000000000000e+00 0.000000000000000000e+00
-6.599778532981872559e-01 2.906749248504638672e-01 1.000000000000000000e+00 0.000000000000000000e+00 0.000000000000000000e+00
7.336049675941467285e-01 3.814901709556579590e-01 1.000000000000000000e+00 0.000000000000000000e+00 0.000000000000000000e+00
5.261545181274414062e-01 1.654968708753585815e-01 1.000000000000000000e+00 0.000000000000000000e+00 0.000000000000000000e+00
5.587574243545532227e-01 4.026766121387481689e-02 0.000000000000000000e+00 1.000000000000000000e+00 0.000000000000000000e+00
-2.420723438262939453e+00 -2.438365459442138672e+00 0.000000000000000000e+00 0.000000000000000000e+00 1.000000000000000000e+00
-2.592605352401733398e-01 1.393150329589843750e+00 0.000000000000000000e+00 0.000000000000000000e+00 1.000000000000000000e+00
-1.715958476066589355e+00 -1.350431442260742188e-01 0.000000000000000000e+00 0.000000000000000000e+00 1.000000000000000000e+00
-1.058353424072265625e+00 -6.011235713958740234e-02 0.000000000000000000e+00 0.000000000000000000e+00 1.000000000000000000e+00
-1.295315504074096680e+00 -3.176391720771789551e-01 0.000000000000000000e+00 0.000000000000000000e+00 1.000000000000000000e+00
-1.090272903442382812e+00 -1.299857497215270996e-01 0.000000000000000000e+00 0.000000000000000000e+00 1.000000000000000000e+00
-1.163162350654602051e+00 -2.275065183639526367e-01 0.000000000000000000e+00 0.000000000000000000e+00 1.000000000000000000e+00
-1.097913146018981934e+00 -1.572453975677490234e-01 0.000000000000000000e+00 0.000000000000000000e+00 1.000000000000000000e+00
-1.105316519737243652e+00 -1.832531094551086426e-01 0.000000000000000000e+00 0.000000000000000000e+00 1.000000000000000000e+00
-1.080749750137329102e+00 -1.630606055259704590e-01 0.000000000000000000e+00 0.000000000000000000e+00 1.000000000000000000e+00
-1.072101116180419922e+00 -1.705055236816406250e-01 0.000000000000000000e+00 0.000000000000000000e+00 1.000000000000000000e+00
-1.058143496513366699e+00 -1.638892889022827148e-01 0.000000000000000000e+00 0.000000000000000000e+00 1.000000000000000000e+00
-1.050953507423400879e+00 -1.644865274429321289e-01 0.000000000000000000e+00 0.000000000000000000e+00 1.000000000000000000e+00
-1.046378493309020996e+00 -1.670074462890625000e-01 0.000000000000000000e+00 0.000000000000000000e+00 1.000000000000000000e+00
-1.040758609771728516e+00 -1.701367497444152832e-01 0.000000000000000000e+00 0.000000000000000000e+00 1.000000000000000000e+00
-1.032866477966308594e+00 -1.718571186065673828e-01 0.000000000000000000e+00 0.000000000000000000e+00 1.000000000000000000e+00
-1.022732734680175781e+00 -1.748282313346862793e-01 0.000000000000000000e+00 0.000000000000000000e+00 1.000000000000000000e+00
-1.010850548744201660e+00 -1.798445582389831543e-01 0.000000000000000000e+00 0.000000000000000000e+00 1.000000000000000000e+00
-1.000082612037658691e+00 -1.839463710784912109e-01 0.000000000000000000e+00 0.000000000000000000e+00 1.000000000000000000e+00
-9.913657903671264648e-01 -1.875946521759033203e-01 0.000000000000000000e+00 0.000000000000000000e+00 1.000000000000000000e+00
-9.849268198013305664e-01 -1.874428391456604004e-01 0.000000000000000000e+00 0.000000000000000000e+00 1.000000000000000000e+00
-9.803243875503540039e-01 -1.836271286010742188e-01 0.000000000000000000e+00 0.000000000000000000e+00 1.000000000000000000e+00
-9.744400978088378906e-01 -1.781780719757080078e-01 0.000000000000000000e+00 0.000000000000000000e+00 1.000000000000000000e+00
-9.669798612594604492e-01 -1.775064468383789062e-01 0.000000000000000000e+00 0.000000000000000000e+00 1.000000000000000000e+00
-9.591127634048461914e-01 -1.826251149177551270e-01 0.000000000000000000e+00 0.000000000000000000e+00 1.000000000000000000e+00
-9.541313648223876953e-01 -1.893518567085266113e-01 0.000000000000000000e+00 0.000000000000000000e+00 1.000000000000000000e+00
-9.508161544799804688e-01 -1.937810778617858887e-01 0.000000000000000000e+00 0.000000000000000000e+00 1.000000000000000000e+00
0.000000000000000000e+00 0.000000000000000000e+00 0.000000000000000000e+00 0.000000000000000000e+00 0.000000000000000000e+00
0.000000000000000000e+00 0.000000000000000000e+00 0.000000000000000000e+00 0.000000000000000000e+00 0.000000000000000000e+00
0.000000000000000000e+00 0.000000000000000000e+00 0.000000000000000000e+00 0.000000000000000000e+00 0.000000000000000000e+00
0.000000000000000000e+00 0.000000000000000000e+00 0.000000000000000000e+00 0.000000000000000000e+00 0.000000000000000000e+00
0.000000000000000000e+00 0.000000000000000000e+00 0.000000000000000000e+00 0.000000000000000000e+00 0.000000000000000000e+00
0.000000000000000000e+00 0.000000000000000000e+00 0.000000000000000000e+00 0.000000000000000000e+00 0.000000000000000000e+00
0.000000000000000000e+00 0.000000000000000000e+00 0.000000000000000000e+00 0.000000000000000000e+00 0.000000000000000000e+00
0.000000000000000000e+00 0.000000000000000000e+00 0.000000000000000000e+00 0.000000000000000000e+00 0.000000000000000000e+00
0.000000000000000000e+00 0.000000000000000000e+00 0.000000000000000000e+00 0.000000000000000000e+00 0.000000000000000000e+00
0.000000000000000000e+00 0.000000000000000000e+00 0.000000000000000000e+00 0.000000000000000000e+00 0.000000000000000000e+00
0.000000000000000000e+00 0.000000000000000000e+00 0.000000000000000000e+00 0.000000000000000000e+00 0.000000000000000000e+00
0.000000000000000000e+00 0.000000000000000000e+00 0.000000000000000000e+00 0.000000000000000000e+00 0.000000000000000000e+00
0.000000000000000000e+00 0.000000000000000000e+00 0.000000000000000000e+00 0.000000000000000000e+00 0.000000000000000000e+00
0.000000000000000000e+00 0.000000000000000000e+00 0.000000000000000000e+00 0.000000000000000000e+00 0.000000000000000000e+00
0.000000000000000000e+00 0.000000000000000000e+00 0.000000000000000000e+00 0.000000000000000000e+00 0.000000000000000000e+00
0.000000000000000000e+00 0.000000000000000000e+00 0.000000000000000000e+00 0.000000000000000000e+00 0.000000000000000000e+00
0.000000000000000000e+00 0.000000000000000000e+00 0.000000000000000000e+00 0.000000000000000000e+00 0.000000000000000000e+00
0.000000000000000000e+00 0.000000000000000000e+00 0.000000000000000000e+00 0.000000000000000000e+00 0.000000000000000000e+00
0.000000000000000000e+00 0.000000000000000000e+00 0.000000000000000000e+00 0.000000000000000000e+00 0.000000000000000000e+00
0.000000000000000000e+00 0.000000000000000000e+00 0.000000000000000000e+00 0.000000000000000000e+00 0.000000000000000000e+00
0.000000000000000000e+00 0.000000000000000000e+00 0.000000000000000000e+00 0.000000000000000000e+00 0.000000000000000000e+00
0.000000000000000000e+00 0.000000000000000000e+00 0.000000000000000000e+00 0.000000000000000000e+00 0.000000000000000000e+00
0.000000000000000000e+00 0.000000000000000000e+00 0.000000000000000000e+00 0.000000000000000000e+00 0.000000000000000000e+00
0.000000000000000000e+00 0.000000000000000000e+00 0.000000000000000000e+00 0.000000000000000000e+00 0.000000000000000000e+00
0.000000000000000000e+00 0.000000000000000000e+00 0.000000000000000000e+00 0.000000000000000000e+00 0.000000000000000000e+00
0.000000000000000000e+00 0.000000000000000000e+00 0.000000000000000000e+00 0.000000000000000000e+00 0.000000000000000000e+00
0.000000000000000000e+00 0.000000000000000000e+00 0.000000000000000000e+00 0.000000000000000000e+00 0.000000000000000000e+00
0.000000000000000000e+00 0.000000000000000000e+00 0.000000000000000000e+00 0.000000000000000000e+00 0.000000000000000000e+00
0.000000000000000000e+00 0.000000000000000000e+00 0.000000000000000000e+00 0.000000000000000000e+00 0.000000000000000000e+00
0.000000000000000000e+00 0.000000000000000000e+00 0.000000000000000000e+00 0.000000000000000000e+00 0.000000000000000000e+00
0.000000000000000000e+00 0.000000000000000000e+00 0.000000000000000000e+00 0.000000000000000000e+00 0.000000000000000000e+00
0.000000000000000000e+00 0.000000000000000000e+00 0.000000000000000000e+00 0.000000000000000000e+00 0.000000000000000000e+00
0.000000000000000000e+00 0.000000000000000000e+00 0.000000000000000000e+00 0.000000000000000000e+00 0.000000000000000000e+00
0.000000000000000000e+00 0.000000000000000000e+00 0.000000000000000000e+00 0.000000000000000000e+00 0.000000000000000000e+00
0.000000000000000000e+00 0.000000000000000000e+00 0.000000000000000000e+00 0.000000000000000000e+00 0.000000000000000000e+00
0.000000000000000000e+00 0.000000000000000000e+00 0.000000000000000000e+00 0.000000000000000000e+00 0.000000000000000000e+00
0.000000000000000000e+00 0.000000000000000000e+00 0.000000000000000000e+00 0.000000000000000000e+00 0.000000000000000000e+00
0.000000000000000000e+00 0.000000000000000000e+00 0.000000000000000000e+00 0.000000000000000000e+00 0.000000000000000000e+00
0.000000000000000000e+00 0.000000000000000000e+00 0.000000000000000000e+00 0.000000000000000000e+00 0.000000000000000000e+00
0.000000000000000000e+00 0.000000000000000000e+00 0.000000000000000000e+00 0.000000000000000000e+00 0.000000000000000000e+00
0.000000000000000000e+00 0.000000000000000000e+00 0.000000000000000000e+00 0.000000000000000000e+00 0.000000000000000000e+00
0.000000000000000000e+00 0.000000000000000000e+00 0.000000000000000000e+00 0.000000000000000000e+00 0.000000000000000000e+00
0.000000000000000000e+00 0.000000000000000000e+00 0.000000000000000000e+00 0.000000000000000000e+00 0.000000000000000000e+00
0.000000000000000000e+00 0.000000000000000000e+00 0.000000000000000000e+00 0.000000000000000000e+00 0.000000000000000000e+00
0.000000000000000000e+00 0.000000000000000000e+00 0.000000000000000000e+00 0.000000000000000000e+00 0.000000000000000000e+00
0.000000000000000000e+00 0.000000000000000000e+00 0.000000000000000000e+00 0.000000000000000000e+00 0.000000000000000000e+00
0.000000000000000000e+00 0.000000000000000000e+00 0.000000000000000000e+00 0.000000000000000000e+00 0.000000000000000000e+00
0.000000000000000000e+00 0.000000000000000000e+00 0.000000000000000000e+00 0.000000000000000000e+00 0.000000000000000000e+00
0.000000000000000000e+00 0.000000000000000000e+00 0.000000000000000000e+00 0.000000000000000000e+00 0.000000000000000000e+00
0.000000000000000000e+00 0.000000000000000000e+00 0.000000000000000000e+00 0.000000000000000000e+00 0.000000000000000000e+00
0.000000000000000000e+00 0.000000000000000000e+00 0.000000000000000000e+00 0.000000000000000000e+00 0.000000000000000000e+00
0.000000000000000000e+00 0.000000000000000000e+00 0.000000000000000000e+00 0.000000000000000000e+00 0.000000000000000000e+00
0.000000000000000000e+00 0.000000000000000000e+00 0.000000000000000000e+00 0.000000000000000000e+00 0.000000000000000000e+00
0.000000000000000000e+00 0.000000000000000000e+00 0.000000000000000000e+00 0.000000000000000000e+00 0.000000000000000000e+00
