0.000000000000000000e+00 0.000000000000000000e+00 1.000000000000000000e+00 0.000000000000000000e+00 0.000000000000000000e+00
-1.500563323497772217e-02 6.224731802940368652e-01 1.000000000000000000e+00 0.000000000000000000e+00 0.000000000000000000e+00
-6.621283292770385742e-02 1.743598282337188721e-01 0.000000000000000000e+00 1.000000000000000000e+00 0.000000000000000000e+00
4.392805099487304688e-01 -7.974200248718261719e-01 1.000000000000000000e+00 0.000000000000000000e+00 0.000000000000000000e+00
2.287274450063705444e-01 1.846491545438766479e-02 1.000000000000000000e+00 0.000000000000000000e+00 0.000000000000000000e+00
5.901447683572769165e-02 8.377219736576080322e-02 1.000000000000000000e+00 0.000000000000000000e+00 0.000000000000000000e+00
-6.731578707695007324e-02 3.009915649890899658e-01 1.000000000000000000e+00 0.000000000000000000e+00 0.000000000000000000e+00
-2.898753285408020020e-01 3.428081572055816650e-01 1.000000000000000000e+00 0.000000000000000000e+00 0.000000000000000000e+00
3.917545080184936523e-01 -2.414267659187316895e-01 0.000000000000000000e+00 1.000000000000000000e+00 0.000000000000000000e+00
7.515656948089599609e-01 -1.013764977455139160e+00 1.000000000000000000e+00 0.000000000000000000e+00 0.000000000000000000e+00
7.496428489685058594e-01 -1.822656989097595215e-01 1.000000000000000000e+00 0.000000000000000000e+00 0.000000000000000000e+00
-4.258956015110015869e-02 6.235186755657196045e-02 0.000000000000000000e+00 1.000000000000000000e+00 0.000000000000000000e+00
-9.776797294616699219e-01 7.450184226036071777e-01 1.000000000000000000e+00 0.000000000000000000e+00 0.000000000000000000e+00
-3.171162307262420654e-02 4.601080119609832764e-01 1.000000000000000000e+00 0.000000000000000000e+00 0.000000000000000000e+00
-5.670537054538726807e-02 1.030520647764205933e-01 0.000000000000000000e+00 1.000000000000000000e+00 0.000000000000000000e+00
4.746989905834197998e-01 -6.351106166839599609e-01 1.000000000000000000e+00 0.000000000000000000e+00 0.000000000000000000e+00
4.147735238075256348e-01 2.882262505590915680e-02 1.000000000000000000e+00 0.000000000000000000e+00 0.000000000000000000e+00
1.218732520937919617e-01 9.880276024341583252e-02 1.000000000000000000e+00 0.000000000000000000e+00 0.000000000000000000e+00
-5.423490405082702637e-01 4.528369605541229248e-01 1.000000000000000000e+00 0.000000000000000000e+00 0.000000000000000000e+00
3.468011617660522461e-01 -1.921210885047912598e-01 1.000000000000000000e+00 0.000000000000000000e+00 0.000000000000000000e+00
1.241548657417297363e-01 -1.732834428548812866e-01 0.000000000000000000e+00 1.000000000000000000e+00 0.000000000000000000e+00
-2.934751808643341064e-01 -1.315951466560363770e+00 1.000000000000000000e+00 0.000000000000000000e+00 0.000000000000000000e+00
1.176225990056991577e-01 6.981689929962158203e-01 1.000000000000000000e+00 0.000000000000000000e+00 0.000000000000000000e+00
-9.674214571714401245e-02 1.670049428939819336e+00 1.000000000000000000e+00 0.000000000000000000e+00 0.000000000000000000e+00
-6.480266898870468140e-02 2.419538944959640503e-01 1.000000000000000000e+00 0.000000000000000000e+00 0.000000000000000000e+00
-8.583670854568481445e-02 7.589799165725708008e-02 0.000000000000000000e+00 1.000000000000000000e+00 0.000000000000000000e+00
-1.180881857872009277e-01 -7.367683649063110352e-01 1.000000000000000000e+00 0.000000000000000000e+00 0.000000000000000000e+00
-5.634447336196899414e-01 5.064352750778198242e-01 1.000000000000000000e+00 0.000000000000000000e+00 0.000000000000000000e+00
5.168054252862930298e-03 -4.896936565637588501e-02 0.000000000000000000e+00 1.000000000000000000e+00 0.000000000000000000e+00
1.009217858314514160e+00 -4.667676687240600586e-01 1.000000000000000000e+00 0.000000000000000000e+00 0.000000000000000000e+00
3.326927423477172852e-01 2.711797356605529785e-01 1.000000000000000000e+00 0.000000000000000000e+00 0.000000000000000000e+00
1.058370769023895264e-01 1.048674434423446655e-02 0.000000000000000000e+00 1.000000000000000000e+00 0.000000000000000000e+00
4.544352293014526367e-01 -1.262596607208251953e+00 1.000000000000000000e+00 0.000000000000000000e+00 0.000000000000000000e+00
-1.326189190149307251e-02 6.327612996101379395e-01 1.000000000000000000e+00 0.000000000000000000e+00 0.000000000000000000e+00
-2.569220960140228271e-03 -8.565120398998260498e-02 0.000000000000000000e+00 1.000000000000000000e+00 0.000000000000000000e+00
5.422087907791137695e-01 -1.725838899612426758e+00 1.000000000000000000e+00 0.000000000000000000e+00 0.000000000000000000e+00
1.667242944240570068e-01 7.161331176757812500e-01 1.000000000000000000e+00 0.000000000000000000e+00 0.000000000000000000e+00
3.438881412148475647e-02 1.107849717140197754e+00 1.000000000000000000e+00 0.000000000000000000e+00 0.000000000000000000e+00
-9.864772111177444458e-02 1.019400715827941895e+00 1.000000000000000000e+00 0.000000000000000000e+00 0.000000000000000000e+00
-9.015128761529922485e-02 2.688104212284088135e-01 1.000000000000000000e+00 0.000000000000000000e+00 0.000000000000000000e+00
-1.195083782076835632e-01 1.081468760967254639e-01 1.000000000000000000e+00 0.000000000000000000e+00 0.000000000000000000e+00
-1.713591217994689941e-01 1.417384669184684753e-02 1.000000000000000000e+00 0.000000000000000000e+00 0.000000000000000000e+00
-2.794646918773651123e-01 -9.708322584629058838e-02 1.000000000000000000e+00 0.000000000000000000e+00 0.000000000000000000e+00
-3.684889376163482666e-01 -3.022311627864837646e-01 0.000000000000000000e+00 1.000000000000000000e+00 0.000000000000000000e+00
-4.773558974266052246e-01 -2.091143131256103516e+00 0.000000000000000000e+00 0.000000000000000000e+00 1.000000000000000000e+00
-7.185723781585693359e-01 2.723705768585205078e-01 0.000000000000000000e+00 0.000000000000000000e+00 1.000000000000000000e+00
-1.173568129539489746e+00 -3.706627488136291504e-01 0.000000000000000000e+00 0.000000000000000000e+00 1.000000000000000000e+00
-9.166082143783569336e-01 -1.851203441619873047e-01 0.000000000000000000e+00 0.000000000000000000e+00 1.000000000000000000e+00
-9.793045520782470703e-01 -3.463478684425354004e-01 0.000000000000000000e+00 0.000000000000000000e+00 1.000000000000000000e+00
-9.160422086715698242e-01 -3.166473507881164551e-01 0.000000000000000000e+00 0.000000000000000000e+00 1.000000000000000000e+00
-9.163098335266113281e-01 -3.357194066047668457e-01 0.000000000000000000e+00 0.000000000000000000e+00 1.000000000000000000e+00
-9.051836729049682617e-01 -3.186760544776916504e-01 0.000000000000000000e+00 0.000000000000000000e+00 1.000000000000000000e+00
-9.148072004318237305e-01 -2.977097034454345703e-01 0.000000000000000000e+00 0.000000000000000000e+00 1.000000000000000000e+00
-9.157191514968872070e-01 -2.935208082199096680e-01 0.000000000000000000e+00 0.000000000000000000e+00 1.000000000000000000e+00
-8.960753679275512695e-01 -3.126974105834960938e-01 0.000000000000000000e+00 0.000000000000000000e+00 1.000000000000000000e+00
-8.863166570663452148e-01 -3.097071051597595215e-01 0.000000000000000000e+00 0.000000000000000000e+00 1.000000000000000000e+00
-8.793635368347167969e-01 -3.015096783638000488e-01 0.000000000000000000e+00 0.000000000000000000e+00 1.000000000000000000e+00
-8.723548650741577148e-01 -2.925858497619628906e-01 0.000000000000000000e+00 0.000000000000000000e+00 1.000000000000000000e+00
-8.697535991668701172e-01 -2.828316092491149902e-01 0.000000000000000000e+00 0.000000000000000000e+00 1.000000000000000000e+00
-8.694853782653808594e-01 -2.727684378623962402e-01 0.000000000000000000e+00 0.000000000000000000e+00 1.000000000000000000e+00
-8.652887344360351562e-01 -2.674406170845031738e-01 0.000000000000000000e+00 0.000000000000000000e+00 1.000000000000000000e+00
-8.531323671340942383e-01 -2.694272398948669434e-01 0.000000000000000000e+00 0.000000000000000000e+00 1.000000000000000000e+00
-8.429212570190429688e-01 -2.687798142433166504e-01 0.000000000000000000e+00 0.000000000000000000e+00 1.000000000000000000e+00
-8.335055112838745117e-01 -2.669402956962585449e-01 0.000000000000000000e+00 0.000000000000000000e+00 1.000000000000000000e+00
-8.243894577026367188e-01 -2.693330645561218262e-01 0.000000000000000000e+00 0.000000000000000000e+00 1.000000000000000000e+00
-8.183368444442749023e-01 -2.738594412803649902e-01 0.000000000000000000e+00 0.000000000000000000e+00 1.000000000000000000e+00
-8.133041858673095703e-01 -2.779672741889953613e-01 0.000000000000000000e+00 0.000000000000000000e+00 1.000000000000000000e+00
-8.069154024124145508e-01 -2.811368703842163086e-01 0.000000000000000000e+00 0.000000000000000000e+00 1.000000000000000000e+00
-8.011720180511474609e-01 -2.796174883842468262e-01 0.000000000000000000e+00 0.000000000000000000e+00 1.000000000000000000e+00
0.000000000000000000e+00 0.000000000000000000e+00 0.000000000000000000e+00 0.000000000000000000e+00 0.000000000000000000e+00
0.000000000000000000e+00 0.000000000000000000e+00 0.000000000000000000e+00 0.000000000000000000e+00 0.000000000000000000e+00
0.000000000000000000e+00 0.000000000000000000e+00 0.000000000000000000e+00 0.000000000000000000e+00 0.000000000000000000e+00
0.000000000000000000e+00 0.000000000000000000e+00 0.000000000000000000e+00 0.000000000000000000e+00 0.000000000000000000e+00
0.000000000000000000e+00 0.000000000000000000e+00 0.000000000000000000e+00 0.000000000000000000e+00 0.000000000000000000e+00
0.000000000000000000e+00 0.000000000000000000e+00 0.000000000000000000e+00 0.000000000000000000e+00 0.000000000000000000e+00
0.000000000000000000e+00 0.000000000000000000e+00 0.000000000000000000e+00 0.000000000000000000e+00 0.000000000000000000e+00
0.000000000000000000e+00 0.000000000000000000e+00 0.000000000000000000e+00 0.000000000000000000e+00 0.000000000000000000e+00
0.000000000000000000e+00 0.000000000000000000e+00 0.000000000000000000e+00 0.000000000000000000e+00 0.000000000000000000e+00
0.000000000000000000e+00 0.000000000000000000e+00 0.000000000000000000e+00 0.000000000000000000e+00 0.000000000000000000e+00
0.000000000000000000e+00 0.000000000000000000e+00 0.000000000000000000e+00 0.000000000000000000e+00 0.000000000000000000e+00
0.000000000000000000e+00 0.000000000000000000e+00 0.000000000000000000e+00 0.000000000000000000e+00 0.000000000000000000e+00
0.000000000000000000e+00 0.000000000000000000e+00 0.000000000000000000e+00 0.000000000000000000e+00 0.000000000000000000e+00
0.000000000000000000e+00 0.000000000000000000e+00 0.000000000000000000e+00 0.000000000000000000e+00 0.000000000000000000e+00
0.000000000000000000e+00 0.000000000000000000e+00 0.000000000000000000e+00 0.000000000000000000e+00 0.000000000000000000e+00
0.000000000000000000e+00 0.000000000000000000e+00 0.000000000000000000e+00 0.000000000000000000e+00 0.000000000000000000e+00
0.000000000000000000e+00 0.000000000000000000e+00 0.000000000000000000e+00 0.000000000000000000e+00 0.000000000000000000e+00
0.000000000000000000e+00 0.000000000000000000e+00 0.000000000000000000e+00 0.000000000000000000e+00 0.000000000000000000e+00
0.000000000000000000e+00 0.000000000000000000e+00 0.000000000000000000e+00 0.000000000000000000e+00 0.000000000000000000e+00
0.000000000000000000e+00 0.000000000000000000e+00 0.000000000000000000e+00 0.000000000000000000e+00 0.000000000000000000e+00
0.000000000000000000e+00 0.000000000000000000e+00 0.000000000000000000e+00 0.000000000000000000e+00 0.000000000000000000e+00
0.000000000000000000e+00 0.000000000000000000e+00 0.000000000000000000e+00 0.000000000000000000e+00 0.000000000000000000e+00
0.000000000000000000e+00 0.000000000000000000e+00 0.000000000000000000e+00 0.000000000000000000e+00 0.000000000000000000e+00
0.000000000000000000e+00 0.000000000000000000e+00 0.000000000000000000e+00 0.000000000000000000e+00 0.000000000000000000e+00
0.000000000000000000e+00 0.000000000000000000e+00 0.000000000000000000e+00 0.000000000000000000e+00 0.000000000000000000e+00
0.000000000000000000e+00 0.000000000000000000e+00 0.000000000000000000e+00 0.000000000000000000e+00 0.000000000000000000e+00
0.000000000000000000e+00 0.000000000000000000e+00 0.000000000000000000e+00 0.000000000000000000e+00 0.000000000000000000e+00
0.000000000000000000e+00 0.000000000000000000e+00 0.000000000000000000e+00 0.000000000000000000e+00 0.000000000000000000e+00
0.000000000000000000e+00 0.000000000000000000e+00 0.000000000000000000e+00 0.000000000000000000e+00 0.000000000000000000e+00
0.000000000000000000e+00 0.000000000000000000e+00 0.000000000000000000e+00 0.000000000000000000e+00 0.000000000000000000e+00
0.000000000000000000e+00 0.000000000000000000e+00 0.000000000000000000e+00 0.000000000000000000e+00 0.000000000000000000e+00
0.000000000000000000e+00 0.000000000000000000e+00 0.000000000000000000e+00 0.000000000000000000e+00 0.000000000000000000e+00
0.000000000000000000e+00 0.000000000000000000e+00 0.000000000000000000e+00 0.000000000000000000e+00 0.000000000000000000e+00
0.000000000000000000e+00 0.000000000000000000e+00 0.000000000000000000e+00 0.000000000000000000e+00 0.000000000000000000e+00
0.000000000000000000e+00 0.000000000000000000e+00 0.000000000000000000e+00 0.000000000000000000e+00 0.000000000000000000e+00
0.000000000000000000e+00 0.000000000000000000e+00 0.000000000000000000e+00 0.000000000000000000e+00 0.000000000000000000e+00
0.000000000000000000e+00 0.000000000000000000e+00 0.000000000000000000e+00 0.000000000000000000e+00 0.000000000000000000e+00
0.000000000000000000e+00 0.000000000000000000e+00 0.000000000000000000e+00 0.000000000000000000e+00 0.000000000000000000e+00
0.000000000000000000e+00 0.000000000000000000e+00 0.000000000000000000e+00 0.000000000000000000e+00 0.000000000000000000e+00
0.000000000000000000e+00 0.000000000000000000e+00 0.000000000000000000e+00 0.000000000000000000e+00 0.000000000000000000e+00
0.000000000000000000e+00 0.000000000000000000e+00 0.000000000000000000e+00 0.000000000000000000e+00 0.000000000000000000e+00
0.000000000000000000e+00 0.000000000000000000e+00 0.000000000000000000e+00 0.000000000000000000e+00 0.000000000000000000e+00
0.000000000000000000e+00 0.000000000000000000e+00 0.000000000000000000e+00 0.000000000000000000e+00 0.000000000000000000e+00
0.000000000000000000e+00 0.000000000000000000e+00 0.000000000000000000e+00 0.000000000000000000e+00 0.000000000000000000e+00
0.000000000000000000e+00 0.000000000000000000e+00 0.000000000000000000e+00 0.000000000000000000e+00 0.000000000000000000e+00
0.000000000000000000e+00 0.000000000000000000e+00 0.000000000000000000e+00 0.000000000000000000e+00 0.000000000000000000e+00
0.000000000000000000e+00 0.000000000000000000e+00 0.000000000000000000e+00 0.000000000000000000e+00 0.000000000000000000e+00
0.000000000000000000e+00 0.000000000000000000e+00 0.000000000000000000e+00 0.000000000000000000e+00 0.000000000000000000e+00
0.000000000000000000e+00 0.000000000000000000e+00 0.000000000000000000e+00 0.000000000000000000e+00 0.000000000000000000e+00
0.000000000000000000e+00 0.000000000000000000e+00 0.000000000000000000e+00 0.000000000000000000e+00 0.000000000000000000e+00
0.000000000000000000e+00 0.000000000000000000e+00 0.000000000000000000e+00 0.000000000000000000e+00 0.000000000000000000e+00
0.000000000000000000e+00 0.000000000000000000e+00 0.000000000000000000e+00 0.000000000000000000e+00 0.000000000000000000e+00
