0.000000000000000000e+00 0.000000000000000000e+00 1.000000000000000000e+00 0.000000000000000000e+00 0.000000000000000000e+00
1.273944973945617676e-03 7.158241271972656250e-01 1.000000000000000000e+00 0.000000000000000000e+00 0.000000000000000000e+00
-6.703116744756698608e-02 2.053864002227783203e-01 0.000000000000000000e+00 1.000000000000000000e+00 0.000000000000000000e+00
4.679611921310424805e-01 -9.152697324752807617e-01 1.000000000000000000e+00 0.000000000000000000e+00 0.000000000000000000e+00
3.570513725280761719e-01 4.832945019006729126e-02 1.000000000000000000e+00 0.000000000000000000e+00 0.000000000000000000e+00
6.735159456729888916e-02 9.366711974143981934e-02 1.000000000000000000e+00 0.000000000000000000e+00 0.000000000000000000e+00
-8.592250198125839233e-02 3.192606270313262939e-01 1.000000000000000000e+00 0.000000000000000000e+00 0.000000000000000000e+00
-3.297875225543975830e-01 3.699834942817687988e-01 1.000000000000000000e+00 0.000000000000000000e+00 0.000000000000000000e+00
4.562582373619079590e-01 -2.752574682235717773e-01 1.000000000000000000e+00 0.000000000000000000e+00 0.000000000000000000e+00
2.323557436466217041e-01 -2.713013887405395508e-01 0.000000000000000000e+00 1.000000000000000000e+00 0.000000000000000000e+00
1.049136877059936523e+00 -1.614956378936767578e+00 1.000000000000000000e+00 0.000000000000000000e+00 0.000000000000000000e+00
-1.066914200782775879e-01 7.104818224906921387e-01 1.000000000000000000e+00 0.000000000000000000e+00 0.000000000000000000e+00
-1.466281265020370483e-01 2.159618139266967773e-01 1.000000000000000000e+00 0.000000000000000000e+00 0.000000000000000000e+00
-2.233710139989852905e-01 4.977671056985855103e-02 0.000000000000000000e+00 1.000000000000000000e+00 0.000000000000000000e+00
-2.193523198366165161e-01 -3.701002597808837891e-01 1.000000000000000000e+00 0.000000000000000000e+00 0.000000000000000000e+00
-7.142603397369384766e-02 1.114238202571868896e-01 1.000000000000000000e+00 0.000000000000000000e+00 0.000000000000000000e+00
8.686023205518722534e-02 3.359017968177795410e-01 1.000000000000000000e+00 0.000000000000000000e+00 0.000000000000000000e+00
1.328327357769012451e-01 8.877998590469360352e-02 1.000000000000000000e+00 0.000000000000000000e+00 0.000000000000000000e+00
1.877254247665405273e-01 -3.127500414848327637e-03 1.000000000000000000e+00 0.000000000000000000e+00 0.000000000000000000e+00
8.356753587722778320e-01 -4.904959201812744141e-01 1.000000000000000000e+00 0.000000000000000000e+00 0.000000000000000000e+00
-2.264721095561981201e-01 5.702878236770629883e-01 1.000000000000000000e+00 0.000000000000000000e+00 0.000000000000000000e+00
-1.815534532070159912e-01 2.407237589359283447e-01 0.000000000000000000e+00 1.000000000000000000e+00 0.000000000000000000e+00
-7.331774234771728516e-01 2.739923000335693359e-01 1.000000000000000000e+00 0.000000000000000000e+00 0.000000000000000000e+00
7.178115248680114746e-01 -1.226124465465545654e-01 1.000000000000000000e+00 0.000000000000000000e+00 0.000000000000000000e+00
-8.686579465866088867e-01 7.386007905006408691e-01 1.000000000000000000e+00 0.000000000000000000e+00 0.000000000000000000e+00
-3.735963702201843262e-01 1.848364472389221191e-01 1.000000000000000000e+00 0.000000000000000000e+00 0.000000000000000000e+00
1.829251348972320557e-01 3.541790843009948730e-01 1.000000000000000000e+00 0.000000000000000000e+00 0.000000000000000000e+00
-2.128235995769500732e-02 3.782172203063964844e-01 0.000000000000000000e+00 1.000000000000000000e+00 0.000000000000000000e+00
4.312174022197723389e-01 -9.187955260276794434e-01 1.000000000000000000e+00 0.000000000000000000e+00 0.000000000000000000e+00
1.157026767730712891e+00 -2.021864056587219238e-01 1.000000000000000000e+00 0.000000000000000000e+00 0.000000000000000000e+00
7.597844600677490234e-01 7.183539867401123047e-02 1.000000000000000000e+00 0.000000000000000000e+00 0.000000000000000000e+00
4.782950505614280701e-02 2.518869936466217041e-01 1.000000000000000000e+00 0.000000000000000000e+00 0.000000000000000000e+00
-2.554814517498016357e-01 4.677079021930694580e-01 1.000000000000000000e+00 0.000000000000000000e+00 0.000000000000000000e+00
-2.119928449392318726e-01 2.084976136684417725e-01 1.000000000000000000e+00 0.000000000000000000e+00 0.000000000000000000e+00
-2.551180124282836914e-01 1.030085906386375427e-01 0.000000000000000000e+00 1.000000000000000000e+00 0.000000000000000000e+00
-6.986767053604125977e-01 -7.063207626342773438e-01 1.000000000000000000e+00 0.000000000000000000e+00 0.000000000000000000e+00
-1.292365193367004395e-01 6.227700114250183105e-01 1.000000000000000000e+00 0.000000000000000000e+00 0.000000000000000000e+00
3.590863943099975586e-02 6.110232695937156677e-02 0.000000000000000000e+00 1.000000000000000000e+00 0.000000000000000000e+00
6.276276111602783203e-01 -6.695752143859863281e-01 1.000000000000000000e+00 0.000000000000000000e+00 0.000000000000000000e+00
-1.228380873799324036e-01 1.053101897239685059e+00 1.000000000000000000e+00 0.000000000000000000e+00 0.000000000000000000e+00
-1.643514782190322876e-01 5.224437117576599121e-01 0.000000000000000000e+00 1.000000000000000000e+00 0.000000000000000000e+00
-9.460504055023193359e-01 -3.516189575195312500e+00 0.000000000000000000e+00 0.000000000000000000e+00 1.000000000000000000e+00
-3.572089374065399170e-01 1.157731771469116211e+00 0.000000000000000000e+00 0.000000000000000000e+00 1.000000000000000000e+00
-1.609199523925781250e+00 -3.725937008857727051e-01 0.000000000000000000e+00 0.000000000000000000e+00 1.000000000000000000e+00
-8.998624086380004883e-01 -2.749259471893310547e-01 0.000000000000000000e+00 0.000000000000000000e+00 1.000000000000000000e+00
-1.183993339538574219e+00 -4.055061936378479004e-01 0.000000000000000000e+00 0.000000000000000000e+00 1.000000000000000000e+00
-1.028146982192993164e+00 -3.230348229408264160e-01 0.000000000000000000e+00 0.000000000000000000e+00 1.000000000000000000e+00
-1.079106450080871582e+00 -3.822783827781677246e-01 0.000000000000000000e+00 0.000000000000000000e+00 1.000000000000000000e+00
-1.025521636009216309e+00 -3.384347558021545410e-01 0.000000000000000000e+00 0.000000000000000000e+00 1.000000000000000000e+00
-1.027878999710083008e+00 -3.371146321296691895e-01 0.000000000000000000e+00 0.000000000000000000e+00 1.000000000000000000e+00
-1.001064658164978027e+00 -3.261168599128723145e-01 0.000000000000000000e+00 0.000000000000000000e+00 1.000000000000000000e+00
-9.865579605102539062e-01 -3.253514170646667480e-01 0.000000000000000000e+00 0.000000000000000000e+00 1.000000000000000000e+00
-9.801145792007446289e-01 -3.144996762275695801e-01 0.000000000000000000e+00 0.000000000000000000e+00 1.000000000000000000e+00
-9.822754859924316406e-01 -3.031286597251892090e-01 0.000000000000000000e+00 0.000000000000000000e+00 1.000000000000000000e+00
-9.803590774536132812e-01 -2.931320667266845703e-01 0.000000000000000000e+00 0.000000000000000000e+00 1.000000000000000000e+00
-9.735239744186401367e-01 -2.837601304054260254e-01 0.000000000000000000e+00 0.000000000000000000e+00 1.000000000000000000e+00
-9.617023468017578125e-01 -2.779958844184875488e-01 0.000000000000000000e+00 0.000000000000000000e+00 1.000000000000000000e+00
-9.473255872726440430e-01 -2.818496823310852051e-01 0.000000000000000000e+00 0.000000000000000000e+00 1.000000000000000000e+00
-9.367699623107910156e-01 -2.825232744216918945e-01 0.000000000000000000e+00 0.000000000000000000e+00 1.000000000000000000e+00
-9.314190149307250977e-01 -2.825939059257507324e-01 0.000000000000000000e+00 0.000000000000000000e+00 1.000000000000000000e+00
-9.283118247985839844e-01 -2.812924385070800781e-01 0.000000000000000000e+00 0.000000000000000000e+00 1.000000000000000000e+00
-9.252166748046875000e-01 -2.783390283584594727e-01 0.000000000000000000e+00 0.000000000000000000e+00 1.000000000000000000e+00
-9.210877418518066406e-01 -2.758468985557556152e-01 0.000000000000000000e+00 0.000000000000000000e+00 1.000000000000000000e+00
0.000000000000000000e+00 0.000000000000000000e+00 0.000000000000000000e+00 0.000000000000000000e+00 0.000000000000000000e+00
0.000000000000000000e+00 0.000000000000000000e+00 0.000000000000000000e+00 0.000000000000000000e+00 0.000000000000000000e+00
0.000000000000000000e+00 0.000000000000000000e+00 0.000000000000000000e+00 0.000000000000000000e+00 0.000000000000000000e+00
0.000000000000000000e+00 0.000000000000000000e+00 0.000000000000000000e+00 0.000000000000000000e+00 0.000000000000000000e+00
0.000000000000000000e+00 0.000000000000000000e+00 0.000000000000000000e+00 0.000000000000000000e+00 0.000000000000000000e+00
0.000000000000000000e+00 0.000000000000000000e+00 0.000000000000000000e+00 0.000000000000000000e+00 0.000000000000000000e+00
0.000000000000000000e+00 0.000000000000000000e+00 0.000000000000000000e+00 0.000000000000000000e+00 0.000000000000000000e+00
0.000000000000000000e+00 0.000000000000000000e+00 0.000000000000000000e+00 0.000000000000000000e+00 0.000000000000000000e+00
0.000000000000000000e+00 0.000000000000000000e+00 0.000000000000000000e+00 0.000000000000000000e+00 0.000000000000000000e+00
0.000000000000000000e+00 0.000000000000000000e+00 0.000000000000000000e+00 0.000000000000000000e+00 0.000000000000000000e+00
0.000000000000000000e+00 0.000000000000000000e+00 0.000000000000000000e+00 0.000000000000000000e+00 0.000000000000000000e+00
0.000000000000000000e+00 0.000000000000000000e+00 0.000000000000000000e+00 0.000000000000000000e+00 0.000000000000000000e+00
0.000000000000000000e+00 0.000000000000000000e+00 0.000000000000000000e+00 0.000000000000000000e+00 0.000000000000000000e+00
0.000000000000000000e+00 0.000000000000000000e+00 0.000000000000000000e+00 0.000000000000000000e+00 0.000000000000000000e+00
0.000000000000000000e+00 0.000000000000000000e+00 0.000000000000000000e+00 0.000000000000000000e+00 0.000000000000000000e+00
0.000000000000000000e+00 0.000000000000000000e+00 0.000000000000000000e+00 0.000000000000000000e+00 0.000000000000000000e+00
0.000000000000000000e+00 0.000000000000000000e+00 0.000000000000000000e+00 0.000000000000000000e+00 0.000000000000000000e+00
0.000000000000000000e+00 0.000000000000000000e+00 0.000000000000000000e+00 0.000000000000000000e+00 0.000000000000000000e+00
0.000000000000000000e+00 0.000000000000000000e+00 0.000000000000000000e+00 0.000000000000000000e+00 0.000000000000000000e+00
0.000000000000000000e+00 0.000000000000000000e+00 0.000000000000000000e+00 0.000000000000000000e+00 0.000000000000000000e+00
0.000000000000000000e+00 0.000000000000000000e+00 0.000000000000000000e+00 0.000000000000000000e+00 0.000000000000000000e+00
0.000000000000000000e+00 0.000000000000000000e+00 0.000000000000000000e+00 0.000000000000000000e+00 0.000000000000000000e+00
0.000000000000000000e+00 0.000000000000000000e+00 0.000000000000000000e+00 0.000000000000000000e+00 0.000000000000000000e+00
0.000000000000000000e+00 0.000000000000000000e+00 0.000000000000000000e+00 0.000000000000000000e+00 0.000000000000000000e+00
0.000000000000000000e+00 0.000000000000000000e+00 0.000000000000000000e+00 0.000000000000000000e+00 0.000000000000000000e+00
0.000000000000000000e+00 0.000000000000000000e+00 0.000000000000000000e+00 0.000000000000000000e+00 0.000000000000000000e+00
0.000000000000000000e+00 0.000000000000000000e+00 0.000000000000000000e+00 0.000000000000000000e+00 0.000000000000000000e+00
0.000000000000000000e+00 0.000000000000000000e+00 0.000000000000000000e+00 0.000000000000000000e+00 0.000000000000000000e+00
0.000000000000000000e+00 0.000000000000000000e+00 0.000000000000000000e+00 0.000000000000000000e+00 0.000000000000000000e+00
0.000000000000000000e+00 0.000000000000000000e+00 0.000000000000000000e+00 0.000000000000000000e+00 0.000000000000000000e+00
0.000000000000000000e+00 0.000000000000000000e+00 0.000000000000000000e+00 0.000000000000000000e+00 0.000000000000000000e+00
0.000000000000000000e+00 0.000000000000000000e+00 0.000000000000000000e+00 0.000000000000000000e+00 0.000000000000000000e+00
0.000000000000000000e+00 0.000000000000000000e+00 0.000000000000000000e+00 0.000000000000000000e+00 0.000000000000000000e+00
0.000000000000000000e+00 0.000000000000000000e+00 0.000000000000000000e+00 0.000000000000000000e+00 0.000000000000000000e+00
0.000000000000000000e+00 0.000000000000000000e+00 0.000000000000000000e+00 0.000000000000000000e+00 0.000000000000000000e+00
0.000000000000000000e+00 0.000000000000000000e+00 0.000000000000000000e+00 0.000000000000000000e+00 0.000000000000000000e+00
0.000000000000000000e+00 0.000000000000000000e+00 0.000000000000000000e+00 0.000000000000000000e+00 0.000000000000000000e+00
0.000000000000000000e+00 0.000000000000000000e+00 0.000000000000000000e+00 0.000000000000000000e+00 0.000000000000000000e+00
0.000000000000000000e+00 0.000000000000000000e+00 0.000000000000000000e+00 0.000000000000000000e+00 0.000000000000000000e+00
0.000000000000000000e+00 0.000000000000000000e+00 0.000000000000000000e+00 0.000000000000000000e+00 0.000000000000000000e+00
0.000000000000000000e+00 0.000000000000000000e+00 0.000000000000000000e+00 0.000000000000000000e+00 0.000000000000000000e+00
0.000000000000000000e+00 0.000000000000000000e+00 0.000000000000000000e+00 0.000000000000000000e+00 0.000000000000000000e+00
0.000000000000000000e+00 0.000000000000000000e+00 0.000000000000000000e+00 0.000000000000000000e+00 0.000000000000000000e+00
0.000000000000000000e+00 0.000000000000000000e+00 0.000000000000000000e+00 0.000000000000000000e+00 0.000000000000000000e+00
0.000000000000000000e+00 0.000000000000000000e+00 0.000000000000000000e+00 0.000000000000000000e+00 0.000000000000000000e+00
0.000000000000000000e+00 0.000000000000000000e+00 0.000000000000000000e+00 0.000000000000000000e+00 0.000000000000000000e+00
0.000000000000000000e+00 0.000000000000000000e+00 0.000000000000000000e+00 0.000000000000000000e+00 0.000000000000000000e+00
0.000000000000000000e+00 0.000000000000000000e+00 0.000000000000000000e+00 0.000000000000000000e+00 0.000000000000000000e+00
0.000000000000000000e+00 0.000000000000000000e+00 0.000000000000000000e+00 0.000000000000000000e+00 0.000000000000000000e+00
0.000000000000000000e+00 0.000000000000000000e+00 0.000000000000000000e+00 0.000000000000000000e+00 0.000000000000000000e+00
0.000000000000000000e+00 0.000000000000000000e+00 0.000000000000000000e+00 0.000000000000000000e+00 0.000000000000000000e+00
0.000000000000000000e+00 0.000000000000000000e+00 0.000000000000000000e+00 0.000000000000000000e+00 0.000000000000000000e+00
0.000000000000000000e+00 0.000000000000000000e+00 0.000000000000000000e+00 0.000000000000000000e+00 0.000000000000000000e+00
0.000000000000000000e+00 0.000000000000000000e+00 0.000000000000000000e+00 0.000000000000000000e+00 0.000000000000000000e+00
0.000000000000000000e+00 0.000000000000000000e+00 0.000000000000000000e+00 0.000000000000000000e+00 0.000000000000000000e+00
0.000000000000000000e+00 0.000000000000000000e+00 0.000000000000000000e+00 0.000000000000000000e+00 0.000000000000000000e+00
0.000000000000000000e+00 0.000000000000000000e+00 0.000000000000000000e+00 0.000000000000000000e+00 0.000000000000000000e+00
0.000000000000000000e+00 0.000000000000000000e+00 0.000000000000000000e+00 0.000000000000000000e+00 0.000000000000000000e+00
