0.000000000000000000e+00 0.000000000000000000e+00 1.000000000000000000e+00 0.000000000000000000e+00 0.000000000000000000e+00
1.791717857122421265e-02 8.007795214653015137e-01 1.000000000000000000e+00 0.000000000000000000e+00 0.000000000000000000e+00
-6.890342384576797485e-02 2.180773466825485229e-01 0.000000000000000000e+00 1.000000000000000000e+00 0.000000000000000000e+00
5.090785026550292969e-01 -9.965746402740478516e-01 1.000000000000000000e+00 0.000000000000000000e+00 0.000000000000000000e+00
3.967186510562896729e-01 5.352406948804855347e-02 1.000000000000000000e+00 0.000000000000000000e+00 0.000000000000000000e+00
7.568934559822082520e-02 1.003564298152923584e-01 1.000000000000000000e+00 0.000000000000000000e+00 0.000000000000000000e+00
-9.023699909448623657e-02 3.423594236373901367e-01 1.000000000000000000e+00 0.000000000000000000e+00 0.000000000000000000e+00
-3.635548055171966553e-01 4.045519828796386719e-01 1.000000000000000000e+00 0.000000000000000000e+00 0.000000000000000000e+00
4.604222178459167480e-01 -2.573491036891937256e-01 0.000000000000000000e+00 1.000000000000000000e+00 0.000000000000000000e+00
8.483972549438476562e-01 -1.284680366516113281e+00 1.000000000000000000e+00 0.000000000000000000e+00 0.000000000000000000e+00
1.118419051170349121e+00 -2.327431440353393555e-01 1.000000000000000000e+00 0.000000000000000000e+00 0.000000000000000000e+00
4.547137022018432617e-01 -1.868421584367752075e-01 0.000000000000000000e+00 1.000000000000000000e+00 0.000000000000000000e+00
-1.068789720535278320e+00 -2.876476049423217773e-01 1.000000000000000000e+00 0.000000000000000000e+00 0.000000000000000000e+00
-1.166955381631851196e-01 9.954145550727844238e-01 1.000000000000000000e+00 0.000000000000000000e+00 0.000000000000000000e+00
4.192061722278594971e-02 1.938121318817138672e-01 0.000000000000000000e+00 1.000000000000000000e+00 0.000000000000000000e+00
8.800423145294189453e-01 -1.136876463890075684e+00 1.000000000000000000e+00 0.000000000000000000e+00 0.000000000000000000e+00
-7.165532112121582031e-01 1.053663253784179688e+00 1.000000000000000000e+00 0.000000000000000000e+00 0.000000000000000000e+00
-3.791797161102294922e-01 3.991738557815551758e-01 0.000000000000000000e+00 1.000000000000000000e+00 0.000000000000000000e+00
-4.912456870079040527e-01 2.274351716041564941e-01 1.000000000000000000e+00 0.000000000000000000e+00 0.000000000000000000e+00
6.106788665056228638e-02 8.709921836853027344e-01 1.000000000000000000e+00 0.000000000000000000e+00 0.000000000000000000e+00
-5.000225082039833069e-02 2.289577424526214600e-01 0.000000000000000000e+00 1.000000000000000000e+00 0.000000000000000000e+00
4.916371703147888184e-01 -1.293021082878112793e+00 1.000000000000000000e+00 0.000000000000000000e+00 0.000000000000000000e+00
1.121109127998352051e+00 -1.713749319314956665e-01 1.000000000000000000e+00 0.000000000000000000e+00 0.000000000000000000e+00
4.379107952117919922e-01 5.247526615858078003e-02 1.000000000000000000e+00 0.000000000000000000e+00 0.000000000000000000e+00
4.041134193539619446e-02 3.344336450099945068e-01 1.000000000000000000e+00 0.000000000000000000e+00 0.000000000000000000e+00
-2.823190987110137939e-01 1.075390577316284180e+00 1.000000000000000000e+00 0.000000000000000000e+00 0.000000000000000000e+00
-1.293923556804656982e-01 2.208819091320037842e-01 1.000000000000000000e+00 0.000000000000000000e+00 0.000000000000000000e+00
-1.925958245992660522e-01 1.130230277776718140e-01 0.000000000000000000e+00 1.000000000000000000e+00 0.000000000000000000e+00
-8.927838802337646484e-01 -8.368607163429260254e-01 1.000000000000000000e+00 0.000000000000000000e+00 0.000000000000000000e+00
5.985245704650878906e-01 -1.026081964373588562e-01 1.000000000000000000e+00 0.000000000000000000e+00 0.000000000000000000e+00
3.161247372627258301e-01 -1.739333420991897583e-01 0.000000000000000000e+00 1.000000000000000000e+00 0.000000000000000000e+00
-3.701448440551757812e-01 -1.542953550815582275e-01 1.000000000000000000e+00 0.000000000000000000e+00 0.000000000000000000e+00
-2.380855679512023926e-01 8.317120075225830078e-01 1.000000000000000000e+00 0.000000000000000000e+00 0.000000000000000000e+00
-2.046746611595153809e-01 2.962324023246765137e-01 1.000000000000000000e+00 0.000000000000000000e+00 0.000000000000000000e+00
7.521165609359741211e-01 -1.441149860620498657e-01 1.000000000000000000e+00 0.000000000000000000e+00 0.000000000000000000e+00
7.060947418212890625e-01 2.711782045662403107e-02 0.000000000000000000e+00 1.000000000000000000e+00 0.000000000000000000e+00
-1.936147212982177734e+00 -2.193127870559692383e+00 0.000000000000000000e+00 0.000000000000000000e+00 1.000000000000000000e+00
-1.268016397953033447e-01 1.436539292335510254e+00 0.000000000000000000e+00 0.000000000000000000e+00 1.000000000000000000e+00
-1.598046660423278809e+00 -2.377504110336303711e-01 0.000000000000000000e+00 0.000000000000000000e+00 1.000000000000000000e+00
-9.737073183059692383e-01 -5.168910622596740723e-01 0.000000000000000000e+00 0.000000000000000000e+00 1.000000000000000000e+00
-1.100529432296752930e+00 -3.990922570228576660e-01 0.000000000000000000e+00 0.000000000000000000e+00 1.000000000000000000e+00
-1.008166670799255371e+00 -3.745574355125427246e-01 0.000000000000000000e+00 0.000000000000000000e+00 1.000000000000000000e+00
-9.936358928680419922e-01 -3.602555394172668457e-01 0.000000000000000000e+00 0.000000000000000000e+00 1.000000000000000000e+00
-9.704834222793579102e-01 -3.280857205390930176e-01 0.000000000000000000e+00 0.000000000000000000e+00 1.000000000000000000e+00
-9.556368589401245117e-01 -3.086771368980407715e-01 0.000000000000000000e+00 0.000000000000000000e+00 1.000000000000000000e+00
-9.443784952163696289e-01 -2.995183467864990234e-01 0.000000000000000000e+00 0.000000000000000000e+00 1.000000000000000000e+00
-9.346559047698974609e-01 -3.002102971076965332e-01 0.000000000000000000e+00 0.000000000000000000e+00 1.000000000000000000e+00
-9.255126714706420898e-01 -3.017304539680480957e-01 0.000000000000000000e+00 0.000000000000000000e+00 1.000000000000000000e+00
-9.178539514541625977e-01 -2.959428429603576660e-01 0.000000000000000000e+00 0.000000000000000000e+00 1.000000000000000000e+00
-9.115177392959594727e-01 -2.873172760009765625e-01 0.000000000000000000e+00 0.000000000000000000e+00 1.000000000000000000e+00
-9.067212343215942383e-01 -2.756200432777404785e-01 0.000000000000000000e+00 0.000000000000000000e+00 1.000000000000000000e+00
-9.043052196502685547e-01 -2.647955417633056641e-01 0.000000000000000000e+00 0.000000000000000000e+00 1.000000000000000000e+00
-9.035592079162597656e-01 -2.614690661430358887e-01 0.000000000000000000e+00 0.000000000000000000e+00 1.000000000000000000e+00
-9.014440774917602539e-01 -2.652961015701293945e-01 0.000000000000000000e+00 0.000000000000000000e+00 1.000000000000000000e+00
-8.982747793197631836e-01 -2.699380517005920410e-01 0.000000000000000000e+00 0.000000000000000000e+00 1.000000000000000000e+00
-8.933970928192138672e-01 -2.705034613609313965e-01 0.000000000000000000e+00 0.000000000000000000e+00 1.000000000000000000e+00
-8.872720003128051758e-01 -2.678630948066711426e-01 0.000000000000000000e+00 0.000000000000000000e+00 1.000000000000000000e+00
-8.815521001815795898e-01 -2.647559642791748047e-01 0.000000000000000000e+00 0.000000000000000000e+00 1.000000000000000000e+00
-8.762937784194946289e-01 -2.641050219535827637e-01 0.000000000000000000e+00 0.000000000000000000e+00 1.000000000000000000e+00
-8.683384656906127930e-01 -2.704001665115356445e-01 0.000000000000000000e+00 0.000000000000000000e+00 1.000000000000000000e+00
-8.604006767272949219e-01 -2.768114209175109863e-01 0.000000000000000000e+00 0.000000000000000000e+00 1.000000000000000000e+00
-8.514418601989746094e-01 -2.804402112960815430e-01 0.000000000000000000e+00 0.000000000000000000e+00 1.000000000000000000e+00
0.000000000000000000e+00 0.000000000000000000e+00 0.000000000000000000e+00 0.000000000000000000e+00 0.000000000000000000e+00
0.000000000000000000e+00 0.000000000000000000e+00 0.000000000000000000e+00 0.000000000000000000e+00 0.000000000000000000e+00
0.000000000000000000e+00 0.000000000000000000e+00 0.000000000000000000e+00 0.000000000000000000e+00 0.000000000000000000e+00
0.000000000000000000e+00 0.000000000000000000e+00 0.000000000000000000e+00 0.000000000000000000e+00 0.000000000000000000e+00
0.000000000000000000e+00 0.000000000000000000e+00 0.000000000000000000e+00 0.000000000000000000e+00 0.000000000000000000e+00
0.000000000000000000e+00 0.000000000000000000e+00 0.000000000000000000e+00 0.000000000000000000e+00 0.000000000000000000e+00
0.000000000000000000e+00 0.000000000000000000e+00 0.000000000000000000e+00 0.000000000000000000e+00 0.000000000000000000e+00
0.000000000000000000e+00 0.000000000000000000e+00 0.000000000000000000e+00 0.000000000000000000e+00 0.000000000000000000e+00
0.000000000000000000e+00 0.000000000000000000e+00 0.000000000000000000e+00 0.000000000000000000e+00 0.000000000000000000e+00
0.000000000000000000e+00 0.000000000000000000e+00 0.000000000000000000e+00 0.000000000000000000e+00 0.000000000000000000e+00
0.000000000000000000e+00 0.000000000000000000e+00 0.000000000000000000e+00 0.000000000000000000e+00 0.000000000000000000e+00
0.000000000000000000e+00 0.000000000000000000e+00 0.000000000000000000e+00 0.000000000000000000e+00 0.000000000000000000e+00
0.000000000000000000e+00 0.000000000000000000e+00 0.000000000000000000e+00 0.000000000000000000e+00 0.000000000000000000e+00
0.000000000000000000e+00 0.000000000000000000e+00 0.000000000000000000e+00 0.000000000000000000e+00 0.000000000000000000e+00
0.000000000000000000e+00 0.000000000000000000e+00 0.000000000000000000e+00 0.000000000000000000e+00 0.000000000000000000e+00
0.000000000000000000e+00 0.000000000000000000e+00 0.000000000000000000e+00 0.000000000000000000e+00 0.000000000000000000e+00
0.000000000000000000e+00 0.000000000000000000e+00 0.000000000000000000e+00 0.000000000000000000e+00 0.000000000000000000e+00
0.000000000000000000e+00 0.000000000000000000e+00 0.000000000000000000e+00 0.000000000000000000e+00 0.000000000000000000e+00
0.000000000000000000e+00 0.000000000000000000e+00 0.000000000000000000e+00 0.000000000000000000e+00 0.000000000000000000e+00
0.000000000000000000e+00 0.000000000000000000e+00 0.000000000000000000e+00 0.000000000000000000e+00 0.000000000000000000e+00
0.000000000000000000e+00 0.000000000000000000e+00 0.000000000000000000e+00 0.000000000000000000e+00 0.000000000000000000e+00
0.000000000000000000e+00 0.000000000000000000e+00 0.000000000000000000e+00 0.000000000000000000e+00 0.000000000000000000e+00
0.000000000000000000e+00 0.000000000000000000e+00 0.000000000000000000e+00 0.000000000000000000e+00 0.000000000000000000e+00
0.000000000000000000e+00 0.000000000000000000e+00 0.000000000000000000e+00 0.000000000000000000e+00 0.000000000000000000e+00
0.000000000000000000e+00 0.000000000000000000e+00 0.000000000000000000e+00 0.000000000000000000e+00 0.000000000000000000e+00
0.000000000000000000e+00 0.000000000000000000e+00 0.000000000000000000e+00 0.000000000000000000e+00 0.000000000000000000e+00
0.000000000000000000e+00 0.000000000000000000e+00 0.000000000000000000e+00 0.000000000000000000e+00 0.000000000000000000e+00
0.000000000000000000e+00 0.000000000000000000e+00 0.000000000000000000e+00 0.000000000000000000e+00 0.000000000000000000e+00
0.000000000000000000e+00 0.000000000000000000e+00 0.000000000000000000e+00 0.000000000000000000e+00 0.000000000000000000e+00
0.000000000000000000e+00 0.000000000000000000e+00 0.000000000000000000e+00 0.000000000000000000e+00 0.000000000000000000e+00
0.000000000000000000e+00 0.000000000000000000e+00 0.000000000000000000e+00 0.000000000000000000e+00 0.000000000000000000e+00
0.000000000000000000e+00 0.000000000000000000e+00 0.000000000000000000e+00 0.000000000000000000e+00 0.000000000000000000e+00
0.000000000000000000e+00 0.000000000000000000e+00 0.000000000000000000e+00 0.000000000000000000e+00 0.000000000000000000e+00
0.000000000000000000e+00 0.000000000000000000e+00 0.000000000000000000e+00 0.000000000000000000e+00 0.000000000000000000e+00
0.000000000000000000e+00 0.000000000000000000e+00 0.000000000000000000e+00 0.000000000000000000e+00 0.000000000000000000e+00
0.000000000000000000e+00 0.000000000000000000e+00 0.000000000000000000e+00 0.000000000000000000e+00 0.000000000000000000e+00
0.000000000000000000e+00 0.000000000000000000e+00 0.000000000000000000e+00 0.000000000000000000e+00 0.000000000000000000e+00
0.000000000000000000e+00 0.000000000000000000e+00 0.000000000000000000e+00 0.000000000000000000e+00 0.000000000000000000e+00
0.000000000000000000e+00 0.000000000000000000e+00 0.000000000000000000e+00 0.000000000000000000e+00 0.000000000000000000e+00
0.000000000000000000e+00 0.000000000000000000e+00 0.000000000000000000e+00 0.000000000000000000e+00 0.000000000000000000e+00
0.000000000000000000e+00 0.000000000000000000e+00 0.000000000000000000e+00 0.000000000000000000e+00 0.000000000000000000e+00
0.000000000000000000e+00 0.000000000000000000e+00 0.000000000000000000e+00 0.000000000000000000e+00 0.000000000000000000e+00
0.000000000000000000e+00 0.000000000000000000e+00 0.000000000000000000e+00 0.000000000000000000e+00 0.000000000000000000e+00
0.000000000000000000e+00 0.000000000000000000e+00 0.000000000000000000e+00 0.000000000000000000e+00 0.000000000000000000e+00
0.000000000000000000e+00 0.000000000000000000e+00 0.000000000000000000e+00 0.000000000000000000e+00 0.000000000000000000e+00
0.000000000000000000e+00 0.000000000000000000e+00 0.000000000000000000e+00 0.000000000000000000e+00 0.000000000000000000e+00
0.000000000000000000e+00 0.000000000000000000e+00 0.000000000000000000e+00 0.000000000000000000e+00 0.000000000000000000e+00
0.000000000000000000e+00 0.000000000000000000e+00 0.000000000000000000e+00 0.000000000000000000e+00 0.000000000000000000e+00
0.000000000000000000e+00 0.000000000000000000e+00 0.000000000000000000e+00 0.000000000000000000e+00 0.000000000000000000e+00
0.000000000000000000e+00 0.000000000000000000e+00 0.000000000000000000e+00 0.000000000000000000e+00 0.000000000000000000e+00
0.000000000000000000e+00 0.000000000000000000e+00 0.000000000000000000e+00 0.000000000000000000e+00 0.000000000000000000e+00
0.000000000000000000e+00 0.000000000000000000e+00 0.000000000000000000e+00 0.000000000000000000e+00 0.000000000000000000e+00
0.000000000000000000e+00 0.000000000000000000e+00 0.000000000000000000e+00 0.000000000000000000e+00 0.000000000000000000e+00
0.000000000000000000e+00 0.000000000000000000e+00 0.000000000000000000e+00 0.000000000000000000e+00 0.000000000000000000e+00
0.000000000000000000e+00 0.000000000000000000e+00 0.000000000000000000e+00 0.000000000000000000e+00 0.000000000000000000e+00
0.000000000000000000e+00 0.000000000000000000e+00 0.000000000000000000e+00 0.000000000000000000e+00 0.000000000000000000e+00
0.000000000000000000e+00 0.000000000000000000e+00 0.000000000000000000e+00 0.000000000000000000e+00 0.000000000000000000e+00
0.000000000000000000e+00 0.000000000000000000e+00 0.000000000000000000e+00 0.000000000000000000e+00 0.000000000000000000e+00
0.000000000000000000e+00 0.000000000000000000e+00 0.000000000000000000e+00 0.000000000000000000e+00 0.000000000000000000e+00
