0.000000000000000000e+00 0.000000000000000000e+00 1.000000000000000000e+00 0.000000000000000000e+00 0.000000000000000000e+00
3.443532437086105347e-02 7.601291537284851074e-01 1.000000000000000000e+00 0.000000000000000000e+00 0.000000000000000000e+00
-6.762684136629104614e-02 2.306768298149108887e-01 0.000000000000000000e+00 1.000000000000000000e+00 0.000000000000000000e+00
5.122069716453552246e-01 -1.024894952774047852e+00 1.000000000000000000e+00 0.000000000000000000e+00 0.000000000000000000e+00
3.784426152706146240e-01 5.015927553176879883e-02 1.000000000000000000e+00 0.000000000000000000e+00 0.000000000000000000e+00
7.220286130905151367e-02 1.036032736301422119e-01 1.000000000000000000e+00 0.000000000000000000e+00 0.000000000000000000e+00
-9.151465445756912231e-02 3.607156872749328613e-01 1.000000000000000000e+00 0.000000000000000000e+00 0.000000000000000000e+00
-3.680104613304138184e-01 4.270778000354766846e-01 1.000000000000000000e+00 0.000000000000000000e+00 0.000000000000000000e+00
4.680992066860198975e-01 -2.676312923431396484e-01 0.000000000000000000e+00 1.000000000000000000e+00 0.000000000000000000e+00
1.056161522865295410e+00 -1.504032611846923828e+00 1.000000000000000000e+00 0.000000000000000000e+00 0.000000000000000000e+00
9.945096373558044434e-01 -2.685406506061553955e-01 1.000000000000000000e+00 0.000000000000000000e+00 0.000000000000000000e+00
4.274330139160156250e-01 -2.247197031974792480e-01 0.000000000000000000e+00 1.000000000000000000e+00 0.000000000000000000e+00
-5.580520629882812500e-01 -4.205863177776336670e-01 1.000000000000000000e+00 0.000000000000000000e+00 0.000000000000000000e+00
-1.891570985317230225e-01 1.072744131088256836e+00 1.000000000000000000e+00 0.000000000000000000e+00 0.000000000000000000e+00
-1.624863296747207642e-01 4.032289087772369385e-01 0.000000000000000000e+00 1.000000000000000000e+00 0.000000000000000000e+00
-7.220207452774047852e-01 2.426474094390869141e-01 1.000000000000000000e+00 0.000000000000000000e+00 0.000000000000000000e+00
1.221939563751220703e+00 -2.020765393972396851e-01 1.000000000000000000e+00 0.000000000000000000e+00 0.000000000000000000e+00
5.248103141784667969e-01 -1.821400076150894165e-01 0.000000000000000000e+00 1.000000000000000000e+00 0.000000000000000000e+00
-1.307053089141845703e+00 -1.002896130084991455e-01 1.000000000000000000e+00 0.000000000000000000e+00 0.000000000000000000e+00
-9.258824586868286133e-02 8.126794099807739258e-01 1.000000000000000000e+00 0.000000000000000000e+00 0.000000000000000000e+00
4.711871966719627380e-02 1.618691384792327881e-01 0.000000000000000000e+00 1.000000000000000000e+00 0.000000000000000000e+00
9.881670475006103516e-01 -1.094157576560974121e+00 1.000000000000000000e+00 0.000000000000000000e+00 0.000000000000000000e+00
-5.990533232688903809e-01 9.080693721771240234e-01 1.000000000000000000e+00 0.000000000000000000e+00 0.000000000000000000e+00
-3.072556257247924805e-01 3.027634620666503906e-01 0.000000000000000000e+00 1.000000000000000000e+00 0.000000000000000000e+00
-4.951095581054687500e-01 8.243062347173690796e-02 1.000000000000000000e+00 0.000000000000000000e+00 0.000000000000000000e+00
-2.439506910741329193e-02 6.417426466941833496e-01 1.000000000000000000e+00 0.000000000000000000e+00 0.000000000000000000e+00
-6.847428530454635620e-02 1.691796332597732544e-01 0.000000000000000000e+00 1.000000000000000000e+00 0.000000000000000000e+00
6.091266870498657227e-01 -8.856173753738403320e-01 1.000000000000000000e+00 0.000000000000000000e+00 0.000000000000000000e+00
9.495649337768554688e-01 -1.138949692249298096e-01 1.000000000000000000e+00 0.000000000000000000e+00 0.000000000000000000e+00
3.209963440895080566e-01 8.010557293891906738e-02 1.000000000000000000e+00 0.000000000000000000e+00 0.000000000000000000e+00
-6.830159574747085571e-02 2.532530725002288818e-01 1.000000000000000000e+00 0.000000000000000000e+00 0.000000000000000000e+00
-1.727392673492431641e-01 2.269354611635208130e-01 1.000000000000000000e+00 0.000000000000000000e+00 0.000000000000000000e+00
-2.515398263931274414e-01 2.000612616539001465e-01 0.000000000000000000e+00 1.000000000000000000e+00 0.000000000000000000e+00
-2.670708894729614258e-01 -3.405117988586425781e-01 1.000000000000000000e+00 0.000000000000000000e+00 0.000000000000000000e+00
-6.983816623687744141e-01 9.650797247886657715e-01 1.000000000000000000e+00 0.000000000000000000e+00 0.000000000000000000e+00
-2.824362516403198242e-01 2.066637873649597168e-01 0.000000000000000000e+00 1.000000000000000000e+00 0.000000000000000000e+00
7.754572629928588867e-01 -4.782044887542724609e-01 1.000000000000000000e+00 0.000000000000000000e+00 0.000000000000000000e+00
9.905930757522583008e-01 4.734557867050170898e-01 1.000000000000000000e+00 0.000000000000000000e+00 0.000000000000000000e+00
5.408223867416381836e-01 1.181863099336624146e-01 0.000000000000000000e+00 1.000000000000000000e+00 0.000000000000000000e+00
-2.152518272399902344e+00 -2.869639158248901367e+00 0.000000000000000000e+00 0.000000000000000000e+00 1.000000000000000000e+00
-5.289551615715026855e-02 1.441129207611083984e+00 0.000000000000000000e+00 0.000000000000000000e+00 1.000000000000000000e+00
-1.654370307922363281e+00 -8.518713712692260742e-02 0.000000000000000000e+00 0.000000000000000000e+00 1.000000000000000000e+00
-9.688895940780639648e-01 -3.580914139747619629e-01 0.000000000000000000e+00 0.000000000000000000e+00 1.000000000000000000e+00
-1.144001007080078125e+00 -4.462938904762268066e-01 0.000000000000000000e+00 0.000000000000000000e+00 1.000000000000000000e+00
-1.010707139968872070e+00 -3.115433454513549805e-01 0.000000000000000000e+00 0.000000000000000000e+00 1.000000000000000000e+00
-1.026291966438293457e+00 -3.198178410530090332e-01 0.000000000000000000e+00 0.000000000000000000e+00 1.000000000000000000e+00
-9.835846424102783203e-01 -3.125995993614196777e-01 0.000000000000000000e+00 0.000000000000000000e+00 1.000000000000000000e+00
-9.707701206207275391e-01 -3.038318157196044922e-01 0.000000000000000000e+00 0.000000000000000000e+00 1.000000000000000000e+00
-9.551454782485961914e-01 -2.905092835426330566e-01 0.000000000000000000e+00 0.000000000000000000e+00 1.000000000000000000e+00
-9.397995471954345703e-01 -2.876183986663818359e-01 0.000000000000000000e+00 0.000000000000000000e+00 1.000000000000000000e+00
-9.285359382629394531e-01 -2.792104482650756836e-01 0.000000000000000000e+00 0.000000000000000000e+00 1.000000000000000000e+00
-9.203180074691772461e-01 -2.740363478660583496e-01 0.000000000000000000e+00 0.000000000000000000e+00 1.000000000000000000e+00
-9.109767675399780273e-01 -2.701677083969116211e-01 0.000000000000000000e+00 0.000000000000000000e+00 1.000000000000000000e+00
-9.037523269653320312e-01 -2.751381397247314453e-01 0.000000000000000000e+00 0.000000000000000000e+00 1.000000000000000000e+00
-8.984761238098144531e-01 -2.800431847572326660e-01 0.000000000000000000e+00 0.000000000000000000e+00 1.000000000000000000e+00
-8.920327425003051758e-01 -2.789265513420104980e-01 0.000000000000000000e+00 0.000000000000000000e+00 1.000000000000000000e+00
-8.846728801727294922e-01 -2.763006687164306641e-01 0.000000000000000000e+00 0.000000000000000000e+00 1.000000000000000000e+00
-8.753973245620727539e-01 -2.728399634361267090e-01 0.000000000000000000e+00 0.000000000000000000e+00 1.000000000000000000e+00
-8.684931993484497070e-01 -2.711985707283020020e-01 0.000000000000000000e+00 0.000000000000000000e+00 1.000000000000000000e+00
-8.619552850723266602e-01 -2.728112936019897461e-01 0.000000000000000000e+00 0.000000000000000000e+00 1.000000000000000000e+00
-8.557301759719848633e-01 -2.746283411979675293e-01 0.000000000000000000e+00 0.000000000000000000e+00 1.000000000000000000e+00
-8.495619297027587891e-01 -2.733403444290161133e-01 0.000000000000000000e+00 0.000000000000000000e+00 1.000000000000000000e+00
-8.424499034881591797e-01 -2.712200880050659180e-01 0.000000000000000000e+00 0.000000000000000000e+00 1.000000000000000000e+00
-8.339751958847045898e-01 -2.710812687873840332e-01 0.000000000000000000e+00 0.000000000000000000e+00 1.000000000000000000e+00
-8.251926898956298828e-01 -2.749751210212707520e-01 0.000000000000000000e+00 0.000000000000000000e+00 1.000000000000000000e+00
0.000000000000000000e+00 0.000000000000000000e+00 0.000000000000000000e+00 0.000000000000000000e+00 0.000000000000000000e+00
0.000000000000000000e+00 0.000000000000000000e+00 0.000000000000000000e+00 0.000000000000000000e+00 0.000000000000000000e+00
0.000000000000000000e+00 0.000000000000000000e+00 0.000000000000000000e+00 0.000000000000000000e+00 0.000000000000000000e+00
0.000000000000000000e+00 0.000000000000000000e+00 0.000000000000000000e+00 0.000000000000000000e+00 0.000000000000000000e+00
0.000000000000000000e+00 0.000000000000000000e+00 0.000000000000000000e+00 0.000000000000000000e+00 0.000000000000000000e+00
0.000000000000000000e+00 0.000000000000000000e+00 0.000000000000000000e+00 0.000000000000000000e+00 0.000000000000000000e+00
0.000000000000000000e+00 0.000000000000000000e+00 0.000000000000000000e+00 0.000000000000000000e+00 0.000000000000000000e+00
0.000000000000000000e+00 0.000000000000000000e+00 0.000000000000000000e+00 0.000000000000000000e+00 0.000000000000000000e+00
0.000000000000000000e+00 0.000000000000000000e+00 0.000000000000000000e+00 0.000000000000000000e+00 0.000000000000000000e+00
0.000000000000000000e+00 0.000000000000000000e+00 0.000000000000000000e+00 0.000000000000000000e+00 0.000000000000000000e+00
0.000000000000000000e+00 0.000000000000000000e+00 0.000000000000000000e+00 0.000000000000000000e+00 0.000000000000000000e+00
0.000000000000000000e+00 0.000000000000000000e+00 0.000000000000000000e+00 0.000000000000000000e+00 0.000000000000000000e+00
0.000000000000000000e+00 0.000000000000000000e+00 0.000000000000000000e+00 0.000000000000000000e+00 0.000000000000000000e+00
0.000000000000000000e+00 0.000000000000000000e+00 0.000000000000000000e+00 0.000000000000000000e+00 0.000000000000000000e+00
0.000000000000000000e+00 0.000000000000000000e+00 0.000000000000000000e+00 0.000000000000000000e+00 0.000000000000000000e+00
0.000000000000000000e+00 0.000000000000000000e+00 0.000000000000000000e+00 0.000000000000000000e+00 0.000000000000000000e+00
0.000000000000000000e+00 0.000000000000000000e+00 0.000000000000000000e+00 0.000000000000000000e+00 0.000000000000000000e+00
0.000000000000000000e+00 0.000000000000000000e+00 0.000000000000000000e+00 0.000000000000000000e+00 0.000000000000000000e+00
0.000000000000000000e+00 0.000000000000000000e+00 0.000000000000000000e+00 0.000000000000000000e+00 0.000000000000000000e+00
0.000000000000000000e+00 0.000000000000000000e+00 0.000000000000000000e+00 0.000000000000000000e+00 0.000000000000000000e+00
0.000000000000000000e+00 0.000000000000000000e+00 0.000000000000000000e+00 0.000000000000000000e+00 0.000000000000000000e+00
0.000000000000000000e+00 0.000000000000000000e+00 0.000000000000000000e+00 0.000000000000000000e+00 0.000000000000000000e+00
0.000000000000000000e+00 0.000000000000000000e+00 0.000000000000000000e+00 0.000000000000000000e+00 0.000000000000000000e+00
0.000000000000000000e+00 0.000000000000000000e+00 0.000000000000000000e+00 0.000000000000000000e+00 0.000000000000000000e+00
0.000000000000000000e+00 0.000000000000000000e+00 0.000000000000000000e+00 0.000000000000000000e+00 0.000000000000000000e+00
0.000000000000000000e+00 0.000000000000000000e+00 0.000000000000000000e+00 0.000000000000000000e+00 0.000000000000000000e+00
0.000000000000000000e+00 0.000000000000000000e+00 0.000000000000000000e+00 0.000000000000000000e+00 0.000000000000000000e+00
0.000000000000000000e+00 0.000000000000000000e+00 0.000000000000000000e+00 0.000000000000000000e+00 0.000000000000000000e+00
0.000000000000000000e+00 0.000000000000000000e+00 0.000000000000000000e+00 0.000000000000000000e+00 0.000000000000000000e+00
0.000000000000000000e+00 0.000000000000000000e+00 0.000000000000000000e+00 0.000000000000000000e+00 0.000000000000000000e+00
0.000000000000000000e+00 0.000000000000000000e+00 0.000000000000000000e+00 0.000000000000000000e+00 0.000000000000000000e+00
0.000000000000000000e+00 0.000000000000000000e+00 0.000000000000000000e+00 0.000000000000000000e+00 0.000000000000000000e+00
0.000000000000000000e+00 0.000000000000000000e+00 0.000000000000000000e+00 0.000000000000000000e+00 0.000000000000000000e+00
0.000000000000000000e+00 0.000000000000000000e+00 0.000000000000000000e+00 0.000000000000000000e+00 0.000000000000000000e+00
0.000000000000000000e+00 0.000000000000000000e+00 0.000000000000000000e+00 0.000000000000000000e+00 0.000000000000000000e+00
0.000000000000000000e+00 0.000000000000000000e+00 0.000000000000000000e+00 0.000000000000000000e+00 0.000000000000000000e+00
0.000000000000000000e+00 0.000000000000000000e+00 0.000000000000000000e+00 0.000000000000000000e+00 0.000000000000000000e+00
0.000000000000000000e+00 0.000000000000000000e+00 0.000000000000000000e+00 0.000000000000000000e+00 0.000000000000000000e+00
0.000000000000000000e+00 0.000000000000000000e+00 0.000000000000000000e+00 0.000000000000000000e+00 0.000000000000000000e+00
0.000000000000000000e+00 0.000000000000000000e+00 0.000000000000000000e+00 0.000000000000000000e+00 0.000000000000000000e+00
0.000000000000000000e+00 0.000000000000000000e+00 0.000000000000000000e+00 0.000000000000000000e+00 0.000000000000000000e+00
0.000000000000000000e+00 0.000000000000000000e+00 0.000000000000000000e+00 0.000000000000000000e+00 0.000000000000000000e+00
0.000000000000000000e+00 0.000000000000000000e+00 0.000000000000000000e+00 0.000000000000000000e+00 0.000000000000000000e+00
0.000000000000000000e+00 0.000000000000000000e+00 0.000000000000000000e+00 0.000000000000000000e+00 0.000000000000000000e+00
0.000000000000000000e+00 0.000000000000000000e+00 0.000000000000000000e+00 0.000000000000000000e+00 0.000000000000000000e+00
0.000000000000000000e+00 0.000000000000000000e+00 0.000000000000000000e+00 0.000000000000000000e+00 0.000000000000000000e+00
0.000000000000000000e+00 0.000000000000000000e+00 0.000000000000000000e+00 0.000000000000000000e+00 0.000000000000000000e+00
0.000000000000000000e+00 0.000000000000000000e+00 0.000000000000000000e+00 0.000000000000000000e+00 0.000000000000000000e+00
0.000000000000000000e+00 0.000000000000000000e+00 0.000000000000000000e+00 0.000000000000000000e+00 0.000000000000000000e+00
0.000000000000000000e+00 0.000000000000000000e+00 0.000000000000000000e+00 0.000000000000000000e+00 0.000000000000000000e+00
0.000000000000000000e+00 0.000000000000000000e+00 0.000000000000000000e+00 0.000000000000000000e+00 0.000000000000000000e+00
0.000000000000000000e+00 0.000000000000000000e+00 0.000000000000000000e+00 0.000000000000000000e+00 0.000000000000000000e+00
0.000000000000000000e+00 0.000000000000000000e+00 0.000000000000000000e+00 0.000000000000000000e+00 0.000000000000000000e+00
0.000000000000000000e+00 0.000000000000000000e+00 0.000000000000000000e+00 0.000000000000000000e+00 0.000000000000000000e+00
0.000000000000000000e+00 0.000000000000000000e+00 0.000000000000000000e+00 0.000000000000000000e+00 0.000000000000000000e+00
0.000000000000000000e+00 0.000000000000000000e+00 0.000000000000000000e+00 0.000000000000000000e+00 0.000000000000000000e+00
