0.000000000000000000e+00 0.000000000000000000e+00 1.000000000000000000e+00 0.000000000000000000e+00 0.000000000000000000e+00
-1.128560304641723633e-02 7.158775329589843750e-01 1.000000000000000000e+00 0.000000000000000000e+00 0.000000000000000000e+00
-7.303252071142196655e-02 2.033316791057586670e-01 0.000000000000000000e+00 1.000000000000000000e+00 0.000000000000000000e+00
4.675743877887725830e-01 -9.028580784797668457e-01 1.000000000000000000e+00 0.000000000000000000e+00 0.000000000000000000e+00
2.473103106021881104e-01 1.134801656007766724e-02 1.000000000000000000e+00 0.000000000000000000e+00 0.000000000000000000e+00
1.145394220948219299e-01 1.414985954761505127e-01 1.000000000000000000e+00 0.000000000000000000e+00 0.000000000000000000e+00
-7.421038299798965454e-02 3.412266671657562256e-01 1.000000000000000000e+00 0.000000000000000000e+00 0.000000000000000000e+00
-3.041312694549560547e-01 3.479301929473876953e-01 1.000000000000000000e+00 0.000000000000000000e+00 0.000000000000000000e+00
4.412859082221984863e-01 -2.982172966003417969e-01 0.000000000000000000e+00 1.000000000000000000e+00 0.000000000000000000e+00
1.555443882942199707e+00 -1.860368967056274414e+00 1.000000000000000000e+00 0.000000000000000000e+00 0.000000000000000000e+00
-7.464283108711242676e-01 6.920303702354431152e-01 1.000000000000000000e+00 0.000000000000000000e+00 0.000000000000000000e+00
1.591321527957916260e-01 4.116321206092834473e-01 1.000000000000000000e+00 0.000000000000000000e+00 0.000000000000000000e+00
-2.367018163204193115e-02 4.519942700862884521e-01 1.000000000000000000e+00 0.000000000000000000e+00 0.000000000000000000e+00
-7.048440724611282349e-02 1.333748698234558105e-01 0.000000000000000000e+00 1.000000000000000000e+00 0.000000000000000000e+00
5.898948311805725098e-01 -9.993494749069213867e-01 1.000000000000000000e+00 0.000000000000000000e+00 0.000000000000000000e+00
6.439849138259887695e-01 -1.433520019054412842e-01 1.000000000000000000e+00 0.000000000000000000e+00 0.000000000000000000e+00
3.433830142021179199e-01 3.950092196464538574e-02 1.000000000000000000e+00 0.000000000000000000e+00 0.000000000000000000e+00
-1.201919168233871460e-01 8.282159566879272461e-01 1.000000000000000000e+00 0.000000000000000000e+00 0.000000000000000000e+00
-1.006169989705085754e-01 2.037103325128555298e-01 1.000000000000000000e+00 0.000000000000000000e+00 0.000000000000000000e+00
-1.662474423646926880e-01 1.376983225345611572e-01 0.000000000000000000e+00 1.000000000000000000e+00 0.000000000000000000e+00
-8.594548702239990234e-01 -5.273334383964538574e-01 1.000000000000000000e+00 0.000000000000000000e+00 0.000000000000000000e+00
4.484761059284210205e-01 -5.588492751121520996e-02 1.000000000000000000e+00 0.000000000000000000e+00 0.000000000000000000e+00
5.236272513866424561e-02 4.390528798103332520e-02 0.000000000000000000e+00 1.000000000000000000e+00 0.000000000000000000e+00
-7.883546352386474609e-01 5.590357780456542969e-01 1.000000000000000000e+00 0.000000000000000000e+00 0.000000000000000000e+00
6.887528300285339355e-01 -1.300317049026489258e-01 1.000000000000000000e+00 0.000000000000000000e+00 0.000000000000000000e+00
3.603771626949310303e-01 -1.851334571838378906e-01 0.000000000000000000e+00 1.000000000000000000e+00 0.000000000000000000e+00
-2.897821962833404541e-01 -1.163091778755187988e+00 1.000000000000000000e+00 0.000000000000000000e+00 0.000000000000000000e+00
-1.788253784179687500e-01 1.167486667633056641e+00 1.000000000000000000e+00 0.000000000000000000e+00 0.000000000000000000e+00
-1.542268693447113037e-01 4.580150842666625977e-01 0.000000000000000000e+00 1.000000000000000000e+00 0.000000000000000000e+00
-2.980830073356628418e-01 1.873889416456222534e-01 1.000000000000000000e+00 0.000000000000000000e+00 0.000000000000000000e+00
7.469773292541503906e-01 -9.766027331352233887e-02 1.000000000000000000e+00 0.000000000000000000e+00 0.000000000000000000e+00
2.402676492929458618e-01 7.842834293842315674e-02 1.000000000000000000e+00 0.000000000000000000e+00 0.000000000000000000e+00
-7.809082269668579102e-01 8.671308755874633789e-01 1.000000000000000000e+00 0.000000000000000000e+00 0.000000000000000000e+00
-3.121294677257537842e-01 2.164640426635742188e-01 1.000000000000000000e+00 0.000000000000000000e+00 0.000000000000000000e+00
-3.153199255466461182e-01 5.707022547721862793e-02 0.000000000000000000e+00 1.000000000000000000e+00 0.000000000000000000e+00
3.466858863830566406e-01 -7.621295452117919922e-01 1.000000000000000000e+00 0.000000000000000000e+00 0.000000000000000000e+00
1.117839574813842773e+00 6.489269733428955078e-01 1.000000000000000000e+00 0.000000000000000000e+00 0.000000000000000000e+00
6.180857419967651367e-01 1.856894046068191528e-01 1.000000000000000000e+00 0.000000000000000000e+00 0.000000000000000000e+00
6.653746366500854492e-01 3.460954874753952026e-02 0.000000000000000000e+00 1.000000000000000000e+00 0.000000000000000000e+00
-2.549000501632690430e+00 -2.688980579376220703e+00 0.000000000000000000e+00 0.000000000000000000e+00 1.000000000000000000e+00
-1.644979715347290039e-01 1.553876399993896484e+00 0.000000000000000000e+00 0.000000000000000000e+00 1.000000000000000000e+00
-1.635695576667785645e+00 -2.238863706588745117e-02 0.000000000000000000e+00 0.000000000000000000e+00 1.000000000000000000e+00
-1.106195211410522461e+00 -2.450560331344604492e-01 0.000000000000000000e+00 0.000000000000000000e+00 1.000000000000000000e+00
-1.206307053565979004e+00 -3.019819855690002441e-01 0.000000000000000000e+00 0.000000000000000000e+00 1.000000000000000000e+00
-1.095010757446289062e+00 -2.047796845436096191e-01 0.000000000000000000e+00 0.000000000000000000e+00 1.000000000000000000e+00
-1.109838008880615234e+00 -2.205514311790466309e-01 0.000000000000000000e+00 0.000000000000000000e+00 1.000000000000000000e+00
-1.080268621444702148e+00 -1.798241734504699707e-01 0.000000000000000000e+00 0.000000000000000000e+00 1.000000000000000000e+00
-1.075312852859497070e+00 -1.699256300926208496e-01 0.000000000000000000e+00 0.000000000000000000e+00 1.000000000000000000e+00
-1.055416703224182129e+00 -1.818518638610839844e-01 0.000000000000000000e+00 0.000000000000000000e+00 1.000000000000000000e+00
-1.041654109954833984e+00 -1.869526505470275879e-01 0.000000000000000000e+00 0.000000000000000000e+00 1.000000000000000000e+00
-1.032092690467834473e+00 -1.839815378189086914e-01 0.000000000000000000e+00 0.000000000000000000e+00 1.000000000000000000e+00
-1.022836446762084961e+00 -1.855453252792358398e-01 0.000000000000000000e+00 0.000000000000000000e+00 1.000000000000000000e+00
-1.013331413269042969e+00 -1.931383609771728516e-01 0.000000000000000000e+00 0.000000000000000000e+00 1.000000000000000000e+00
-1.005318403244018555e+00 -2.023828029632568359e-01 0.000000000000000000e+00 0.000000000000000000e+00 1.000000000000000000e+00
-9.995599985122680664e-01 -2.092961668968200684e-01 0.000000000000000000e+00 0.000000000000000000e+00 1.000000000000000000e+00
-9.934651851654052734e-01 -2.130311727523803711e-01 0.000000000000000000e+00 0.000000000000000000e+00 1.000000000000000000e+00
-9.853165149688720703e-01 -2.148889303207397461e-01 0.000000000000000000e+00 0.000000000000000000e+00 1.000000000000000000e+00
-9.755966663360595703e-01 -2.182635664939880371e-01 0.000000000000000000e+00 0.000000000000000000e+00 1.000000000000000000e+00
-9.677208662033081055e-01 -2.228137254714965820e-01 0.000000000000000000e+00 0.000000000000000000e+00 1.000000000000000000e+00
-9.616243839263916016e-01 -2.269030213356018066e-01 0.000000000000000000e+00 0.000000000000000000e+00 1.000000000000000000e+00
-9.545390605926513672e-01 -2.298775911331176758e-01 0.000000000000000000e+00 0.000000000000000000e+00 1.000000000000000000e+00
-9.489312171936035156e-01 -2.304764986038208008e-01 0.000000000000000000e+00 0.000000000000000000e+00 1.000000000000000000e+00
-9.446395635604858398e-01 -2.277568578720092773e-01 0.000000000000000000e+00 0.000000000000000000e+00 1.000000000000000000e+00
-9.392176866531372070e-01 -2.266790270805358887e-01 0.000000000000000000e+00 0.000000000000000000e+00 1.000000000000000000e+00
-9.336551427841186523e-01 -2.288208603858947754e-01 0.000000000000000000e+00 0.000000000000000000e+00 1.000000000000000000e+00
-9.294754266738891602e-01 -2.332514524459838867e-01 0.000000000000000000e+00 0.000000000000000000e+00 1.000000000000000000e+00
-9.258351325988769531e-01 -2.370692491531372070e-01 0.000000000000000000e+00 0.000000000000000000e+00 1.000000000000000000e+00
-9.226418733596801758e-01 -2.377026677131652832e-01 0.000000000000000000e+00 0.000000000000000000e+00 1.000000000000000000e+00
-9.188731908798217773e-01 -2.354948520660400391e-01 0.000000000000000000e+00 0.000000000000000000e+00 1.000000000000000000e+00
-9.151316881179809570e-01 -2.310570478439331055e-01 0.000000000000000000e+00 0.000000000000000000e+00 1.000000000000000000e+00
-9.102545976638793945e-01 -2.292068004608154297e-01 0.000000000000000000e+00 0.000000000000000000e+00 1.000000000000000000e+00
-9.069321155548095703e-01 -2.314797043800354004e-01 0.000000000000000000e+00 0.000000000000000000e+00 1.000000000000000000e+00
-9.034882783889770508e-01 -2.372029423713684082e-01 0.000000000000000000e+00 0.000000000000000000e+00 1.000000000000000000e+00
-8.966131210327148438e-01 -2.443165183067321777e-01 0.000000000000000000e+00 0.000000000000000000e+00 1.000000000000000000e+00
-8.903963565826416016e-01 -2.480620741844177246e-01 0.000000000000000000e+00 0.000000000000000000e+00 1.000000000000000000e+00
-8.848305940628051758e-01 -2.477217912673950195e-01 0.000000000000000000e+00 0.000000000000000000e+00 1.000000000000000000e+00
0.000000000000000000e+00 0.000000000000000000e+00 0.000000000000000000e+00 0.000000000000000000e+00 0.000000000000000000e+00
0.000000000000000000e+00 0.000000000000000000e+00 0.000000000000000000e+00 0.000000000000000000e+00 0.000000000000000000e+00
0.000000000000000000e+00 0.000000000000000000e+00 0.000000000000000000e+00 0.000000000000000000e+00 0.000000000000000000e+00
0.000000000000000000e+00 0.000000000000000000e+00 0.000000000000000000e+00 0.000000000000000000e+00 0.000000000000000000e+00
0.000000000000000000e+00 0.000000000000000000e+00 0.000000000000000000e+00 0.000000000000000000e+00 0.000000000000000000e+00
0.000000000000000000e+00 0.000000000000000000e+00 0.000000000000000000e+00 0.000000000000000000e+00 0.000000000000000000e+00
0.000000000000000000e+00 0.000000000000000000e+00 0.000000000000000000e+00 0.000000000000000000e+00 0.000000000000000000e+00
0.000000000000000000e+00 0.000000000000000000e+00 0.000000000000000000e+00 0.000000000000000000e+00 0.000000000000000000e+00
0.000000000000000000e+00 0.000000000000000000e+00 0.000000000000000000e+00 0.000000000000000000e+00 0.000000000000000000e+00
0.000000000000000000e+00 0.000000000000000000e+00 0.000000000000000000e+00 0.000000000000000000e+00 0.000000000000000000e+00
0.000000000000000000e+00 0.000000000000000000e+00 0.000000000000000000e+00 0.000000000000000000e+00 0.000000000000000000e+00
0.000000000000000000e+00 0.000000000000000000e+00 0.000000000000000000e+00 0.000000000000000000e+00 0.000000000000000000e+00
0.000000000000000000e+00 0.000000000000000000e+00 0.000000000000000000e+00 0.000000000000000000e+00 0.000000000000000000e+00
0.000000000000000000e+00 0.000000000000000000e+00 0.000000000000000000e+00 0.000000000000000000e+00 0.000000000000000000e+00
0.000000000000000000e+00 0.000000000000000000e+00 0.000000000000000000e+00 0.000000000000000000e+00 0.000000000000000000e+00
0.000000000000000000e+00 0.000000000000000000e+00 0.000000000000000000e+00 0.000000000000000000e+00 0.000000000000000000e+00
0.000000000000000000e+00 0.000000000000000000e+00 0.000000000000000000e+00 0.000000000000000000e+00 0.000000000000000000e+00
0.000000000000000000e+00 0.000000000000000000e+00 0.000000000000000000e+00 0.000000000000000000e+00 0.000000000000000000e+00
0.000000000000000000e+00 0.000000000000000000e+00 0.000000000000000000e+00 0.000000000000000000e+00 0.000000000000000000e+00
0.000000000000000000e+00 0.000000000000000000e+00 0.000000000000000000e+00 0.000000000000000000e+00 0.000000000000000000e+00
0.000000000000000000e+00 0.000000000000000000e+00 0.000000000000000000e+00 0.000000000000000000e+00 0.000000000000000000e+00
0.000000000000000000e+00 0.000000000000000000e+00 0.000000000000000000e+00 0.000000000000000000e+00 0.000000000000000000e+00
0.000000000000000000e+00 0.000000000000000000e+00 0.000000000000000000e+00 0.000000000000000000e+00 0.000000000000000000e+00
0.000000000000000000e+00 0.000000000000000000e+00 0.000000000000000000e+00 0.000000000000000000e+00 0.000000000000000000e+00
0.000000000000000000e+00 0.000000000000000000e+00 0.000000000000000000e+00 0.000000000000000000e+00 0.000000000000000000e+00
0.000000000000000000e+00 0.000000000000000000e+00 0.000000000000000000e+00 0.000000000000000000e+00 0.000000000000000000e+00
0.000000000000000000e+00 0.000000000000000000e+00 0.000000000000000000e+00 0.000000000000000000e+00 0.000000000000000000e+00
0.000000000000000000e+00 0.000000000000000000e+00 0.000000000000000000e+00 0.000000000000000000e+00 0.000000000000000000e+00
0.000000000000000000e+00 0.000000000000000000e+00 0.000000000000000000e+00 0.000000000000000000e+00 0.000000000000000000e+00
0.000000000000000000e+00 0.000000000000000000e+00 0.000000000000000000e+00 0.000000000000000000e+00 0.000000000000000000e+00
0.000000000000000000e+00 0.000000000000000000e+00 0.000000000000000000e+00 0.000000000000000000e+00 0.000000000000000000e+00
0.000000000000000000e+00 0.000000000000000000e+00 0.000000000000000000e+00 0.000000000000000000e+00 0.000000000000000000e+00
0.000000000000000000e+00 0.000000000000000000e+00 0.000000000000000000e+00 0.000000000000000000e+00 0.000000000000000000e+00
0.000000000000000000e+00 0.000000000000000000e+00 0.000000000000000000e+00 0.000000000000000000e+00 0.000000000000000000e+00
0.000000000000000000e+00 0.000000000000000000e+00 0.000000000000000000e+00 0.000000000000000000e+00 0.000000000000000000e+00
0.000000000000000000e+00 0.000000000000000000e+00 0.000000000000000000e+00 0.000000000000000000e+00 0.000000000000000000e+00
0.000000000000000000e+00 0.000000000000000000e+00 0.000000000000000000e+00 0.000000000000000000e+00 0.000000000000000000e+00
0.000000000000000000e+00 0.000000000000000000e+00 0.000000000000000000e+00 0.000000000000000000e+00 0.000000000000000000e+00
0.000000000000000000e+00 0.000000000000000000e+00 0.000000000000000000e+00 0.000000000000000000e+00 0.000000000000000000e+00
0.000000000000000000e+00 0.000000000000000000e+00 0.000000000000000000e+00 0.000000000000000000e+00 0.000000000000000000e+00
0.000000000000000000e+00 0.000000000000000000e+00 0.000000000000000000e+00 0.000000000000000000e+00 0.000000000000000000e+00
0.000000000000000000e+00 0.000000000000000000e+00 0.000000000000000000e+00 0.000000000000000000e+00 0.000000000000000000e+00
0.000000000000000000e+00 0.000000000000000000e+00 0.000000000000000000e+00 0.000000000000000000e+00 0.000000000000000000e+00
0.000000000000000000e+00 0.000000000000000000e+00 0.000000000000000000e+00 0.000000000000000000e+00 0.000000000000000000e+00
0.000000000000000000e+00 0.000000000000000000e+00 0.000000000000000000e+00 0.000000000000000000e+00 0.000000000000000000e+00
