0.000000000000000000e+00 0.000000000000000000e+00 1.000000000000000000e+00 0.000000000000000000e+00 0.000000000000000000e+00
9.343042969703674316e-03 7.124978899955749512e-01 1.000000000000000000e+00 0.000000000000000000e+00 0.000000000000000000e+00
-5.826053768396377563e-02 1.750805675983428955e-01 0.000000000000000000e+00 1.000000000000000000e+00 0.000000000000000000e+00
4.041035473346710205e-01 -8.617770671844482422e-01 1.000000000000000000e+00 0.000000000000000000e+00 0.000000000000000000e+00
2.272304892539978027e-01 2.223558723926544189e-02 1.000000000000000000e+00 0.000000000000000000e+00 0.000000000000000000e+00
9.698992222547531128e-02 1.377091109752655029e-01 1.000000000000000000e+00 0.000000000000000000e+00 0.000000000000000000e+00
-7.770339399576187134e-02 3.190264403820037842e-01 1.000000000000000000e+00 0.000000000000000000e+00 0.000000000000000000e+00
-2.854103744029998779e-01 3.227623999118804932e-01 1.000000000000000000e+00 0.000000000000000000e+00 0.000000000000000000e+00
4.196216166019439697e-01 -2.408034503459930420e-01 0.000000000000000000e+00 1.000000000000000000e+00 0.000000000000000000e+00
7.854267358779907227e-01 -1.148237466812133789e+00 1.000000000000000000e+00 0.000000000000000000e+00 0.000000000000000000e+00
1.044718384742736816e+00 -2.005689144134521484e-01 1.000000000000000000e+00 0.000000000000000000e+00 0.000000000000000000e+00
4.040141701698303223e-01 -1.562011241912841797e-01 0.000000000000000000e+00 1.000000000000000000e+00 0.000000000000000000e+00
-1.220098733901977539e+00 3.450519442558288574e-01 1.000000000000000000e+00 0.000000000000000000e+00 0.000000000000000000e+00
-2.925509512424468994e-01 1.284743070602416992e+00 1.000000000000000000e+00 0.000000000000000000e+00 0.000000000000000000e+00
-4.326750338077545166e-01 1.047496318817138672e+00 1.000000000000000000e+00 0.000000000000000000e+00 0.000000000000000000e+00
-1.794576644897460938e-01 2.689575254917144775e-01 1.000000000000000000e+00 0.000000000000000000e+00 0.000000000000000000e+00
-1.311523318290710449e-01 7.397126406431198120e-02 0.000000000000000000e+00 1.000000000000000000e+00 0.000000000000000000e+00
1.338610768318176270e+00 -2.313160657882690430e+00 1.000000000000000000e+00 0.000000000000000000e+00 0.000000000000000000e+00
-7.304704189300537109e-02 6.213061213493347168e-01 1.000000000000000000e+00 0.000000000000000000e+00 0.000000000000000000e+00
-7.262298464775085449e-02 1.630869656801223755e-01 0.000000000000000000e+00 1.000000000000000000e+00 0.000000000000000000e+00
2.556499242782592773e-01 -3.641176819801330566e-01 1.000000000000000000e+00 0.000000000000000000e+00 0.000000000000000000e+00
3.054199814796447754e-01 -6.668497622013092041e-02 1.000000000000000000e+00 0.000000000000000000e+00 0.000000000000000000e+00
-5.792573466897010803e-02 5.662230774760246277e-02 0.000000000000000000e+00 1.000000000000000000e+00 0.000000000000000000e+00
-7.332611083984375000e-01 6.059970855712890625e-01 1.000000000000000000e+00 0.000000000000000000e+00 0.000000000000000000e+00
5.781031847000122070e-01 -1.211903840303421021e-01 1.000000000000000000e+00 0.000000000000000000e+00 0.000000000000000000e+00
-1.377278417348861694e-01 9.574444293975830078e-01 1.000000000000000000e+00 0.000000000000000000e+00 0.000000000000000000e+00
-2.068584859371185303e-01 -2.402770519256591797e-01 1.000000000000000000e+00 0.000000000000000000e+00 0.000000000000000000e+00
-9.387432038784027100e-02 -3.181191682815551758e-01 1.000000000000000000e+00 0.000000000000000000e+00 0.000000000000000000e+00
-3.757268190383911133e-01 5.234880447387695312e-01 1.000000000000000000e+00 0.000000000000000000e+00 0.000000000000000000e+00
4.077897593379020691e-02 -5.533397942781448364e-02 0.000000000000000000e+00 1.000000000000000000e+00 0.000000000000000000e+00
9.953262209892272949e-01 -4.578484892845153809e-01 1.000000000000000000e+00 0.000000000000000000e+00 0.000000000000000000e+00
1.826197206974029541e-01 9.273281693458557129e-02 1.000000000000000000e+00 0.000000000000000000e+00 0.000000000000000000e+00
9.447663277387619019e-02 2.051351219415664673e-01 0.000000000000000000e+00 1.000000000000000000e+00 0.000000000000000000e+00
-1.035158038139343262e-01 -3.117746114730834961e+00 1.000000000000000000e+00 0.000000000000000000e+00 0.000000000000000000e+00
4.622033834457397461e-01 1.749039888381958008e+00 1.000000000000000000e+00 0.000000000000000000e+00 0.000000000000000000e+00
4.345472455024719238e-01 2.005948305130004883e+00 1.000000000000000000e+00 0.000000000000000000e+00 0.000000000000000000e+00
2.053088247776031494e-01 3.471181392669677734e-01 1.000000000000000000e+00 0.000000000000000000e+00 0.000000000000000000e+00
1.125327646732330322e-01 3.199183940887451172e-02 1.000000000000000000e+00 0.000000000000000000e+00 0.000000000000000000e+00
6.381919980049133301e-02 -1.463915258646011353e-01 1.000000000000000000e+00 0.000000000000000000e+00 0.000000000000000000e+00
-8.623857051134109497e-03 -3.559334278106689453e-01 0.000000000000000000e+00 1.000000000000000000e+00 0.000000000000000000e+00
-2.026689052581787109e-01 -1.164613604545593262e+00 1.000000000000000000e+00 0.000000000000000000e+00 0.000000000000000000e+00
-7.835130691528320312e-01 7.794468402862548828e-01 1.000000000000000000e+00 0.000000000000000000e+00 0.000000000000000000e+00
-2.288654595613479614e-01 1.115757152438163757e-01 1.000000000000000000e+00 0.000000000000000000e+00 0.000000000000000000e+00
-2.547075152397155762e-01 -9.869646281003952026e-02 0.000000000000000000e+00 1.000000000000000000e+00 0.000000000000000000e+00
1.102464795112609863e+00 -2.826086521148681641e+00 1.000000000000000000e+00 0.000000000000000000e+00 0.000000000000000000e+00
2.194443792104721069e-01 3.615517616271972656e-01 1.000000000000000000e+00 0.000000000000000000e+00 0.000000000000000000e+00
3.621785342693328857e-02 2.370515465736389160e-01 0.000000000000000000e+00 1.000000000000000000e+00 0.000000000000000000e+00
-1.472097754478454590e+00 -1.621496677398681641e-01 0.000000000000000000e+00 0.000000000000000000e+00 1.000000000000000000e+00
-6.469883918762207031e-01 1.150655150413513184e-01 0.000000000000000000e+00 0.000000000000000000e+00 1.000000000000000000e+00
-1.325030326843261719e+00 -3.694344162940979004e-01 0.000000000000000000e+00 0.000000000000000000e+00 1.000000000000000000e+00
-9.291125535964965820e-01 -9.329849481582641602e-02 0.000000000000000000e+00 0.000000000000000000e+00 1.000000000000000000e+00
-1.103541970252990723e+00 -3.344734311103820801e-01 0.000000000000000000e+00 0.000000000000000000e+00 1.000000000000000000e+00
-9.995540380477905273e-01 -2.011411190032958984e-01 0.000000000000000000e+00 0.000000000000000000e+00 1.000000000000000000e+00
-1.020916461944580078e+00 -3.087319135665893555e-01 0.000000000000000000e+00 0.000000000000000000e+00 1.000000000000000000e+00
-9.835869073867797852e-01 -2.828445434570312500e-01 0.000000000000000000e+00 0.000000000000000000e+00 1.000000000000000000e+00
-9.828442335128784180e-01 -2.970167994499206543e-01 0.000000000000000000e+00 0.000000000000000000e+00 1.000000000000000000e+00
-9.697672128677368164e-01 -3.002937436103820801e-01 0.000000000000000000e+00 0.000000000000000000e+00 1.000000000000000000e+00
-9.619299173355102539e-01 -3.127116560935974121e-01 0.000000000000000000e+00 0.000000000000000000e+00 1.000000000000000000e+00
-9.553292989730834961e-01 -3.163462281227111816e-01 0.000000000000000000e+00 0.000000000000000000e+00 1.000000000000000000e+00
-9.492542743682861328e-01 -3.126987814903259277e-01 0.000000000000000000e+00 0.000000000000000000e+00 1.000000000000000000e+00
-9.405041933059692383e-01 -3.099822402000427246e-01 0.000000000000000000e+00 0.000000000000000000e+00 1.000000000000000000e+00
-9.332065582275390625e-01 -3.075746297836303711e-01 0.000000000000000000e+00 0.000000000000000000e+00 1.000000000000000000e+00
-9.269914627075195312e-01 -3.038774132728576660e-01 0.000000000000000000e+00 0.000000000000000000e+00 1.000000000000000000e+00
-9.203686714172363281e-01 -3.010271787643432617e-01 0.000000000000000000e+00 0.000000000000000000e+00 1.000000000000000000e+00
-9.154324531555175781e-01 -3.005831837654113770e-01 0.000000000000000000e+00 0.000000000000000000e+00 1.000000000000000000e+00
-9.119701385498046875e-01 -3.033868670463562012e-01 0.000000000000000000e+00 0.000000000000000000e+00 1.000000000000000000e+00
-9.080088138580322266e-01 -3.061064481735229492e-01 0.000000000000000000e+00 0.000000000000000000e+00 1.000000000000000000e+00
-9.038581848144531250e-01 -3.069627285003662109e-01 0.000000000000000000e+00 0.000000000000000000e+00 1.000000000000000000e+00
0.000000000000000000e+00 0.000000000000000000e+00 0.000000000000000000e+00 0.000000000000000000e+00 0.000000000000000000e+00
0.000000000000000000e+00 0.000000000000000000e+00 0.000000000000000000e+00 0.000000000000000000e+00 0.000000000000000000e+00
0.000000000000000000e+00 0.000000000000000000e+00 0.000000000000000000e+00 0.000000000000000000e+00 0.000000000000000000e+00
0.000000000000000000e+00 0.000000000000000000e+00 0.000000000000000000e+00 0.000000000000000000e+00 0.000000000000000000e+00
0.000000000000000000e+00 0.000000000000000000e+00 0.000000000000000000e+00 0.000000000000000000e+00 0.000000000000000000e+00
0.000000000000000000e+00 0.000000000000000000e+00 0.000000000000000000e+00 0.000000000000000000e+00 0.000000000000000000e+00
0.000000000000000000e+00 0.000000000000000000e+00 0.000000000000000000e+00 0.000000000000000000e+00 0.000000000000000000e+00
0.000000000000000000e+00 0.000000000000000000e+00 0.000000000000000000e+00 0.000000000000000000e+00 0.000000000000000000e+00
0.000000000000000000e+00 0.000000000000000000e+00 0.000000000000000000e+00 0.000000000000000000e+00 0.000000000000000000e+00
0.000000000000000000e+00 0.000000000000000000e+00 0.000000000000000000e+00 0.000000000000000000e+00 0.000000000000000000e+00
0.000000000000000000e+00 0.000000000000000000e+00 0.000000000000000000e+00 0.000000000000000000e+00 0.000000000000000000e+00
0.000000000000000000e+00 0.000000000000000000e+00 0.000000000000000000e+00 0.000000000000000000e+00 0.000000000000000000e+00
0.000000000000000000e+00 0.000000000000000000e+00 0.000000000000000000e+00 0.000000000000000000e+00 0.000000000000000000e+00
0.000000000000000000e+00 0.000000000000000000e+00 0.000000000000000000e+00 0.000000000000000000e+00 0.000000000000000000e+00
0.000000000000000000e+00 0.000000000000000000e+00 0.000000000000000000e+00 0.000000000000000000e+00 0.000000000000000000e+00
0.000000000000000000e+00 0.000000000000000000e+00 0.000000000000000000e+00 0.000000000000000000e+00 0.000000000000000000e+00
0.000000000000000000e+00 0.000000000000000000e+00 0.000000000000000000e+00 0.000000000000000000e+00 0.000000000000000000e+00
0.000000000000000000e+00 0.000000000000000000e+00 0.000000000000000000e+00 0.000000000000000000e+00 0.000000000000000000e+00
0.000000000000000000e+00 0.000000000000000000e+00 0.000000000000000000e+00 0.000000000000000000e+00 0.000000000000000000e+00
0.000000000000000000e+00 0.000000000000000000e+00 0.000000000000000000e+00 0.000000000000000000e+00 0.000000000000000000e+00
0.000000000000000000e+00 0.000000000000000000e+00 0.000000000000000000e+00 0.000000000000000000e+00 0.000000000000000000e+00
0.000000000000000000e+00 0.000000000000000000e+00 0.000000000000000000e+00 0.000000000000000000e+00 0.000000000000000000e+00
0.000000000000000000e+00 0.000000000000000000e+00 0.000000000000000000e+00 0.000000000000000000e+00 0.000000000000000000e+00
0.000000000000000000e+00 0.000000000000000000e+00 0.000000000000000000e+00 0.000000000000000000e+00 0.000000000000000000e+00
0.000000000000000000e+00 0.000000000000000000e+00 0.000000000000000000e+00 0.000000000000000000e+00 0.000000000000000000e+00
0.000000000000000000e+00 0.000000000000000000e+00 0.000000000000000000e+00 0.000000000000000000e+00 0.000000000000000000e+00
0.000000000000000000e+00 0.000000000000000000e+00 0.000000000000000000e+00 0.000000000000000000e+00 0.000000000000000000e+00
0.000000000000000000e+00 0.000000000000000000e+00 0.000000000000000000e+00 0.000000000000000000e+00 0.000000000000000000e+00
0.000000000000000000e+00 0.000000000000000000e+00 0.000000000000000000e+00 0.000000000000000000e+00 0.000000000000000000e+00
0.000000000000000000e+00 0.000000000000000000e+00 0.000000000000000000e+00 0.000000000000000000e+00 0.000000000000000000e+00
0.000000000000000000e+00 0.000000000000000000e+00 0.000000000000000000e+00 0.000000000000000000e+00 0.000000000000000000e+00
0.000000000000000000e+00 0.000000000000000000e+00 0.000000000000000000e+00 0.000000000000000000e+00 0.000000000000000000e+00
0.000000000000000000e+00 0.000000000000000000e+00 0.000000000000000000e+00 0.000000000000000000e+00 0.000000000000000000e+00
0.000000000000000000e+00 0.000000000000000000e+00 0.000000000000000000e+00 0.000000000000000000e+00 0.000000000000000000e+00
0.000000000000000000e+00 0.000000000000000000e+00 0.000000000000000000e+00 0.000000000000000000e+00 0.000000000000000000e+00
0.000000000000000000e+00 0.000000000000000000e+00 0.000000000000000000e+00 0.000000000000000000e+00 0.000000000000000000e+00
0.000000000000000000e+00 0.000000000000000000e+00 0.000000000000000000e+00 0.000000000000000000e+00 0.000000000000000000e+00
0.000000000000000000e+00 0.000000000000000000e+00 0.000000000000000000e+00 0.000000000000000000e+00 0.000000000000000000e+00
0.000000000000000000e+00 0.000000000000000000e+00 0.000000000000000000e+00 0.000000000000000000e+00 0.000000000000000000e+00
0.000000000000000000e+00 0.000000000000000000e+00 0.000000000000000000e+00 0.000000000000000000e+00 0.000000000000000000e+00
0.000000000000000000e+00 0.000000000000000000e+00 0.000000000000000000e+00 0.000000000000000000e+00 0.000000000000000000e+00
0.000000000000000000e+00 0.000000000000000000e+00 0.000000000000000000e+00 0.000000000000000000e+00 0.000000000000000000e+00
0.000000000000000000e+00 0.000000000000000000e+00 0.000000000000000000e+00 0.000000000000000000e+00 0.000000000000000000e+00
0.000000000000000000e+00 0.000000000000000000e+00 0.000000000000000000e+00 0.000000000000000000e+00 0.000000000000000000e+00
0.000000000000000000e+00 0.000000000000000000e+00 0.000000000000000000e+00 0.000000000000000000e+00 0.000000000000000000e+00
0.000000000000000000e+00 0.000000000000000000e+00 0.000000000000000000e+00 0.000000000000000000e+00 0.000000000000000000e+00
0.000000000000000000e+00 0.000000000000000000e+00 0.000000000000000000e+00 0.000000000000000000e+00 0.000000000000000000e+00
0.000000000000000000e+00 0.000000000000000000e+00 0.000000000000000000e+00 0.000000000000000000e+00 0.000000000000000000e+00
0.000000000000000000e+00 0.000000000000000000e+00 0.000000000000000000e+00 0.000000000000000000e+00 0.000000000000000000e+00
0.000000000000000000e+00 0.000000000000000000e+00 0.000000000000000000e+00 0.000000000000000000e+00 0.000000000000000000e+00
0.000000000000000000e+00 0.000000000000000000e+00 0.000000000000000000e+00 0.000000000000000000e+00 0.000000000000000000e+00
0.000000000000000000e+00 0.000000000000000000e+00 0.000000000000000000e+00 0.000000000000000000e+00 0.000000000000000000e+00
0.000000000000000000e+00 0.000000000000000000e+00 0.000000000000000000e+00 0.000000000000000000e+00 0.000000000000000000e+00
