0.000000000000000000e+00 0.000000000000000000e+00 1.000000000000000000e+00 0.000000000000000000e+00 0.000000000000000000e+00
6.758747696876525879e-01 -1.376703083515167236e-01 1.000000000000000000e+00 0.000000000000000000e+00 0.000000000000000000e+00
3.431705236434936523e-01 -1.591619849205017090e-01 0.000000000000000000e+00 1.000000000000000000e+00 0.000000000000000000e+00
-2.980780303478240967e-01 -3.019649386405944824e-01 1.000000000000000000e+00 0.000000000000000000e+00 0.000000000000000000e+00
-2.112561464309692383e-01 8.401706814765930176e-01 1.000000000000000000e+00 0.000000000000000000e+00 0.000000000000000000e+00
-1.397643387317657471e-01 2.889686226844787598e-01 0.000000000000000000e+00 1.000000000000000000e+00 0.000000000000000000e+00
-2.293958663940429688e-01 1.131331324577331543e-01 1.000000000000000000e+00 0.000000000000000000e+00 0.000000000000000000e+00
-1.616713777184486389e-02 3.988245129585266113e-01 1.000000000000000000e+00 0.000000000000000000e+00 0.000000000000000000e+00
-7.623592019081115723e-02 1.607812643051147461e-01 0.000000000000000000e+00 1.000000000000000000e+00 0.000000000000000000e+00
4.018865227699279785e-01 -5.718522071838378906e-01 1.000000000000000000e+00 0.000000000000000000e+00 0.000000000000000000e+00
1.980371475219726562e-01 1.527162641286849976e-02 1.000000000000000000e+00 0.000000000000000000e+00 0.000000000000000000e+00
-4.548155702650547028e-04 1.798373609781265259e-01 1.000000000000000000e+00 0.000000000000000000e+00 0.000000000000000000e+00
-2.132103592157363892e-01 2.894837260246276855e-01 1.000000000000000000e+00 0.000000000000000000e+00 0.000000000000000000e+00
3.087012767791748047e-01 -1.930246949195861816e-01 1.000000000000000000e+00 0.000000000000000000e+00 0.000000000000000000e+00
1.479758471250534058e-01 -1.930376142263412476e-01 0.000000000000000000e+00 1.000000000000000000e+00 0.000000000000000000e+00
7.002632617950439453e-01 -1.291308164596557617e+00 1.000000000000000000e+00 0.000000000000000000e+00 0.000000000000000000e+00
4.965556859970092773e-01 -6.912603974342346191e-02 1.000000000000000000e+00 0.000000000000000000e+00 0.000000000000000000e+00
-4.652278125286102295e-01 5.506316423416137695e-01 1.000000000000000000e+00 0.000000000000000000e+00 0.000000000000000000e+00
2.108648717403411865e-01 -7.912774384021759033e-02 1.000000000000000000e+00 0.000000000000000000e+00 0.000000000000000000e+00
5.535782873630523682e-02 -8.217408508062362671e-02 0.000000000000000000e+00 1.000000000000000000e+00 0.000000000000000000e+00
-4.057882428169250488e-01 -1.056040897965431213e-01 1.000000000000000000e+00 0.000000000000000000e+00 0.000000000000000000e+00
-1.608858406543731689e-01 1.374640703201293945e+00 1.000000000000000000e+00 0.000000000000000000e+00 0.000000000000000000e+00
-7.882496714591979980e-02 3.023048341274261475e-01 1.000000000000000000e+00 0.000000000000000000e+00 0.000000000000000000e+00
-1.040115430951118469e-01 1.698321998119354248e-01 0.000000000000000000e+00 1.000000000000000000e+00 0.000000000000000000e+00
4.508937597274780273e-01 -1.011096954345703125e+00 1.000000000000000000e+00 0.000000000000000000e+00 0.000000000000000000e+00
3.606815338134765625e-01 -6.747677922248840332e-02 1.000000000000000000e+00 0.000000000000000000e+00 0.000000000000000000e+00
-4.995124787092208862e-02 5.572433769702911377e-02 0.000000000000000000e+00 1.000000000000000000e+00 0.000000000000000000e+00
-2.678707242012023926e-01 3.274838924407958984e-01 1.000000000000000000e+00 0.000000000000000000e+00 0.000000000000000000e+00
3.591267764568328857e-01 -1.173724234104156494e-01 1.000000000000000000e+00 0.000000000000000000e+00 0.000000000000000000e+00
1.444533318281173706e-01 -1.264411956071853638e-01 0.000000000000000000e+00 1.000000000000000000e+00 0.000000000000000000e+00
6.918298006057739258e-01 -1.408002614974975586e+00 1.000000000000000000e+00 0.000000000000000000e+00 0.000000000000000000e+00
4.423829615116119385e-01 -1.030659675598144531e-02 1.000000000000000000e+00 0.000000000000000000e+00 0.000000000000000000e+00
-4.608569741249084473e-01 5.586056709289550781e-01 1.000000000000000000e+00 0.000000000000000000e+00 0.000000000000000000e+00
2.829317450523376465e-01 -7.512196898460388184e-03 1.000000000000000000e+00 0.000000000000000000e+00 0.000000000000000000e+00
-4.456884413957595825e-02 7.144467532634735107e-02 0.000000000000000000e+00 1.000000000000000000e+00 0.000000000000000000e+00
-3.664645552635192871e-01 3.536758720874786377e-01 1.000000000000000000e+00 0.000000000000000000e+00 0.000000000000000000e+00
5.553541183471679688e-01 1.154381036758422852e-02 1.000000000000000000e+00 0.000000000000000000e+00 0.000000000000000000e+00
1.022225171327590942e-01 9.310244023799896240e-02 1.000000000000000000e+00 0.000000000000000000e+00 0.000000000000000000e+00
-6.550644636154174805e-01 7.682254314422607422e-01 1.000000000000000000e+00 0.000000000000000000e+00 0.000000000000000000e+00
-2.272814959287643433e-01 1.631588190793991089e-01 1.000000000000000000e+00 0.000000000000000000e+00 0.000000000000000000e+00
-1.742145717144012451e-01 4.015894979238510132e-02 0.000000000000000000e+00 1.000000000000000000e+00 0.000000000000000000e+00
2.694846689701080322e-01 -6.098914146423339844e-01 1.000000000000000000e+00 0.000000000000000000e+00 0.000000000000000000e+00
7.721141576766967773e-01 5.920481681823730469e-01 1.000000000000000000e+00 0.000000000000000000e+00 0.000000000000000000e+00
4.296679198741912842e-01 1.704695224761962891e-01 1.000000000000000000e+00 0.000000000000000000e+00 0.000000000000000000e+00
5.027713775634765625e-01 6.734468787908554077e-02 0.000000000000000000e+00 1.000000000000000000e+00 0.000000000000000000e+00
-2.349371671676635742e+00 -2.190335035324096680e+00 0.000000000000000000e+00 0.000000000000000000e+00 1.000000000000000000e+00
-1.969881355762481689e-01 1.260392189025878906e+00 0.000000000000000000e+00 0.000000000000000000e+00 1.000000000000000000e+00
-1.577418684959411621e+00 -2.138163447380065918e-01 0.000000000000000000e+00 0.000000000000000000e+00 1.000000000000000000e+00
-1.044138431549072266e+00 -1.968613266944885254e-01 0.000000000000000000e+00 0.000000000000000000e+00 1.000000000000000000e+00
-1.217841267585754395e+00 -2.630963325500488281e-01 0.000000000000000000e+00 0.000000000000000000e+00 1.000000000000000000e+00
-1.115048289299011230e+00 -2.132488489151000977e-01 0.000000000000000000e+00 0.000000000000000000e+00 1.000000000000000000e+00
-1.127131581306457520e+00 -2.135410904884338379e-01 0.000000000000000000e+00 0.000000000000000000e+00 1.000000000000000000e+00
-1.096303939819335938e+00 -2.168916463851928711e-01 0.000000000000000000e+00 0.000000000000000000e+00 1.000000000000000000e+00
-1.088097333908081055e+00 -2.203100323677062988e-01 0.000000000000000000e+00 0.000000000000000000e+00 1.000000000000000000e+00
-1.076516628265380859e+00 -2.182981371879577637e-01 0.000000000000000000e+00 0.000000000000000000e+00 1.000000000000000000e+00
-1.063798904418945312e+00 -2.264007925987243652e-01 0.000000000000000000e+00 0.000000000000000000e+00 1.000000000000000000e+00
-1.051445245742797852e+00 -2.253327965736389160e-01 0.000000000000000000e+00 0.000000000000000000e+00 1.000000000000000000e+00
-1.037608623504638672e+00 -2.303365468978881836e-01 0.000000000000000000e+00 0.000000000000000000e+00 1.000000000000000000e+00
-1.026926159858703613e+00 -2.335759997367858887e-01 0.000000000000000000e+00 0.000000000000000000e+00 1.000000000000000000e+00
-1.017605900764465332e+00 -2.358723878860473633e-01 0.000000000000000000e+00 0.000000000000000000e+00 1.000000000000000000e+00
-1.009363532066345215e+00 -2.345947623252868652e-01 0.000000000000000000e+00 0.000000000000000000e+00 1.000000000000000000e+00
-1.002450942993164062e+00 -2.329343557357788086e-01 0.000000000000000000e+00 0.000000000000000000e+00 1.000000000000000000e+00
-9.945124387741088867e-01 -2.309426069259643555e-01 0.000000000000000000e+00 0.000000000000000000e+00 1.000000000000000000e+00
-9.867269992828369141e-01 -2.287646532058715820e-01 0.000000000000000000e+00 0.000000000000000000e+00 1.000000000000000000e+00
-9.805588722229003906e-01 -2.334942221641540527e-01 0.000000000000000000e+00 0.000000000000000000e+00 1.000000000000000000e+00
-9.743667840957641602e-01 -2.401705980300903320e-01 0.000000000000000000e+00 0.000000000000000000e+00 1.000000000000000000e+00
-9.696322679519653320e-01 -2.451129555702209473e-01 0.000000000000000000e+00 0.000000000000000000e+00 1.000000000000000000e+00
-9.656558036804199219e-01 -2.463434338569641113e-01 0.000000000000000000e+00 0.000000000000000000e+00 1.000000000000000000e+00
-9.617017507553100586e-01 -2.430055737495422363e-01 0.000000000000000000e+00 0.000000000000000000e+00 1.000000000000000000e+00
-9.575427770614624023e-01 -2.384654879570007324e-01 0.000000000000000000e+00 0.000000000000000000e+00 1.000000000000000000e+00
-9.533835649490356445e-01 -2.364193797111511230e-01 0.000000000000000000e+00 0.000000000000000000e+00 1.000000000000000000e+00
-9.501867294311523438e-01 -2.367984056472778320e-01 0.000000000000000000e+00 0.000000000000000000e+00 1.000000000000000000e+00
-9.464495182037353516e-01 -2.399613857269287109e-01 0.000000000000000000e+00 0.000000000000000000e+00 1.000000000000000000e+00
-9.413906335830688477e-01 -2.447949647903442383e-01 0.000000000000000000e+00 0.000000000000000000e+00 1.000000000000000000e+00
-9.357485771179199219e-01 -2.482563257217407227e-01 0.000000000000000000e+00 0.000000000000000000e+00 1.000000000000000000e+00
-9.304805994033813477e-01 -2.482185363769531250e-01 0.000000000000000000e+00 0.000000000000000000e+00 1.000000000000000000e+00
-9.247719049453735352e-01 -2.463758587837219238e-01 0.000000000000000000e+00 0.000000000000000000e+00 1.000000000000000000e+00
0.000000000000000000e+00 0.000000000000000000e+00 0.000000000000000000e+00 0.000000000000000000e+00 0.000000000000000000e+00
0.000000000000000000e+00 0.000000000000000000e+00 0.000000000000000000e+00 0.000000000000000000e+00 0.000000000000000000e+00
0.000000000000000000e+00 0.000000000000000000e+00 0.000000000000000000e+00 0.000000000000000000e+00 0.000000000000000000e+00
0.000000000000000000e+00 0.000000000000000000e+00 0.000000000000000000e+00 0.000000000000000000e+00 0.000000000000000000e+00
0.000000000000000000e+00 0.000000000000000000e+00 0.000000000000000000e+00 0.000000000000000000e+00 0.000000000000000000e+00
0.000000000000000000e+00 0.000000000000000000e+00 0.000000000000000000e+00 0.000000000000000000e+00 0.000000000000000000e+00
0.000000000000000000e+00 0.000000000000000000e+00 0.000000000000000000e+00 0.000000000000000000e+00 0.000000000000000000e+00
0.000000000000000000e+00 0.000000000000000000e+00 0.000000000000000000e+00 0.000000000000000000e+00 0.000000000000000000e+00
0.000000000000000000e+00 0.000000000000000000e+00 0.000000000000000000e+00 0.000000000000000000e+00 0.000000000000000000e+00
0.000000000000000000e+00 0.000000000000000000e+00 0.000000000000000000e+00 0.000000000000000000e+00 0.000000000000000000e+00
0.000000000000000000e+00 0.000000000000000000e+00 0.000000000000000000e+00 0.000000000000000000e+00 0.000000000000000000e+00
0.000000000000000000e+00 0.000000000000000000e+00 0.000000000000000000e+00 0.000000000000000000e+00 0.000000000000000000e+00
0.000000000000000000e+00 0.000000000000000000e+00 0.000000000000000000e+00 0.000000000000000000e+00 0.000000000000000000e+00
0.000000000000000000e+00 0.000000000000000000e+00 0.000000000000000000e+00 0.000000000000000000e+00 0.000000000000000000e+00
0.000000000000000000e+00 0.000000000000000000e+00 0.000000000000000000e+00 0.000000000000000000e+00 0.000000000000000000e+00
0.000000000000000000e+00 0.000000000000000000e+00 0.000000000000000000e+00 0.000000000000000000e+00 0.000000000000000000e+00
0.000000000000000000e+00 0.000000000000000000e+00 0.000000000000000000e+00 0.000000000000000000e+00 0.000000000000000000e+00
0.000000000000000000e+00 0.000000000000000000e+00 0.000000000000000000e+00 0.000000000000000000e+00 0.000000000000000000e+00
0.000000000000000000e+00 0.000000000000000000e+00 0.000000000000000000e+00 0.000000000000000000e+00 0.000000000000000000e+00
0.000000000000000000e+00 0.000000000000000000e+00 0.000000000000000000e+00 0.000000000000000000e+00 0.000000000000000000e+00
0.000000000000000000e+00 0.000000000000000000e+00 0.000000000000000000e+00 0.000000000000000000e+00 0.000000000000000000e+00
0.000000000000000000e+00 0.000000000000000000e+00 0.000000000000000000e+00 0.000000000000000000e+00 0.000000000000000000e+00
0.000000000000000000e+00 0.000000000000000000e+00 0.000000000000000000e+00 0.000000000000000000e+00 0.000000000000000000e+00
0.000000000000000000e+00 0.000000000000000000e+00 0.000000000000000000e+00 0.000000000000000000e+00 0.000000000000000000e+00
0.000000000000000000e+00 0.000000000000000000e+00 0.000000000000000000e+00 0.000000000000000000e+00 0.000000000000000000e+00
0.000000000000000000e+00 0.000000000000000000e+00 0.000000000000000000e+00 0.000000000000000000e+00 0.000000000000000000e+00
0.000000000000000000e+00 0.000000000000000000e+00 0.000000000000000000e+00 0.000000000000000000e+00 0.000000000000000000e+00
0.000000000000000000e+00 0.000000000000000000e+00 0.000000000000000000e+00 0.000000000000000000e+00 0.000000000000000000e+00
0.000000000000000000e+00 0.000000000000000000e+00 0.000000000000000000e+00 0.000000000000000000e+00 0.000000000000000000e+00
0.000000000000000000e+00 0.000000000000000000e+00 0.000000000000000000e+00 0.000000000000000000e+00 0.000000000000000000e+00
0.000000000000000000e+00 0.000000000000000000e+00 0.000000000000000000e+00 0.000000000000000000e+00 0.000000000000000000e+00
0.000000000000000000e+00 0.000000000000000000e+00 0.000000000000000000e+00 0.000000000000000000e+00 0.000000000000000000e+00
0.000000000000000000e+00 0.000000000000000000e+00 0.000000000000000000e+00 0.000000000000000000e+00 0.000000000000000000e+00
0.000000000000000000e+00 0.000000000000000000e+00 0.000000000000000000e+00 0.000000000000000000e+00 0.000000000000000000e+00
0.000000000000000000e+00 0.000000000000000000e+00 0.000000000000000000e+00 0.000000000000000000e+00 0.000000000000000000e+00
0.000000000000000000e+00 0.000000000000000000e+00 0.000000000000000000e+00 0.000000000000000000e+00 0.000000000000000000e+00
0.000000000000000000e+00 0.000000000000000000e+00 0.000000000000000000e+00 0.000000000000000000e+00 0.000000000000000000e+00
0.000000000000000000e+00 0.000000000000000000e+00 0.000000000000000000e+00 0.000000000000000000e+00 0.000000000000000000e+00
0.000000000000000000e+00 0.000000000000000000e+00 0.000000000000000000e+00 0.000000000000000000e+00 0.000000000000000000e+00
0.000000000000000000e+00 0.000000000000000000e+00 0.000000000000000000e+00 0.000000000000000000e+00 0.000000000000000000e+00
0.000000000000000000e+00 0.000000000000000000e+00 0.000000000000000000e+00 0.000000000000000000e+00 0.000000000000000000e+00
0.000000000000000000e+00 0.000000000000000000e+00 0.000000000000000000e+00 0.000000000000000000e+00 0.000000000000000000e+00
0.000000000000000000e+00 0.000000000000000000e+00 0.000000000000000000e+00 0.000000000000000000e+00 0.000000000000000000e+00
0.000000000000000000e+00 0.000000000000000000e+00 0.000000000000000000e+00 0.000000000000000000e+00 0.000000000000000000e+00
