0.000000000000000000e+00 0.000000000000000000e+00 1.000000000000000000e+00 0.000000000000000000e+00 0.000000000000000000e+00
-1.651600003242492676e-03 7.717224359512329102e-01 1.000000000000000000e+00 0.000000000000000000e+00 0.000000000000000000e+00
-7.156628370285034180e-02 2.224029898643493652e-01 0.000000000000000000e+00 1.000000000000000000e+00 0.000000000000000000e+00
4.853806495666503906e-01 -9.723439216613769531e-01 1.000000000000000000e+00 0.000000000000000000e+00 0.000000000000000000e+00
2.515904605388641357e-01 1.217085868120193481e-02 1.000000000000000000e+00 0.000000000000000000e+00 0.000000000000000000e+00
6.822297722101211548e-02 9.417132288217544556e-02 1.000000000000000000e+00 0.000000000000000000e+00 0.000000000000000000e+00
-6.008710339665412903e-02 3.504975140094757080e-01 1.000000000000000000e+00 0.000000000000000000e+00 0.000000000000000000e+00
-2.954351603984832764e-01 3.789604902267456055e-01 1.000000000000000000e+00 0.000000000000000000e+00 0.000000000000000000e+00
4.358935952186584473e-01 -2.810011506080627441e-01 0.000000000000000000e+00 1.000000000000000000e+00 0.000000000000000000e+00
8.562166690826416016e-01 -1.497203588485717773e+00 1.000000000000000000e+00 0.000000000000000000e+00 0.000000000000000000e+00
-1.606158912181854248e-02 7.051070332527160645e-01 1.000000000000000000e+00 0.000000000000000000e+00 0.000000000000000000e+00
-6.847676634788513184e-02 1.986911594867706299e-01 0.000000000000000000e+00 1.000000000000000000e+00 0.000000000000000000e+00
4.315477609634399414e-01 -1.166192412376403809e+00 1.000000000000000000e+00 0.000000000000000000e+00 0.000000000000000000e+00
1.046880841255187988e+00 -1.828531622886657715e-01 1.000000000000000000e+00 0.000000000000000000e+00 0.000000000000000000e+00
4.299002587795257568e-01 4.622252658009529114e-02 1.000000000000000000e+00 0.000000000000000000e+00 0.000000000000000000e+00
2.157355472445487976e-02 2.872584164142608643e-01 1.000000000000000000e+00 0.000000000000000000e+00 0.000000000000000000e+00
-1.822254955768585205e-01 4.806665778160095215e-01 1.000000000000000000e+00 0.000000000000000000e+00 0.000000000000000000e+00
-1.603755503892898560e-01 2.414217591285705566e-01 1.000000000000000000e+00 0.000000000000000000e+00 0.000000000000000000e+00
-2.129424512386322021e-01 1.461663246154785156e-01 0.000000000000000000e+00 1.000000000000000000e+00 0.000000000000000000e+00
-7.232038974761962891e-01 -5.326194167137145996e-01 1.000000000000000000e+00 0.000000000000000000e+00 0.000000000000000000e+00
-5.034273117780685425e-02 7.163459062576293945e-02 1.000000000000000000e+00 0.000000000000000000e+00 0.000000000000000000e+00
1.120824888348579407e-01 1.131547391414642334e-01 1.000000000000000000e+00 0.000000000000000000e+00 0.000000000000000000e+00
2.358586788177490234e-01 1.861831173300743103e-02 1.000000000000000000e+00 0.000000000000000000e+00 0.000000000000000000e+00
5.440875887870788574e-01 -2.584914863109588623e-01 1.000000000000000000e+00 0.000000000000000000e+00 0.000000000000000000e+00
-1.050505280494689941e+00 8.035585284233093262e-01 1.000000000000000000e+00 0.000000000000000000e+00 0.000000000000000000e+00
8.253508806228637695e-01 -1.585364639759063721e-01 1.000000000000000000e+00 0.000000000000000000e+00 0.000000000000000000e+00
2.877287268638610840e-01 -1.438310146331787109e-01 0.000000000000000000e+00 1.000000000000000000e+00 0.000000000000000000e+00
-3.444222211837768555e-01 -7.131136655807495117e-01 1.000000000000000000e+00 0.000000000000000000e+00 0.000000000000000000e+00
-1.722824871540069580e-01 1.234582185745239258e+00 1.000000000000000000e+00 0.000000000000000000e+00 0.000000000000000000e+00
-1.037632301449775696e-01 2.982599735260009766e-01 0.000000000000000000e+00 1.000000000000000000e+00 0.000000000000000000e+00
-1.627447605133056641e-01 -3.483773469924926758e-01 1.000000000000000000e+00 0.000000000000000000e+00 0.000000000000000000e+00
5.423482656478881836e-01 -4.314602911472320557e-02 1.000000000000000000e+00 0.000000000000000000e+00 0.000000000000000000e+00
4.352039098739624023e-02 4.547015950083732605e-02 0.000000000000000000e+00 1.000000000000000000e+00 0.000000000000000000e+00
-1.110913276672363281e+00 5.917344689369201660e-01 1.000000000000000000e+00 0.000000000000000000e+00 0.000000000000000000e+00
1.002686977386474609e+00 -1.184464246034622192e-01 1.000000000000000000e+00 0.000000000000000000e+00 0.000000000000000000e+00
3.003135323524475098e-01 3.262795507907867432e-02 0.000000000000000000e+00 1.000000000000000000e+00 0.000000000000000000e+00
-1.698595404624938965e+00 5.889846682548522949e-01 1.000000000000000000e+00 0.000000000000000000e+00 0.000000000000000000e+00
-1.044742614030838013e-01 1.103063523769378662e-01 1.000000000000000000e+00 0.000000000000000000e+00 0.000000000000000000e+00
5.816496908664703369e-03 3.528483510017395020e-01 0.000000000000000000e+00 1.000000000000000000e+00 0.000000000000000000e+00
7.995845079421997070e-01 -3.913257122039794922e-01 1.000000000000000000e+00 0.000000000000000000e+00 0.000000000000000000e+00
2.227755635976791382e-01 2.444212287664413452e-01 1.000000000000000000e+00 0.000000000000000000e+00 0.000000000000000000e+00
1.677734404802322388e-01 4.985745996236801147e-02 0.000000000000000000e+00 1.000000000000000000e+00 0.000000000000000000e+00
4.439333081245422363e-01 -2.674816250801086426e-01 1.000000000000000000e+00 0.000000000000000000e+00 0.000000000000000000e+00
1.524501442909240723e-01 2.403218001127243042e-01 1.000000000000000000e+00 0.000000000000000000e+00 0.000000000000000000e+00
1.637444794178009033e-01 4.467338323593139648e-02 0.000000000000000000e+00 1.000000000000000000e+00 0.000000000000000000e+00
7.869495749473571777e-01 -3.042264878749847412e-01 1.000000000000000000e+00 0.000000000000000000e+00 0.000000000000000000e+00
-1.252286136150360107e-03 4.335961043834686279e-01 1.000000000000000000e+00 0.000000000000000000e+00 0.000000000000000000e+00
-1.341203153133392334e-01 2.849678695201873779e-01 0.000000000000000000e+00 1.000000000000000000e+00 0.000000000000000000e+00
-1.990195393562316895e+00 -2.654596090316772461e+00 0.000000000000000000e+00 0.000000000000000000e+00 1.000000000000000000e+00
-2.576601207256317139e-01 1.435819387435913086e+00 0.000000000000000000e+00 0.000000000000000000e+00 1.000000000000000000e+00
-1.575112342834472656e+00 -1.466461420059204102e-01 0.000000000000000000e+00 0.000000000000000000e+00 1.000000000000000000e+00
-1.112710714340209961e+00 -2.261697053909301758e-01 0.000000000000000000e+00 0.000000000000000000e+00 1.000000000000000000e+00
-1.210257291793823242e+00 -2.675691843032836914e-01 0.000000000000000000e+00 0.000000000000000000e+00 1.000000000000000000e+00
-1.115940690040588379e+00 -1.702718734741210938e-01 0.000000000000000000e+00 0.000000000000000000e+00 1.000000000000000000e+00
-1.136528134346008301e+00 -2.000300288200378418e-01 0.000000000000000000e+00 0.000000000000000000e+00 1.000000000000000000e+00
-1.096792697906494141e+00 -2.198022007942199707e-01 0.000000000000000000e+00 0.000000000000000000e+00 1.000000000000000000e+00
-1.078854560852050781e+00 -2.294551730155944824e-01 0.000000000000000000e+00 0.000000000000000000e+00 1.000000000000000000e+00
-1.061708211898803711e+00 -2.295951247215270996e-01 0.000000000000000000e+00 0.000000000000000000e+00 1.000000000000000000e+00
-1.050755500793457031e+00 -2.365104556083679199e-01 0.000000000000000000e+00 0.000000000000000000e+00 1.000000000000000000e+00
-1.038372993469238281e+00 -2.376425862312316895e-01 0.000000000000000000e+00 0.000000000000000000e+00 1.000000000000000000e+00
-1.029362916946411133e+00 -2.394434809684753418e-01 0.000000000000000000e+00 0.000000000000000000e+00 1.000000000000000000e+00
-1.021685838699340820e+00 -2.438611984252929688e-01 0.000000000000000000e+00 0.000000000000000000e+00 1.000000000000000000e+00
-1.012711644172668457e+00 -2.494546771049499512e-01 0.000000000000000000e+00 0.000000000000000000e+00 1.000000000000000000e+00
-1.003992438316345215e+00 -2.497656345367431641e-01 0.000000000000000000e+00 0.000000000000000000e+00 1.000000000000000000e+00
-9.993367195129394531e-01 -2.520383596420288086e-01 0.000000000000000000e+00 0.000000000000000000e+00 1.000000000000000000e+00
-9.951088428497314453e-01 -2.548051476478576660e-01 0.000000000000000000e+00 0.000000000000000000e+00 1.000000000000000000e+00
-9.919816255569458008e-01 -2.595796585083007812e-01 0.000000000000000000e+00 0.000000000000000000e+00 1.000000000000000000e+00
0.000000000000000000e+00 0.000000000000000000e+00 0.000000000000000000e+00 0.000000000000000000e+00 0.000000000000000000e+00
0.000000000000000000e+00 0.000000000000000000e+00 0.000000000000000000e+00 0.000000000000000000e+00 0.000000000000000000e+00
0.000000000000000000e+00 0.000000000000000000e+00 0.000000000000000000e+00 0.000000000000000000e+00 0.000000000000000000e+00
0.000000000000000000e+00 0.000000000000000000e+00 0.000000000000000000e+00 0.000000000000000000e+00 0.000000000000000000e+00
0.000000000000000000e+00 0.000000000000000000e+00 0.000000000000000000e+00 0.000000000000000000e+00 0.000000000000000000e+00
0.000000000000000000e+00 0.000000000000000000e+00 0.000000000000000000e+00 0.000000000000000000e+00 0.000000000000000000e+00
0.000000000000000000e+00 0.000000000000000000e+00 0.000000000000000000e+00 0.000000000000000000e+00 0.000000000000000000e+00
0.000000000000000000e+00 0.000000000000000000e+00 0.000000000000000000e+00 0.000000000000000000e+00 0.000000000000000000e+00
0.000000000000000000e+00 0.000000000000000000e+00 0.000000000000000000e+00 0.000000000000000000e+00 0.000000000000000000e+00
0.000000000000000000e+00 0.000000000000000000e+00 0.000000000000000000e+00 0.000000000000000000e+00 0.000000000000000000e+00
0.000000000000000000e+00 0.000000000000000000e+00 0.000000000000000000e+00 0.000000000000000000e+00 0.000000000000000000e+00
0.000000000000000000e+00 0.000000000000000000e+00 0.000000000000000000e+00 0.000000000000000000e+00 0.000000000000000000e+00
0.000000000000000000e+00 0.000000000000000000e+00 0.000000000000000000e+00 0.000000000000000000e+00 0.000000000000000000e+00
0.000000000000000000e+00 0.000000000000000000e+00 0.000000000000000000e+00 0.000000000000000000e+00 0.000000000000000000e+00
0.000000000000000000e+00 0.000000000000000000e+00 0.000000000000000000e+00 0.000000000000000000e+00 0.000000000000000000e+00
0.000000000000000000e+00 0.000000000000000000e+00 0.000000000000000000e+00 0.000000000000000000e+00 0.000000000000000000e+00
0.000000000000000000e+00 0.000000000000000000e+00 0.000000000000000000e+00 0.000000000000000000e+00 0.000000000000000000e+00
0.000000000000000000e+00 0.000000000000000000e+00 0.000000000000000000e+00 0.000000000000000000e+00 0.000000000000000000e+00
0.000000000000000000e+00 0.000000000000000000e+00 0.000000000000000000e+00 0.000000000000000000e+00 0.000000000000000000e+00
0.000000000000000000e+00 0.000000000000000000e+00 0.000000000000000000e+00 0.000000000000000000e+00 0.000000000000000000e+00
0.000000000000000000e+00 0.000000000000000000e+00 0.000000000000000000e+00 0.000000000000000000e+00 0.000000000000000000e+00
0.000000000000000000e+00 0.000000000000000000e+00 0.000000000000000000e+00 0.000000000000000000e+00 0.000000000000000000e+00
0.000000000000000000e+00 0.000000000000000000e+00 0.000000000000000000e+00 0.000000000000000000e+00 0.000000000000000000e+00
0.000000000000000000e+00 0.000000000000000000e+00 0.000000000000000000e+00 0.000000000000000000e+00 0.000000000000000000e+00
0.000000000000000000e+00 0.000000000000000000e+00 0.000000000000000000e+00 0.000000000000000000e+00 0.000000000000000000e+00
0.000000000000000000e+00 0.000000000000000000e+00 0.000000000000000000e+00 0.000000000000000000e+00 0.000000000000000000e+00
0.000000000000000000e+00 0.000000000000000000e+00 0.000000000000000000e+00 0.000000000000000000e+00 0.000000000000000000e+00
0.000000000000000000e+00 0.000000000000000000e+00 0.000000000000000000e+00 0.000000000000000000e+00 0.000000000000000000e+00
0.000000000000000000e+00 0.000000000000000000e+00 0.000000000000000000e+00 0.000000000000000000e+00 0.000000000000000000e+00
0.000000000000000000e+00 0.000000000000000000e+00 0.000000000000000000e+00 0.000000000000000000e+00 0.000000000000000000e+00
0.000000000000000000e+00 0.000000000000000000e+00 0.000000000000000000e+00 0.000000000000000000e+00 0.000000000000000000e+00
0.000000000000000000e+00 0.000000000000000000e+00 0.000000000000000000e+00 0.000000000000000000e+00 0.000000000000000000e+00
0.000000000000000000e+00 0.000000000000000000e+00 0.000000000000000000e+00 0.000000000000000000e+00 0.000000000000000000e+00
0.000000000000000000e+00 0.000000000000000000e+00 0.000000000000000000e+00 0.000000000000000000e+00 0.000000000000000000e+00
0.000000000000000000e+00 0.000000000000000000e+00 0.000000000000000000e+00 0.000000000000000000e+00 0.000000000000000000e+00
0.000000000000000000e+00 0.000000000000000000e+00 0.000000000000000000e+00 0.000000000000000000e+00 0.000000000000000000e+00
0.000000000000000000e+00 0.000000000000000000e+00 0.000000000000000000e+00 0.000000000000000000e+00 0.000000000000000000e+00
0.000000000000000000e+00 0.000000000000000000e+00 0.000000000000000000e+00 0.000000000000000000e+00 0.000000000000000000e+00
0.000000000000000000e+00 0.000000000000000000e+00 0.000000000000000000e+00 0.000000000000000000e+00 0.000000000000000000e+00
0.000000000000000000e+00 0.000000000000000000e+00 0.000000000000000000e+00 0.000000000000000000e+00 0.000000000000000000e+00
0.000000000000000000e+00 0.000000000000000000e+00 0.000000000000000000e+00 0.000000000000000000e+00 0.000000000000000000e+00
0.000000000000000000e+00 0.000000000000000000e+00 0.000000000000000000e+00 0.000000000000000000e+00 0.000000000000000000e+00
0.000000000000000000e+00 0.000000000000000000e+00 0.000000000000000000e+00 0.000000000000000000e+00 0.000000000000000000e+00
0.000000000000000000e+00 0.000000000000000000e+00 0.000000000000000000e+00 0.000000000000000000e+00 0.000000000000000000e+00
0.000000000000000000e+00 0.000000000000000000e+00 0.000000000000000000e+00 0.000000000000000000e+00 0.000000000000000000e+00
0.000000000000000000e+00 0.000000000000000000e+00 0.000000000000000000e+00 0.000000000000000000e+00 0.000000000000000000e+00
0.000000000000000000e+00 0.000000000000000000e+00 0.000000000000000000e+00 0.000000000000000000e+00 0.000000000000000000e+00
0.000000000000000000e+00 0.000000000000000000e+00 0.000000000000000000e+00 0.000000000000000000e+00 0.000000000000000000e+00
0.000000000000000000e+00 0.000000000000000000e+00 0.000000000000000000e+00 0.000000000000000000e+00 0.000000000000000000e+00
0.000000000000000000e+00 0.000000000000000000e+00 0.000000000000000000e+00 0.000000000000000000e+00 0.000000000000000000e+00
0.000000000000000000e+00 0.000000000000000000e+00 0.000000000000000000e+00 0.000000000000000000e+00 0.000000000000000000e+00
0.000000000000000000e+00 0.000000000000000000e+00 0.000000000000000000e+00 0.000000000000000000e+00 0.000000000000000000e+00
0.000000000000000000e+00 0.000000000000000000e+00 0.000000000000000000e+00 0.000000000000000000e+00 0.000000000000000000e+00
0.000000000000000000e+00 0.000000000000000000e+00 0.000000000000000000e+00 0.000000000000000000e+00 0.000000000000000000e+00
