0.000000000000000000e+00 0.000000000000000000e+00 1.000000000000000000e+00 0.000000000000000000e+00 0.000000000000000000e+00
4.305039346218109131e-02 1.478020906448364258e+00 1.000000000000000000e+00 0.000000000000000000e+00 0.000000000000000000e+00
-1.275283396244049072e-01 1.109009742736816406e+00 1.000000000000000000e+00 0.000000000000000000e+00 0.000000000000000000e+00
-1.051787957549095154e-01 2.940087020397186279e-01 0.000000000000000000e+00 1.000000000000000000e+00 0.000000000000000000e+00
7.199810743331909180e-01 -2.983251094818115234e+00 1.000000000000000000e+00 0.000000000000000000e+00 0.000000000000000000e+00
1.443432092666625977e+00 -3.236806392669677734e-01 1.000000000000000000e+00 0.000000000000000000e+00 0.000000000000000000e+00
9.268471598625183105e-01 3.981019556522369385e-02 1.000000000000000000e+00 0.000000000000000000e+00 0.000000000000000000e+00
2.538650631904602051e-01 1.897413879632949829e-01 1.000000000000000000e+00 0.000000000000000000e+00 0.000000000000000000e+00
8.880567550659179688e-02 6.832581758499145508e-01 1.000000000000000000e+00 0.000000000000000000e+00 0.000000000000000000e+00
-2.272109687328338623e-01 1.981951236724853516e+00 1.000000000000000000e+00 0.000000000000000000e+00 0.000000000000000000e+00
-1.064137294888496399e-01 2.898784577846527100e-01 1.000000000000000000e+00 0.000000000000000000e+00 0.000000000000000000e+00
-1.452450007200241089e-01 1.103872433304786682e-01 0.000000000000000000e+00 1.000000000000000000e+00 0.000000000000000000e+00
-1.030385613441467285e+00 -2.514125585556030273e+00 1.000000000000000000e+00 0.000000000000000000e+00 0.000000000000000000e+00
-5.931402444839477539e-01 8.067310452461242676e-01 1.000000000000000000e+00 0.000000000000000000e+00 0.000000000000000000e+00
7.035590410232543945e-01 5.354483127593994141e-01 1.000000000000000000e+00 0.000000000000000000e+00 0.000000000000000000e+00
2.752179503440856934e-01 4.175188541412353516e-01 0.000000000000000000e+00 1.000000000000000000e+00 0.000000000000000000e+00
7.872708886861801147e-02 -1.141720771789550781e+00 1.000000000000000000e+00 0.000000000000000000e+00 0.000000000000000000e+00
-9.186915159225463867e-01 8.763620257377624512e-01 1.000000000000000000e+00 0.000000000000000000e+00 0.000000000000000000e+00
-3.376166820526123047e-01 1.856187283992767334e-01 1.000000000000000000e+00 0.000000000000000000e+00 0.000000000000000000e+00
-3.688500225543975830e-01 2.791915833950042725e-02 0.000000000000000000e+00 1.000000000000000000e+00 0.000000000000000000e+00
1.602245867252349854e-02 -9.280543327331542969e-01 1.000000000000000000e+00 0.000000000000000000e+00 0.000000000000000000e+00
1.156984686851501465e+00 -1.686370968818664551e-01 1.000000000000000000e+00 0.000000000000000000e+00 0.000000000000000000e+00
4.596945345401763916e-01 5.555743724107742310e-02 0.000000000000000000e+00 1.000000000000000000e+00 0.000000000000000000e+00
-1.629839777946472168e+00 1.573950767517089844e+00 1.000000000000000000e+00 0.000000000000000000e+00 0.000000000000000000e+00
1.259285926818847656e+00 -1.292272657155990601e-01 1.000000000000000000e+00 0.000000000000000000e+00 0.000000000000000000e+00
8.466058373451232910e-01 8.043108880519866943e-02 0.000000000000000000e+00 1.000000000000000000e+00 0.000000000000000000e+00
-2.048113584518432617e+00 -1.737271785736083984e+00 0.000000000000000000e+00 0.000000000000000000e+00 1.000000000000000000e+00
-1.063563302159309387e-01 1.637080430984497070e+00 0.000000000000000000e+00 0.000000000000000000e+00 1.000000000000000000e+00
-1.286175012588500977e+00 1.367324590682983398e-02 0.000000000000000000e+00 0.000000000000000000e+00 1.000000000000000000e+00
-1.009244441986083984e+00 -3.091078996658325195e-01 0.000000000000000000e+00 0.000000000000000000e+00 1.000000000000000000e+00
-9.916521310806274414e-01 -2.226339578628540039e-01 0.000000000000000000e+00 0.000000000000000000e+00 1.000000000000000000e+00
-9.651364088058471680e-01 -1.969764232635498047e-01 0.000000000000000000e+00 0.000000000000000000e+00 1.000000000000000000e+00
-9.317190647125244141e-01 -2.224237322807312012e-01 0.000000000000000000e+00 0.000000000000000000e+00 1.000000000000000000e+00
-8.982186317443847656e-01 -2.306659221649169922e-01 0.000000000000000000e+00 0.000000000000000000e+00 1.000000000000000000e+00
-8.801773786544799805e-01 -2.309116721153259277e-01 0.000000000000000000e+00 0.000000000000000000e+00 1.000000000000000000e+00
-8.665056228637695312e-01 -2.273648977279663086e-01 0.000000000000000000e+00 0.000000000000000000e+00 1.000000000000000000e+00
-8.543022871017456055e-01 -2.236917018890380859e-01 0.000000000000000000e+00 0.000000000000000000e+00 1.000000000000000000e+00
-8.426263332366943359e-01 -2.250291109085083008e-01 0.000000000000000000e+00 0.000000000000000000e+00 1.000000000000000000e+00
-8.306436538696289062e-01 -2.261916995048522949e-01 0.000000000000000000e+00 0.000000000000000000e+00 1.000000000000000000e+00
-8.205451965332031250e-01 -2.279222011566162109e-01 0.000000000000000000e+00 0.000000000000000000e+00 1.000000000000000000e+00
-8.136811256408691406e-01 -2.264835834503173828e-01 0.000000000000000000e+00 0.000000000000000000e+00 1.000000000000000000e+00
-8.106224536895751953e-01 -2.245099544525146484e-01 0.000000000000000000e+00 0.000000000000000000e+00 1.000000000000000000e+00
-8.030896186828613281e-01 -2.278832197189331055e-01 0.000000000000000000e+00 0.000000000000000000e+00 1.000000000000000000e+00
-7.945090532302856445e-01 -2.307839989662170410e-01 0.000000000000000000e+00 0.000000000000000000e+00 1.000000000000000000e+00
-7.844427824020385742e-01 -2.345907688140869141e-01 0.000000000000000000e+00 0.000000000000000000e+00 1.000000000000000000e+00
-7.720142602920532227e-01 -2.414596676826477051e-01 0.000000000000000000e+00 0.000000000000000000e+00 1.000000000000000000e+00
-7.598035335540771484e-01 -2.499246597290039062e-01 0.000000000000000000e+00 0.000000000000000000e+00 1.000000000000000000e+00
-7.514532804489135742e-01 -2.577919363975524902e-01 0.000000000000000000e+00 0.000000000000000000e+00 1.000000000000000000e+00
-7.471110820770263672e-01 -2.615338563919067383e-01 0.000000000000000000e+00 0.000000000000000000e+00 1.000000000000000000e+00
-7.434364557266235352e-01 -2.603204250335693359e-01 0.000000000000000000e+00 0.000000000000000000e+00 1.000000000000000000e+00
-7.381786108016967773e-01 -2.558604478836059570e-01 0.000000000000000000e+00 0.000000000000000000e+00 1.000000000000000000e+00
-7.335230112075805664e-01 -2.512139678001403809e-01 0.000000000000000000e+00 0.000000000000000000e+00 1.000000000000000000e+00
-7.300049066543579102e-01 -2.508575916290283203e-01 0.000000000000000000e+00 0.000000000000000000e+00 1.000000000000000000e+00
-7.273006439208984375e-01 -2.536297440528869629e-01 0.000000000000000000e+00 0.000000000000000000e+00 1.000000000000000000e+00
-7.244819402694702148e-01 -2.579056620597839355e-01 0.000000000000000000e+00 0.000000000000000000e+00 1.000000000000000000e+00
-7.220468521118164062e-01 -2.622431516647338867e-01 0.000000000000000000e+00 0.000000000000000000e+00 1.000000000000000000e+00
-7.171045541763305664e-01 -2.642634510993957520e-01 0.000000000000000000e+00 0.000000000000000000e+00 1.000000000000000000e+00
-7.076172828674316406e-01 -2.651289105415344238e-01 0.000000000000000000e+00 0.000000000000000000e+00 1.000000000000000000e+00
-6.995378732681274414e-01 -2.674946188926696777e-01 0.000000000000000000e+00 0.000000000000000000e+00 1.000000000000000000e+00
-6.952641606330871582e-01 -2.711222767829895020e-01 0.000000000000000000e+00 0.000000000000000000e+00 1.000000000000000000e+00
-6.940082311630249023e-01 -2.740227580070495605e-01 0.000000000000000000e+00 0.000000000000000000e+00 1.000000000000000000e+00
-6.933920383453369141e-01 -2.745390534400939941e-01 0.000000000000000000e+00 0.000000000000000000e+00 1.000000000000000000e+00
-6.902579069137573242e-01 -2.717981338500976562e-01 0.000000000000000000e+00 0.000000000000000000e+00 1.000000000000000000e+00
-6.838246583938598633e-01 -2.673079967498779297e-01 0.000000000000000000e+00 0.000000000000000000e+00 1.000000000000000000e+00
-6.764165163040161133e-01 -2.637683749198913574e-01 0.000000000000000000e+00 0.000000000000000000e+00 1.000000000000000000e+00
-6.715928912162780762e-01 -2.643272280693054199e-01 0.000000000000000000e+00 0.000000000000000000e+00 1.000000000000000000e+00
-6.693160533905029297e-01 -2.676389217376708984e-01 0.000000000000000000e+00 0.000000000000000000e+00 1.000000000000000000e+00
-6.696692109107971191e-01 -2.698915600776672363e-01 0.000000000000000000e+00 0.000000000000000000e+00 1.000000000000000000e+00
-6.718379259109497070e-01 -2.690690159797668457e-01 0.000000000000000000e+00 0.000000000000000000e+00 1.000000000000000000e+00
-6.722701787948608398e-01 -2.654578089714050293e-01 0.000000000000000000e+00 0.000000000000000000e+00 1.000000000000000000e+00
-6.693551540374755859e-01 -2.632023096084594727e-01 0.000000000000000000e+00 0.000000000000000000e+00 1.000000000000000000e+00
-6.663830876350402832e-01 -2.629808187484741211e-01 0.000000000000000000e+00 0.000000000000000000e+00 1.000000000000000000e+00
-6.622055768966674805e-01 -2.655306458473205566e-01 0.000000000000000000e+00 0.000000000000000000e+00 1.000000000000000000e+00
0.000000000000000000e+00 0.000000000000000000e+00 0.000000000000000000e+00 0.000000000000000000e+00 0.000000000000000000e+00
0.000000000000000000e+00 0.000000000000000000e+00 0.000000000000000000e+00 0.000000000000000000e+00 0.000000000000000000e+00
0.000000000000000000e+00 0.000000000000000000e+00 0.000000000000000000e+00 0.000000000000000000e+00 0.000000000000000000e+00
0.000000000000000000e+00 0.000000000000000000e+00 0.000000000000000000e+00 0.000000000000000000e+00 0.000000000000000000e+00
0.000000000000000000e+00 0.000000000000000000e+00 0.000000000000000000e+00 0.000000000000000000e+00 0.000000000000000000e+00
0.000000000000000000e+00 0.000000000000000000e+00 0.000000000000000000e+00 0.000000000000000000e+00 0.000000000000000000e+00
0.000000000000000000e+00 0.000000000000000000e+00 0.000000000000000000e+00 0.000000000000000000e+00 0.000000000000000000e+00
0.000000000000000000e+00 0.000000000000000000e+00 0.000000000000000000e+00 0.000000000000000000e+00 0.000000000000000000e+00
0.000000000000000000e+00 0.000000000000000000e+00 0.000000000000000000e+00 0.000000000000000000e+00 0.000000000000000000e+00
0.000000000000000000e+00 0.000000000000000000e+00 0.000000000000000000e+00 0.000000000000000000e+00 0.000000000000000000e+00
0.000000000000000000e+00 0.000000000000000000e+00 0.000000000000000000e+00 0.000000000000000000e+00 0.000000000000000000e+00
0.000000000000000000e+00 0.000000000000000000e+00 0.000000000000000000e+00 0.000000000000000000e+00 0.000000000000000000e+00
0.000000000000000000e+00 0.000000000000000000e+00 0.000000000000000000e+00 0.000000000000000000e+00 0.000000000000000000e+00
0.000000000000000000e+00 0.000000000000000000e+00 0.000000000000000000e+00 0.000000000000000000e+00 0.000000000000000000e+00
0.000000000000000000e+00 0.000000000000000000e+00 0.000000000000000000e+00 0.000000000000000000e+00 0.000000000000000000e+00
0.000000000000000000e+00 0.000000000000000000e+00 0.000000000000000000e+00 0.000000000000000000e+00 0.000000000000000000e+00
0.000000000000000000e+00 0.000000000000000000e+00 0.000000000000000000e+00 0.000000000000000000e+00 0.000000000000000000e+00
0.000000000000000000e+00 0.000000000000000000e+00 0.000000000000000000e+00 0.000000000000000000e+00 0.000000000000000000e+00
0.000000000000000000e+00 0.000000000000000000e+00 0.000000000000000000e+00 0.000000000000000000e+00 0.000000000000000000e+00
0.000000000000000000e+00 0.000000000000000000e+00 0.000000000000000000e+00 0.000000000000000000e+00 0.000000000000000000e+00
0.000000000000000000e+00 0.000000000000000000e+00 0.000000000000000000e+00 0.000000000000000000e+00 0.000000000000000000e+00
0.000000000000000000e+00 0.000000000000000000e+00 0.000000000000000000e+00 0.000000000000000000e+00 0.000000000000000000e+00
0.000000000000000000e+00 0.000000000000000000e+00 0.000000000000000000e+00 0.000000000000000000e+00 0.000000000000000000e+00
0.000000000000000000e+00 0.000000000000000000e+00 0.000000000000000000e+00 0.000000000000000000e+00 0.000000000000000000e+00
0.000000000000000000e+00 0.000000000000000000e+00 0.000000000000000000e+00 0.000000000000000000e+00 0.000000000000000000e+00
0.000000000000000000e+00 0.000000000000000000e+00 0.000000000000000000e+00 0.000000000000000000e+00 0.000000000000000000e+00
0.000000000000000000e+00 0.000000000000000000e+00 0.000000000000000000e+00 0.000000000000000000e+00 0.000000000000000000e+00
0.000000000000000000e+00 0.000000000000000000e+00 0.000000000000000000e+00 0.000000000000000000e+00 0.000000000000000000e+00
0.000000000000000000e+00 0.000000000000000000e+00 0.000000000000000000e+00 0.000000000000000000e+00 0.000000000000000000e+00
0.000000000000000000e+00 0.000000000000000000e+00 0.000000000000000000e+00 0.000000000000000000e+00 0.000000000000000000e+00
0.000000000000000000e+00 0.000000000000000000e+00 0.000000000000000000e+00 0.000000000000000000e+00 0.000000000000000000e+00
0.000000000000000000e+00 0.000000000000000000e+00 0.000000000000000000e+00 0.000000000000000000e+00 0.000000000000000000e+00
0.000000000000000000e+00 0.000000000000000000e+00 0.000000000000000000e+00 0.000000000000000000e+00 0.000000000000000000e+00
0.000000000000000000e+00 0.000000000000000000e+00 0.000000000000000000e+00 0.000000000000000000e+00 0.000000000000000000e+00
0.000000000000000000e+00 0.000000000000000000e+00 0.000000000000000000e+00 0.000000000000000000e+00 0.000000000000000000e+00
0.000000000000000000e+00 0.000000000000000000e+00 0.000000000000000000e+00 0.000000000000000000e+00 0.000000000000000000e+00
0.000000000000000000e+00 0.000000000000000000e+00 0.000000000000000000e+00 0.000000000000000000e+00 0.000000000000000000e+00
0.000000000000000000e+00 0.000000000000000000e+00 0.000000000000000000e+00 0.000000000000000000e+00 0.000000000000000000e+00
0.000000000000000000e+00 0.000000000000000000e+00 0.000000000000000000e+00 0.000000000000000000e+00 0.000000000000000000e+00
0.000000000000000000e+00 0.000000000000000000e+00 0.000000000000000000e+00 0.000000000000000000e+00 0.000000000000000000e+00
0.000000000000000000e+00 0.000000000000000000e+00 0.000000000000000000e+00 0.000000000000000000e+00 0.000000000000000000e+00
0.000000000000000000e+00 0.000000000000000000e+00 0.000000000000000000e+00 0.000000000000000000e+00 0.000000000000000000e+00
0.000000000000000000e+00 0.000000000000000000e+00 0.000000000000000000e+00 0.000000000000000000e+00 0.000000000000000000e+00
0.000000000000000000e+00 0.000000000000000000e+00 0.000000000000000000e+00 0.000000000000000000e+00 0.000000000000000000e+00
0.000000000000000000e+00 0.000000000000000000e+00 0.000000000000000000e+00 0.000000000000000000e+00 0.000000000000000000e+00
0.000000000000000000e+00 0.000000000000000000e+00 0.000000000000000000e+00 0.000000000000000000e+00 0.000000000000000000e+00
0.000000000000000000e+00 0.000000000000000000e+00 0.000000000000000000e+00 0.000000000000000000e+00 0.000000000000000000e+00
0.000000000000000000e+00 0.000000000000000000e+00 0.000000000000000000e+00 0.000000000000000000e+00 0.000000000000000000e+00
