0.000000000000000000e+00 0.000000000000000000e+00 1.000000000000000000e+00 0.000000000000000000e+00 0.000000000000000000e+00
9.871057271957397461e-01 -2.259832620620727539e-01 1.000000000000000000e+00 0.000000000000000000e+00 0.000000000000000000e+00
4.741221666336059570e-01 -2.547327578067779541e-01 0.000000000000000000e+00 1.000000000000000000e+00 0.000000000000000000e+00
-5.811218619346618652e-01 -4.296920895576477051e-01 1.000000000000000000e+00 0.000000000000000000e+00 0.000000000000000000e+00
-1.310628354549407959e-01 1.467242479324340820e+00 1.000000000000000000e+00 0.000000000000000000e+00 0.000000000000000000e+00
4.920056462287902832e-02 3.567844331264495850e-01 1.000000000000000000e+00 0.000000000000000000e+00 0.000000000000000000e+00
1.059417277574539185e-01 1.056343764066696167e-01 1.000000000000000000e+00 0.000000000000000000e+00 0.000000000000000000e+00
1.304070949554443359e-01 -3.870916366577148438e-02 1.000000000000000000e+00 0.000000000000000000e+00 0.000000000000000000e+00
4.907239675521850586e-01 -6.632933616638183594e-01 1.000000000000000000e+00 0.000000000000000000e+00 0.000000000000000000e+00
2.490706294775009155e-01 -5.431013107299804688e-01 0.000000000000000000e+00 1.000000000000000000e+00 0.000000000000000000e+00
9.660968780517578125e-01 -1.447664260864257812e+00 1.000000000000000000e+00 0.000000000000000000e+00 0.000000000000000000e+00
-7.071664929389953613e-02 1.403316974639892578e+00 1.000000000000000000e+00 0.000000000000000000e+00 0.000000000000000000e+00
-2.268816232681274414e-01 1.009688854217529297e+00 1.000000000000000000e+00 0.000000000000000000e+00 0.000000000000000000e+00
-1.142972335219383240e-01 1.785531193017959595e-01 0.000000000000000000e+00 1.000000000000000000e+00 0.000000000000000000e+00
5.238500833511352539e-01 -9.364389181137084961e-01 1.000000000000000000e+00 0.000000000000000000e+00 0.000000000000000000e+00
4.845080971717834473e-01 -9.823086857795715332e-02 0.000000000000000000e+00 1.000000000000000000e+00 0.000000000000000000e+00
-1.298637866973876953e+00 1.582016795873641968e-02 1.000000000000000000e+00 0.000000000000000000e+00 0.000000000000000000e+00
-8.836764097213745117e-02 1.014640808105468750e+00 1.000000000000000000e+00 0.000000000000000000e+00 0.000000000000000000e+00
-1.445981711149215698e-01 3.667983412742614746e-01 1.000000000000000000e+00 0.000000000000000000e+00 0.000000000000000000e+00
9.771956205368041992e-01 -6.450219452381134033e-02 1.000000000000000000e+00 0.000000000000000000e+00 0.000000000000000000e+00
1.088104248046875000e+00 1.144734919071197510e-01 1.000000000000000000e+00 0.000000000000000000e+00 0.000000000000000000e+00
4.443396031856536865e-01 -2.635042369365692139e-02 0.000000000000000000e+00 1.000000000000000000e+00 0.000000000000000000e+00
-2.679551839828491211e+00 -2.565754652023315430e+00 0.000000000000000000e+00 0.000000000000000000e+00 1.000000000000000000e+00
-4.912453889846801758e-02 2.079997539520263672e+00 1.000000000000000000e+00 0.000000000000000000e+00 0.000000000000000000e+00
-9.564532339572906494e-02 1.007947564125061035e+00 1.000000000000000000e+00 0.000000000000000000e+00 0.000000000000000000e+00
-1.262746453285217285e-01 6.253590583801269531e-01 0.000000000000000000e+00 1.000000000000000000e+00 0.000000000000000000e+00
-1.322666257619857788e-01 -2.273725509643554688e+00 0.000000000000000000e+00 0.000000000000000000e+00 1.000000000000000000e+00
-1.150527954101562500e+00 9.552636146545410156e-01 0.000000000000000000e+00 0.000000000000000000e+00 1.000000000000000000e+00
-1.209824800491333008e+00 -2.255104184150695801e-01 0.000000000000000000e+00 0.000000000000000000e+00 1.000000000000000000e+00
-1.035269618034362793e+00 -3.001013994216918945e-01 0.000000000000000000e+00 0.000000000000000000e+00 1.000000000000000000e+00
-1.045529365539550781e+00 -4.236965775489807129e-01 0.000000000000000000e+00 0.000000000000000000e+00 1.000000000000000000e+00
-1.022626757621765137e+00 -4.373894333839416504e-01 0.000000000000000000e+00 0.000000000000000000e+00 1.000000000000000000e+00
-9.653410911560058594e-01 -4.701113104820251465e-01 0.000000000000000000e+00 0.000000000000000000e+00 1.000000000000000000e+00
-9.240157604217529297e-01 -4.853168129920959473e-01 0.000000000000000000e+00 0.000000000000000000e+00 1.000000000000000000e+00
-9.168279170989990234e-01 -4.605634808540344238e-01 0.000000000000000000e+00 0.000000000000000000e+00 1.000000000000000000e+00
-9.142950773239135742e-01 -4.355261921882629395e-01 0.000000000000000000e+00 0.000000000000000000e+00 1.000000000000000000e+00
-9.069032669067382812e-01 -4.135559201240539551e-01 0.000000000000000000e+00 0.000000000000000000e+00 1.000000000000000000e+00
-9.028649330139160156e-01 -3.913161158561706543e-01 0.000000000000000000e+00 0.000000000000000000e+00 1.000000000000000000e+00
-8.879659175872802734e-01 -3.908991217613220215e-01 0.000000000000000000e+00 0.000000000000000000e+00 1.000000000000000000e+00
-8.650531768798828125e-01 -4.093239903450012207e-01 0.000000000000000000e+00 0.000000000000000000e+00 1.000000000000000000e+00
-8.514106273651123047e-01 -4.160378575325012207e-01 0.000000000000000000e+00 0.000000000000000000e+00 1.000000000000000000e+00
-8.485689163208007812e-01 -4.121441245079040527e-01 0.000000000000000000e+00 0.000000000000000000e+00 1.000000000000000000e+00
-8.469607830047607422e-01 -3.995047211647033691e-01 0.000000000000000000e+00 0.000000000000000000e+00 1.000000000000000000e+00
-8.404767513275146484e-01 -3.875647187232971191e-01 0.000000000000000000e+00 0.000000000000000000e+00 1.000000000000000000e+00
-8.294494152069091797e-01 -3.846495747566223145e-01 0.000000000000000000e+00 0.000000000000000000e+00 1.000000000000000000e+00
-8.157540559768676758e-01 -3.896998763084411621e-01 0.000000000000000000e+00 0.000000000000000000e+00 1.000000000000000000e+00
-8.052355051040649414e-01 -3.962888121604919434e-01 0.000000000000000000e+00 0.000000000000000000e+00 1.000000000000000000e+00
-8.012499809265136719e-01 -3.986876606941223145e-01 0.000000000000000000e+00 0.000000000000000000e+00 1.000000000000000000e+00
-8.006296157836914062e-01 -3.927939534187316895e-01 0.000000000000000000e+00 0.000000000000000000e+00 1.000000000000000000e+00
-7.972954511642456055e-01 -3.844684958457946777e-01 0.000000000000000000e+00 0.000000000000000000e+00 1.000000000000000000e+00
-7.877293825149536133e-01 -3.831561207771301270e-01 0.000000000000000000e+00 0.000000000000000000e+00 1.000000000000000000e+00
-7.775149345397949219e-01 -3.892772793769836426e-01 0.000000000000000000e+00 0.000000000000000000e+00 1.000000000000000000e+00
-7.722783088684082031e-01 -3.929306864738464355e-01 0.000000000000000000e+00 0.000000000000000000e+00 1.000000000000000000e+00
-7.742887735366821289e-01 -3.795869946479797363e-01 0.000000000000000000e+00 0.000000000000000000e+00 1.000000000000000000e+00
-7.795687913894653320e-01 -3.665960431098937988e-01 0.000000000000000000e+00 0.000000000000000000e+00 1.000000000000000000e+00
-7.815124988555908203e-01 -3.614893555641174316e-01 0.000000000000000000e+00 0.000000000000000000e+00 1.000000000000000000e+00
-7.750260829925537109e-01 -3.615642189979553223e-01 0.000000000000000000e+00 0.000000000000000000e+00 1.000000000000000000e+00
-7.602481842041015625e-01 -3.714900612831115723e-01 0.000000000000000000e+00 0.000000000000000000e+00 1.000000000000000000e+00
-7.519026994705200195e-01 -3.771453499794006348e-01 0.000000000000000000e+00 0.000000000000000000e+00 1.000000000000000000e+00
-7.496585845947265625e-01 -3.826451897621154785e-01 0.000000000000000000e+00 0.000000000000000000e+00 1.000000000000000000e+00
-7.486555576324462891e-01 -3.801444172859191895e-01 0.000000000000000000e+00 0.000000000000000000e+00 1.000000000000000000e+00
-7.506102323532104492e-01 -3.697810769081115723e-01 0.000000000000000000e+00 0.000000000000000000e+00 1.000000000000000000e+00
-7.522809505462646484e-01 -3.596777319908142090e-01 0.000000000000000000e+00 0.000000000000000000e+00 1.000000000000000000e+00
0.000000000000000000e+00 0.000000000000000000e+00 0.000000000000000000e+00 0.000000000000000000e+00 0.000000000000000000e+00
0.000000000000000000e+00 0.000000000000000000e+00 0.000000000000000000e+00 0.000000000000000000e+00 0.000000000000000000e+00
0.000000000000000000e+00 0.000000000000000000e+00 0.000000000000000000e+00 0.000000000000000000e+00 0.000000000000000000e+00
0.000000000000000000e+00 0.000000000000000000e+00 0.000000000000000000e+00 0.000000000000000000e+00 0.000000000000000000e+00
0.000000000000000000e+00 0.000000000000000000e+00 0.000000000000000000e+00 0.000000000000000000e+00 0.000000000000000000e+00
0.000000000000000000e+00 0.000000000000000000e+00 0.000000000000000000e+00 0.000000000000000000e+00 0.000000000000000000e+00
0.000000000000000000e+00 0.000000000000000000e+00 0.000000000000000000e+00 0.000000000000000000e+00 0.000000000000000000e+00
0.000000000000000000e+00 0.000000000000000000e+00 0.000000000000000000e+00 0.000000000000000000e+00 0.000000000000000000e+00
0.000000000000000000e+00 0.000000000000000000e+00 0.000000000000000000e+00 0.000000000000000000e+00 0.000000000000000000e+00
0.000000000000000000e+00 0.000000000000000000e+00 0.000000000000000000e+00 0.000000000000000000e+00 0.000000000000000000e+00
0.000000000000000000e+00 0.000000000000000000e+00 0.000000000000000000e+00 0.000000000000000000e+00 0.000000000000000000e+00
0.000000000000000000e+00 0.000000000000000000e+00 0.000000000000000000e+00 0.000000000000000000e+00 0.000000000000000000e+00
0.000000000000000000e+00 0.000000000000000000e+00 0.000000000000000000e+00 0.000000000000000000e+00 0.000000000000000000e+00
0.000000000000000000e+00 0.000000000000000000e+00 0.000000000000000000e+00 0.000000000000000000e+00 0.000000000000000000e+00
0.000000000000000000e+00 0.000000000000000000e+00 0.000000000000000000e+00 0.000000000000000000e+00 0.000000000000000000e+00
0.000000000000000000e+00 0.000000000000000000e+00 0.000000000000000000e+00 0.000000000000000000e+00 0.000000000000000000e+00
0.000000000000000000e+00 0.000000000000000000e+00 0.000000000000000000e+00 0.000000000000000000e+00 0.000000000000000000e+00
0.000000000000000000e+00 0.000000000000000000e+00 0.000000000000000000e+00 0.000000000000000000e+00 0.000000000000000000e+00
0.000000000000000000e+00 0.000000000000000000e+00 0.000000000000000000e+00 0.000000000000000000e+00 0.000000000000000000e+00
0.000000000000000000e+00 0.000000000000000000e+00 0.000000000000000000e+00 0.000000000000000000e+00 0.000000000000000000e+00
0.000000000000000000e+00 0.000000000000000000e+00 0.000000000000000000e+00 0.000000000000000000e+00 0.000000000000000000e+00
0.000000000000000000e+00 0.000000000000000000e+00 0.000000000000000000e+00 0.000000000000000000e+00 0.000000000000000000e+00
0.000000000000000000e+00 0.000000000000000000e+00 0.000000000000000000e+00 0.000000000000000000e+00 0.000000000000000000e+00
0.000000000000000000e+00 0.000000000000000000e+00 0.000000000000000000e+00 0.000000000000000000e+00 0.000000000000000000e+00
0.000000000000000000e+00 0.000000000000000000e+00 0.000000000000000000e+00 0.000000000000000000e+00 0.000000000000000000e+00
0.000000000000000000e+00 0.000000000000000000e+00 0.000000000000000000e+00 0.000000000000000000e+00 0.000000000000000000e+00
0.000000000000000000e+00 0.000000000000000000e+00 0.000000000000000000e+00 0.000000000000000000e+00 0.000000000000000000e+00
0.000000000000000000e+00 0.000000000000000000e+00 0.000000000000000000e+00 0.000000000000000000e+00 0.000000000000000000e+00
0.000000000000000000e+00 0.000000000000000000e+00 0.000000000000000000e+00 0.000000000000000000e+00 0.000000000000000000e+00
0.000000000000000000e+00 0.000000000000000000e+00 0.000000000000000000e+00 0.000000000000000000e+00 0.000000000000000000e+00
0.000000000000000000e+00 0.000000000000000000e+00 0.000000000000000000e+00 0.000000000000000000e+00 0.000000000000000000e+00
0.000000000000000000e+00 0.000000000000000000e+00 0.000000000000000000e+00 0.000000000000000000e+00 0.000000000000000000e+00
0.000000000000000000e+00 0.000000000000000000e+00 0.000000000000000000e+00 0.000000000000000000e+00 0.000000000000000000e+00
0.000000000000000000e+00 0.000000000000000000e+00 0.000000000000000000e+00 0.000000000000000000e+00 0.000000000000000000e+00
0.000000000000000000e+00 0.000000000000000000e+00 0.000000000000000000e+00 0.000000000000000000e+00 0.000000000000000000e+00
0.000000000000000000e+00 0.000000000000000000e+00 0.000000000000000000e+00 0.000000000000000000e+00 0.000000000000000000e+00
0.000000000000000000e+00 0.000000000000000000e+00 0.000000000000000000e+00 0.000000000000000000e+00 0.000000000000000000e+00
0.000000000000000000e+00 0.000000000000000000e+00 0.000000000000000000e+00 0.000000000000000000e+00 0.000000000000000000e+00
0.000000000000000000e+00 0.000000000000000000e+00 0.000000000000000000e+00 0.000000000000000000e+00 0.000000000000000000e+00
0.000000000000000000e+00 0.000000000000000000e+00 0.000000000000000000e+00 0.000000000000000000e+00 0.000000000000000000e+00
0.000000000000000000e+00 0.000000000000000000e+00 0.000000000000000000e+00 0.000000000000000000e+00 0.000000000000000000e+00
0.000000000000000000e+00 0.000000000000000000e+00 0.000000000000000000e+00 0.000000000000000000e+00 0.000000000000000000e+00
0.000000000000000000e+00 0.000000000000000000e+00 0.000000000000000000e+00 0.000000000000000000e+00 0.000000000000000000e+00
0.000000000000000000e+00 0.000000000000000000e+00 0.000000000000000000e+00 0.000000000000000000e+00 0.000000000000000000e+00
0.000000000000000000e+00 0.000000000000000000e+00 0.000000000000000000e+00 0.000000000000000000e+00 0.000000000000000000e+00
0.000000000000000000e+00 0.000000000000000000e+00 0.000000000000000000e+00 0.000000000000000000e+00 0.000000000000000000e+00
0.000000000000000000e+00 0.000000000000000000e+00 0.000000000000000000e+00 0.000000000000000000e+00 0.000000000000000000e+00
0.000000000000000000e+00 0.000000000000000000e+00 0.000000000000000000e+00 0.000000000000000000e+00 0.000000000000000000e+00
0.000000000000000000e+00 0.000000000000000000e+00 0.000000000000000000e+00 0.000000000000000000e+00 0.000000000000000000e+00
0.000000000000000000e+00 0.000000000000000000e+00 0.000000000000000000e+00 0.000000000000000000e+00 0.000000000000000000e+00
0.000000000000000000e+00 0.000000000000000000e+00 0.000000000000000000e+00 0.000000000000000000e+00 0.000000000000000000e+00
0.000000000000000000e+00 0.000000000000000000e+00 0.000000000000000000e+00 0.000000000000000000e+00 0.000000000000000000e+00
0.000000000000000000e+00 0.000000000000000000e+00 0.000000000000000000e+00 0.000000000000000000e+00 0.000000000000000000e+00
0.000000000000000000e+00 0.000000000000000000e+00 0.000000000000000000e+00 0.000000000000000000e+00 0.000000000000000000e+00
0.000000000000000000e+00 0.000000000000000000e+00 0.000000000000000000e+00 0.000000000000000000e+00 0.000000000000000000e+00
0.000000000000000000e+00 0.000000000000000000e+00 0.000000000000000000e+00 0.000000000000000000e+00 0.000000000000000000e+00
0.000000000000000000e+00 0.000000000000000000e+00 0.000000000000000000e+00 0.000000000000000000e+00 0.000000000000000000e+00
0.000000000000000000e+00 0.000000000000000000e+00 0.000000000000000000e+00 0.000000000000000000e+00 0.000000000000000000e+00
