0.000000000000000000e+00 0.000000000000000000e+00 1.000000000000000000e+00 0.000000000000000000e+00 0.000000000000000000e+00
9.243708848953247070e-01 -2.201558053493499756e-01 1.000000000000000000e+00 0.000000000000000000e+00 0.000000000000000000e+00
4.391388893127441406e-01 -2.393345236778259277e-01 0.000000000000000000e+00 1.000000000000000000e+00 0.000000000000000000e+00
-5.407297015190124512e-01 -3.826800286769866943e-01 1.000000000000000000e+00 0.000000000000000000e+00 0.000000000000000000e+00
-1.204401105642318726e-01 1.422476053237915039e+00 1.000000000000000000e+00 0.000000000000000000e+00 0.000000000000000000e+00
4.804278165102005005e-02 3.296788632869720459e-01 1.000000000000000000e+00 0.000000000000000000e+00 0.000000000000000000e+00
9.726662188768386841e-02 1.023799031972885132e-01 1.000000000000000000e+00 0.000000000000000000e+00 0.000000000000000000e+00
1.188315153121948242e-01 -3.166212141513824463e-02 1.000000000000000000e+00 0.000000000000000000e+00 0.000000000000000000e+00
1.845306456089019775e-01 -2.346348762512207031e-01 1.000000000000000000e+00 0.000000000000000000e+00 0.000000000000000000e+00
1.885773688554763794e-01 -4.388704895973205566e-01 0.000000000000000000e+00 1.000000000000000000e+00 0.000000000000000000e+00
1.077990531921386719e+00 -1.684683680534362793e+00 1.000000000000000000e+00 0.000000000000000000e+00 0.000000000000000000e+00
6.149864196777343750e-01 -7.520006597042083740e-02 1.000000000000000000e+00 0.000000000000000000e+00 0.000000000000000000e+00
-4.491087794303894043e-02 7.308422029018402100e-02 0.000000000000000000e+00 1.000000000000000000e+00 0.000000000000000000e+00
-9.589049816131591797e-01 1.006485819816589355e+00 1.000000000000000000e+00 0.000000000000000000e+00 0.000000000000000000e+00
8.318173289299011230e-01 -1.015791445970535278e-01 1.000000000000000000e+00 0.000000000000000000e+00 0.000000000000000000e+00
-6.426278352737426758e-01 1.089878916740417480e+00 1.000000000000000000e+00 0.000000000000000000e+00 0.000000000000000000e+00
-3.257171064615249634e-02 2.033080458641052246e-01 1.000000000000000000e+00 0.000000000000000000e+00 0.000000000000000000e+00
3.163136839866638184e-01 7.436314225196838379e-02 1.000000000000000000e+00 0.000000000000000000e+00 0.000000000000000000e+00
7.115639448165893555e-01 -2.045716494321823120e-01 1.000000000000000000e+00 0.000000000000000000e+00 0.000000000000000000e+00
2.020800858736038208e-01 6.168406084179878235e-02 1.000000000000000000e+00 0.000000000000000000e+00 0.000000000000000000e+00
5.034488439559936523e-02 5.301141738891601562e-01 1.000000000000000000e+00 0.000000000000000000e+00 0.000000000000000000e+00
1.548975259065628052e-01 2.471211701631546021e-01 0.000000000000000000e+00 1.000000000000000000e+00 0.000000000000000000e+00
-1.677335858345031738e+00 -2.739399433135986328e+00 0.000000000000000000e+00 0.000000000000000000e+00 1.000000000000000000e+00
-2.864881157875061035e-01 1.365432500839233398e+00 0.000000000000000000e+00 0.000000000000000000e+00 1.000000000000000000e+00
-1.378545999526977539e+00 -1.540858149528503418e-01 0.000000000000000000e+00 0.000000000000000000e+00 1.000000000000000000e+00
-9.538476467132568359e-01 -3.288720250129699707e-01 0.000000000000000000e+00 0.000000000000000000e+00 1.000000000000000000e+00
-9.646519422531127930e-01 -3.276858925819396973e-01 0.000000000000000000e+00 0.000000000000000000e+00 1.000000000000000000e+00
-9.152276515960693359e-01 -3.015851974487304688e-01 0.000000000000000000e+00 0.000000000000000000e+00 1.000000000000000000e+00
-9.017167091369628906e-01 -3.006488084793090820e-01 0.000000000000000000e+00 0.000000000000000000e+00 1.000000000000000000e+00
-8.852570056915283203e-01 -2.919695973396301270e-01 0.000000000000000000e+00 0.000000000000000000e+00 1.000000000000000000e+00
-8.823052644729614258e-01 -2.733305692672729492e-01 0.000000000000000000e+00 0.000000000000000000e+00 1.000000000000000000e+00
-8.746807575225830078e-01 -2.597635388374328613e-01 0.000000000000000000e+00 0.000000000000000000e+00 1.000000000000000000e+00
-8.397288322448730469e-01 -2.771508097648620605e-01 0.000000000000000000e+00 0.000000000000000000e+00 1.000000000000000000e+00
-8.203610181808471680e-01 -2.772213220596313477e-01 0.000000000000000000e+00 0.000000000000000000e+00 1.000000000000000000e+00
-8.103634119033813477e-01 -2.776200175285339355e-01 0.000000000000000000e+00 0.000000000000000000e+00 1.000000000000000000e+00
-8.012400865554809570e-01 -2.792901396751403809e-01 0.000000000000000000e+00 0.000000000000000000e+00 1.000000000000000000e+00
-7.933660745620727539e-01 -2.791540026664733887e-01 0.000000000000000000e+00 0.000000000000000000e+00 1.000000000000000000e+00
-7.882550954818725586e-01 -2.766563892364501953e-01 0.000000000000000000e+00 0.000000000000000000e+00 1.000000000000000000e+00
-7.786098718643188477e-01 -2.764608860015869141e-01 0.000000000000000000e+00 0.000000000000000000e+00 1.000000000000000000e+00
-7.668167352676391602e-01 -2.774230837821960449e-01 0.000000000000000000e+00 0.000000000000000000e+00 1.000000000000000000e+00
-7.617433071136474609e-01 -2.710643410682678223e-01 0.000000000000000000e+00 0.000000000000000000e+00 1.000000000000000000e+00
-7.607218027114868164e-01 -2.603442668914794922e-01 0.000000000000000000e+00 0.000000000000000000e+00 1.000000000000000000e+00
-7.594262361526489258e-01 -2.509905695915222168e-01 0.000000000000000000e+00 0.000000000000000000e+00 1.000000000000000000e+00
-7.551541328430175781e-01 -2.467852830886840820e-01 0.000000000000000000e+00 0.000000000000000000e+00 1.000000000000000000e+00
-7.468161582946777344e-01 -2.517133355140686035e-01 0.000000000000000000e+00 0.000000000000000000e+00 1.000000000000000000e+00
-7.372144460678100586e-01 -2.620920538902282715e-01 0.000000000000000000e+00 0.000000000000000000e+00 1.000000000000000000e+00
-7.304867506027221680e-01 -2.714539766311645508e-01 0.000000000000000000e+00 0.000000000000000000e+00 1.000000000000000000e+00
-7.283046245574951172e-01 -2.751939892768859863e-01 0.000000000000000000e+00 0.000000000000000000e+00 1.000000000000000000e+00
-7.292484045028686523e-01 -2.718760967254638672e-01 0.000000000000000000e+00 0.000000000000000000e+00 1.000000000000000000e+00
-7.279008626937866211e-01 -2.659050226211547852e-01 0.000000000000000000e+00 0.000000000000000000e+00 1.000000000000000000e+00
-7.203394174575805664e-01 -2.629753351211547852e-01 0.000000000000000000e+00 0.000000000000000000e+00 1.000000000000000000e+00
-7.128225564956665039e-01 -2.629691958427429199e-01 0.000000000000000000e+00 0.000000000000000000e+00 1.000000000000000000e+00
-7.079404592514038086e-01 -2.665765881538391113e-01 0.000000000000000000e+00 0.000000000000000000e+00 1.000000000000000000e+00
-7.044818401336669922e-01 -2.682259082794189453e-01 0.000000000000000000e+00 0.000000000000000000e+00 1.000000000000000000e+00
-7.058823108673095703e-01 -2.682780027389526367e-01 0.000000000000000000e+00 0.000000000000000000e+00 1.000000000000000000e+00
-7.101075649261474609e-01 -2.657595276832580566e-01 0.000000000000000000e+00 0.000000000000000000e+00 1.000000000000000000e+00
-7.055160999298095703e-01 -2.666916251182556152e-01 0.000000000000000000e+00 0.000000000000000000e+00 1.000000000000000000e+00
-6.916697025299072266e-01 -2.732558846473693848e-01 0.000000000000000000e+00 0.000000000000000000e+00 1.000000000000000000e+00
-6.835464835166931152e-01 -2.775753736495971680e-01 0.000000000000000000e+00 0.000000000000000000e+00 1.000000000000000000e+00
-6.803475618362426758e-01 -2.788708806037902832e-01 0.000000000000000000e+00 0.000000000000000000e+00 1.000000000000000000e+00
-6.778239607810974121e-01 -2.787131667137145996e-01 0.000000000000000000e+00 0.000000000000000000e+00 1.000000000000000000e+00
-6.769710779190063477e-01 -2.765566706657409668e-01 0.000000000000000000e+00 0.000000000000000000e+00 1.000000000000000000e+00
-6.781290769577026367e-01 -2.717583179473876953e-01 0.000000000000000000e+00 0.000000000000000000e+00 1.000000000000000000e+00
-6.761910915374755859e-01 -2.679994702339172363e-01 0.000000000000000000e+00 0.000000000000000000e+00 1.000000000000000000e+00
-6.690019369125366211e-01 -2.696635723114013672e-01 0.000000000000000000e+00 0.000000000000000000e+00 1.000000000000000000e+00
0.000000000000000000e+00 0.000000000000000000e+00 0.000000000000000000e+00 0.000000000000000000e+00 0.000000000000000000e+00
0.000000000000000000e+00 0.000000000000000000e+00 0.000000000000000000e+00 0.000000000000000000e+00 0.000000000000000000e+00
0.000000000000000000e+00 0.000000000000000000e+00 0.000000000000000000e+00 0.000000000000000000e+00 0.000000000000000000e+00
0.000000000000000000e+00 0.000000000000000000e+00 0.000000000000000000e+00 0.000000000000000000e+00 0.000000000000000000e+00
0.000000000000000000e+00 0.000000000000000000e+00 0.000000000000000000e+00 0.000000000000000000e+00 0.000000000000000000e+00
0.000000000000000000e+00 0.000000000000000000e+00 0.000000000000000000e+00 0.000000000000000000e+00 0.000000000000000000e+00
0.000000000000000000e+00 0.000000000000000000e+00 0.000000000000000000e+00 0.000000000000000000e+00 0.000000000000000000e+00
0.000000000000000000e+00 0.000000000000000000e+00 0.000000000000000000e+00 0.000000000000000000e+00 0.000000000000000000e+00
0.000000000000000000e+00 0.000000000000000000e+00 0.000000000000000000e+00 0.000000000000000000e+00 0.000000000000000000e+00
0.000000000000000000e+00 0.000000000000000000e+00 0.000000000000000000e+00 0.000000000000000000e+00 0.000000000000000000e+00
0.000000000000000000e+00 0.000000000000000000e+00 0.000000000000000000e+00 0.000000000000000000e+00 0.000000000000000000e+00
0.000000000000000000e+00 0.000000000000000000e+00 0.000000000000000000e+00 0.000000000000000000e+00 0.000000000000000000e+00
0.000000000000000000e+00 0.000000000000000000e+00 0.000000000000000000e+00 0.000000000000000000e+00 0.000000000000000000e+00
0.000000000000000000e+00 0.000000000000000000e+00 0.000000000000000000e+00 0.000000000000000000e+00 0.000000000000000000e+00
0.000000000000000000e+00 0.000000000000000000e+00 0.000000000000000000e+00 0.000000000000000000e+00 0.000000000000000000e+00
0.000000000000000000e+00 0.000000000000000000e+00 0.000000000000000000e+00 0.000000000000000000e+00 0.000000000000000000e+00
0.000000000000000000e+00 0.000000000000000000e+00 0.000000000000000000e+00 0.000000000000000000e+00 0.000000000000000000e+00
0.000000000000000000e+00 0.000000000000000000e+00 0.000000000000000000e+00 0.000000000000000000e+00 0.000000000000000000e+00
0.000000000000000000e+00 0.000000000000000000e+00 0.000000000000000000e+00 0.000000000000000000e+00 0.000000000000000000e+00
0.000000000000000000e+00 0.000000000000000000e+00 0.000000000000000000e+00 0.000000000000000000e+00 0.000000000000000000e+00
0.000000000000000000e+00 0.000000000000000000e+00 0.000000000000000000e+00 0.000000000000000000e+00 0.000000000000000000e+00
0.000000000000000000e+00 0.000000000000000000e+00 0.000000000000000000e+00 0.000000000000000000e+00 0.000000000000000000e+00
0.000000000000000000e+00 0.000000000000000000e+00 0.000000000000000000e+00 0.000000000000000000e+00 0.000000000000000000e+00
0.000000000000000000e+00 0.000000000000000000e+00 0.000000000000000000e+00 0.000000000000000000e+00 0.000000000000000000e+00
0.000000000000000000e+00 0.000000000000000000e+00 0.000000000000000000e+00 0.000000000000000000e+00 0.000000000000000000e+00
0.000000000000000000e+00 0.000000000000000000e+00 0.000000000000000000e+00 0.000000000000000000e+00 0.000000000000000000e+00
0.000000000000000000e+00 0.000000000000000000e+00 0.000000000000000000e+00 0.000000000000000000e+00 0.000000000000000000e+00
0.000000000000000000e+00 0.000000000000000000e+00 0.000000000000000000e+00 0.000000000000000000e+00 0.000000000000000000e+00
0.000000000000000000e+00 0.000000000000000000e+00 0.000000000000000000e+00 0.000000000000000000e+00 0.000000000000000000e+00
0.000000000000000000e+00 0.000000000000000000e+00 0.000000000000000000e+00 0.000000000000000000e+00 0.000000000000000000e+00
0.000000000000000000e+00 0.000000000000000000e+00 0.000000000000000000e+00 0.000000000000000000e+00 0.000000000000000000e+00
0.000000000000000000e+00 0.000000000000000000e+00 0.000000000000000000e+00 0.000000000000000000e+00 0.000000000000000000e+00
0.000000000000000000e+00 0.000000000000000000e+00 0.000000000000000000e+00 0.000000000000000000e+00 0.000000000000000000e+00
0.000000000000000000e+00 0.000000000000000000e+00 0.000000000000000000e+00 0.000000000000000000e+00 0.000000000000000000e+00
0.000000000000000000e+00 0.000000000000000000e+00 0.000000000000000000e+00 0.000000000000000000e+00 0.000000000000000000e+00
0.000000000000000000e+00 0.000000000000000000e+00 0.000000000000000000e+00 0.000000000000000000e+00 0.000000000000000000e+00
0.000000000000000000e+00 0.000000000000000000e+00 0.000000000000000000e+00 0.000000000000000000e+00 0.000000000000000000e+00
0.000000000000000000e+00 0.000000000000000000e+00 0.000000000000000000e+00 0.000000000000000000e+00 0.000000000000000000e+00
0.000000000000000000e+00 0.000000000000000000e+00 0.000000000000000000e+00 0.000000000000000000e+00 0.000000000000000000e+00
0.000000000000000000e+00 0.000000000000000000e+00 0.000000000000000000e+00 0.000000000000000000e+00 0.000000000000000000e+00
0.000000000000000000e+00 0.000000000000000000e+00 0.000000000000000000e+00 0.000000000000000000e+00 0.000000000000000000e+00
0.000000000000000000e+00 0.000000000000000000e+00 0.000000000000000000e+00 0.000000000000000000e+00 0.000000000000000000e+00
0.000000000000000000e+00 0.000000000000000000e+00 0.000000000000000000e+00 0.000000000000000000e+00 0.000000000000000000e+00
0.000000000000000000e+00 0.000000000000000000e+00 0.000000000000000000e+00 0.000000000000000000e+00 0.000000000000000000e+00
0.000000000000000000e+00 0.000000000000000000e+00 0.000000000000000000e+00 0.000000000000000000e+00 0.000000000000000000e+00
0.000000000000000000e+00 0.000000000000000000e+00 0.000000000000000000e+00 0.000000000000000000e+00 0.000000000000000000e+00
0.000000000000000000e+00 0.000000000000000000e+00 0.000000000000000000e+00 0.000000000000000000e+00 0.000000000000000000e+00
0.000000000000000000e+00 0.000000000000000000e+00 0.000000000000000000e+00 0.000000000000000000e+00 0.000000000000000000e+00
0.000000000000000000e+00 0.000000000000000000e+00 0.000000000000000000e+00 0.000000000000000000e+00 0.000000000000000000e+00
0.000000000000000000e+00 0.000000000000000000e+00 0.000000000000000000e+00 0.000000000000000000e+00 0.000000000000000000e+00
0.000000000000000000e+00 0.000000000000000000e+00 0.000000000000000000e+00 0.000000000000000000e+00 0.000000000000000000e+00
0.000000000000000000e+00 0.000000000000000000e+00 0.000000000000000000e+00 0.000000000000000000e+00 0.000000000000000000e+00
0.000000000000000000e+00 0.000000000000000000e+00 0.000000000000000000e+00 0.000000000000000000e+00 0.000000000000000000e+00
0.000000000000000000e+00 0.000000000000000000e+00 0.000000000000000000e+00 0.000000000000000000e+00 0.000000000000000000e+00
0.000000000000000000e+00 0.000000000000000000e+00 0.000000000000000000e+00 0.000000000000000000e+00 0.000000000000000000e+00
0.000000000000000000e+00 0.000000000000000000e+00 0.000000000000000000e+00 0.000000000000000000e+00 0.000000000000000000e+00
