0.000000000000000000e+00 0.000000000000000000e+00 1.000000000000000000e+00 0.000000000000000000e+00 0.000000000000000000e+00
9.446625709533691406e-01 -2.551783323287963867e-01 1.000000000000000000e+00 0.000000000000000000e+00 0.000000000000000000e+00
4.400971233844757080e-01 -2.567625343799591064e-01 0.000000000000000000e+00 1.000000000000000000e+00 0.000000000000000000e+00
-5.722056627273559570e-01 -3.499296903610229492e-01 1.000000000000000000e+00 0.000000000000000000e+00 0.000000000000000000e+00
-1.054030805826187134e-01 1.427787899971008301e+00 1.000000000000000000e+00 0.000000000000000000e+00 0.000000000000000000e+00
5.315408110618591309e-02 3.191601037979125977e-01 1.000000000000000000e+00 0.000000000000000000e+00 0.000000000000000000e+00
9.879519790410995483e-02 9.169790148735046387e-02 1.000000000000000000e+00 0.000000000000000000e+00 0.000000000000000000e+00
3.201019465923309326e-01 -3.177027106285095215e-01 1.000000000000000000e+00 0.000000000000000000e+00 0.000000000000000000e+00
2.214406579732894897e-01 -4.435488581657409668e-01 0.000000000000000000e+00 1.000000000000000000e+00 0.000000000000000000e+00
9.136806726455688477e-01 -1.728640794754028320e+00 1.000000000000000000e+00 0.000000000000000000e+00 0.000000000000000000e+00
8.655613660812377930e-01 -2.147794365882873535e-01 1.000000000000000000e+00 0.000000000000000000e+00 0.000000000000000000e+00
2.163413614034652710e-01 3.440738469362258911e-02 0.000000000000000000e+00 1.000000000000000000e+00 0.000000000000000000e+00
-1.142506718635559082e+00 9.192720651626586914e-01 1.000000000000000000e+00 0.000000000000000000e+00 0.000000000000000000e+00
-6.506559252738952637e-02 1.273653209209442139e-01 1.000000000000000000e+00 0.000000000000000000e+00 0.000000000000000000e+00
1.283095479011535645e-01 1.474137902259826660e-01 1.000000000000000000e+00 0.000000000000000000e+00 0.000000000000000000e+00
2.227742373943328857e-01 4.262512177228927612e-02 1.000000000000000000e+00 0.000000000000000000e+00 0.000000000000000000e+00
3.065898418426513672e-01 -1.110242828726768494e-01 0.000000000000000000e+00 1.000000000000000000e+00 0.000000000000000000e+00
8.023752570152282715e-01 -3.454945683479309082e-01 1.000000000000000000e+00 0.000000000000000000e+00 0.000000000000000000e+00
-1.308057069778442383e+00 1.022328376770019531e+00 1.000000000000000000e+00 0.000000000000000000e+00 0.000000000000000000e+00
-4.572253823280334473e-01 2.104443311691284180e-01 1.000000000000000000e+00 0.000000000000000000e+00 0.000000000000000000e+00
1.352152705192565918e+00 -1.918232738971710205e-01 1.000000000000000000e+00 0.000000000000000000e+00 0.000000000000000000e+00
5.520640611648559570e-01 -1.786841899156570435e-01 1.000000000000000000e+00 0.000000000000000000e+00 0.000000000000000000e+00
8.737801015377044678e-02 -1.098053902387619019e-01 0.000000000000000000e+00 1.000000000000000000e+00 0.000000000000000000e+00
-8.896740674972534180e-01 -6.694014072418212891e-01 1.000000000000000000e+00 0.000000000000000000e+00 0.000000000000000000e+00
-1.034736335277557373e-01 1.862456321716308594e+00 1.000000000000000000e+00 0.000000000000000000e+00 0.000000000000000000e+00
1.057520434260368347e-01 1.331120014190673828e+00 0.000000000000000000e+00 1.000000000000000000e+00 0.000000000000000000e+00
-8.899043798446655273e-01 -3.882258415222167969e+00 0.000000000000000000e+00 0.000000000000000000e+00 1.000000000000000000e+00
-5.365833640098571777e-01 1.011848211288452148e+00 0.000000000000000000e+00 0.000000000000000000e+00 1.000000000000000000e+00
-1.333277702331542969e+00 -4.456098675727844238e-01 0.000000000000000000e+00 0.000000000000000000e+00 1.000000000000000000e+00
-9.809420108795166016e-01 -3.314157128334045410e-01 0.000000000000000000e+00 0.000000000000000000e+00 1.000000000000000000e+00
-1.022786617279052734e+00 -2.014778852462768555e-01 0.000000000000000000e+00 0.000000000000000000e+00 1.000000000000000000e+00
-9.749120473861694336e-01 -1.822184920310974121e-01 0.000000000000000000e+00 0.000000000000000000e+00 1.000000000000000000e+00
-9.446092844009399414e-01 -1.891966462135314941e-01 0.000000000000000000e+00 0.000000000000000000e+00 1.000000000000000000e+00
-9.186159372329711914e-01 -1.968079209327697754e-01 0.000000000000000000e+00 0.000000000000000000e+00 1.000000000000000000e+00
-9.172530174255371094e-01 -1.925868391990661621e-01 0.000000000000000000e+00 0.000000000000000000e+00 1.000000000000000000e+00
-9.021418094635009766e-01 -1.918788552284240723e-01 0.000000000000000000e+00 0.000000000000000000e+00 1.000000000000000000e+00
-8.805179595947265625e-01 -1.996881365776062012e-01 0.000000000000000000e+00 0.000000000000000000e+00 1.000000000000000000e+00
-8.613057136535644531e-01 -2.091920375823974609e-01 0.000000000000000000e+00 0.000000000000000000e+00 1.000000000000000000e+00
-8.398138284683227539e-01 -2.168072462081909180e-01 0.000000000000000000e+00 0.000000000000000000e+00 1.000000000000000000e+00
-8.210505247116088867e-01 -2.258126735687255859e-01 0.000000000000000000e+00 0.000000000000000000e+00 1.000000000000000000e+00
-8.085497617721557617e-01 -2.308665513992309570e-01 0.000000000000000000e+00 0.000000000000000000e+00 1.000000000000000000e+00
-8.042160272598266602e-01 -2.279320359230041504e-01 0.000000000000000000e+00 0.000000000000000000e+00 1.000000000000000000e+00
-7.974038124084472656e-01 -2.262969613075256348e-01 0.000000000000000000e+00 0.000000000000000000e+00 1.000000000000000000e+00
-7.835485935211181641e-01 -2.324249148368835449e-01 0.000000000000000000e+00 0.000000000000000000e+00 1.000000000000000000e+00
-7.670527696609497070e-01 -2.434771656990051270e-01 0.000000000000000000e+00 0.000000000000000000e+00 1.000000000000000000e+00
-7.527222633361816406e-01 -2.566753625869750977e-01 0.000000000000000000e+00 0.000000000000000000e+00 1.000000000000000000e+00
-7.430366277694702148e-01 -2.636485099792480469e-01 0.000000000000000000e+00 0.000000000000000000e+00 1.000000000000000000e+00
-7.408128976821899414e-01 -2.633556723594665527e-01 0.000000000000000000e+00 0.000000000000000000e+00 1.000000000000000000e+00
-7.432032823562622070e-01 -2.569131255149841309e-01 0.000000000000000000e+00 0.000000000000000000e+00 1.000000000000000000e+00
-7.423843145370483398e-01 -2.500502467155456543e-01 0.000000000000000000e+00 0.000000000000000000e+00 1.000000000000000000e+00
-7.348040342330932617e-01 -2.480545639991760254e-01 0.000000000000000000e+00 0.000000000000000000e+00 1.000000000000000000e+00
-7.260584831237792969e-01 -2.527906298637390137e-01 0.000000000000000000e+00 0.000000000000000000e+00 1.000000000000000000e+00
-7.186229228973388672e-01 -2.594754695892333984e-01 0.000000000000000000e+00 0.000000000000000000e+00 1.000000000000000000e+00
-7.139573097229003906e-01 -2.600491046905517578e-01 0.000000000000000000e+00 0.000000000000000000e+00 1.000000000000000000e+00
-7.134035825729370117e-01 -2.559958100318908691e-01 0.000000000000000000e+00 0.000000000000000000e+00 1.000000000000000000e+00
-7.138091325759887695e-01 -2.544787526130676270e-01 0.000000000000000000e+00 0.000000000000000000e+00 1.000000000000000000e+00
-7.088356018066406250e-01 -2.550516724586486816e-01 0.000000000000000000e+00 0.000000000000000000e+00 1.000000000000000000e+00
-6.957207918167114258e-01 -2.604572176933288574e-01 0.000000000000000000e+00 0.000000000000000000e+00 1.000000000000000000e+00
-6.855725049972534180e-01 -2.666652202606201172e-01 0.000000000000000000e+00 0.000000000000000000e+00 1.000000000000000000e+00
-6.813216209411621094e-01 -2.731720209121704102e-01 0.000000000000000000e+00 0.000000000000000000e+00 1.000000000000000000e+00
-6.782212257385253906e-01 -2.741301059722900391e-01 0.000000000000000000e+00 0.000000000000000000e+00 1.000000000000000000e+00
-6.772738695144653320e-01 -2.670146822929382324e-01 0.000000000000000000e+00 0.000000000000000000e+00 1.000000000000000000e+00
-6.765733957290649414e-01 -2.602393031120300293e-01 0.000000000000000000e+00 0.000000000000000000e+00 1.000000000000000000e+00
-6.725289821624755859e-01 -2.572633028030395508e-01 0.000000000000000000e+00 0.000000000000000000e+00 1.000000000000000000e+00
-6.653165817260742188e-01 -2.589888572692871094e-01 0.000000000000000000e+00 0.000000000000000000e+00 1.000000000000000000e+00
-6.603862047195434570e-01 -2.630093693733215332e-01 0.000000000000000000e+00 0.000000000000000000e+00 1.000000000000000000e+00
-6.584290266036987305e-01 -2.652842402458190918e-01 0.000000000000000000e+00 0.000000000000000000e+00 1.000000000000000000e+00
-6.586303710937500000e-01 -2.630180716514587402e-01 0.000000000000000000e+00 0.000000000000000000e+00 1.000000000000000000e+00
-6.595685482025146484e-01 -2.590469121932983398e-01 0.000000000000000000e+00 0.000000000000000000e+00 1.000000000000000000e+00
-6.580234766006469727e-01 -2.556757926940917969e-01 0.000000000000000000e+00 0.000000000000000000e+00 1.000000000000000000e+00
-6.516494750976562500e-01 -2.555669546127319336e-01 0.000000000000000000e+00 0.000000000000000000e+00 1.000000000000000000e+00
-6.473599076271057129e-01 -2.580022811889648438e-01 0.000000000000000000e+00 0.000000000000000000e+00 1.000000000000000000e+00
-6.468594074249267578e-01 -2.600895762443542480e-01 0.000000000000000000e+00 0.000000000000000000e+00 1.000000000000000000e+00
-6.460276842117309570e-01 -2.592897415161132812e-01 0.000000000000000000e+00 0.000000000000000000e+00 1.000000000000000000e+00
-6.431229114532470703e-01 -2.586621642112731934e-01 0.000000000000000000e+00 0.000000000000000000e+00 1.000000000000000000e+00
-6.400316357612609863e-01 -2.593311667442321777e-01 0.000000000000000000e+00 0.000000000000000000e+00 1.000000000000000000e+00
-6.350839138031005859e-01 -2.597887516021728516e-01 0.000000000000000000e+00 0.000000000000000000e+00 1.000000000000000000e+00
0.000000000000000000e+00 0.000000000000000000e+00 0.000000000000000000e+00 0.000000000000000000e+00 0.000000000000000000e+00
0.000000000000000000e+00 0.000000000000000000e+00 0.000000000000000000e+00 0.000000000000000000e+00 0.000000000000000000e+00
0.000000000000000000e+00 0.000000000000000000e+00 0.000000000000000000e+00 0.000000000000000000e+00 0.000000000000000000e+00
0.000000000000000000e+00 0.000000000000000000e+00 0.000000000000000000e+00 0.000000000000000000e+00 0.000000000000000000e+00
0.000000000000000000e+00 0.000000000000000000e+00 0.000000000000000000e+00 0.000000000000000000e+00 0.000000000000000000e+00
0.000000000000000000e+00 0.000000000000000000e+00 0.000000000000000000e+00 0.000000000000000000e+00 0.000000000000000000e+00
0.000000000000000000e+00 0.000000000000000000e+00 0.000000000000000000e+00 0.000000000000000000e+00 0.000000000000000000e+00
0.000000000000000000e+00 0.000000000000000000e+00 0.000000000000000000e+00 0.000000000000000000e+00 0.000000000000000000e+00
0.000000000000000000e+00 0.000000000000000000e+00 0.000000000000000000e+00 0.000000000000000000e+00 0.000000000000000000e+00
0.000000000000000000e+00 0.000000000000000000e+00 0.000000000000000000e+00 0.000000000000000000e+00 0.000000000000000000e+00
0.000000000000000000e+00 0.000000000000000000e+00 0.000000000000000000e+00 0.000000000000000000e+00 0.000000000000000000e+00
0.000000000000000000e+00 0.000000000000000000e+00 0.000000000000000000e+00 0.000000000000000000e+00 0.000000000000000000e+00
0.000000000000000000e+00 0.000000000000000000e+00 0.000000000000000000e+00 0.000000000000000000e+00 0.000000000000000000e+00
0.000000000000000000e+00 0.000000000000000000e+00 0.000000000000000000e+00 0.000000000000000000e+00 0.000000000000000000e+00
0.000000000000000000e+00 0.000000000000000000e+00 0.000000000000000000e+00 0.000000000000000000e+00 0.000000000000000000e+00
0.000000000000000000e+00 0.000000000000000000e+00 0.000000000000000000e+00 0.000000000000000000e+00 0.000000000000000000e+00
0.000000000000000000e+00 0.000000000000000000e+00 0.000000000000000000e+00 0.000000000000000000e+00 0.000000000000000000e+00
0.000000000000000000e+00 0.000000000000000000e+00 0.000000000000000000e+00 0.000000000000000000e+00 0.000000000000000000e+00
0.000000000000000000e+00 0.000000000000000000e+00 0.000000000000000000e+00 0.000000000000000000e+00 0.000000000000000000e+00
0.000000000000000000e+00 0.000000000000000000e+00 0.000000000000000000e+00 0.000000000000000000e+00 0.000000000000000000e+00
0.000000000000000000e+00 0.000000000000000000e+00 0.000000000000000000e+00 0.000000000000000000e+00 0.000000000000000000e+00
0.000000000000000000e+00 0.000000000000000000e+00 0.000000000000000000e+00 0.000000000000000000e+00 0.000000000000000000e+00
0.000000000000000000e+00 0.000000000000000000e+00 0.000000000000000000e+00 0.000000000000000000e+00 0.000000000000000000e+00
0.000000000000000000e+00 0.000000000000000000e+00 0.000000000000000000e+00 0.000000000000000000e+00 0.000000000000000000e+00
0.000000000000000000e+00 0.000000000000000000e+00 0.000000000000000000e+00 0.000000000000000000e+00 0.000000000000000000e+00
0.000000000000000000e+00 0.000000000000000000e+00 0.000000000000000000e+00 0.000000000000000000e+00 0.000000000000000000e+00
0.000000000000000000e+00 0.000000000000000000e+00 0.000000000000000000e+00 0.000000000000000000e+00 0.000000000000000000e+00
0.000000000000000000e+00 0.000000000000000000e+00 0.000000000000000000e+00 0.000000000000000000e+00 0.000000000000000000e+00
0.000000000000000000e+00 0.000000000000000000e+00 0.000000000000000000e+00 0.000000000000000000e+00 0.000000000000000000e+00
0.000000000000000000e+00 0.000000000000000000e+00 0.000000000000000000e+00 0.000000000000000000e+00 0.000000000000000000e+00
0.000000000000000000e+00 0.000000000000000000e+00 0.000000000000000000e+00 0.000000000000000000e+00 0.000000000000000000e+00
0.000000000000000000e+00 0.000000000000000000e+00 0.000000000000000000e+00 0.000000000000000000e+00 0.000000000000000000e+00
0.000000000000000000e+00 0.000000000000000000e+00 0.000000000000000000e+00 0.000000000000000000e+00 0.000000000000000000e+00
0.000000000000000000e+00 0.000000000000000000e+00 0.000000000000000000e+00 0.000000000000000000e+00 0.000000000000000000e+00
0.000000000000000000e+00 0.000000000000000000e+00 0.000000000000000000e+00 0.000000000000000000e+00 0.000000000000000000e+00
0.000000000000000000e+00 0.000000000000000000e+00 0.000000000000000000e+00 0.000000000000000000e+00 0.000000000000000000e+00
0.000000000000000000e+00 0.000000000000000000e+00 0.000000000000000000e+00 0.000000000000000000e+00 0.000000000000000000e+00
0.000000000000000000e+00 0.000000000000000000e+00 0.000000000000000000e+00 0.000000000000000000e+00 0.000000000000000000e+00
0.000000000000000000e+00 0.000000000000000000e+00 0.000000000000000000e+00 0.000000000000000000e+00 0.000000000000000000e+00
0.000000000000000000e+00 0.000000000000000000e+00 0.000000000000000000e+00 0.000000000000000000e+00 0.000000000000000000e+00
0.000000000000000000e+00 0.000000000000000000e+00 0.000000000000000000e+00 0.000000000000000000e+00 0.000000000000000000e+00
0.000000000000000000e+00 0.000000000000000000e+00 0.000000000000000000e+00 0.000000000000000000e+00 0.000000000000000000e+00
0.000000000000000000e+00 0.000000000000000000e+00 0.000000000000000000e+00 0.000000000000000000e+00 0.000000000000000000e+00
0.000000000000000000e+00 0.000000000000000000e+00 0.000000000000000000e+00 0.000000000000000000e+00 0.000000000000000000e+00
