0.000000000000000000e+00 0.000000000000000000e+00 1.000000000000000000e+00 0.000000000000000000e+00 0.000000000000000000e+00
-1.719404458999633789e+00 1.642097234725952148e+00 1.000000000000000000e+00 0.000000000000000000e+00 0.000000000000000000e+00
-7.653751373291015625e-01 5.229774117469787598e-01 1.000000000000000000e+00 0.000000000000000000e+00 0.000000000000000000e+00
-6.580085158348083496e-01 2.113253772258758545e-01 1.000000000000000000e+00 0.000000000000000000e+00 0.000000000000000000e+00
1.973863840103149414e+00 -2.347500622272491455e-01 1.000000000000000000e+00 0.000000000000000000e+00 0.000000000000000000e+00
1.375744938850402832e+00 -4.347359538078308105e-01 0.000000000000000000e+00 1.000000000000000000e+00 0.000000000000000000e+00
-3.414150238037109375e+00 1.914111733436584473e+00 1.000000000000000000e+00 0.000000000000000000e+00 0.000000000000000000e+00
1.041964530944824219e+00 3.933189809322357178e-02 1.000000000000000000e+00 0.000000000000000000e+00 0.000000000000000000e+00
1.967672586441040039e+00 -3.817078471183776855e-01 1.000000000000000000e+00 0.000000000000000000e+00 0.000000000000000000e+00
7.449803352355957031e-01 -2.747800350189208984e-01 1.000000000000000000e+00 0.000000000000000000e+00 0.000000000000000000e+00
1.916912049055099487e-01 -2.039473950862884521e-01 0.000000000000000000e+00 1.000000000000000000e+00 0.000000000000000000e+00
-2.256255626678466797e+00 -2.403044104576110840e-01 1.000000000000000000e+00 0.000000000000000000e+00 0.000000000000000000e+00
-1.121686697006225586e-01 1.531366944313049316e+00 1.000000000000000000e+00 0.000000000000000000e+00 0.000000000000000000e+00
8.034522086381912231e-02 2.765884995460510254e-01 0.000000000000000000e+00 1.000000000000000000e+00 0.000000000000000000e+00
1.768782615661621094e+00 -1.850878357887268066e+00 1.000000000000000000e+00 0.000000000000000000e+00 0.000000000000000000e+00
-3.699070215225219727e-01 1.514588117599487305e+00 1.000000000000000000e+00 0.000000000000000000e+00 0.000000000000000000e+00
-1.809332072734832764e-01 3.084529936313629150e-01 0.000000000000000000e+00 1.000000000000000000e+00 0.000000000000000000e+00
-9.864822030067443848e-02 -3.064949989318847656e+00 1.000000000000000000e+00 0.000000000000000000e+00 0.000000000000000000e+00
-1.031887233257293701e-01 2.291368961334228516e+00 1.000000000000000000e+00 0.000000000000000000e+00 0.000000000000000000e+00
-3.382251560688018799e-01 1.765088558197021484e+00 1.000000000000000000e+00 0.000000000000000000e+00 0.000000000000000000e+00
-2.030978053808212280e-01 4.037985205650329590e-01 0.000000000000000000e+00 1.000000000000000000e+00 0.000000000000000000e+00
-4.541042447090148926e-01 -8.176075220108032227e-01 1.000000000000000000e+00 0.000000000000000000e+00 0.000000000000000000e+00
1.130469560623168945e+00 -4.533134400844573975e-02 1.000000000000000000e+00 0.000000000000000000e+00 0.000000000000000000e+00
2.709015607833862305e-01 1.238497644662857056e-01 0.000000000000000000e+00 1.000000000000000000e+00 0.000000000000000000e+00
-1.985417246818542480e+00 1.136634111404418945e+00 1.000000000000000000e+00 0.000000000000000000e+00 0.000000000000000000e+00
1.782736063003540039e+00 -7.889122515916824341e-02 1.000000000000000000e+00 0.000000000000000000e+00 0.000000000000000000e+00
1.686873912811279297e+00 -3.770793676376342773e-01 0.000000000000000000e+00 1.000000000000000000e+00 0.000000000000000000e+00
-1.922088384628295898e+00 -3.026907205581665039e+00 0.000000000000000000e+00 0.000000000000000000e+00 1.000000000000000000e+00
-5.559871196746826172e-01 1.915649175643920898e+00 0.000000000000000000e+00 0.000000000000000000e+00 1.000000000000000000e+00
-1.223780393600463867e+00 -3.416985869407653809e-01 0.000000000000000000e+00 0.000000000000000000e+00 1.000000000000000000e+00
-1.067731499671936035e+00 -4.834207892417907715e-01 0.000000000000000000e+00 0.000000000000000000e+00 1.000000000000000000e+00
-1.007022261619567871e+00 -4.268897175788879395e-01 0.000000000000000000e+00 0.000000000000000000e+00 1.000000000000000000e+00
-9.653224945068359375e-01 -3.415830731391906738e-01 0.000000000000000000e+00 0.000000000000000000e+00 1.000000000000000000e+00
-9.386897087097167969e-01 -2.843189835548400879e-01 0.000000000000000000e+00 0.000000000000000000e+00 1.000000000000000000e+00
-9.333084821701049805e-01 -2.682328224182128906e-01 0.000000000000000000e+00 0.000000000000000000e+00 1.000000000000000000e+00
-9.251844882965087891e-01 -2.900677323341369629e-01 0.000000000000000000e+00 0.000000000000000000e+00 1.000000000000000000e+00
-9.124157428741455078e-01 -2.979635596275329590e-01 0.000000000000000000e+00 0.000000000000000000e+00 1.000000000000000000e+00
-8.923678398132324219e-01 -3.095735311508178711e-01 0.000000000000000000e+00 0.000000000000000000e+00 1.000000000000000000e+00
-8.779855966567993164e-01 -3.164834380149841309e-01 0.000000000000000000e+00 0.000000000000000000e+00 1.000000000000000000e+00
-8.645049333572387695e-01 -3.276730179786682129e-01 0.000000000000000000e+00 0.000000000000000000e+00 1.000000000000000000e+00
-8.515095710754394531e-01 -3.367770314216613770e-01 0.000000000000000000e+00 0.000000000000000000e+00 1.000000000000000000e+00
-8.439878225326538086e-01 -3.398552536964416504e-01 0.000000000000000000e+00 0.000000000000000000e+00 1.000000000000000000e+00
-8.375376462936401367e-01 -3.368664383888244629e-01 0.000000000000000000e+00 0.000000000000000000e+00 1.000000000000000000e+00
-8.283051252365112305e-01 -3.323042988777160645e-01 0.000000000000000000e+00 0.000000000000000000e+00 1.000000000000000000e+00
-8.192402124404907227e-01 -3.332127928733825684e-01 0.000000000000000000e+00 0.000000000000000000e+00 1.000000000000000000e+00
-8.106166124343872070e-01 -3.410754799842834473e-01 0.000000000000000000e+00 0.000000000000000000e+00 1.000000000000000000e+00
-8.016984462738037109e-01 -3.510153889656066895e-01 0.000000000000000000e+00 0.000000000000000000e+00 1.000000000000000000e+00
-7.931951284408569336e-01 -3.593485951423645020e-01 0.000000000000000000e+00 0.000000000000000000e+00 1.000000000000000000e+00
-7.857657670974731445e-01 -3.597106337547302246e-01 0.000000000000000000e+00 0.000000000000000000e+00 1.000000000000000000e+00
-7.797611951828002930e-01 -3.515449166297912598e-01 0.000000000000000000e+00 0.000000000000000000e+00 1.000000000000000000e+00
-7.763534784317016602e-01 -3.381487727165222168e-01 0.000000000000000000e+00 0.000000000000000000e+00 1.000000000000000000e+00
-7.769843339920043945e-01 -3.300852179527282715e-01 0.000000000000000000e+00 0.000000000000000000e+00 1.000000000000000000e+00
-7.787626981735229492e-01 -3.293409943580627441e-01 0.000000000000000000e+00 0.000000000000000000e+00 1.000000000000000000e+00
-7.729880809783935547e-01 -3.324703574180603027e-01 0.000000000000000000e+00 0.000000000000000000e+00 1.000000000000000000e+00
-7.666698694229125977e-01 -3.364222645759582520e-01 0.000000000000000000e+00 0.000000000000000000e+00 1.000000000000000000e+00
-7.632606029510498047e-01 -3.379892706871032715e-01 0.000000000000000000e+00 0.000000000000000000e+00 1.000000000000000000e+00
-7.590588331222534180e-01 -3.355689644813537598e-01 0.000000000000000000e+00 0.000000000000000000e+00 1.000000000000000000e+00
-7.537765502929687500e-01 -3.329163193702697754e-01 0.000000000000000000e+00 0.000000000000000000e+00 1.000000000000000000e+00
-7.485169172286987305e-01 -3.368325829505920410e-01 0.000000000000000000e+00 0.000000000000000000e+00 1.000000000000000000e+00
-7.472875118255615234e-01 -3.409088253974914551e-01 0.000000000000000000e+00 0.000000000000000000e+00 1.000000000000000000e+00
-7.479697465896606445e-01 -3.392904400825500488e-01 0.000000000000000000e+00 0.000000000000000000e+00 1.000000000000000000e+00
-7.427846193313598633e-01 -3.364998698234558105e-01 0.000000000000000000e+00 0.000000000000000000e+00 1.000000000000000000e+00
-7.360354661941528320e-01 -3.319175839424133301e-01 0.000000000000000000e+00 0.000000000000000000e+00 1.000000000000000000e+00
-7.319328784942626953e-01 -3.249202370643615723e-01 0.000000000000000000e+00 0.000000000000000000e+00 1.000000000000000000e+00
-7.302627563476562500e-01 -3.225814700126647949e-01 0.000000000000000000e+00 0.000000000000000000e+00 1.000000000000000000e+00
-7.306377887725830078e-01 -3.269595503807067871e-01 0.000000000000000000e+00 0.000000000000000000e+00 1.000000000000000000e+00
-7.307014465332031250e-01 -3.322718739509582520e-01 0.000000000000000000e+00 0.000000000000000000e+00 1.000000000000000000e+00
-7.291858196258544922e-01 -3.354678750038146973e-01 0.000000000000000000e+00 0.000000000000000000e+00 1.000000000000000000e+00
-7.269130945205688477e-01 -3.340461850166320801e-01 0.000000000000000000e+00 0.000000000000000000e+00 1.000000000000000000e+00
-7.246632575988769531e-01 -3.250611424446105957e-01 0.000000000000000000e+00 0.000000000000000000e+00 1.000000000000000000e+00
-7.224190235137939453e-01 -3.155793547630310059e-01 0.000000000000000000e+00 0.000000000000000000e+00 1.000000000000000000e+00
-7.212187051773071289e-01 -3.180580735206604004e-01 0.000000000000000000e+00 0.000000000000000000e+00 1.000000000000000000e+00
-7.201236486434936523e-01 -3.265926241874694824e-01 0.000000000000000000e+00 0.000000000000000000e+00 1.000000000000000000e+00
-7.173457145690917969e-01 -3.308249115943908691e-01 0.000000000000000000e+00 0.000000000000000000e+00 1.000000000000000000e+00
0.000000000000000000e+00 0.000000000000000000e+00 0.000000000000000000e+00 0.000000000000000000e+00 0.000000000000000000e+00
0.000000000000000000e+00 0.000000000000000000e+00 0.000000000000000000e+00 0.000000000000000000e+00 0.000000000000000000e+00
0.000000000000000000e+00 0.000000000000000000e+00 0.000000000000000000e+00 0.000000000000000000e+00 0.000000000000000000e+00
0.000000000000000000e+00 0.000000000000000000e+00 0.000000000000000000e+00 0.000000000000000000e+00 0.000000000000000000e+00
0.000000000000000000e+00 0.000000000000000000e+00 0.000000000000000000e+00 0.000000000000000000e+00 0.000000000000000000e+00
0.000000000000000000e+00 0.000000000000000000e+00 0.000000000000000000e+00 0.000000000000000000e+00 0.000000000000000000e+00
0.000000000000000000e+00 0.000000000000000000e+00 0.000000000000000000e+00 0.000000000000000000e+00 0.000000000000000000e+00
0.000000000000000000e+00 0.000000000000000000e+00 0.000000000000000000e+00 0.000000000000000000e+00 0.000000000000000000e+00
0.000000000000000000e+00 0.000000000000000000e+00 0.000000000000000000e+00 0.000000000000000000e+00 0.000000000000000000e+00
0.000000000000000000e+00 0.000000000000000000e+00 0.000000000000000000e+00 0.000000000000000000e+00 0.000000000000000000e+00
0.000000000000000000e+00 0.000000000000000000e+00 0.000000000000000000e+00 0.000000000000000000e+00 0.000000000000000000e+00
0.000000000000000000e+00 0.000000000000000000e+00 0.000000000000000000e+00 0.000000000000000000e+00 0.000000000000000000e+00
0.000000000000000000e+00 0.000000000000000000e+00 0.000000000000000000e+00 0.000000000000000000e+00 0.000000000000000000e+00
0.000000000000000000e+00 0.000000000000000000e+00 0.000000000000000000e+00 0.000000000000000000e+00 0.000000000000000000e+00
0.000000000000000000e+00 0.000000000000000000e+00 0.000000000000000000e+00 0.000000000000000000e+00 0.000000000000000000e+00
0.000000000000000000e+00 0.000000000000000000e+00 0.000000000000000000e+00 0.000000000000000000e+00 0.000000000000000000e+00
0.000000000000000000e+00 0.000000000000000000e+00 0.000000000000000000e+00 0.000000000000000000e+00 0.000000000000000000e+00
0.000000000000000000e+00 0.000000000000000000e+00 0.000000000000000000e+00 0.000000000000000000e+00 0.000000000000000000e+00
0.000000000000000000e+00 0.000000000000000000e+00 0.000000000000000000e+00 0.000000000000000000e+00 0.000000000000000000e+00
0.000000000000000000e+00 0.000000000000000000e+00 0.000000000000000000e+00 0.000000000000000000e+00 0.000000000000000000e+00
0.000000000000000000e+00 0.000000000000000000e+00 0.000000000000000000e+00 0.000000000000000000e+00 0.000000000000000000e+00
0.000000000000000000e+00 0.000000000000000000e+00 0.000000000000000000e+00 0.000000000000000000e+00 0.000000000000000000e+00
0.000000000000000000e+00 0.000000000000000000e+00 0.000000000000000000e+00 0.000000000000000000e+00 0.000000000000000000e+00
0.000000000000000000e+00 0.000000000000000000e+00 0.000000000000000000e+00 0.000000000000000000e+00 0.000000000000000000e+00
0.000000000000000000e+00 0.000000000000000000e+00 0.000000000000000000e+00 0.000000000000000000e+00 0.000000000000000000e+00
0.000000000000000000e+00 0.000000000000000000e+00 0.000000000000000000e+00 0.000000000000000000e+00 0.000000000000000000e+00
0.000000000000000000e+00 0.000000000000000000e+00 0.000000000000000000e+00 0.000000000000000000e+00 0.000000000000000000e+00
0.000000000000000000e+00 0.000000000000000000e+00 0.000000000000000000e+00 0.000000000000000000e+00 0.000000000000000000e+00
0.000000000000000000e+00 0.000000000000000000e+00 0.000000000000000000e+00 0.000000000000000000e+00 0.000000000000000000e+00
0.000000000000000000e+00 0.000000000000000000e+00 0.000000000000000000e+00 0.000000000000000000e+00 0.000000000000000000e+00
0.000000000000000000e+00 0.000000000000000000e+00 0.000000000000000000e+00 0.000000000000000000e+00 0.000000000000000000e+00
0.000000000000000000e+00 0.000000000000000000e+00 0.000000000000000000e+00 0.000000000000000000e+00 0.000000000000000000e+00
0.000000000000000000e+00 0.000000000000000000e+00 0.000000000000000000e+00 0.000000000000000000e+00 0.000000000000000000e+00
0.000000000000000000e+00 0.000000000000000000e+00 0.000000000000000000e+00 0.000000000000000000e+00 0.000000000000000000e+00
0.000000000000000000e+00 0.000000000000000000e+00 0.000000000000000000e+00 0.000000000000000000e+00 0.000000000000000000e+00
0.000000000000000000e+00 0.000000000000000000e+00 0.000000000000000000e+00 0.000000000000000000e+00 0.000000000000000000e+00
0.000000000000000000e+00 0.000000000000000000e+00 0.000000000000000000e+00 0.000000000000000000e+00 0.000000000000000000e+00
0.000000000000000000e+00 0.000000000000000000e+00 0.000000000000000000e+00 0.000000000000000000e+00 0.000000000000000000e+00
0.000000000000000000e+00 0.000000000000000000e+00 0.000000000000000000e+00 0.000000000000000000e+00 0.000000000000000000e+00
0.000000000000000000e+00 0.000000000000000000e+00 0.000000000000000000e+00 0.000000000000000000e+00 0.000000000000000000e+00
0.000000000000000000e+00 0.000000000000000000e+00 0.000000000000000000e+00 0.000000000000000000e+00 0.000000000000000000e+00
0.000000000000000000e+00 0.000000000000000000e+00 0.000000000000000000e+00 0.000000000000000000e+00 0.000000000000000000e+00
0.000000000000000000e+00 0.000000000000000000e+00 0.000000000000000000e+00 0.000000000000000000e+00 0.000000000000000000e+00
0.000000000000000000e+00 0.000000000000000000e+00 0.000000000000000000e+00 0.000000000000000000e+00 0.000000000000000000e+00
0.000000000000000000e+00 0.000000000000000000e+00 0.000000000000000000e+00 0.000000000000000000e+00 0.000000000000000000e+00
0.000000000000000000e+00 0.000000000000000000e+00 0.000000000000000000e+00 0.000000000000000000e+00 0.000000000000000000e+00
0.000000000000000000e+00 0.000000000000000000e+00 0.000000000000000000e+00 0.000000000000000000e+00 0.000000000000000000e+00
