0.000000000000000000e+00 0.000000000000000000e+00 1.000000000000000000e+00 0.000000000000000000e+00 0.000000000000000000e+00
9.396157860755920410e-01 -2.391319572925567627e-01 1.000000000000000000e+00 0.000000000000000000e+00 0.000000000000000000e+00
4.234411716461181641e-01 -2.393893301486968994e-01 0.000000000000000000e+00 1.000000000000000000e+00 0.000000000000000000e+00
-5.590630769729614258e-01 -3.441454470157623291e-01 1.000000000000000000e+00 0.000000000000000000e+00 0.000000000000000000e+00
-1.207686215639114380e-01 1.421935081481933594e+00 1.000000000000000000e+00 0.000000000000000000e+00 0.000000000000000000e+00
4.747983813285827637e-02 3.303519785404205322e-01 1.000000000000000000e+00 0.000000000000000000e+00 0.000000000000000000e+00
9.710388630628585815e-02 9.136535227298736572e-02 1.000000000000000000e+00 0.000000000000000000e+00 0.000000000000000000e+00
5.907660126686096191e-01 -7.981744408607482910e-01 1.000000000000000000e+00 0.000000000000000000e+00 0.000000000000000000e+00
2.466349899768829346e-01 -5.428001880645751953e-01 0.000000000000000000e+00 1.000000000000000000e+00 0.000000000000000000e+00
1.374270081520080566e+00 -1.789417982101440430e+00 1.000000000000000000e+00 0.000000000000000000e+00 0.000000000000000000e+00
-9.462666511535644531e-01 9.167189598083496094e-01 1.000000000000000000e+00 0.000000000000000000e+00 0.000000000000000000e+00
-3.977201581001281738e-01 2.476327121257781982e-01 1.000000000000000000e+00 0.000000000000000000e+00 0.000000000000000000e+00
-2.947454154491424561e-01 5.686687305569648743e-02 1.000000000000000000e+00 0.000000000000000000e+00 0.000000000000000000e+00
-5.556192621588706970e-02 -7.537680119276046753e-02 1.000000000000000000e+00 0.000000000000000000e+00 0.000000000000000000e+00
1.018163114786148071e-01 -1.112746596336364746e-01 1.000000000000000000e+00 0.000000000000000000e+00 0.000000000000000000e+00
2.631564736366271973e-01 -3.050273656845092773e-02 1.000000000000000000e+00 0.000000000000000000e+00 0.000000000000000000e+00
2.866712510585784912e-01 1.249505430459976196e-01 1.000000000000000000e+00 0.000000000000000000e+00 0.000000000000000000e+00
1.895644962787628174e-01 2.828629016876220703e-01 0.000000000000000000e+00 1.000000000000000000e+00 0.000000000000000000e+00
3.575962185859680176e-01 -5.390393733978271484e-01 1.000000000000000000e+00 0.000000000000000000e+00 0.000000000000000000e+00
-4.765839874744415283e-02 9.202376753091812134e-02 1.000000000000000000e+00 0.000000000000000000e+00 0.000000000000000000e+00
1.269396990537643433e-01 2.044894248247146606e-01 1.000000000000000000e+00 0.000000000000000000e+00 0.000000000000000000e+00
1.219348460435867310e-01 2.072941139340400696e-02 0.000000000000000000e+00 1.000000000000000000e+00 0.000000000000000000e+00
6.867684721946716309e-01 -4.295731186866760254e-01 1.000000000000000000e+00 0.000000000000000000e+00 0.000000000000000000e+00
-1.016904234886169434e+00 9.549462199211120605e-01 1.000000000000000000e+00 0.000000000000000000e+00 0.000000000000000000e+00
-4.861105382442474365e-01 3.016051352024078369e-01 0.000000000000000000e+00 1.000000000000000000e+00 0.000000000000000000e+00
-3.441820144653320312e-01 2.093366384506225586e-01 1.000000000000000000e+00 0.000000000000000000e+00 0.000000000000000000e+00
1.259256958961486816e+00 -2.122161686420440674e-01 1.000000000000000000e+00 0.000000000000000000e+00 0.000000000000000000e+00
5.912345647811889648e-01 -1.916111260652542114e-01 1.000000000000000000e+00 0.000000000000000000e+00 0.000000000000000000e+00
7.078121602535247803e-02 -8.787074685096740723e-02 0.000000000000000000e+00 1.000000000000000000e+00 0.000000000000000000e+00
-5.305438637733459473e-01 -1.322166025638580322e-01 1.000000000000000000e+00 0.000000000000000000e+00 0.000000000000000000e+00
7.291845977306365967e-02 1.387848377227783203e+00 1.000000000000000000e+00 0.000000000000000000e+00 0.000000000000000000e+00
-8.326926827430725098e-02 6.703364849090576172e-01 1.000000000000000000e+00 0.000000000000000000e+00 0.000000000000000000e+00
-1.010577231645584106e-01 1.513640880584716797e-01 1.000000000000000000e+00 0.000000000000000000e+00 0.000000000000000000e+00
-1.457090079784393311e-01 4.437126219272613525e-02 1.000000000000000000e+00 0.000000000000000000e+00 0.000000000000000000e+00
-2.385601848363876343e-01 -7.436435669660568237e-02 1.000000000000000000e+00 0.000000000000000000e+00 0.000000000000000000e+00
-2.737548351287841797e-01 -2.449002116918563843e-01 1.000000000000000000e+00 0.000000000000000000e+00 0.000000000000000000e+00
-1.476182788610458374e-01 -3.259750604629516602e-01 1.000000000000000000e+00 0.000000000000000000e+00 0.000000000000000000e+00
3.525207564234733582e-02 -1.975812613964080811e-01 1.000000000000000000e+00 0.000000000000000000e+00 0.000000000000000000e+00
5.937910676002502441e-01 -1.720268577337265015e-01 0.000000000000000000e+00 1.000000000000000000e+00 0.000000000000000000e+00
-1.012864589691162109e+00 -1.720793724060058594e+00 0.000000000000000000e+00 0.000000000000000000e+00 1.000000000000000000e+00
-6.315192580223083496e-01 1.161122798919677734e+00 0.000000000000000000e+00 0.000000000000000000e+00 1.000000000000000000e+00
-1.496905326843261719e+00 -5.363760590553283691e-01 0.000000000000000000e+00 0.000000000000000000e+00 1.000000000000000000e+00
-9.730638265609741211e-01 3.162890672683715820e-02 0.000000000000000000e+00 0.000000000000000000e+00 1.000000000000000000e+00
-1.213984251022338867e+00 -4.190096259117126465e-01 0.000000000000000000e+00 0.000000000000000000e+00 1.000000000000000000e+00
-1.031172037124633789e+00 -1.775059700012207031e-01 0.000000000000000000e+00 0.000000000000000000e+00 1.000000000000000000e+00
-1.079854965209960938e+00 -3.166707158088684082e-01 0.000000000000000000e+00 0.000000000000000000e+00 1.000000000000000000e+00
-1.028229832649230957e+00 -2.531650662422180176e-01 0.000000000000000000e+00 0.000000000000000000e+00 1.000000000000000000e+00
-1.038598299026489258e+00 -2.787221670150756836e-01 0.000000000000000000e+00 0.000000000000000000e+00 1.000000000000000000e+00
-1.024924039840698242e+00 -2.673333287239074707e-01 0.000000000000000000e+00 0.000000000000000000e+00 1.000000000000000000e+00
-1.017649054527282715e+00 -2.752972841262817383e-01 0.000000000000000000e+00 0.000000000000000000e+00 1.000000000000000000e+00
-1.004457473754882812e+00 -2.717124819755554199e-01 0.000000000000000000e+00 0.000000000000000000e+00 1.000000000000000000e+00
-9.940416812896728516e-01 -2.647265195846557617e-01 0.000000000000000000e+00 0.000000000000000000e+00 1.000000000000000000e+00
-9.845272302627563477e-01 -2.578694224357604980e-01 0.000000000000000000e+00 0.000000000000000000e+00 1.000000000000000000e+00
-9.793605804443359375e-01 -2.530387043952941895e-01 0.000000000000000000e+00 0.000000000000000000e+00 1.000000000000000000e+00
-9.774920940399169922e-01 -2.474482655525207520e-01 0.000000000000000000e+00 0.000000000000000000e+00 1.000000000000000000e+00
-9.765415191650390625e-01 -2.396041154861450195e-01 0.000000000000000000e+00 0.000000000000000000e+00 1.000000000000000000e+00
-9.711484909057617188e-01 -2.339415550231933594e-01 0.000000000000000000e+00 0.000000000000000000e+00 1.000000000000000000e+00
-9.597983360290527344e-01 -2.351755499839782715e-01 0.000000000000000000e+00 0.000000000000000000e+00 1.000000000000000000e+00
-9.509326219558715820e-01 -2.401133179664611816e-01 0.000000000000000000e+00 0.000000000000000000e+00 1.000000000000000000e+00
-9.436858892440795898e-01 -2.449971437454223633e-01 0.000000000000000000e+00 0.000000000000000000e+00 1.000000000000000000e+00
-9.359598159790039062e-01 -2.379845976829528809e-01 0.000000000000000000e+00 0.000000000000000000e+00 1.000000000000000000e+00
-9.310722351074218750e-01 -2.333759665489196777e-01 0.000000000000000000e+00 0.000000000000000000e+00 1.000000000000000000e+00
-9.290151596069335938e-01 -2.296433448791503906e-01 0.000000000000000000e+00 0.000000000000000000e+00 1.000000000000000000e+00
-9.246855974197387695e-01 -2.256630659103393555e-01 0.000000000000000000e+00 0.000000000000000000e+00 1.000000000000000000e+00
-9.162520170211791992e-01 -2.273179292678833008e-01 0.000000000000000000e+00 0.000000000000000000e+00 1.000000000000000000e+00
-9.097818136215209961e-01 -2.324819564819335938e-01 0.000000000000000000e+00 0.000000000000000000e+00 1.000000000000000000e+00
-9.069969654083251953e-01 -2.384560704231262207e-01 0.000000000000000000e+00 0.000000000000000000e+00 1.000000000000000000e+00
-9.044685363769531250e-01 -2.337862849235534668e-01 0.000000000000000000e+00 0.000000000000000000e+00 1.000000000000000000e+00
-9.033931493759155273e-01 -2.290284037590026855e-01 0.000000000000000000e+00 0.000000000000000000e+00 1.000000000000000000e+00
-9.001178741455078125e-01 -2.244470715522766113e-01 0.000000000000000000e+00 0.000000000000000000e+00 1.000000000000000000e+00
0.000000000000000000e+00 0.000000000000000000e+00 0.000000000000000000e+00 0.000000000000000000e+00 0.000000000000000000e+00
0.000000000000000000e+00 0.000000000000000000e+00 0.000000000000000000e+00 0.000000000000000000e+00 0.000000000000000000e+00
0.000000000000000000e+00 0.000000000000000000e+00 0.000000000000000000e+00 0.000000000000000000e+00 0.000000000000000000e+00
0.000000000000000000e+00 0.000000000000000000e+00 0.000000000000000000e+00 0.000000000000000000e+00 0.000000000000000000e+00
0.000000000000000000e+00 0.000000000000000000e+00 0.000000000000000000e+00 0.000000000000000000e+00 0.000000000000000000e+00
0.000000000000000000e+00 0.000000000000000000e+00 0.000000000000000000e+00 0.000000000000000000e+00 0.000000000000000000e+00
0.000000000000000000e+00 0.000000000000000000e+00 0.000000000000000000e+00 0.000000000000000000e+00 0.000000000000000000e+00
0.000000000000000000e+00 0.000000000000000000e+00 0.000000000000000000e+00 0.000000000000000000e+00 0.000000000000000000e+00
0.000000000000000000e+00 0.000000000000000000e+00 0.000000000000000000e+00 0.000000000000000000e+00 0.000000000000000000e+00
0.000000000000000000e+00 0.000000000000000000e+00 0.000000000000000000e+00 0.000000000000000000e+00 0.000000000000000000e+00
0.000000000000000000e+00 0.000000000000000000e+00 0.000000000000000000e+00 0.000000000000000000e+00 0.000000000000000000e+00
0.000000000000000000e+00 0.000000000000000000e+00 0.000000000000000000e+00 0.000000000000000000e+00 0.000000000000000000e+00
0.000000000000000000e+00 0.000000000000000000e+00 0.000000000000000000e+00 0.000000000000000000e+00 0.000000000000000000e+00
0.000000000000000000e+00 0.000000000000000000e+00 0.000000000000000000e+00 0.000000000000000000e+00 0.000000000000000000e+00
0.000000000000000000e+00 0.000000000000000000e+00 0.000000000000000000e+00 0.000000000000000000e+00 0.000000000000000000e+00
0.000000000000000000e+00 0.000000000000000000e+00 0.000000000000000000e+00 0.000000000000000000e+00 0.000000000000000000e+00
0.000000000000000000e+00 0.000000000000000000e+00 0.000000000000000000e+00 0.000000000000000000e+00 0.000000000000000000e+00
0.000000000000000000e+00 0.000000000000000000e+00 0.000000000000000000e+00 0.000000000000000000e+00 0.000000000000000000e+00
0.000000000000000000e+00 0.000000000000000000e+00 0.000000000000000000e+00 0.000000000000000000e+00 0.000000000000000000e+00
0.000000000000000000e+00 0.000000000000000000e+00 0.000000000000000000e+00 0.000000000000000000e+00 0.000000000000000000e+00
0.000000000000000000e+00 0.000000000000000000e+00 0.000000000000000000e+00 0.000000000000000000e+00 0.000000000000000000e+00
0.000000000000000000e+00 0.000000000000000000e+00 0.000000000000000000e+00 0.000000000000000000e+00 0.000000000000000000e+00
0.000000000000000000e+00 0.000000000000000000e+00 0.000000000000000000e+00 0.000000000000000000e+00 0.000000000000000000e+00
0.000000000000000000e+00 0.000000000000000000e+00 0.000000000000000000e+00 0.000000000000000000e+00 0.000000000000000000e+00
0.000000000000000000e+00 0.000000000000000000e+00 0.000000000000000000e+00 0.000000000000000000e+00 0.000000000000000000e+00
0.000000000000000000e+00 0.000000000000000000e+00 0.000000000000000000e+00 0.000000000000000000e+00 0.000000000000000000e+00
0.000000000000000000e+00 0.000000000000000000e+00 0.000000000000000000e+00 0.000000000000000000e+00 0.000000000000000000e+00
0.000000000000000000e+00 0.000000000000000000e+00 0.000000000000000000e+00 0.000000000000000000e+00 0.000000000000000000e+00
0.000000000000000000e+00 0.000000000000000000e+00 0.000000000000000000e+00 0.000000000000000000e+00 0.000000000000000000e+00
0.000000000000000000e+00 0.000000000000000000e+00 0.000000000000000000e+00 0.000000000000000000e+00 0.000000000000000000e+00
0.000000000000000000e+00 0.000000000000000000e+00 0.000000000000000000e+00 0.000000000000000000e+00 0.000000000000000000e+00
0.000000000000000000e+00 0.000000000000000000e+00 0.000000000000000000e+00 0.000000000000000000e+00 0.000000000000000000e+00
0.000000000000000000e+00 0.000000000000000000e+00 0.000000000000000000e+00 0.000000000000000000e+00 0.000000000000000000e+00
0.000000000000000000e+00 0.000000000000000000e+00 0.000000000000000000e+00 0.000000000000000000e+00 0.000000000000000000e+00
0.000000000000000000e+00 0.000000000000000000e+00 0.000000000000000000e+00 0.000000000000000000e+00 0.000000000000000000e+00
0.000000000000000000e+00 0.000000000000000000e+00 0.000000000000000000e+00 0.000000000000000000e+00 0.000000000000000000e+00
0.000000000000000000e+00 0.000000000000000000e+00 0.000000000000000000e+00 0.000000000000000000e+00 0.000000000000000000e+00
0.000000000000000000e+00 0.000000000000000000e+00 0.000000000000000000e+00 0.000000000000000000e+00 0.000000000000000000e+00
0.000000000000000000e+00 0.000000000000000000e+00 0.000000000000000000e+00 0.000000000000000000e+00 0.000000000000000000e+00
0.000000000000000000e+00 0.000000000000000000e+00 0.000000000000000000e+00 0.000000000000000000e+00 0.000000000000000000e+00
0.000000000000000000e+00 0.000000000000000000e+00 0.000000000000000000e+00 0.000000000000000000e+00 0.000000000000000000e+00
0.000000000000000000e+00 0.000000000000000000e+00 0.000000000000000000e+00 0.000000000000000000e+00 0.000000000000000000e+00
0.000000000000000000e+00 0.000000000000000000e+00 0.000000000000000000e+00 0.000000000000000000e+00 0.000000000000000000e+00
0.000000000000000000e+00 0.000000000000000000e+00 0.000000000000000000e+00 0.000000000000000000e+00 0.000000000000000000e+00
0.000000000000000000e+00 0.000000000000000000e+00 0.000000000000000000e+00 0.000000000000000000e+00 0.000000000000000000e+00
0.000000000000000000e+00 0.000000000000000000e+00 0.000000000000000000e+00 0.000000000000000000e+00 0.000000000000000000e+00
0.000000000000000000e+00 0.000000000000000000e+00 0.000000000000000000e+00 0.000000000000000000e+00 0.000000000000000000e+00
0.000000000000000000e+00 0.000000000000000000e+00 0.000000000000000000e+00 0.000000000000000000e+00 0.000000000000000000e+00
0.000000000000000000e+00 0.000000000000000000e+00 0.000000000000000000e+00 0.000000000000000000e+00 0.000000000000000000e+00
0.000000000000000000e+00 0.000000000000000000e+00 0.000000000000000000e+00 0.000000000000000000e+00 0.000000000000000000e+00
0.000000000000000000e+00 0.000000000000000000e+00 0.000000000000000000e+00 0.000000000000000000e+00 0.000000000000000000e+00
