0.000000000000000000e+00 0.000000000000000000e+00 1.000000000000000000e+00 0.000000000000000000e+00 0.000000000000000000e+00
8.980004191398620605e-01 -2.326777577400207520e-01 1.000000000000000000e+00 0.000000000000000000e+00 0.000000000000000000e+00
4.401751160621643066e-01 -2.564097642898559570e-01 0.000000000000000000e+00 1.000000000000000000e+00 0.000000000000000000e+00
-5.122715830802917480e-01 -4.092993736267089844e-01 1.000000000000000000e+00 0.000000000000000000e+00 0.000000000000000000e+00
-1.207134947180747986e-01 1.470810770988464355e+00 1.000000000000000000e+00 0.000000000000000000e+00 0.000000000000000000e+00
4.957384988665580750e-02 3.568066060543060303e-01 1.000000000000000000e+00 0.000000000000000000e+00 0.000000000000000000e+00
1.014614626765251160e-01 1.076944768428802490e-01 1.000000000000000000e+00 0.000000000000000000e+00 0.000000000000000000e+00
5.815706253051757812e-01 -8.209992051124572754e-01 1.000000000000000000e+00 0.000000000000000000e+00 0.000000000000000000e+00
2.436125278472900391e-01 -5.622952580451965332e-01 0.000000000000000000e+00 1.000000000000000000e+00 0.000000000000000000e+00
1.451332449913024902e+00 -2.011958837509155273e+00 1.000000000000000000e+00 0.000000000000000000e+00 0.000000000000000000e+00
-8.536889553070068359e-01 7.230361700057983398e-01 1.000000000000000000e+00 0.000000000000000000e+00 0.000000000000000000e+00
1.901572644710540771e-01 4.204809367656707764e-01 1.000000000000000000e+00 0.000000000000000000e+00 0.000000000000000000e+00
-1.067712008953094482e-01 8.711826801300048828e-01 1.000000000000000000e+00 0.000000000000000000e+00 0.000000000000000000e+00
-9.013645350933074951e-02 2.069232463836669922e-01 0.000000000000000000e+00 1.000000000000000000e+00 0.000000000000000000e+00
5.062528252601623535e-01 -1.381488680839538574e+00 1.000000000000000000e+00 0.000000000000000000e+00 0.000000000000000000e+00
7.389521598815917969e-01 -1.265263855457305908e-01 1.000000000000000000e+00 0.000000000000000000e+00 0.000000000000000000e+00
2.127085626125335693e-01 7.633714377880096436e-02 1.000000000000000000e+00 0.000000000000000000e+00 0.000000000000000000e+00
-1.729897260665893555e-01 7.908167839050292969e-01 1.000000000000000000e+00 0.000000000000000000e+00 0.000000000000000000e+00
-1.103660464286804199e-01 1.850637495517730713e-01 0.000000000000000000e+00 1.000000000000000000e+00 0.000000000000000000e+00
-5.820592641830444336e-01 -3.725888431072235107e-01 1.000000000000000000e+00 0.000000000000000000e+00 0.000000000000000000e+00
4.847878813743591309e-01 -2.640366554260253906e-02 1.000000000000000000e+00 0.000000000000000000e+00 0.000000000000000000e+00
-4.746326059103012085e-02 6.408672034740447998e-02 0.000000000000000000e+00 1.000000000000000000e+00 0.000000000000000000e+00
-4.193572402000427246e-01 3.308825492858886719e-01 1.000000000000000000e+00 0.000000000000000000e+00 0.000000000000000000e+00
5.247009992599487305e-01 -2.270540595054626465e-02 1.000000000000000000e+00 0.000000000000000000e+00 0.000000000000000000e+00
1.058467626571655273e-01 8.624333143234252930e-02 1.000000000000000000e+00 0.000000000000000000e+00 0.000000000000000000e+00
-6.200098991394042969e-01 5.312884449958801270e-01 1.000000000000000000e+00 0.000000000000000000e+00 0.000000000000000000e+00
5.492098331451416016e-01 -6.049692630767822266e-02 1.000000000000000000e+00 0.000000000000000000e+00 0.000000000000000000e+00
1.280615627765655518e-01 7.317318767309188843e-02 0.000000000000000000e+00 1.000000000000000000e+00 0.000000000000000000e+00
-1.859598040580749512e+00 1.027513742446899414e+00 1.000000000000000000e+00 0.000000000000000000e+00 0.000000000000000000e+00
1.434046506881713867e+00 -1.715224087238311768e-01 1.000000000000000000e+00 0.000000000000000000e+00 0.000000000000000000e+00
5.867495536804199219e-01 -1.578930020332336426e-01 1.000000000000000000e+00 0.000000000000000000e+00 0.000000000000000000e+00
-1.043096035718917847e-01 -2.396926283836364746e-04 0.000000000000000000e+00 1.000000000000000000e+00 0.000000000000000000e+00
-7.057225704193115234e-01 -2.338382899761199951e-01 1.000000000000000000e+00 0.000000000000000000e+00 0.000000000000000000e+00
-6.115968152880668640e-02 1.469247817993164062e+00 1.000000000000000000e+00 0.000000000000000000e+00 0.000000000000000000e+00
-8.422423899173736572e-02 4.342676401138305664e-01 0.000000000000000000e+00 1.000000000000000000e+00 0.000000000000000000e+00
-8.065748214721679688e-01 -4.007392406463623047e+00 0.000000000000000000e+00 0.000000000000000000e+00 1.000000000000000000e+00
-4.958996474742889404e-01 1.173532605171203613e+00 0.000000000000000000e+00 0.000000000000000000e+00 1.000000000000000000e+00
-1.550683736801147461e+00 -3.979538083076477051e-01 0.000000000000000000e+00 0.000000000000000000e+00 1.000000000000000000e+00
-1.021834731101989746e+00 -1.831969022750854492e-01 0.000000000000000000e+00 0.000000000000000000e+00 1.000000000000000000e+00
-1.226988673210144043e+00 -2.885702848434448242e-01 0.000000000000000000e+00 0.000000000000000000e+00 1.000000000000000000e+00
-1.083871364593505859e+00 -2.131900787353515625e-01 0.000000000000000000e+00 0.000000000000000000e+00 1.000000000000000000e+00
-1.118590116500854492e+00 -1.947150826454162598e-01 0.000000000000000000e+00 0.000000000000000000e+00 1.000000000000000000e+00
-1.076987028121948242e+00 -1.587853431701660156e-01 0.000000000000000000e+00 0.000000000000000000e+00 1.000000000000000000e+00
-1.065306782722473145e+00 -1.763402819633483887e-01 0.000000000000000000e+00 0.000000000000000000e+00 1.000000000000000000e+00
-1.033358573913574219e+00 -1.933882236480712891e-01 0.000000000000000000e+00 0.000000000000000000e+00 1.000000000000000000e+00
-1.015043497085571289e+00 -2.133479714393615723e-01 0.000000000000000000e+00 0.000000000000000000e+00 1.000000000000000000e+00
-1.000460267066955566e+00 -2.151207923889160156e-01 0.000000000000000000e+00 0.000000000000000000e+00 1.000000000000000000e+00
-9.927316904067993164e-01 -2.156025171279907227e-01 0.000000000000000000e+00 0.000000000000000000e+00 1.000000000000000000e+00
-9.853533506393432617e-01 -2.160919904708862305e-01 0.000000000000000000e+00 0.000000000000000000e+00 1.000000000000000000e+00
-9.766188859939575195e-01 -2.160378694534301758e-01 0.000000000000000000e+00 0.000000000000000000e+00 1.000000000000000000e+00
-9.658851623535156250e-01 -2.207936644554138184e-01 0.000000000000000000e+00 0.000000000000000000e+00 1.000000000000000000e+00
-9.570736885070800781e-01 -2.228831648826599121e-01 0.000000000000000000e+00 0.000000000000000000e+00 1.000000000000000000e+00
-9.516828060150146484e-01 -2.223265171051025391e-01 0.000000000000000000e+00 0.000000000000000000e+00 1.000000000000000000e+00
-9.478267431259155273e-01 -2.242285609245300293e-01 0.000000000000000000e+00 0.000000000000000000e+00 1.000000000000000000e+00
-9.441285133361816406e-01 -2.296256422996520996e-01 0.000000000000000000e+00 0.000000000000000000e+00 1.000000000000000000e+00
-9.387303590774536133e-01 -2.343950271606445312e-01 0.000000000000000000e+00 0.000000000000000000e+00 1.000000000000000000e+00
-9.286162853240966797e-01 -2.402184605598449707e-01 0.000000000000000000e+00 0.000000000000000000e+00 1.000000000000000000e+00
-9.113191366195678711e-01 -2.556778192520141602e-01 0.000000000000000000e+00 0.000000000000000000e+00 1.000000000000000000e+00
-8.995116949081420898e-01 -2.633520960807800293e-01 0.000000000000000000e+00 0.000000000000000000e+00 1.000000000000000000e+00
-8.928118944168090820e-01 -2.650846242904663086e-01 0.000000000000000000e+00 0.000000000000000000e+00 1.000000000000000000e+00
-8.856141567230224609e-01 -2.665163874626159668e-01 0.000000000000000000e+00 0.000000000000000000e+00 1.000000000000000000e+00
-8.779590129852294922e-01 -2.682633399963378906e-01 0.000000000000000000e+00 0.000000000000000000e+00 1.000000000000000000e+00
-8.708678483963012695e-01 -2.688256502151489258e-01 0.000000000000000000e+00 0.000000000000000000e+00 1.000000000000000000e+00
-8.626444339752197266e-01 -2.706073522567749023e-01 0.000000000000000000e+00 0.000000000000000000e+00 1.000000000000000000e+00
-8.543683290481567383e-01 -2.744646072387695312e-01 0.000000000000000000e+00 0.000000000000000000e+00 1.000000000000000000e+00
-8.497384786605834961e-01 -2.783255577087402344e-01 0.000000000000000000e+00 0.000000000000000000e+00 1.000000000000000000e+00
-8.467099666595458984e-01 -2.800891995429992676e-01 0.000000000000000000e+00 0.000000000000000000e+00 1.000000000000000000e+00
-8.444857597351074219e-01 -2.803683280944824219e-01 0.000000000000000000e+00 0.000000000000000000e+00 1.000000000000000000e+00
-8.422309160232543945e-01 -2.761924862861633301e-01 0.000000000000000000e+00 0.000000000000000000e+00 1.000000000000000000e+00
-8.372887372970581055e-01 -2.724721431732177734e-01 0.000000000000000000e+00 0.000000000000000000e+00 1.000000000000000000e+00
-8.302164077758789062e-01 -2.704935669898986816e-01 0.000000000000000000e+00 0.000000000000000000e+00 1.000000000000000000e+00
-8.256293535232543945e-01 -2.683722972869873047e-01 0.000000000000000000e+00 0.000000000000000000e+00 1.000000000000000000e+00
-8.227282762527465820e-01 -2.675910592079162598e-01 0.000000000000000000e+00 0.000000000000000000e+00 1.000000000000000000e+00
-8.188905715942382812e-01 -2.712703943252563477e-01 0.000000000000000000e+00 0.000000000000000000e+00 1.000000000000000000e+00
-8.144080638885498047e-01 -2.760574817657470703e-01 0.000000000000000000e+00 0.000000000000000000e+00 1.000000000000000000e+00
-8.108706474304199219e-01 -2.770387530326843262e-01 0.000000000000000000e+00 0.000000000000000000e+00 1.000000000000000000e+00
-8.057129383087158203e-01 -2.748472690582275391e-01 0.000000000000000000e+00 0.000000000000000000e+00 1.000000000000000000e+00
-7.968782186508178711e-01 -2.730011343955993652e-01 0.000000000000000000e+00 0.000000000000000000e+00 1.000000000000000000e+00
0.000000000000000000e+00 0.000000000000000000e+00 0.000000000000000000e+00 0.000000000000000000e+00 0.000000000000000000e+00
0.000000000000000000e+00 0.000000000000000000e+00 0.000000000000000000e+00 0.000000000000000000e+00 0.000000000000000000e+00
0.000000000000000000e+00 0.000000000000000000e+00 0.000000000000000000e+00 0.000000000000000000e+00 0.000000000000000000e+00
0.000000000000000000e+00 0.000000000000000000e+00 0.000000000000000000e+00 0.000000000000000000e+00 0.000000000000000000e+00
0.000000000000000000e+00 0.000000000000000000e+00 0.000000000000000000e+00 0.000000000000000000e+00 0.000000000000000000e+00
0.000000000000000000e+00 0.000000000000000000e+00 0.000000000000000000e+00 0.000000000000000000e+00 0.000000000000000000e+00
0.000000000000000000e+00 0.000000000000000000e+00 0.000000000000000000e+00 0.000000000000000000e+00 0.000000000000000000e+00
0.000000000000000000e+00 0.000000000000000000e+00 0.000000000000000000e+00 0.000000000000000000e+00 0.000000000000000000e+00
0.000000000000000000e+00 0.000000000000000000e+00 0.000000000000000000e+00 0.000000000000000000e+00 0.000000000000000000e+00
0.000000000000000000e+00 0.000000000000000000e+00 0.000000000000000000e+00 0.000000000000000000e+00 0.000000000000000000e+00
0.000000000000000000e+00 0.000000000000000000e+00 0.000000000000000000e+00 0.000000000000000000e+00 0.000000000000000000e+00
0.000000000000000000e+00 0.000000000000000000e+00 0.000000000000000000e+00 0.000000000000000000e+00 0.000000000000000000e+00
0.000000000000000000e+00 0.000000000000000000e+00 0.000000000000000000e+00 0.000000000000000000e+00 0.000000000000000000e+00
0.000000000000000000e+00 0.000000000000000000e+00 0.000000000000000000e+00 0.000000000000000000e+00 0.000000000000000000e+00
0.000000000000000000e+00 0.000000000000000000e+00 0.000000000000000000e+00 0.000000000000000000e+00 0.000000000000000000e+00
0.000000000000000000e+00 0.000000000000000000e+00 0.000000000000000000e+00 0.000000000000000000e+00 0.000000000000000000e+00
0.000000000000000000e+00 0.000000000000000000e+00 0.000000000000000000e+00 0.000000000000000000e+00 0.000000000000000000e+00
0.000000000000000000e+00 0.000000000000000000e+00 0.000000000000000000e+00 0.000000000000000000e+00 0.000000000000000000e+00
0.000000000000000000e+00 0.000000000000000000e+00 0.000000000000000000e+00 0.000000000000000000e+00 0.000000000000000000e+00
0.000000000000000000e+00 0.000000000000000000e+00 0.000000000000000000e+00 0.000000000000000000e+00 0.000000000000000000e+00
0.000000000000000000e+00 0.000000000000000000e+00 0.000000000000000000e+00 0.000000000000000000e+00 0.000000000000000000e+00
0.000000000000000000e+00 0.000000000000000000e+00 0.000000000000000000e+00 0.000000000000000000e+00 0.000000000000000000e+00
0.000000000000000000e+00 0.000000000000000000e+00 0.000000000000000000e+00 0.000000000000000000e+00 0.000000000000000000e+00
0.000000000000000000e+00 0.000000000000000000e+00 0.000000000000000000e+00 0.000000000000000000e+00 0.000000000000000000e+00
0.000000000000000000e+00 0.000000000000000000e+00 0.000000000000000000e+00 0.000000000000000000e+00 0.000000000000000000e+00
0.000000000000000000e+00 0.000000000000000000e+00 0.000000000000000000e+00 0.000000000000000000e+00 0.000000000000000000e+00
0.000000000000000000e+00 0.000000000000000000e+00 0.000000000000000000e+00 0.000000000000000000e+00 0.000000000000000000e+00
0.000000000000000000e+00 0.000000000000000000e+00 0.000000000000000000e+00 0.000000000000000000e+00 0.000000000000000000e+00
0.000000000000000000e+00 0.000000000000000000e+00 0.000000000000000000e+00 0.000000000000000000e+00 0.000000000000000000e+00
0.000000000000000000e+00 0.000000000000000000e+00 0.000000000000000000e+00 0.000000000000000000e+00 0.000000000000000000e+00
0.000000000000000000e+00 0.000000000000000000e+00 0.000000000000000000e+00 0.000000000000000000e+00 0.000000000000000000e+00
0.000000000000000000e+00 0.000000000000000000e+00 0.000000000000000000e+00 0.000000000000000000e+00 0.000000000000000000e+00
0.000000000000000000e+00 0.000000000000000000e+00 0.000000000000000000e+00 0.000000000000000000e+00 0.000000000000000000e+00
0.000000000000000000e+00 0.000000000000000000e+00 0.000000000000000000e+00 0.000000000000000000e+00 0.000000000000000000e+00
0.000000000000000000e+00 0.000000000000000000e+00 0.000000000000000000e+00 0.000000000000000000e+00 0.000000000000000000e+00
0.000000000000000000e+00 0.000000000000000000e+00 0.000000000000000000e+00 0.000000000000000000e+00 0.000000000000000000e+00
0.000000000000000000e+00 0.000000000000000000e+00 0.000000000000000000e+00 0.000000000000000000e+00 0.000000000000000000e+00
0.000000000000000000e+00 0.000000000000000000e+00 0.000000000000000000e+00 0.000000000000000000e+00 0.000000000000000000e+00
0.000000000000000000e+00 0.000000000000000000e+00 0.000000000000000000e+00 0.000000000000000000e+00 0.000000000000000000e+00
0.000000000000000000e+00 0.000000000000000000e+00 0.000000000000000000e+00 0.000000000000000000e+00 0.000000000000000000e+00
0.000000000000000000e+00 0.000000000000000000e+00 0.000000000000000000e+00 0.000000000000000000e+00 0.000000000000000000e+00
0.000000000000000000e+00 0.000000000000000000e+00 0.000000000000000000e+00 0.000000000000000000e+00 0.000000000000000000e+00
0.000000000000000000e+00 0.000000000000000000e+00 0.000000000000000000e+00 0.000000000000000000e+00 0.000000000000000000e+00
