0.000000000000000000e+00 0.000000000000000000e+00 1.000000000000000000e+00 0.000000000000000000e+00 0.000000000000000000e+00
-9.290341138839721680e-01 1.418380975723266602e+00 1.000000000000000000e+00 0.000000000000000000e+00 0.000000000000000000e+00
-7.700835466384887695e-01 8.409891128540039062e-01 1.000000000000000000e+00 0.000000000000000000e+00 0.000000000000000000e+00
9.782378077507019043e-01 -5.119810104370117188e-01 1.000000000000000000e+00 0.000000000000000000e+00 0.000000000000000000e+00
5.021467208862304688e-01 -6.683416664600372314e-02 1.000000000000000000e+00 0.000000000000000000e+00 0.000000000000000000e+00
1.319846659898757935e-01 8.435915410518646240e-02 1.000000000000000000e+00 0.000000000000000000e+00 0.000000000000000000e+00
-1.060472279787063599e-01 4.063536524772644043e-01 1.000000000000000000e+00 0.000000000000000000e+00 0.000000000000000000e+00
-6.461812257766723633e-01 8.514745235443115234e-01 1.000000000000000000e+00 0.000000000000000000e+00 0.000000000000000000e+00
-4.237607121467590332e-01 3.777558505535125732e-01 1.000000000000000000e+00 0.000000000000000000e+00 0.000000000000000000e+00
-3.671012520790100098e-01 1.859333366155624390e-01 1.000000000000000000e+00 0.000000000000000000e+00 0.000000000000000000e+00
-2.759848237037658691e-01 -3.867762535810470581e-02 0.000000000000000000e+00 1.000000000000000000e+00 0.000000000000000000e+00
4.732463955879211426e-01 -8.088043928146362305e-01 1.000000000000000000e+00 0.000000000000000000e+00 0.000000000000000000e+00
1.341172933578491211e+00 6.485163569450378418e-01 1.000000000000000000e+00 0.000000000000000000e+00 0.000000000000000000e+00
1.214583754539489746e+00 3.805363178253173828e-01 1.000000000000000000e+00 0.000000000000000000e+00 0.000000000000000000e+00
5.367366075515747070e-01 3.004713356494903564e-02 1.000000000000000000e+00 0.000000000000000000e+00 0.000000000000000000e+00
2.468804717063903809e-01 -9.947472810745239258e-02 0.000000000000000000e+00 1.000000000000000000e+00 0.000000000000000000e+00
-7.204105854034423828e-01 -3.147001743316650391e+00 1.000000000000000000e+00 0.000000000000000000e+00 0.000000000000000000e+00
-1.823258996009826660e-01 1.469691038131713867e+00 1.000000000000000000e+00 0.000000000000000000e+00 0.000000000000000000e+00
-1.455971300601959229e-01 5.109007358551025391e-01 1.000000000000000000e+00 0.000000000000000000e+00 0.000000000000000000e+00
-1.634174436330795288e-01 2.862480878829956055e-01 0.000000000000000000e+00 1.000000000000000000e+00 0.000000000000000000e+00
6.522076129913330078e-01 -7.744234800338745117e-01 1.000000000000000000e+00 0.000000000000000000e+00 0.000000000000000000e+00
3.818380236625671387e-01 3.072754144668579102e-01 0.000000000000000000e+00 1.000000000000000000e+00 0.000000000000000000e+00
-1.475715398788452148e+00 -1.434154033660888672e+00 0.000000000000000000e+00 0.000000000000000000e+00 1.000000000000000000e+00
-3.916908502578735352e-01 9.312700033187866211e-01 0.000000000000000000e+00 0.000000000000000000e+00 1.000000000000000000e+00
-7.754749059677124023e-01 -6.469321846961975098e-01 0.000000000000000000e+00 0.000000000000000000e+00 1.000000000000000000e+00
-5.356341600418090820e-01 -4.322510361671447754e-01 0.000000000000000000e+00 0.000000000000000000e+00 1.000000000000000000e+00
-5.969445109367370605e-01 -4.582312703132629395e-01 0.000000000000000000e+00 0.000000000000000000e+00 1.000000000000000000e+00
-5.788224935531616211e-01 -4.267528653144836426e-01 0.000000000000000000e+00 0.000000000000000000e+00 1.000000000000000000e+00
-5.829234719276428223e-01 -4.026651978492736816e-01 0.000000000000000000e+00 0.000000000000000000e+00 1.000000000000000000e+00
-5.782418251037597656e-01 -3.823981881141662598e-01 0.000000000000000000e+00 0.000000000000000000e+00 1.000000000000000000e+00
-5.737227797508239746e-01 -3.609430193901062012e-01 0.000000000000000000e+00 0.000000000000000000e+00 1.000000000000000000e+00
-5.572535991668701172e-01 -3.468372225761413574e-01 0.000000000000000000e+00 0.000000000000000000e+00 1.000000000000000000e+00
-5.428981781005859375e-01 -3.305702805519104004e-01 0.000000000000000000e+00 0.000000000000000000e+00 1.000000000000000000e+00
-5.402024984359741211e-01 -3.156638741493225098e-01 0.000000000000000000e+00 0.000000000000000000e+00 1.000000000000000000e+00
-5.420649051666259766e-01 -3.063244223594665527e-01 0.000000000000000000e+00 0.000000000000000000e+00 1.000000000000000000e+00
-5.427780151367187500e-01 -3.023833632469177246e-01 0.000000000000000000e+00 0.000000000000000000e+00 1.000000000000000000e+00
-5.400876998901367188e-01 -3.001447319984436035e-01 0.000000000000000000e+00 0.000000000000000000e+00 1.000000000000000000e+00
-5.344439744949340820e-01 -2.970861792564392090e-01 0.000000000000000000e+00 0.000000000000000000e+00 1.000000000000000000e+00
-5.255724191665649414e-01 -2.940289974212646484e-01 0.000000000000000000e+00 0.000000000000000000e+00 1.000000000000000000e+00
-5.190414786338806152e-01 -2.892734408378601074e-01 0.000000000000000000e+00 0.000000000000000000e+00 1.000000000000000000e+00
-5.162492990493774414e-01 -2.830295562744140625e-01 0.000000000000000000e+00 0.000000000000000000e+00 1.000000000000000000e+00
-5.151662826538085938e-01 -2.762182950973510742e-01 0.000000000000000000e+00 0.000000000000000000e+00 1.000000000000000000e+00
-5.131328105926513672e-01 -2.699289321899414062e-01 0.000000000000000000e+00 0.000000000000000000e+00 1.000000000000000000e+00
-5.105469226837158203e-01 -2.662714123725891113e-01 0.000000000000000000e+00 0.000000000000000000e+00 1.000000000000000000e+00
-5.076211690902709961e-01 -2.661783099174499512e-01 0.000000000000000000e+00 0.000000000000000000e+00 1.000000000000000000e+00
-5.059854984283447266e-01 -2.701127529144287109e-01 0.000000000000000000e+00 0.000000000000000000e+00 1.000000000000000000e+00
-5.054648518562316895e-01 -2.755360007286071777e-01 0.000000000000000000e+00 0.000000000000000000e+00 1.000000000000000000e+00
-5.032983422279357910e-01 -2.793639898300170898e-01 0.000000000000000000e+00 0.000000000000000000e+00 1.000000000000000000e+00
-4.987527728080749512e-01 -2.781388759613037109e-01 0.000000000000000000e+00 0.000000000000000000e+00 1.000000000000000000e+00
-4.939825832843780518e-01 -2.708616256713867188e-01 0.000000000000000000e+00 0.000000000000000000e+00 1.000000000000000000e+00
-4.905823767185211182e-01 -2.608549594879150391e-01 0.000000000000000000e+00 0.000000000000000000e+00 1.000000000000000000e+00
-4.891247749328613281e-01 -2.533403635025024414e-01 0.000000000000000000e+00 0.000000000000000000e+00 1.000000000000000000e+00
-4.905874729156494141e-01 -2.514964938163757324e-01 0.000000000000000000e+00 0.000000000000000000e+00 1.000000000000000000e+00
-4.941667020320892334e-01 -2.554756999015808105e-01 0.000000000000000000e+00 0.000000000000000000e+00 1.000000000000000000e+00
-4.961697459220886230e-01 -2.622969746589660645e-01 0.000000000000000000e+00 0.000000000000000000e+00 1.000000000000000000e+00
-4.947268068790435791e-01 -2.670606374740600586e-01 0.000000000000000000e+00 0.000000000000000000e+00 1.000000000000000000e+00
-4.915376007556915283e-01 -2.661526799201965332e-01 0.000000000000000000e+00 0.000000000000000000e+00 1.000000000000000000e+00
-4.882764220237731934e-01 -2.623778581619262695e-01 0.000000000000000000e+00 0.000000000000000000e+00 1.000000000000000000e+00
-4.844068288803100586e-01 -2.600020766258239746e-01 0.000000000000000000e+00 0.000000000000000000e+00 1.000000000000000000e+00
-4.788443148136138916e-01 -2.598851919174194336e-01 0.000000000000000000e+00 0.000000000000000000e+00 1.000000000000000000e+00
-4.732314050197601318e-01 -2.607131004333496094e-01 0.000000000000000000e+00 0.000000000000000000e+00 1.000000000000000000e+00
-4.681355059146881104e-01 -2.605170011520385742e-01 0.000000000000000000e+00 0.000000000000000000e+00 1.000000000000000000e+00
-4.647493660449981689e-01 -2.577404379844665527e-01 0.000000000000000000e+00 0.000000000000000000e+00 1.000000000000000000e+00
-4.647836983203887939e-01 -2.534548640251159668e-01 0.000000000000000000e+00 0.000000000000000000e+00 1.000000000000000000e+00
-4.694465994834899902e-01 -2.503634095191955566e-01 0.000000000000000000e+00 0.000000000000000000e+00 1.000000000000000000e+00
-4.761485755443572998e-01 -2.488961219787597656e-01 0.000000000000000000e+00 0.000000000000000000e+00 1.000000000000000000e+00
-4.777599275112152100e-01 -2.510528564453125000e-01 0.000000000000000000e+00 0.000000000000000000e+00 1.000000000000000000e+00
-4.723056852817535400e-01 -2.544876933097839355e-01 0.000000000000000000e+00 0.000000000000000000e+00 1.000000000000000000e+00
-4.634906947612762451e-01 -2.543542981147766113e-01 0.000000000000000000e+00 0.000000000000000000e+00 1.000000000000000000e+00
-4.572570323944091797e-01 -2.483220100402832031e-01 0.000000000000000000e+00 0.000000000000000000e+00 1.000000000000000000e+00
-4.565387368202209473e-01 -2.418347597122192383e-01 0.000000000000000000e+00 0.000000000000000000e+00 1.000000000000000000e+00
-4.613694548606872559e-01 -2.393685579299926758e-01 0.000000000000000000e+00 0.000000000000000000e+00 1.000000000000000000e+00
-4.684925377368927002e-01 -2.415951490402221680e-01 0.000000000000000000e+00 0.000000000000000000e+00 1.000000000000000000e+00
-4.725326895713806152e-01 -2.465349435806274414e-01 0.000000000000000000e+00 0.000000000000000000e+00 1.000000000000000000e+00
-4.688678681850433350e-01 -2.533313632011413574e-01 0.000000000000000000e+00 0.000000000000000000e+00 1.000000000000000000e+00
-4.586810469627380371e-01 -2.571502923965454102e-01 0.000000000000000000e+00 0.000000000000000000e+00 1.000000000000000000e+00
-4.512369036674499512e-01 -2.522813081741333008e-01 0.000000000000000000e+00 0.000000000000000000e+00 1.000000000000000000e+00
-4.501489996910095215e-01 -2.428089380264282227e-01 0.000000000000000000e+00 0.000000000000000000e+00 1.000000000000000000e+00
-4.531707763671875000e-01 -2.353931665420532227e-01 0.000000000000000000e+00 0.000000000000000000e+00 1.000000000000000000e+00
-4.540213346481323242e-01 -2.337024211883544922e-01 0.000000000000000000e+00 0.000000000000000000e+00 1.000000000000000000e+00
-4.524756073951721191e-01 -2.366228103637695312e-01 0.000000000000000000e+00 0.000000000000000000e+00 1.000000000000000000e+00
-4.498132765293121338e-01 -2.416424751281738281e-01 0.000000000000000000e+00 0.000000000000000000e+00 1.000000000000000000e+00
-4.485977292060852051e-01 -2.471793293952941895e-01 0.000000000000000000e+00 0.000000000000000000e+00 1.000000000000000000e+00
0.000000000000000000e+00 0.000000000000000000e+00 0.000000000000000000e+00 0.000000000000000000e+00 0.000000000000000000e+00
0.000000000000000000e+00 0.000000000000000000e+00 0.000000000000000000e+00 0.000000000000000000e+00 0.000000000000000000e+00
0.000000000000000000e+00 0.000000000000000000e+00 0.000000000000000000e+00 0.000000000000000000e+00 0.000000000000000000e+00
0.000000000000000000e+00 0.000000000000000000e+00 0.000000000000000000e+00 0.000000000000000000e+00 0.000000000000000000e+00
0.000000000000000000e+00 0.000000000000000000e+00 0.000000000000000000e+00 0.000000000000000000e+00 0.000000000000000000e+00
0.000000000000000000e+00 0.000000000000000000e+00 0.000000000000000000e+00 0.000000000000000000e+00 0.000000000000000000e+00
0.000000000000000000e+00 0.000000000000000000e+00 0.000000000000000000e+00 0.000000000000000000e+00 0.000000000000000000e+00
0.000000000000000000e+00 0.000000000000000000e+00 0.000000000000000000e+00 0.000000000000000000e+00 0.000000000000000000e+00
0.000000000000000000e+00 0.000000000000000000e+00 0.000000000000000000e+00 0.000000000000000000e+00 0.000000000000000000e+00
0.000000000000000000e+00 0.000000000000000000e+00 0.000000000000000000e+00 0.000000000000000000e+00 0.000000000000000000e+00
0.000000000000000000e+00 0.000000000000000000e+00 0.000000000000000000e+00 0.000000000000000000e+00 0.000000000000000000e+00
0.000000000000000000e+00 0.000000000000000000e+00 0.000000000000000000e+00 0.000000000000000000e+00 0.000000000000000000e+00
0.000000000000000000e+00 0.000000000000000000e+00 0.000000000000000000e+00 0.000000000000000000e+00 0.000000000000000000e+00
0.000000000000000000e+00 0.000000000000000000e+00 0.000000000000000000e+00 0.000000000000000000e+00 0.000000000000000000e+00
0.000000000000000000e+00 0.000000000000000000e+00 0.000000000000000000e+00 0.000000000000000000e+00 0.000000000000000000e+00
0.000000000000000000e+00 0.000000000000000000e+00 0.000000000000000000e+00 0.000000000000000000e+00 0.000000000000000000e+00
0.000000000000000000e+00 0.000000000000000000e+00 0.000000000000000000e+00 0.000000000000000000e+00 0.000000000000000000e+00
0.000000000000000000e+00 0.000000000000000000e+00 0.000000000000000000e+00 0.000000000000000000e+00 0.000000000000000000e+00
0.000000000000000000e+00 0.000000000000000000e+00 0.000000000000000000e+00 0.000000000000000000e+00 0.000000000000000000e+00
0.000000000000000000e+00 0.000000000000000000e+00 0.000000000000000000e+00 0.000000000000000000e+00 0.000000000000000000e+00
0.000000000000000000e+00 0.000000000000000000e+00 0.000000000000000000e+00 0.000000000000000000e+00 0.000000000000000000e+00
0.000000000000000000e+00 0.000000000000000000e+00 0.000000000000000000e+00 0.000000000000000000e+00 0.000000000000000000e+00
0.000000000000000000e+00 0.000000000000000000e+00 0.000000000000000000e+00 0.000000000000000000e+00 0.000000000000000000e+00
0.000000000000000000e+00 0.000000000000000000e+00 0.000000000000000000e+00 0.000000000000000000e+00 0.000000000000000000e+00
0.000000000000000000e+00 0.000000000000000000e+00 0.000000000000000000e+00 0.000000000000000000e+00 0.000000000000000000e+00
0.000000000000000000e+00 0.000000000000000000e+00 0.000000000000000000e+00 0.000000000000000000e+00 0.000000000000000000e+00
0.000000000000000000e+00 0.000000000000000000e+00 0.000000000000000000e+00 0.000000000000000000e+00 0.000000000000000000e+00
0.000000000000000000e+00 0.000000000000000000e+00 0.000000000000000000e+00 0.000000000000000000e+00 0.000000000000000000e+00
0.000000000000000000e+00 0.000000000000000000e+00 0.000000000000000000e+00 0.000000000000000000e+00 0.000000000000000000e+00
0.000000000000000000e+00 0.000000000000000000e+00 0.000000000000000000e+00 0.000000000000000000e+00 0.000000000000000000e+00
0.000000000000000000e+00 0.000000000000000000e+00 0.000000000000000000e+00 0.000000000000000000e+00 0.000000000000000000e+00
0.000000000000000000e+00 0.000000000000000000e+00 0.000000000000000000e+00 0.000000000000000000e+00 0.000000000000000000e+00
0.000000000000000000e+00 0.000000000000000000e+00 0.000000000000000000e+00 0.000000000000000000e+00 0.000000000000000000e+00
0.000000000000000000e+00 0.000000000000000000e+00 0.000000000000000000e+00 0.000000000000000000e+00 0.000000000000000000e+00
0.000000000000000000e+00 0.000000000000000000e+00 0.000000000000000000e+00 0.000000000000000000e+00 0.000000000000000000e+00
0.000000000000000000e+00 0.000000000000000000e+00 0.000000000000000000e+00 0.000000000000000000e+00 0.000000000000000000e+00
0.000000000000000000e+00 0.000000000000000000e+00 0.000000000000000000e+00 0.000000000000000000e+00 0.000000000000000000e+00
0.000000000000000000e+00 0.000000000000000000e+00 0.000000000000000000e+00 0.000000000000000000e+00 0.000000000000000000e+00
