0.000000000000000000e+00 0.000000000000000000e+00 1.000000000000000000e+00 0.000000000000000000e+00 0.000000000000000000e+00
1.375799059867858887e+00 -2.695787847042083740e-01 1.000000000000000000e+00 0.000000000000000000e+00 0.000000000000000000e+00
7.176113724708557129e-01 -2.640970349311828613e-01 0.000000000000000000e+00 1.000000000000000000e+00 0.000000000000000000e+00
-4.857280850410461426e-01 -5.144165754318237305e-01 1.000000000000000000e+00 0.000000000000000000e+00 0.000000000000000000e+00
-1.189682841300964355e+00 1.570624113082885742e+00 1.000000000000000000e+00 0.000000000000000000e+00 0.000000000000000000e+00
-1.046660304069519043e+00 1.009832739830017090e+00 1.000000000000000000e+00 0.000000000000000000e+00 0.000000000000000000e+00
-5.854787826538085938e-01 3.734769523143768311e-01 0.000000000000000000e+00 1.000000000000000000e+00 0.000000000000000000e+00
2.116370677947998047e+00 -1.265697240829467773e+00 1.000000000000000000e+00 0.000000000000000000e+00 0.000000000000000000e+00
4.606154263019561768e-01 8.873662352561950684e-02 1.000000000000000000e+00 0.000000000000000000e+00 0.000000000000000000e+00
3.251476287841796875e-01 2.064136713743209839e-01 1.000000000000000000e+00 0.000000000000000000e+00 0.000000000000000000e+00
6.751011312007904053e-02 1.470636129379272461e-01 0.000000000000000000e+00 1.000000000000000000e+00 0.000000000000000000e+00
-2.153991222381591797e+00 7.591798901557922363e-01 1.000000000000000000e+00 0.000000000000000000e+00 0.000000000000000000e+00
-1.119469255208969116e-01 1.314478516578674316e-01 1.000000000000000000e+00 0.000000000000000000e+00 0.000000000000000000e+00
-1.051053404808044434e-03 8.162063360214233398e-01 0.000000000000000000e+00 1.000000000000000000e+00 0.000000000000000000e+00
5.776628255844116211e-01 -1.064106941223144531e+00 1.000000000000000000e+00 0.000000000000000000e+00 0.000000000000000000e+00
1.181168556213378906e+00 -1.656111031770706177e-01 1.000000000000000000e+00 0.000000000000000000e+00 0.000000000000000000e+00
4.566138088703155518e-01 6.179305166006088257e-02 1.000000000000000000e+00 0.000000000000000000e+00 0.000000000000000000e+00
-2.235106527805328369e-01 7.654821872711181641e-01 1.000000000000000000e+00 0.000000000000000000e+00 0.000000000000000000e+00
-1.778859347105026245e-01 2.680693268775939941e-01 1.000000000000000000e+00 0.000000000000000000e+00 0.000000000000000000e+00
-2.480381876230239868e-01 1.738692820072174072e-01 0.000000000000000000e+00 1.000000000000000000e+00 0.000000000000000000e+00
-6.012609004974365234e-01 -5.729137063026428223e-01 1.000000000000000000e+00 0.000000000000000000e+00 0.000000000000000000e+00
4.393343031406402588e-01 -1.231801509857177734e-02 1.000000000000000000e+00 0.000000000000000000e+00 0.000000000000000000e+00
-2.746108919382095337e-02 6.497795879840850830e-02 0.000000000000000000e+00 1.000000000000000000e+00 0.000000000000000000e+00
-4.559278786182403564e-01 4.209647178649902344e-01 1.000000000000000000e+00 0.000000000000000000e+00 0.000000000000000000e+00
5.742197632789611816e-01 -1.115553379058837891e-01 1.000000000000000000e+00 0.000000000000000000e+00 0.000000000000000000e+00
2.108037322759628296e-01 -1.363660991191864014e-01 0.000000000000000000e+00 1.000000000000000000e+00 0.000000000000000000e+00
-3.193426132202148438e-01 -1.016310572624206543e+00 1.000000000000000000e+00 0.000000000000000000e+00 0.000000000000000000e+00
-1.824246048927307129e-01 1.222507953643798828e+00 1.000000000000000000e+00 0.000000000000000000e+00 0.000000000000000000e+00
4.431842267513275146e-02 3.688724935054779053e-01 1.000000000000000000e+00 0.000000000000000000e+00 0.000000000000000000e+00
1.605304926633834839e-01 2.288974821567535400e-01 1.000000000000000000e+00 0.000000000000000000e+00 0.000000000000000000e+00
2.856616377830505371e-01 1.378512978553771973e-01 1.000000000000000000e+00 0.000000000000000000e+00 0.000000000000000000e+00
4.244775474071502686e-01 4.347648471593856812e-02 1.000000000000000000e+00 0.000000000000000000e+00 0.000000000000000000e+00
1.425532698631286621e+00 -2.002167403697967529e-01 1.000000000000000000e+00 0.000000000000000000e+00 0.000000000000000000e+00
5.454699993133544922e-01 -1.887137293815612793e-01 1.000000000000000000e+00 0.000000000000000000e+00 0.000000000000000000e+00
-5.355483293533325195e-01 -6.247529387474060059e-01 1.000000000000000000e+00 0.000000000000000000e+00 0.000000000000000000e+00
-2.623594105243682861e-01 -5.417509675025939941e-01 0.000000000000000000e+00 1.000000000000000000e+00 0.000000000000000000e+00
-1.520604848861694336e+00 -1.326358556747436523e+00 0.000000000000000000e+00 0.000000000000000000e+00 1.000000000000000000e+00
-6.040065884590148926e-01 9.487729072570800781e-01 0.000000000000000000e+00 0.000000000000000000e+00 1.000000000000000000e+00
-1.426752328872680664e+00 -4.621085524559020996e-01 0.000000000000000000e+00 0.000000000000000000e+00 1.000000000000000000e+00
-9.770380258560180664e-01 -3.686967492103576660e-01 0.000000000000000000e+00 0.000000000000000000e+00 1.000000000000000000e+00
-1.065216183662414551e+00 -3.799851536750793457e-01 0.000000000000000000e+00 0.000000000000000000e+00 1.000000000000000000e+00
-9.924343824386596680e-01 -2.976508736610412598e-01 0.000000000000000000e+00 0.000000000000000000e+00 1.000000000000000000e+00
-9.809063673019409180e-01 -2.882644534111022949e-01 0.000000000000000000e+00 0.000000000000000000e+00 1.000000000000000000e+00
-9.515796899795532227e-01 -2.594221830368041992e-01 0.000000000000000000e+00 0.000000000000000000e+00 1.000000000000000000e+00
-9.388400316238403320e-01 -2.401456236839294434e-01 0.000000000000000000e+00 0.000000000000000000e+00 1.000000000000000000e+00
-9.346710443496704102e-01 -2.282973527908325195e-01 0.000000000000000000e+00 0.000000000000000000e+00 1.000000000000000000e+00
-9.241254329681396484e-01 -2.411046028137207031e-01 0.000000000000000000e+00 0.000000000000000000e+00 1.000000000000000000e+00
-9.169323444366455078e-01 -2.401397228240966797e-01 0.000000000000000000e+00 0.000000000000000000e+00 1.000000000000000000e+00
-9.116253852844238281e-01 -2.317540049552917480e-01 0.000000000000000000e+00 0.000000000000000000e+00 1.000000000000000000e+00
-9.044489860534667969e-01 -2.229734063148498535e-01 0.000000000000000000e+00 0.000000000000000000e+00 1.000000000000000000e+00
-8.960582017898559570e-01 -2.170283794403076172e-01 0.000000000000000000e+00 0.000000000000000000e+00 1.000000000000000000e+00
-8.907549381256103516e-01 -2.102996706962585449e-01 0.000000000000000000e+00 0.000000000000000000e+00 1.000000000000000000e+00
-8.880558013916015625e-01 -2.098200917243957520e-01 0.000000000000000000e+00 0.000000000000000000e+00 1.000000000000000000e+00
-8.844324350357055664e-01 -2.129883170127868652e-01 0.000000000000000000e+00 0.000000000000000000e+00 1.000000000000000000e+00
-8.828617334365844727e-01 -2.106589078903198242e-01 0.000000000000000000e+00 0.000000000000000000e+00 1.000000000000000000e+00
-8.822981119155883789e-01 -2.079428434371948242e-01 0.000000000000000000e+00 0.000000000000000000e+00 1.000000000000000000e+00
-8.728249073028564453e-01 -2.129407525062561035e-01 0.000000000000000000e+00 0.000000000000000000e+00 1.000000000000000000e+00
-8.586796522140502930e-01 -2.197291254997253418e-01 0.000000000000000000e+00 0.000000000000000000e+00 1.000000000000000000e+00
-8.469800949096679688e-01 -2.249386310577392578e-01 0.000000000000000000e+00 0.000000000000000000e+00 1.000000000000000000e+00
-8.390219211578369141e-01 -2.242105603218078613e-01 0.000000000000000000e+00 0.000000000000000000e+00 1.000000000000000000e+00
-8.342519998550415039e-01 -2.213826775550842285e-01 0.000000000000000000e+00 0.000000000000000000e+00 1.000000000000000000e+00
-8.313131332397460938e-01 -2.184123396873474121e-01 0.000000000000000000e+00 0.000000000000000000e+00 1.000000000000000000e+00
-8.299906253814697266e-01 -2.140637040138244629e-01 0.000000000000000000e+00 0.000000000000000000e+00 1.000000000000000000e+00
0.000000000000000000e+00 0.000000000000000000e+00 0.000000000000000000e+00 0.000000000000000000e+00 0.000000000000000000e+00
0.000000000000000000e+00 0.000000000000000000e+00 0.000000000000000000e+00 0.000000000000000000e+00 0.000000000000000000e+00
0.000000000000000000e+00 0.000000000000000000e+00 0.000000000000000000e+00 0.000000000000000000e+00 0.000000000000000000e+00
0.000000000000000000e+00 0.000000000000000000e+00 0.000000000000000000e+00 0.000000000000000000e+00 0.000000000000000000e+00
0.000000000000000000e+00 0.000000000000000000e+00 0.000000000000000000e+00 0.000000000000000000e+00 0.000000000000000000e+00
0.000000000000000000e+00 0.000000000000000000e+00 0.000000000000000000e+00 0.000000000000000000e+00 0.000000000000000000e+00
0.000000000000000000e+00 0.000000000000000000e+00 0.000000000000000000e+00 0.000000000000000000e+00 0.000000000000000000e+00
0.000000000000000000e+00 0.000000000000000000e+00 0.000000000000000000e+00 0.000000000000000000e+00 0.000000000000000000e+00
0.000000000000000000e+00 0.000000000000000000e+00 0.000000000000000000e+00 0.000000000000000000e+00 0.000000000000000000e+00
0.000000000000000000e+00 0.000000000000000000e+00 0.000000000000000000e+00 0.000000000000000000e+00 0.000000000000000000e+00
0.000000000000000000e+00 0.000000000000000000e+00 0.000000000000000000e+00 0.000000000000000000e+00 0.000000000000000000e+00
0.000000000000000000e+00 0.000000000000000000e+00 0.000000000000000000e+00 0.000000000000000000e+00 0.000000000000000000e+00
0.000000000000000000e+00 0.000000000000000000e+00 0.000000000000000000e+00 0.000000000000000000e+00 0.000000000000000000e+00
0.000000000000000000e+00 0.000000000000000000e+00 0.000000000000000000e+00 0.000000000000000000e+00 0.000000000000000000e+00
0.000000000000000000e+00 0.000000000000000000e+00 0.000000000000000000e+00 0.000000000000000000e+00 0.000000000000000000e+00
0.000000000000000000e+00 0.000000000000000000e+00 0.000000000000000000e+00 0.000000000000000000e+00 0.000000000000000000e+00
0.000000000000000000e+00 0.000000000000000000e+00 0.000000000000000000e+00 0.000000000000000000e+00 0.000000000000000000e+00
0.000000000000000000e+00 0.000000000000000000e+00 0.000000000000000000e+00 0.000000000000000000e+00 0.000000000000000000e+00
0.000000000000000000e+00 0.000000000000000000e+00 0.000000000000000000e+00 0.000000000000000000e+00 0.000000000000000000e+00
0.000000000000000000e+00 0.000000000000000000e+00 0.000000000000000000e+00 0.000000000000000000e+00 0.000000000000000000e+00
0.000000000000000000e+00 0.000000000000000000e+00 0.000000000000000000e+00 0.000000000000000000e+00 0.000000000000000000e+00
0.000000000000000000e+00 0.000000000000000000e+00 0.000000000000000000e+00 0.000000000000000000e+00 0.000000000000000000e+00
0.000000000000000000e+00 0.000000000000000000e+00 0.000000000000000000e+00 0.000000000000000000e+00 0.000000000000000000e+00
0.000000000000000000e+00 0.000000000000000000e+00 0.000000000000000000e+00 0.000000000000000000e+00 0.000000000000000000e+00
0.000000000000000000e+00 0.000000000000000000e+00 0.000000000000000000e+00 0.000000000000000000e+00 0.000000000000000000e+00
0.000000000000000000e+00 0.000000000000000000e+00 0.000000000000000000e+00 0.000000000000000000e+00 0.000000000000000000e+00
0.000000000000000000e+00 0.000000000000000000e+00 0.000000000000000000e+00 0.000000000000000000e+00 0.000000000000000000e+00
0.000000000000000000e+00 0.000000000000000000e+00 0.000000000000000000e+00 0.000000000000000000e+00 0.000000000000000000e+00
0.000000000000000000e+00 0.000000000000000000e+00 0.000000000000000000e+00 0.000000000000000000e+00 0.000000000000000000e+00
0.000000000000000000e+00 0.000000000000000000e+00 0.000000000000000000e+00 0.000000000000000000e+00 0.000000000000000000e+00
0.000000000000000000e+00 0.000000000000000000e+00 0.000000000000000000e+00 0.000000000000000000e+00 0.000000000000000000e+00
0.000000000000000000e+00 0.000000000000000000e+00 0.000000000000000000e+00 0.000000000000000000e+00 0.000000000000000000e+00
0.000000000000000000e+00 0.000000000000000000e+00 0.000000000000000000e+00 0.000000000000000000e+00 0.000000000000000000e+00
0.000000000000000000e+00 0.000000000000000000e+00 0.000000000000000000e+00 0.000000000000000000e+00 0.000000000000000000e+00
0.000000000000000000e+00 0.000000000000000000e+00 0.000000000000000000e+00 0.000000000000000000e+00 0.000000000000000000e+00
0.000000000000000000e+00 0.000000000000000000e+00 0.000000000000000000e+00 0.000000000000000000e+00 0.000000000000000000e+00
0.000000000000000000e+00 0.000000000000000000e+00 0.000000000000000000e+00 0.000000000000000000e+00 0.000000000000000000e+00
0.000000000000000000e+00 0.000000000000000000e+00 0.000000000000000000e+00 0.000000000000000000e+00 0.000000000000000000e+00
0.000000000000000000e+00 0.000000000000000000e+00 0.000000000000000000e+00 0.000000000000000000e+00 0.000000000000000000e+00
0.000000000000000000e+00 0.000000000000000000e+00 0.000000000000000000e+00 0.000000000000000000e+00 0.000000000000000000e+00
0.000000000000000000e+00 0.000000000000000000e+00 0.000000000000000000e+00 0.000000000000000000e+00 0.000000000000000000e+00
0.000000000000000000e+00 0.000000000000000000e+00 0.000000000000000000e+00 0.000000000000000000e+00 0.000000000000000000e+00
0.000000000000000000e+00 0.000000000000000000e+00 0.000000000000000000e+00 0.000000000000000000e+00 0.000000000000000000e+00
0.000000000000000000e+00 0.000000000000000000e+00 0.000000000000000000e+00 0.000000000000000000e+00 0.000000000000000000e+00
0.000000000000000000e+00 0.000000000000000000e+00 0.000000000000000000e+00 0.000000000000000000e+00 0.000000000000000000e+00
0.000000000000000000e+00 0.000000000000000000e+00 0.000000000000000000e+00 0.000000000000000000e+00 0.000000000000000000e+00
0.000000000000000000e+00 0.000000000000000000e+00 0.000000000000000000e+00 0.000000000000000000e+00 0.000000000000000000e+00
0.000000000000000000e+00 0.000000000000000000e+00 0.000000000000000000e+00 0.000000000000000000e+00 0.000000000000000000e+00
0.000000000000000000e+00 0.000000000000000000e+00 0.000000000000000000e+00 0.000000000000000000e+00 0.000000000000000000e+00
0.000000000000000000e+00 0.000000000000000000e+00 0.000000000000000000e+00 0.000000000000000000e+00 0.000000000000000000e+00
0.000000000000000000e+00 0.000000000000000000e+00 0.000000000000000000e+00 0.000000000000000000e+00 0.000000000000000000e+00
0.000000000000000000e+00 0.000000000000000000e+00 0.000000000000000000e+00 0.000000000000000000e+00 0.000000000000000000e+00
0.000000000000000000e+00 0.000000000000000000e+00 0.000000000000000000e+00 0.000000000000000000e+00 0.000000000000000000e+00
0.000000000000000000e+00 0.000000000000000000e+00 0.000000000000000000e+00 0.000000000000000000e+00 0.000000000000000000e+00
0.000000000000000000e+00 0.000000000000000000e+00 0.000000000000000000e+00 0.000000000000000000e+00 0.000000000000000000e+00
0.000000000000000000e+00 0.000000000000000000e+00 0.000000000000000000e+00 0.000000000000000000e+00 0.000000000000000000e+00
0.000000000000000000e+00 0.000000000000000000e+00 0.000000000000000000e+00 0.000000000000000000e+00 0.000000000000000000e+00
0.000000000000000000e+00 0.000000000000000000e+00 0.000000000000000000e+00 0.000000000000000000e+00 0.000000000000000000e+00
