0.000000000000000000e+00 0.000000000000000000e+00 1.000000000000000000e+00 0.000000000000000000e+00 0.000000000000000000e+00
-6.521929502487182617e-01 1.044002056121826172e+00 1.000000000000000000e+00 0.000000000000000000e+00 0.000000000000000000e+00
-9.387750178575515747e-02 3.721030950546264648e-01 1.000000000000000000e+00 0.000000000000000000e+00 0.000000000000000000e+00
7.436326742172241211e-01 9.676606655120849609e-01 1.000000000000000000e+00 0.000000000000000000e+00 0.000000000000000000e+00
2.934828400611877441e-01 1.983880400657653809e-01 0.000000000000000000e+00 1.000000000000000000e+00 0.000000000000000000e+00
-5.230814218521118164e-03 -1.457095026969909668e+00 1.000000000000000000e+00 0.000000000000000000e+00 0.000000000000000000e+00
-1.944746226072311401e-01 8.219340443611145020e-02 1.000000000000000000e+00 0.000000000000000000e+00 0.000000000000000000e+00
-8.929360508918762207e-01 1.013736486434936523e+00 1.000000000000000000e+00 0.000000000000000000e+00 0.000000000000000000e+00
-3.422562479972839355e-01 2.306795418262481689e-01 1.000000000000000000e+00 0.000000000000000000e+00 0.000000000000000000e+00
-3.723475635051727295e-01 6.949786841869354248e-02 0.000000000000000000e+00 1.000000000000000000e+00 0.000000000000000000e+00
2.349884808063507080e-01 -1.174872756004333496e+00 1.000000000000000000e+00 0.000000000000000000e+00 0.000000000000000000e+00
9.972048997879028320e-01 -2.742987871170043945e-01 1.000000000000000000e+00 0.000000000000000000e+00 0.000000000000000000e+00
6.017532348632812500e-01 -2.763257026672363281e-01 0.000000000000000000e+00 1.000000000000000000e+00 0.000000000000000000e+00
8.149681091308593750e-01 -4.413950443267822266e-01 1.000000000000000000e+00 0.000000000000000000e+00 0.000000000000000000e+00
7.232633829116821289e-01 -4.792632162570953369e-02 1.000000000000000000e+00 0.000000000000000000e+00 0.000000000000000000e+00
1.990888118743896484e-01 1.311078220605850220e-01 1.000000000000000000e+00 0.000000000000000000e+00 0.000000000000000000e+00
-2.326674759387969971e-01 1.598799467086791992e+00 1.000000000000000000e+00 0.000000000000000000e+00 0.000000000000000000e+00
-9.645923972129821777e-02 2.282049655914306641e-01 1.000000000000000000e+00 0.000000000000000000e+00 0.000000000000000000e+00
-1.558043062686920166e-01 1.155903860926628113e-01 0.000000000000000000e+00 1.000000000000000000e+00 0.000000000000000000e+00
-4.828083813190460205e-01 -9.273204803466796875e-01 1.000000000000000000e+00 0.000000000000000000e+00 0.000000000000000000e+00
4.131832122802734375e-01 1.142878830432891846e-02 1.000000000000000000e+00 0.000000000000000000e+00 0.000000000000000000e+00
5.153556540608406067e-02 6.484815478324890137e-02 0.000000000000000000e+00 1.000000000000000000e+00 0.000000000000000000e+00
-4.812091886997222900e-01 5.990875959396362305e-01 1.000000000000000000e+00 0.000000000000000000e+00 0.000000000000000000e+00
6.262605190277099609e-01 -2.813614904880523682e-02 1.000000000000000000e+00 0.000000000000000000e+00 0.000000000000000000e+00
4.492183327674865723e-01 -1.361896395683288574e-01 0.000000000000000000e+00 1.000000000000000000e+00 0.000000000000000000e+00
-1.472909569740295410e+00 -1.922001361846923828e+00 0.000000000000000000e+00 0.000000000000000000e+00 1.000000000000000000e+00
-3.761303424835205078e-01 1.420873880386352539e+00 0.000000000000000000e+00 0.000000000000000000e+00 1.000000000000000000e+00
-1.154909372329711914e+00 -1.291221380233764648e-02 0.000000000000000000e+00 0.000000000000000000e+00 1.000000000000000000e+00
-9.020563364028930664e-01 -3.161264061927795410e-01 0.000000000000000000e+00 0.000000000000000000e+00 1.000000000000000000e+00
-8.925155401229858398e-01 -2.509635090827941895e-01 0.000000000000000000e+00 0.000000000000000000e+00 1.000000000000000000e+00
-8.712095022201538086e-01 -2.547335028648376465e-01 0.000000000000000000e+00 0.000000000000000000e+00 1.000000000000000000e+00
-8.381634950637817383e-01 -2.672619223594665527e-01 0.000000000000000000e+00 0.000000000000000000e+00 1.000000000000000000e+00
-8.091105222702026367e-01 -2.798573970794677734e-01 0.000000000000000000e+00 0.000000000000000000e+00 1.000000000000000000e+00
-7.879819869995117188e-01 -2.789488434791564941e-01 0.000000000000000000e+00 0.000000000000000000e+00 1.000000000000000000e+00
-7.695276737213134766e-01 -2.798665761947631836e-01 0.000000000000000000e+00 0.000000000000000000e+00 1.000000000000000000e+00
-7.571332454681396484e-01 -2.788591980934143066e-01 0.000000000000000000e+00 0.000000000000000000e+00 1.000000000000000000e+00
-7.502913475036621094e-01 -2.756839990615844727e-01 0.000000000000000000e+00 0.000000000000000000e+00 1.000000000000000000e+00
-7.422776222229003906e-01 -2.768060564994812012e-01 0.000000000000000000e+00 0.000000000000000000e+00 1.000000000000000000e+00
-7.336426973342895508e-01 -2.802761793136596680e-01 0.000000000000000000e+00 0.000000000000000000e+00 1.000000000000000000e+00
-7.223670482635498047e-01 -2.812422513961791992e-01 0.000000000000000000e+00 0.000000000000000000e+00 1.000000000000000000e+00
-7.126110792160034180e-01 -2.810072302818298340e-01 0.000000000000000000e+00 0.000000000000000000e+00 1.000000000000000000e+00
-7.040219306945800781e-01 -2.815410494804382324e-01 0.000000000000000000e+00 0.000000000000000000e+00 1.000000000000000000e+00
-6.974815130233764648e-01 -2.800912261009216309e-01 0.000000000000000000e+00 0.000000000000000000e+00 1.000000000000000000e+00
-6.921489238739013672e-01 -2.762634158134460449e-01 0.000000000000000000e+00 0.000000000000000000e+00 1.000000000000000000e+00
-6.869782209396362305e-01 -2.782018780708312988e-01 0.000000000000000000e+00 0.000000000000000000e+00 1.000000000000000000e+00
-6.819419264793395996e-01 -2.842379808425903320e-01 0.000000000000000000e+00 0.000000000000000000e+00 1.000000000000000000e+00
-6.739826202392578125e-01 -2.916143536567687988e-01 0.000000000000000000e+00 0.000000000000000000e+00 1.000000000000000000e+00
-6.673356294631958008e-01 -2.957724928855895996e-01 0.000000000000000000e+00 0.000000000000000000e+00 1.000000000000000000e+00
-6.639931201934814453e-01 -2.949678897857666016e-01 0.000000000000000000e+00 0.000000000000000000e+00 1.000000000000000000e+00
-6.608490943908691406e-01 -2.892635464668273926e-01 0.000000000000000000e+00 0.000000000000000000e+00 1.000000000000000000e+00
-6.567960381507873535e-01 -2.826249599456787109e-01 0.000000000000000000e+00 0.000000000000000000e+00 1.000000000000000000e+00
-6.531963944435119629e-01 -2.781901955604553223e-01 0.000000000000000000e+00 0.000000000000000000e+00 1.000000000000000000e+00
-6.531372666358947754e-01 -2.797587513923645020e-01 0.000000000000000000e+00 0.000000000000000000e+00 1.000000000000000000e+00
-6.488479375839233398e-01 -2.824367880821228027e-01 0.000000000000000000e+00 0.000000000000000000e+00 1.000000000000000000e+00
-6.445285081863403320e-01 -2.857958674430847168e-01 0.000000000000000000e+00 0.000000000000000000e+00 1.000000000000000000e+00
-6.413322687149047852e-01 -2.895634770393371582e-01 0.000000000000000000e+00 0.000000000000000000e+00 1.000000000000000000e+00
-6.373685598373413086e-01 -2.897341847419738770e-01 0.000000000000000000e+00 0.000000000000000000e+00 1.000000000000000000e+00
-6.336117982864379883e-01 -2.882791161537170410e-01 0.000000000000000000e+00 0.000000000000000000e+00 1.000000000000000000e+00
-6.297442913055419922e-01 -2.874421477317810059e-01 0.000000000000000000e+00 0.000000000000000000e+00 1.000000000000000000e+00
-6.276837587356567383e-01 -2.893859744071960449e-01 0.000000000000000000e+00 0.000000000000000000e+00 1.000000000000000000e+00
-6.219528317451477051e-01 -2.906185388565063477e-01 0.000000000000000000e+00 0.000000000000000000e+00 1.000000000000000000e+00
-6.151666641235351562e-01 -2.910516262054443359e-01 0.000000000000000000e+00 0.000000000000000000e+00 1.000000000000000000e+00
-6.107124090194702148e-01 -2.890392541885375977e-01 0.000000000000000000e+00 0.000000000000000000e+00 1.000000000000000000e+00
0.000000000000000000e+00 0.000000000000000000e+00 0.000000000000000000e+00 0.000000000000000000e+00 0.000000000000000000e+00
0.000000000000000000e+00 0.000000000000000000e+00 0.000000000000000000e+00 0.000000000000000000e+00 0.000000000000000000e+00
0.000000000000000000e+00 0.000000000000000000e+00 0.000000000000000000e+00 0.000000000000000000e+00 0.000000000000000000e+00
0.000000000000000000e+00 0.000000000000000000e+00 0.000000000000000000e+00 0.000000000000000000e+00 0.000000000000000000e+00
0.000000000000000000e+00 0.000000000000000000e+00 0.000000000000000000e+00 0.000000000000000000e+00 0.000000000000000000e+00
0.000000000000000000e+00 0.000000000000000000e+00 0.000000000000000000e+00 0.000000000000000000e+00 0.000000000000000000e+00
0.000000000000000000e+00 0.000000000000000000e+00 0.000000000000000000e+00 0.000000000000000000e+00 0.000000000000000000e+00
0.000000000000000000e+00 0.000000000000000000e+00 0.000000000000000000e+00 0.000000000000000000e+00 0.000000000000000000e+00
0.000000000000000000e+00 0.000000000000000000e+00 0.000000000000000000e+00 0.000000000000000000e+00 0.000000000000000000e+00
0.000000000000000000e+00 0.000000000000000000e+00 0.000000000000000000e+00 0.000000000000000000e+00 0.000000000000000000e+00
0.000000000000000000e+00 0.000000000000000000e+00 0.000000000000000000e+00 0.000000000000000000e+00 0.000000000000000000e+00
0.000000000000000000e+00 0.000000000000000000e+00 0.000000000000000000e+00 0.000000000000000000e+00 0.000000000000000000e+00
0.000000000000000000e+00 0.000000000000000000e+00 0.000000000000000000e+00 0.000000000000000000e+00 0.000000000000000000e+00
0.000000000000000000e+00 0.000000000000000000e+00 0.000000000000000000e+00 0.000000000000000000e+00 0.000000000000000000e+00
0.000000000000000000e+00 0.000000000000000000e+00 0.000000000000000000e+00 0.000000000000000000e+00 0.000000000000000000e+00
0.000000000000000000e+00 0.000000000000000000e+00 0.000000000000000000e+00 0.000000000000000000e+00 0.000000000000000000e+00
0.000000000000000000e+00 0.000000000000000000e+00 0.000000000000000000e+00 0.000000000000000000e+00 0.000000000000000000e+00
0.000000000000000000e+00 0.000000000000000000e+00 0.000000000000000000e+00 0.000000000000000000e+00 0.000000000000000000e+00
0.000000000000000000e+00 0.000000000000000000e+00 0.000000000000000000e+00 0.000000000000000000e+00 0.000000000000000000e+00
0.000000000000000000e+00 0.000000000000000000e+00 0.000000000000000000e+00 0.000000000000000000e+00 0.000000000000000000e+00
0.000000000000000000e+00 0.000000000000000000e+00 0.000000000000000000e+00 0.000000000000000000e+00 0.000000000000000000e+00
0.000000000000000000e+00 0.000000000000000000e+00 0.000000000000000000e+00 0.000000000000000000e+00 0.000000000000000000e+00
0.000000000000000000e+00 0.000000000000000000e+00 0.000000000000000000e+00 0.000000000000000000e+00 0.000000000000000000e+00
0.000000000000000000e+00 0.000000000000000000e+00 0.000000000000000000e+00 0.000000000000000000e+00 0.000000000000000000e+00
0.000000000000000000e+00 0.000000000000000000e+00 0.000000000000000000e+00 0.000000000000000000e+00 0.000000000000000000e+00
0.000000000000000000e+00 0.000000000000000000e+00 0.000000000000000000e+00 0.000000000000000000e+00 0.000000000000000000e+00
0.000000000000000000e+00 0.000000000000000000e+00 0.000000000000000000e+00 0.000000000000000000e+00 0.000000000000000000e+00
0.000000000000000000e+00 0.000000000000000000e+00 0.000000000000000000e+00 0.000000000000000000e+00 0.000000000000000000e+00
0.000000000000000000e+00 0.000000000000000000e+00 0.000000000000000000e+00 0.000000000000000000e+00 0.000000000000000000e+00
0.000000000000000000e+00 0.000000000000000000e+00 0.000000000000000000e+00 0.000000000000000000e+00 0.000000000000000000e+00
0.000000000000000000e+00 0.000000000000000000e+00 0.000000000000000000e+00 0.000000000000000000e+00 0.000000000000000000e+00
0.000000000000000000e+00 0.000000000000000000e+00 0.000000000000000000e+00 0.000000000000000000e+00 0.000000000000000000e+00
0.000000000000000000e+00 0.000000000000000000e+00 0.000000000000000000e+00 0.000000000000000000e+00 0.000000000000000000e+00
0.000000000000000000e+00 0.000000000000000000e+00 0.000000000000000000e+00 0.000000000000000000e+00 0.000000000000000000e+00
0.000000000000000000e+00 0.000000000000000000e+00 0.000000000000000000e+00 0.000000000000000000e+00 0.000000000000000000e+00
0.000000000000000000e+00 0.000000000000000000e+00 0.000000000000000000e+00 0.000000000000000000e+00 0.000000000000000000e+00
0.000000000000000000e+00 0.000000000000000000e+00 0.000000000000000000e+00 0.000000000000000000e+00 0.000000000000000000e+00
0.000000000000000000e+00 0.000000000000000000e+00 0.000000000000000000e+00 0.000000000000000000e+00 0.000000000000000000e+00
0.000000000000000000e+00 0.000000000000000000e+00 0.000000000000000000e+00 0.000000000000000000e+00 0.000000000000000000e+00
0.000000000000000000e+00 0.000000000000000000e+00 0.000000000000000000e+00 0.000000000000000000e+00 0.000000000000000000e+00
0.000000000000000000e+00 0.000000000000000000e+00 0.000000000000000000e+00 0.000000000000000000e+00 0.000000000000000000e+00
0.000000000000000000e+00 0.000000000000000000e+00 0.000000000000000000e+00 0.000000000000000000e+00 0.000000000000000000e+00
0.000000000000000000e+00 0.000000000000000000e+00 0.000000000000000000e+00 0.000000000000000000e+00 0.000000000000000000e+00
0.000000000000000000e+00 0.000000000000000000e+00 0.000000000000000000e+00 0.000000000000000000e+00 0.000000000000000000e+00
0.000000000000000000e+00 0.000000000000000000e+00 0.000000000000000000e+00 0.000000000000000000e+00 0.000000000000000000e+00
0.000000000000000000e+00 0.000000000000000000e+00 0.000000000000000000e+00 0.000000000000000000e+00 0.000000000000000000e+00
0.000000000000000000e+00 0.000000000000000000e+00 0.000000000000000000e+00 0.000000000000000000e+00 0.000000000000000000e+00
0.000000000000000000e+00 0.000000000000000000e+00 0.000000000000000000e+00 0.000000000000000000e+00 0.000000000000000000e+00
0.000000000000000000e+00 0.000000000000000000e+00 0.000000000000000000e+00 0.000000000000000000e+00 0.000000000000000000e+00
0.000000000000000000e+00 0.000000000000000000e+00 0.000000000000000000e+00 0.000000000000000000e+00 0.000000000000000000e+00
0.000000000000000000e+00 0.000000000000000000e+00 0.000000000000000000e+00 0.000000000000000000e+00 0.000000000000000000e+00
0.000000000000000000e+00 0.000000000000000000e+00 0.000000000000000000e+00 0.000000000000000000e+00 0.000000000000000000e+00
0.000000000000000000e+00 0.000000000000000000e+00 0.000000000000000000e+00 0.000000000000000000e+00 0.000000000000000000e+00
0.000000000000000000e+00 0.000000000000000000e+00 0.000000000000000000e+00 0.000000000000000000e+00 0.000000000000000000e+00
0.000000000000000000e+00 0.000000000000000000e+00 0.000000000000000000e+00 0.000000000000000000e+00 0.000000000000000000e+00
0.000000000000000000e+00 0.000000000000000000e+00 0.000000000000000000e+00 0.000000000000000000e+00 0.000000000000000000e+00
0.000000000000000000e+00 0.000000000000000000e+00 0.000000000000000000e+00 0.000000000000000000e+00 0.000000000000000000e+00
0.000000000000000000e+00 0.000000000000000000e+00 0.000000000000000000e+00 0.000000000000000000e+00 0.000000000000000000e+00
