0.000000000000000000e+00 0.000000000000000000e+00 1.000000000000000000e+00 0.000000000000000000e+00 0.000000000000000000e+00
-1.733194947242736816e+00 1.412409067153930664e+00 1.000000000000000000e+00 0.000000000000000000e+00 0.000000000000000000e+00
-9.984298348426818848e-01 1.171998023986816406e+00 1.000000000000000000e+00 0.000000000000000000e+00 0.000000000000000000e+00
6.671352386474609375e-01 1.442058980464935303e-01 1.000000000000000000e+00 0.000000000000000000e+00 0.000000000000000000e+00
6.230908036231994629e-01 -8.841881901025772095e-02 0.000000000000000000e+00 1.000000000000000000e+00 0.000000000000000000e+00
5.613811016082763672e-01 -7.521483898162841797e-01 1.000000000000000000e+00 0.000000000000000000e+00 0.000000000000000000e+00
-1.107360422611236572e-01 1.136624589562416077e-01 1.000000000000000000e+00 0.000000000000000000e+00 0.000000000000000000e+00
1.277751028537750244e-01 3.287725746631622314e-01 1.000000000000000000e+00 0.000000000000000000e+00 0.000000000000000000e+00
2.654513418674468994e-01 1.080554574728012085e-01 0.000000000000000000e+00 1.000000000000000000e+00 0.000000000000000000e+00
1.122113227844238281e+00 -6.390892863273620605e-01 1.000000000000000000e+00 0.000000000000000000e+00 0.000000000000000000e+00
-1.429217696189880371e+00 1.284054160118103027e+00 1.000000000000000000e+00 0.000000000000000000e+00 0.000000000000000000e+00
-6.358584761619567871e-01 1.010068178176879883e+00 1.000000000000000000e+00 0.000000000000000000e+00 0.000000000000000000e+00
-5.150489509105682373e-03 4.038219153881072998e-01 1.000000000000000000e+00 0.000000000000000000e+00 0.000000000000000000e+00
3.787646591663360596e-01 5.105083584785461426e-01 1.000000000000000000e+00 0.000000000000000000e+00 0.000000000000000000e+00
1.040514230728149414e+00 6.638477444648742676e-01 1.000000000000000000e+00 0.000000000000000000e+00 0.000000000000000000e+00
5.132663249969482422e-01 1.490594148635864258e-01 1.000000000000000000e+00 0.000000000000000000e+00 0.000000000000000000e+00
2.830371558666229248e-01 -9.645721316337585449e-02 0.000000000000000000e+00 1.000000000000000000e+00 0.000000000000000000e+00
-1.614933013916015625e-01 -1.822088122367858887e+00 1.000000000000000000e+00 0.000000000000000000e+00 0.000000000000000000e+00
-3.308668136596679688e-01 1.122030392289161682e-01 1.000000000000000000e+00 0.000000000000000000e+00 0.000000000000000000e+00
-1.568634867668151855e+00 1.487238168716430664e+00 1.000000000000000000e+00 0.000000000000000000e+00 0.000000000000000000e+00
-6.454935073852539062e-01 3.653166592121124268e-01 1.000000000000000000e+00 0.000000000000000000e+00 0.000000000000000000e+00
-7.424004077911376953e-01 1.378269046545028687e-01 0.000000000000000000e+00 1.000000000000000000e+00 0.000000000000000000e+00
-3.102305531501770020e-01 -1.573426127433776855e+00 1.000000000000000000e+00 0.000000000000000000e+00 0.000000000000000000e+00
2.051346063613891602e+00 -4.075636267662048340e-01 1.000000000000000000e+00 0.000000000000000000e+00 0.000000000000000000e+00
1.877154707908630371e+00 -8.748795092105865479e-02 0.000000000000000000e+00 1.000000000000000000e+00 0.000000000000000000e+00
-1.696133017539978027e+00 -1.858751773834228516e+00 0.000000000000000000e+00 0.000000000000000000e+00 1.000000000000000000e+00
-2.419541180133819580e-01 7.692909240722656250e-01 0.000000000000000000e+00 0.000000000000000000e+00 1.000000000000000000e+00
-9.706937074661254883e-01 -3.245404362678527832e-01 0.000000000000000000e+00 0.000000000000000000e+00 1.000000000000000000e+00
-8.017588853836059570e-01 -3.532536625862121582e-01 0.000000000000000000e+00 0.000000000000000000e+00 1.000000000000000000e+00
-7.871105670928955078e-01 -3.072512149810791016e-01 0.000000000000000000e+00 0.000000000000000000e+00 1.000000000000000000e+00
-7.499684095382690430e-01 -3.277043700218200684e-01 0.000000000000000000e+00 0.000000000000000000e+00 1.000000000000000000e+00
-7.064032554626464844e-01 -3.162134289741516113e-01 0.000000000000000000e+00 0.000000000000000000e+00 1.000000000000000000e+00
-6.895840167999267578e-01 -3.111342191696166992e-01 0.000000000000000000e+00 0.000000000000000000e+00 1.000000000000000000e+00
-6.809652447700500488e-01 -3.179886937141418457e-01 0.000000000000000000e+00 0.000000000000000000e+00 1.000000000000000000e+00
-6.707465648651123047e-01 -3.291030526161193848e-01 0.000000000000000000e+00 0.000000000000000000e+00 1.000000000000000000e+00
-6.596684455871582031e-01 -3.383359313011169434e-01 0.000000000000000000e+00 0.000000000000000000e+00 1.000000000000000000e+00
-6.555375456809997559e-01 -3.392048478126525879e-01 0.000000000000000000e+00 0.000000000000000000e+00 1.000000000000000000e+00
-6.496307849884033203e-01 -3.252909779548645020e-01 0.000000000000000000e+00 0.000000000000000000e+00 1.000000000000000000e+00
-6.414916515350341797e-01 -3.073855042457580566e-01 0.000000000000000000e+00 0.000000000000000000e+00 1.000000000000000000e+00
-6.347912549972534180e-01 -2.974651455879211426e-01 0.000000000000000000e+00 0.000000000000000000e+00 1.000000000000000000e+00
-6.308698654174804688e-01 -2.939260005950927734e-01 0.000000000000000000e+00 0.000000000000000000e+00 1.000000000000000000e+00
-6.273732781410217285e-01 -2.902053594589233398e-01 0.000000000000000000e+00 0.000000000000000000e+00 1.000000000000000000e+00
-6.256763935089111328e-01 -2.829933762550354004e-01 0.000000000000000000e+00 0.000000000000000000e+00 1.000000000000000000e+00
-6.221343278884887695e-01 -2.735791206359863281e-01 0.000000000000000000e+00 0.000000000000000000e+00 1.000000000000000000e+00
-6.177850961685180664e-01 -2.660395503044128418e-01 0.000000000000000000e+00 0.000000000000000000e+00 1.000000000000000000e+00
-6.134206056594848633e-01 -2.647385597229003906e-01 0.000000000000000000e+00 0.000000000000000000e+00 1.000000000000000000e+00
-6.092752218246459961e-01 -2.705110907554626465e-01 0.000000000000000000e+00 0.000000000000000000e+00 1.000000000000000000e+00
-6.062331199645996094e-01 -2.753915190696716309e-01 0.000000000000000000e+00 0.000000000000000000e+00 1.000000000000000000e+00
-6.052395105361938477e-01 -2.743670344352722168e-01 0.000000000000000000e+00 0.000000000000000000e+00 1.000000000000000000e+00
-6.050126552581787109e-01 -2.651526331901550293e-01 0.000000000000000000e+00 0.000000000000000000e+00 1.000000000000000000e+00
-6.033319234848022461e-01 -2.516285777091979980e-01 0.000000000000000000e+00 0.000000000000000000e+00 1.000000000000000000e+00
-6.002912521362304688e-01 -2.393212914466857910e-01 0.000000000000000000e+00 0.000000000000000000e+00 1.000000000000000000e+00
-5.972318053245544434e-01 -2.359536290168762207e-01 0.000000000000000000e+00 0.000000000000000000e+00 1.000000000000000000e+00
-5.946487188339233398e-01 -2.375243902206420898e-01 0.000000000000000000e+00 0.000000000000000000e+00 1.000000000000000000e+00
-5.936115384101867676e-01 -2.386777400970458984e-01 0.000000000000000000e+00 0.000000000000000000e+00 1.000000000000000000e+00
-5.934098958969116211e-01 -2.373974323272705078e-01 0.000000000000000000e+00 0.000000000000000000e+00 1.000000000000000000e+00
-5.940561294555664062e-01 -2.319329977035522461e-01 0.000000000000000000e+00 0.000000000000000000e+00 1.000000000000000000e+00
-5.926759243011474609e-01 -2.270693778991699219e-01 0.000000000000000000e+00 0.000000000000000000e+00 1.000000000000000000e+00
-5.874913930892944336e-01 -2.283850312232971191e-01 0.000000000000000000e+00 0.000000000000000000e+00 1.000000000000000000e+00
-5.796514749526977539e-01 -2.346042394638061523e-01 0.000000000000000000e+00 0.000000000000000000e+00 1.000000000000000000e+00
-5.722770690917968750e-01 -2.402173280715942383e-01 0.000000000000000000e+00 0.000000000000000000e+00 1.000000000000000000e+00
-5.675063133239746094e-01 -2.409479022026062012e-01 0.000000000000000000e+00 0.000000000000000000e+00 1.000000000000000000e+00
-5.642765164375305176e-01 -2.367888092994689941e-01 0.000000000000000000e+00 0.000000000000000000e+00 1.000000000000000000e+00
-5.635359287261962891e-01 -2.281494736671447754e-01 0.000000000000000000e+00 0.000000000000000000e+00 1.000000000000000000e+00
-5.647712945938110352e-01 -2.199384570121765137e-01 0.000000000000000000e+00 0.000000000000000000e+00 1.000000000000000000e+00
-5.652969479560852051e-01 -2.186442613601684570e-01 0.000000000000000000e+00 0.000000000000000000e+00 1.000000000000000000e+00
-5.618451237678527832e-01 -2.221303582191467285e-01 0.000000000000000000e+00 0.000000000000000000e+00 1.000000000000000000e+00
-5.570337772369384766e-01 -2.263492941856384277e-01 0.000000000000000000e+00 0.000000000000000000e+00 1.000000000000000000e+00
-5.547382831573486328e-01 -2.256519794464111328e-01 0.000000000000000000e+00 0.000000000000000000e+00 1.000000000000000000e+00
-5.552356839179992676e-01 -2.168892025947570801e-01 0.000000000000000000e+00 0.000000000000000000e+00 1.000000000000000000e+00
-5.553659200668334961e-01 -2.078751325607299805e-01 0.000000000000000000e+00 0.000000000000000000e+00 1.000000000000000000e+00
-5.527517795562744141e-01 -2.092090249061584473e-01 0.000000000000000000e+00 0.000000000000000000e+00 1.000000000000000000e+00
0.000000000000000000e+00 0.000000000000000000e+00 0.000000000000000000e+00 0.000000000000000000e+00 0.000000000000000000e+00
0.000000000000000000e+00 0.000000000000000000e+00 0.000000000000000000e+00 0.000000000000000000e+00 0.000000000000000000e+00
0.000000000000000000e+00 0.000000000000000000e+00 0.000000000000000000e+00 0.000000000000000000e+00 0.000000000000000000e+00
0.000000000000000000e+00 0.000000000000000000e+00 0.000000000000000000e+00 0.000000000000000000e+00 0.000000000000000000e+00
0.000000000000000000e+00 0.000000000000000000e+00 0.000000000000000000e+00 0.000000000000000000e+00 0.000000000000000000e+00
0.000000000000000000e+00 0.000000000000000000e+00 0.000000000000000000e+00 0.000000000000000000e+00 0.000000000000000000e+00
0.000000000000000000e+00 0.000000000000000000e+00 0.000000000000000000e+00 0.000000000000000000e+00 0.000000000000000000e+00
0.000000000000000000e+00 0.000000000000000000e+00 0.000000000000000000e+00 0.000000000000000000e+00 0.000000000000000000e+00
0.000000000000000000e+00 0.000000000000000000e+00 0.000000000000000000e+00 0.000000000000000000e+00 0.000000000000000000e+00
0.000000000000000000e+00 0.000000000000000000e+00 0.000000000000000000e+00 0.000000000000000000e+00 0.000000000000000000e+00
0.000000000000000000e+00 0.000000000000000000e+00 0.000000000000000000e+00 0.000000000000000000e+00 0.000000000000000000e+00
0.000000000000000000e+00 0.000000000000000000e+00 0.000000000000000000e+00 0.000000000000000000e+00 0.000000000000000000e+00
0.000000000000000000e+00 0.000000000000000000e+00 0.000000000000000000e+00 0.000000000000000000e+00 0.000000000000000000e+00
0.000000000000000000e+00 0.000000000000000000e+00 0.000000000000000000e+00 0.000000000000000000e+00 0.000000000000000000e+00
0.000000000000000000e+00 0.000000000000000000e+00 0.000000000000000000e+00 0.000000000000000000e+00 0.000000000000000000e+00
0.000000000000000000e+00 0.000000000000000000e+00 0.000000000000000000e+00 0.000000000000000000e+00 0.000000000000000000e+00
0.000000000000000000e+00 0.000000000000000000e+00 0.000000000000000000e+00 0.000000000000000000e+00 0.000000000000000000e+00
0.000000000000000000e+00 0.000000000000000000e+00 0.000000000000000000e+00 0.000000000000000000e+00 0.000000000000000000e+00
0.000000000000000000e+00 0.000000000000000000e+00 0.000000000000000000e+00 0.000000000000000000e+00 0.000000000000000000e+00
0.000000000000000000e+00 0.000000000000000000e+00 0.000000000000000000e+00 0.000000000000000000e+00 0.000000000000000000e+00
0.000000000000000000e+00 0.000000000000000000e+00 0.000000000000000000e+00 0.000000000000000000e+00 0.000000000000000000e+00
0.000000000000000000e+00 0.000000000000000000e+00 0.000000000000000000e+00 0.000000000000000000e+00 0.000000000000000000e+00
0.000000000000000000e+00 0.000000000000000000e+00 0.000000000000000000e+00 0.000000000000000000e+00 0.000000000000000000e+00
0.000000000000000000e+00 0.000000000000000000e+00 0.000000000000000000e+00 0.000000000000000000e+00 0.000000000000000000e+00
0.000000000000000000e+00 0.000000000000000000e+00 0.000000000000000000e+00 0.000000000000000000e+00 0.000000000000000000e+00
0.000000000000000000e+00 0.000000000000000000e+00 0.000000000000000000e+00 0.000000000000000000e+00 0.000000000000000000e+00
0.000000000000000000e+00 0.000000000000000000e+00 0.000000000000000000e+00 0.000000000000000000e+00 0.000000000000000000e+00
0.000000000000000000e+00 0.000000000000000000e+00 0.000000000000000000e+00 0.000000000000000000e+00 0.000000000000000000e+00
0.000000000000000000e+00 0.000000000000000000e+00 0.000000000000000000e+00 0.000000000000000000e+00 0.000000000000000000e+00
0.000000000000000000e+00 0.000000000000000000e+00 0.000000000000000000e+00 0.000000000000000000e+00 0.000000000000000000e+00
0.000000000000000000e+00 0.000000000000000000e+00 0.000000000000000000e+00 0.000000000000000000e+00 0.000000000000000000e+00
0.000000000000000000e+00 0.000000000000000000e+00 0.000000000000000000e+00 0.000000000000000000e+00 0.000000000000000000e+00
0.000000000000000000e+00 0.000000000000000000e+00 0.000000000000000000e+00 0.000000000000000000e+00 0.000000000000000000e+00
0.000000000000000000e+00 0.000000000000000000e+00 0.000000000000000000e+00 0.000000000000000000e+00 0.000000000000000000e+00
0.000000000000000000e+00 0.000000000000000000e+00 0.000000000000000000e+00 0.000000000000000000e+00 0.000000000000000000e+00
0.000000000000000000e+00 0.000000000000000000e+00 0.000000000000000000e+00 0.000000000000000000e+00 0.000000000000000000e+00
0.000000000000000000e+00 0.000000000000000000e+00 0.000000000000000000e+00 0.000000000000000000e+00 0.000000000000000000e+00
0.000000000000000000e+00 0.000000000000000000e+00 0.000000000000000000e+00 0.000000000000000000e+00 0.000000000000000000e+00
0.000000000000000000e+00 0.000000000000000000e+00 0.000000000000000000e+00 0.000000000000000000e+00 0.000000000000000000e+00
0.000000000000000000e+00 0.000000000000000000e+00 0.000000000000000000e+00 0.000000000000000000e+00 0.000000000000000000e+00
0.000000000000000000e+00 0.000000000000000000e+00 0.000000000000000000e+00 0.000000000000000000e+00 0.000000000000000000e+00
0.000000000000000000e+00 0.000000000000000000e+00 0.000000000000000000e+00 0.000000000000000000e+00 0.000000000000000000e+00
0.000000000000000000e+00 0.000000000000000000e+00 0.000000000000000000e+00 0.000000000000000000e+00 0.000000000000000000e+00
0.000000000000000000e+00 0.000000000000000000e+00 0.000000000000000000e+00 0.000000000000000000e+00 0.000000000000000000e+00
0.000000000000000000e+00 0.000000000000000000e+00 0.000000000000000000e+00 0.000000000000000000e+00 0.000000000000000000e+00
0.000000000000000000e+00 0.000000000000000000e+00 0.000000000000000000e+00 0.000000000000000000e+00 0.000000000000000000e+00
0.000000000000000000e+00 0.000000000000000000e+00 0.000000000000000000e+00 0.000000000000000000e+00 0.000000000000000000e+00
0.000000000000000000e+00 0.000000000000000000e+00 0.000000000000000000e+00 0.000000000000000000e+00 0.000000000000000000e+00
0.000000000000000000e+00 0.000000000000000000e+00 0.000000000000000000e+00 0.000000000000000000e+00 0.000000000000000000e+00
