0.000000000000000000e+00 0.000000000000000000e+00 1.000000000000000000e+00 0.000000000000000000e+00 0.000000000000000000e+00
-5.170868039131164551e-01 8.305711746215820312e-01 1.000000000000000000e+00 0.000000000000000000e+00 0.000000000000000000e+00
-7.688709348440170288e-02 3.054682612419128418e-01 1.000000000000000000e+00 0.000000000000000000e+00 0.000000000000000000e+00
6.193656921386718750e-01 8.297491073608398438e-01 1.000000000000000000e+00 0.000000000000000000e+00 0.000000000000000000e+00
2.465349882841110229e-01 1.690096855163574219e-01 0.000000000000000000e+00 1.000000000000000000e+00 0.000000000000000000e+00
-6.885093450546264648e-02 -1.246275067329406738e+00 1.000000000000000000e+00 0.000000000000000000e+00 0.000000000000000000e+00
-7.433091402053833008e-01 7.681457996368408203e-01 1.000000000000000000e+00 0.000000000000000000e+00 0.000000000000000000e+00
-2.710128426551818848e-01 1.749520748853683472e-01 1.000000000000000000e+00 0.000000000000000000e+00 0.000000000000000000e+00
-2.930178642272949219e-01 5.246968567371368408e-02 0.000000000000000000e+00 1.000000000000000000e+00 0.000000000000000000e+00
1.797193288803100586e-01 -8.308838605880737305e-01 1.000000000000000000e+00 0.000000000000000000e+00 0.000000000000000000e+00
8.088483810424804688e-01 -2.365642189979553223e-01 1.000000000000000000e+00 0.000000000000000000e+00 0.000000000000000000e+00
4.933275580406188965e-01 -2.366960495710372925e-01 0.000000000000000000e+00 1.000000000000000000e+00 0.000000000000000000e+00
3.628760576248168945e-01 -2.218146771192550659e-01 1.000000000000000000e+00 0.000000000000000000e+00 0.000000000000000000e+00
-1.897692084312438965e-01 1.103337526321411133e+00 1.000000000000000000e+00 0.000000000000000000e+00 0.000000000000000000e+00
-9.839324653148651123e-02 2.854287624359130859e-01 1.000000000000000000e+00 0.000000000000000000e+00 0.000000000000000000e+00
-1.092762351036071777e-01 1.423464417457580566e-01 0.000000000000000000e+00 1.000000000000000000e+00 0.000000000000000000e+00
4.644530415534973145e-01 -1.597617149353027344e+00 1.000000000000000000e+00 0.000000000000000000e+00 0.000000000000000000e+00
4.108883440494537354e-01 -6.061321496963500977e-02 1.000000000000000000e+00 0.000000000000000000e+00 0.000000000000000000e+00
1.515743583440780640e-01 1.171056926250457764e-01 1.000000000000000000e+00 0.000000000000000000e+00 0.000000000000000000e+00
-9.846659749746322632e-02 1.391787409782409668e+00 1.000000000000000000e+00 0.000000000000000000e+00 0.000000000000000000e+00
-6.870737671852111816e-02 2.002619504928588867e-01 1.000000000000000000e+00 0.000000000000000000e+00 0.000000000000000000e+00
-1.069510132074356079e-01 9.319719672203063965e-02 0.000000000000000000e+00 1.000000000000000000e+00 0.000000000000000000e+00
-6.571416854858398438e-01 -9.807139039039611816e-01 1.000000000000000000e+00 0.000000000000000000e+00 0.000000000000000000e+00
7.688204646110534668e-01 -1.256335079669952393e-01 1.000000000000000000e+00 0.000000000000000000e+00 0.000000000000000000e+00
5.209827423095703125e-01 -1.767915040254592896e-01 0.000000000000000000e+00 1.000000000000000000e+00 0.000000000000000000e+00
1.453696042299270630e-01 -4.644127488136291504e-01 1.000000000000000000e+00 0.000000000000000000e+00 0.000000000000000000e+00
-1.582125127315521240e-01 1.057944178581237793e+00 1.000000000000000000e+00 0.000000000000000000e+00 0.000000000000000000e+00
-7.780606299638748169e-02 2.182983458042144775e-01 0.000000000000000000e+00 1.000000000000000000e+00 0.000000000000000000e+00
4.014608860015869141e-01 -1.409097433090209961e+00 1.000000000000000000e+00 0.000000000000000000e+00 0.000000000000000000e+00
4.149723649024963379e-01 -2.741475403308868408e-02 1.000000000000000000e+00 0.000000000000000000e+00 0.000000000000000000e+00
1.377799361944198608e-01 1.385161876678466797e-01 1.000000000000000000e+00 0.000000000000000000e+00 0.000000000000000000e+00
-1.066036075353622437e-01 1.502126932144165039e+00 1.000000000000000000e+00 0.000000000000000000e+00 0.000000000000000000e+00
-7.018212229013442993e-02 2.157642841339111328e-01 1.000000000000000000e+00 0.000000000000000000e+00 0.000000000000000000e+00
-1.099209487438201904e-01 1.015101671218872070e-01 1.000000000000000000e+00 0.000000000000000000e+00 0.000000000000000000e+00
-1.813168674707412720e-01 3.333678096532821655e-02 0.000000000000000000e+00 1.000000000000000000e+00 0.000000000000000000e+00
-1.232516169548034668e+00 -8.856826424598693848e-01 1.000000000000000000e+00 0.000000000000000000e+00 0.000000000000000000e+00
1.019710302352905273e+00 -7.200624048709869385e-02 1.000000000000000000e+00 0.000000000000000000e+00 0.000000000000000000e+00
7.566421627998352051e-01 8.673085272312164307e-02 0.000000000000000000e+00 1.000000000000000000e+00 0.000000000000000000e+00
-1.771198034286499023e+00 -1.178111314773559570e+00 0.000000000000000000e+00 0.000000000000000000e+00 1.000000000000000000e+00
-6.105606555938720703e-01 1.083120703697204590e+00 0.000000000000000000e+00 0.000000000000000000e+00 1.000000000000000000e+00
-1.378476142883300781e+00 -2.919198870658874512e-01 0.000000000000000000e+00 0.000000000000000000e+00 1.000000000000000000e+00
-1.069601655006408691e+00 -2.215864062309265137e-01 0.000000000000000000e+00 0.000000000000000000e+00 1.000000000000000000e+00
-1.127849102020263672e+00 -2.144999504089355469e-01 0.000000000000000000e+00 0.000000000000000000e+00 1.000000000000000000e+00
-1.059422731399536133e+00 -2.207860350608825684e-01 0.000000000000000000e+00 0.000000000000000000e+00 1.000000000000000000e+00
-1.032619237899780273e+00 -2.351639866828918457e-01 0.000000000000000000e+00 0.000000000000000000e+00 1.000000000000000000e+00
-1.017134785652160645e+00 -2.314667105674743652e-01 0.000000000000000000e+00 0.000000000000000000e+00 1.000000000000000000e+00
-1.013772845268249512e+00 -2.337847948074340820e-01 0.000000000000000000e+00 0.000000000000000000e+00 1.000000000000000000e+00
-1.001742601394653320e+00 -2.422772049903869629e-01 0.000000000000000000e+00 0.000000000000000000e+00 1.000000000000000000e+00
-9.857643842697143555e-01 -2.444486021995544434e-01 0.000000000000000000e+00 0.000000000000000000e+00 1.000000000000000000e+00
-9.684809446334838867e-01 -2.366442680358886719e-01 0.000000000000000000e+00 0.000000000000000000e+00 1.000000000000000000e+00
-9.524209499359130859e-01 -2.271327376365661621e-01 0.000000000000000000e+00 0.000000000000000000e+00 1.000000000000000000e+00
-9.439274072647094727e-01 -2.208430767059326172e-01 0.000000000000000000e+00 0.000000000000000000e+00 1.000000000000000000e+00
-9.434753656387329102e-01 -2.203073501586914062e-01 0.000000000000000000e+00 0.000000000000000000e+00 1.000000000000000000e+00
-9.418176412582397461e-01 -2.230879664421081543e-01 0.000000000000000000e+00 0.000000000000000000e+00 1.000000000000000000e+00
-9.388911724090576172e-01 -2.266255021095275879e-01 0.000000000000000000e+00 0.000000000000000000e+00 1.000000000000000000e+00
-9.324741363525390625e-01 -2.301687598228454590e-01 0.000000000000000000e+00 0.000000000000000000e+00 1.000000000000000000e+00
-9.236105680465698242e-01 -2.326905727386474609e-01 0.000000000000000000e+00 0.000000000000000000e+00 1.000000000000000000e+00
-9.139323234558105469e-01 -2.331704497337341309e-01 0.000000000000000000e+00 0.000000000000000000e+00 1.000000000000000000e+00
-9.047412872314453125e-01 -2.333529591560363770e-01 0.000000000000000000e+00 0.000000000000000000e+00 1.000000000000000000e+00
-8.981269598007202148e-01 -2.350199818611145020e-01 0.000000000000000000e+00 0.000000000000000000e+00 1.000000000000000000e+00
-8.942226171493530273e-01 -2.354135513305664062e-01 0.000000000000000000e+00 0.000000000000000000e+00 1.000000000000000000e+00
-8.881151676177978516e-01 -2.319683432579040527e-01 0.000000000000000000e+00 0.000000000000000000e+00 1.000000000000000000e+00
0.000000000000000000e+00 0.000000000000000000e+00 0.000000000000000000e+00 0.000000000000000000e+00 0.000000000000000000e+00
0.000000000000000000e+00 0.000000000000000000e+00 0.000000000000000000e+00 0.000000000000000000e+00 0.000000000000000000e+00
0.000000000000000000e+00 0.000000000000000000e+00 0.000000000000000000e+00 0.000000000000000000e+00 0.000000000000000000e+00
0.000000000000000000e+00 0.000000000000000000e+00 0.000000000000000000e+00 0.000000000000000000e+00 0.000000000000000000e+00
0.000000000000000000e+00 0.000000000000000000e+00 0.000000000000000000e+00 0.000000000000000000e+00 0.000000000000000000e+00
0.000000000000000000e+00 0.000000000000000000e+00 0.000000000000000000e+00 0.000000000000000000e+00 0.000000000000000000e+00
0.000000000000000000e+00 0.000000000000000000e+00 0.000000000000000000e+00 0.000000000000000000e+00 0.000000000000000000e+00
0.000000000000000000e+00 0.000000000000000000e+00 0.000000000000000000e+00 0.000000000000000000e+00 0.000000000000000000e+00
0.000000000000000000e+00 0.000000000000000000e+00 0.000000000000000000e+00 0.000000000000000000e+00 0.000000000000000000e+00
0.000000000000000000e+00 0.000000000000000000e+00 0.000000000000000000e+00 0.000000000000000000e+00 0.000000000000000000e+00
0.000000000000000000e+00 0.000000000000000000e+00 0.000000000000000000e+00 0.000000000000000000e+00 0.000000000000000000e+00
0.000000000000000000e+00 0.000000000000000000e+00 0.000000000000000000e+00 0.000000000000000000e+00 0.000000000000000000e+00
0.000000000000000000e+00 0.000000000000000000e+00 0.000000000000000000e+00 0.000000000000000000e+00 0.000000000000000000e+00
0.000000000000000000e+00 0.000000000000000000e+00 0.000000000000000000e+00 0.000000000000000000e+00 0.000000000000000000e+00
0.000000000000000000e+00 0.000000000000000000e+00 0.000000000000000000e+00 0.000000000000000000e+00 0.000000000000000000e+00
0.000000000000000000e+00 0.000000000000000000e+00 0.000000000000000000e+00 0.000000000000000000e+00 0.000000000000000000e+00
0.000000000000000000e+00 0.000000000000000000e+00 0.000000000000000000e+00 0.000000000000000000e+00 0.000000000000000000e+00
0.000000000000000000e+00 0.000000000000000000e+00 0.000000000000000000e+00 0.000000000000000000e+00 0.000000000000000000e+00
0.000000000000000000e+00 0.000000000000000000e+00 0.000000000000000000e+00 0.000000000000000000e+00 0.000000000000000000e+00
0.000000000000000000e+00 0.000000000000000000e+00 0.000000000000000000e+00 0.000000000000000000e+00 0.000000000000000000e+00
0.000000000000000000e+00 0.000000000000000000e+00 0.000000000000000000e+00 0.000000000000000000e+00 0.000000000000000000e+00
0.000000000000000000e+00 0.000000000000000000e+00 0.000000000000000000e+00 0.000000000000000000e+00 0.000000000000000000e+00
0.000000000000000000e+00 0.000000000000000000e+00 0.000000000000000000e+00 0.000000000000000000e+00 0.000000000000000000e+00
0.000000000000000000e+00 0.000000000000000000e+00 0.000000000000000000e+00 0.000000000000000000e+00 0.000000000000000000e+00
0.000000000000000000e+00 0.000000000000000000e+00 0.000000000000000000e+00 0.000000000000000000e+00 0.000000000000000000e+00
0.000000000000000000e+00 0.000000000000000000e+00 0.000000000000000000e+00 0.000000000000000000e+00 0.000000000000000000e+00
0.000000000000000000e+00 0.000000000000000000e+00 0.000000000000000000e+00 0.000000000000000000e+00 0.000000000000000000e+00
0.000000000000000000e+00 0.000000000000000000e+00 0.000000000000000000e+00 0.000000000000000000e+00 0.000000000000000000e+00
0.000000000000000000e+00 0.000000000000000000e+00 0.000000000000000000e+00 0.000000000000000000e+00 0.000000000000000000e+00
0.000000000000000000e+00 0.000000000000000000e+00 0.000000000000000000e+00 0.000000000000000000e+00 0.000000000000000000e+00
0.000000000000000000e+00 0.000000000000000000e+00 0.000000000000000000e+00 0.000000000000000000e+00 0.000000000000000000e+00
0.000000000000000000e+00 0.000000000000000000e+00 0.000000000000000000e+00 0.000000000000000000e+00 0.000000000000000000e+00
0.000000000000000000e+00 0.000000000000000000e+00 0.000000000000000000e+00 0.000000000000000000e+00 0.000000000000000000e+00
0.000000000000000000e+00 0.000000000000000000e+00 0.000000000000000000e+00 0.000000000000000000e+00 0.000000000000000000e+00
0.000000000000000000e+00 0.000000000000000000e+00 0.000000000000000000e+00 0.000000000000000000e+00 0.000000000000000000e+00
0.000000000000000000e+00 0.000000000000000000e+00 0.000000000000000000e+00 0.000000000000000000e+00 0.000000000000000000e+00
0.000000000000000000e+00 0.000000000000000000e+00 0.000000000000000000e+00 0.000000000000000000e+00 0.000000000000000000e+00
0.000000000000000000e+00 0.000000000000000000e+00 0.000000000000000000e+00 0.000000000000000000e+00 0.000000000000000000e+00
0.000000000000000000e+00 0.000000000000000000e+00 0.000000000000000000e+00 0.000000000000000000e+00 0.000000000000000000e+00
0.000000000000000000e+00 0.000000000000000000e+00 0.000000000000000000e+00 0.000000000000000000e+00 0.000000000000000000e+00
0.000000000000000000e+00 0.000000000000000000e+00 0.000000000000000000e+00 0.000000000000000000e+00 0.000000000000000000e+00
0.000000000000000000e+00 0.000000000000000000e+00 0.000000000000000000e+00 0.000000000000000000e+00 0.000000000000000000e+00
0.000000000000000000e+00 0.000000000000000000e+00 0.000000000000000000e+00 0.000000000000000000e+00 0.000000000000000000e+00
0.000000000000000000e+00 0.000000000000000000e+00 0.000000000000000000e+00 0.000000000000000000e+00 0.000000000000000000e+00
0.000000000000000000e+00 0.000000000000000000e+00 0.000000000000000000e+00 0.000000000000000000e+00 0.000000000000000000e+00
0.000000000000000000e+00 0.000000000000000000e+00 0.000000000000000000e+00 0.000000000000000000e+00 0.000000000000000000e+00
0.000000000000000000e+00 0.000000000000000000e+00 0.000000000000000000e+00 0.000000000000000000e+00 0.000000000000000000e+00
0.000000000000000000e+00 0.000000000000000000e+00 0.000000000000000000e+00 0.000000000000000000e+00 0.000000000000000000e+00
0.000000000000000000e+00 0.000000000000000000e+00 0.000000000000000000e+00 0.000000000000000000e+00 0.000000000000000000e+00
0.000000000000000000e+00 0.000000000000000000e+00 0.000000000000000000e+00 0.000000000000000000e+00 0.000000000000000000e+00
0.000000000000000000e+00 0.000000000000000000e+00 0.000000000000000000e+00 0.000000000000000000e+00 0.000000000000000000e+00
0.000000000000000000e+00 0.000000000000000000e+00 0.000000000000000000e+00 0.000000000000000000e+00 0.000000000000000000e+00
0.000000000000000000e+00 0.000000000000000000e+00 0.000000000000000000e+00 0.000000000000000000e+00 0.000000000000000000e+00
0.000000000000000000e+00 0.000000000000000000e+00 0.000000000000000000e+00 0.000000000000000000e+00 0.000000000000000000e+00
0.000000000000000000e+00 0.000000000000000000e+00 0.000000000000000000e+00 0.000000000000000000e+00 0.000000000000000000e+00
0.000000000000000000e+00 0.000000000000000000e+00 0.000000000000000000e+00 0.000000000000000000e+00 0.000000000000000000e+00
0.000000000000000000e+00 0.000000000000000000e+00 0.000000000000000000e+00 0.000000000000000000e+00 0.000000000000000000e+00
0.000000000000000000e+00 0.000000000000000000e+00 0.000000000000000000e+00 0.000000000000000000e+00 0.000000000000000000e+00
0.000000000000000000e+00 0.000000000000000000e+00 0.000000000000000000e+00 0.000000000000000000e+00 0.000000000000000000e+00
