0.000000000000000000e+00 0.000000000000000000e+00 1.000000000000000000e+00 0.000000000000000000e+00 0.000000000000000000e+00
-6.318427920341491699e-01 1.003520369529724121e+00 1.000000000000000000e+00 0.000000000000000000e+00 0.000000000000000000e+00
-9.470953792333602905e-02 3.606440126895904541e-01 1.000000000000000000e+00 0.000000000000000000e+00 0.000000000000000000e+00
6.994651556015014648e-01 9.358460903167724609e-01 1.000000000000000000e+00 0.000000000000000000e+00 0.000000000000000000e+00
2.762326598167419434e-01 1.900611966848373413e-01 0.000000000000000000e+00 1.000000000000000000e+00 0.000000000000000000e+00
-2.048727869987487793e-02 -1.423158526420593262e+00 1.000000000000000000e+00 0.000000000000000000e+00 0.000000000000000000e+00
-1.923100948333740234e-01 7.870749384164810181e-02 1.000000000000000000e+00 0.000000000000000000e+00 0.000000000000000000e+00
-8.646337985992431641e-01 9.655611515045166016e-01 1.000000000000000000e+00 0.000000000000000000e+00 0.000000000000000000e+00
-3.261349797248840332e-01 2.158808261156082153e-01 1.000000000000000000e+00 0.000000000000000000e+00 0.000000000000000000e+00
-3.488063216209411621e-01 5.666336417198181152e-02 0.000000000000000000e+00 1.000000000000000000e+00 0.000000000000000000e+00
2.642305791378021240e-01 -1.111713171005249023e+00 1.000000000000000000e+00 0.000000000000000000e+00 0.000000000000000000e+00
9.882580637931823730e-01 -2.747852802276611328e-01 1.000000000000000000e+00 0.000000000000000000e+00 0.000000000000000000e+00
5.666680335998535156e-01 -2.651593685150146484e-01 0.000000000000000000e+00 1.000000000000000000e+00 0.000000000000000000e+00
6.441710591316223145e-01 -6.167815327644348145e-01 1.000000000000000000e+00 0.000000000000000000e+00 0.000000000000000000e+00
6.981356143951416016e-01 -1.648037731647491455e-01 1.000000000000000000e+00 0.000000000000000000e+00 0.000000000000000000e+00
2.897007167339324951e-01 -1.709203422069549561e-01 0.000000000000000000e+00 1.000000000000000000e+00 0.000000000000000000e+00
-3.075666427612304688e-01 -2.262045592069625854e-01 1.000000000000000000e+00 0.000000000000000000e+00 0.000000000000000000e+00
-3.265074491500854492e-01 9.370169639587402344e-01 1.000000000000000000e+00 0.000000000000000000e+00 0.000000000000000000e+00
-1.933301985263824463e-01 3.129398226737976074e-01 0.000000000000000000e+00 1.000000000000000000e+00 0.000000000000000000e+00
-3.465788960456848145e-01 8.185368776321411133e-02 1.000000000000000000e+00 0.000000000000000000e+00 0.000000000000000000e+00
9.409965276718139648e-01 -1.597826480865478516e-01 1.000000000000000000e+00 0.000000000000000000e+00 0.000000000000000000e+00
4.739339649677276611e-01 -1.952151507139205933e-01 0.000000000000000000e+00 1.000000000000000000e+00 0.000000000000000000e+00
-4.879990965127944946e-02 -3.428272604942321777e-01 1.000000000000000000e+00 0.000000000000000000e+00 0.000000000000000000e+00
-1.244615554809570312e+00 1.264560699462890625e+00 1.000000000000000000e+00 0.000000000000000000e+00 0.000000000000000000e+00
-7.445101737976074219e-01 5.850000381469726562e-01 1.000000000000000000e+00 0.000000000000000000e+00 0.000000000000000000e+00
-2.799506783485412598e-01 1.214761957526206970e-01 0.000000000000000000e+00 1.000000000000000000e+00 0.000000000000000000e+00
1.375690817832946777e+00 -6.957872509956359863e-01 1.000000000000000000e+00 0.000000000000000000e+00 0.000000000000000000e+00
3.368453681468963623e-02 6.421234011650085449e-01 1.000000000000000000e+00 0.000000000000000000e+00 0.000000000000000000e+00
1.077668890357017517e-01 1.702346503734588623e-01 1.000000000000000000e+00 0.000000000000000000e+00 0.000000000000000000e+00
3.105615675449371338e-01 1.426833719015121460e-01 1.000000000000000000e+00 0.000000000000000000e+00 0.000000000000000000e+00
4.586158394813537598e-01 -3.373764455318450928e-02 1.000000000000000000e+00 0.000000000000000000e+00 0.000000000000000000e+00
3.016369044780731201e-01 -1.841247081756591797e-01 1.000000000000000000e+00 0.000000000000000000e+00 0.000000000000000000e+00
6.794394552707672119e-02 -1.638689190149307251e-01 1.000000000000000000e+00 0.000000000000000000e+00 0.000000000000000000e+00
-6.523950397968292236e-02 -1.794219464063644409e-01 1.000000000000000000e+00 0.000000000000000000e+00 0.000000000000000000e+00
-2.396843433380126953e-01 -1.340627074241638184e-01 1.000000000000000000e+00 0.000000000000000000e+00 0.000000000000000000e+00
-3.380279839038848877e-01 2.632769942283630371e-02 1.000000000000000000e+00 0.000000000000000000e+00 0.000000000000000000e+00
-3.531527221202850342e-01 1.877973079681396484e-01 0.000000000000000000e+00 1.000000000000000000e+00 0.000000000000000000e+00
-6.376427412033081055e-01 -1.541719436645507812e+00 0.000000000000000000e+00 0.000000000000000000e+00 1.000000000000000000e+00
-6.910750865936279297e-01 2.137860059738159180e-01 0.000000000000000000e+00 0.000000000000000000e+00 1.000000000000000000e+00
-1.080281257629394531e+00 -4.381671547889709473e-01 0.000000000000000000e+00 0.000000000000000000e+00 1.000000000000000000e+00
-8.385217189788818359e-01 -2.775880098342895508e-01 0.000000000000000000e+00 0.000000000000000000e+00 1.000000000000000000e+00
-8.804051876068115234e-01 -3.221073746681213379e-01 0.000000000000000000e+00 0.000000000000000000e+00 1.000000000000000000e+00
-8.510504961013793945e-01 -3.211982846260070801e-01 0.000000000000000000e+00 0.000000000000000000e+00 1.000000000000000000e+00
-8.391293287277221680e-01 -2.962401509284973145e-01 0.000000000000000000e+00 0.000000000000000000e+00 1.000000000000000000e+00
-8.263154029846191406e-01 -2.870791554450988770e-01 0.000000000000000000e+00 0.000000000000000000e+00 1.000000000000000000e+00
-8.186981678009033203e-01 -2.878141999244689941e-01 0.000000000000000000e+00 0.000000000000000000e+00 1.000000000000000000e+00
-8.101409673690795898e-01 -2.905991673469543457e-01 0.000000000000000000e+00 0.000000000000000000e+00 1.000000000000000000e+00
-8.005907535552978516e-01 -2.833635210990905762e-01 0.000000000000000000e+00 0.000000000000000000e+00 1.000000000000000000e+00
-7.938364744186401367e-01 -2.736117243766784668e-01 0.000000000000000000e+00 0.000000000000000000e+00 1.000000000000000000e+00
-7.865905761718750000e-01 -2.639772295951843262e-01 0.000000000000000000e+00 0.000000000000000000e+00 1.000000000000000000e+00
-7.781456708908081055e-01 -2.552317380905151367e-01 0.000000000000000000e+00 0.000000000000000000e+00 1.000000000000000000e+00
-7.664990425109863281e-01 -2.554119229316711426e-01 0.000000000000000000e+00 0.000000000000000000e+00 1.000000000000000000e+00
-7.578661441802978516e-01 -2.594129443168640137e-01 0.000000000000000000e+00 0.000000000000000000e+00 1.000000000000000000e+00
-7.497001886367797852e-01 -2.656210064888000488e-01 0.000000000000000000e+00 0.000000000000000000e+00 1.000000000000000000e+00
-7.430620193481445312e-01 -2.726151347160339355e-01 0.000000000000000000e+00 0.000000000000000000e+00 1.000000000000000000e+00
-7.369410991668701172e-01 -2.776013612747192383e-01 0.000000000000000000e+00 0.000000000000000000e+00 1.000000000000000000e+00
-7.296763658523559570e-01 -2.786629796028137207e-01 0.000000000000000000e+00 0.000000000000000000e+00 1.000000000000000000e+00
-7.225122451782226562e-01 -2.766653299331665039e-01 0.000000000000000000e+00 0.000000000000000000e+00 1.000000000000000000e+00
-7.141938209533691406e-01 -2.764614224433898926e-01 0.000000000000000000e+00 0.000000000000000000e+00 1.000000000000000000e+00
-7.053768634796142578e-01 -2.806969285011291504e-01 0.000000000000000000e+00 0.000000000000000000e+00 1.000000000000000000e+00
0.000000000000000000e+00 0.000000000000000000e+00 0.000000000000000000e+00 0.000000000000000000e+00 0.000000000000000000e+00
0.000000000000000000e+00 0.000000000000000000e+00 0.000000000000000000e+00 0.000000000000000000e+00 0.000000000000000000e+00
0.000000000000000000e+00 0.000000000000000000e+00 0.000000000000000000e+00 0.000000000000000000e+00 0.000000000000000000e+00
0.000000000000000000e+00 0.000000000000000000e+00 0.000000000000000000e+00 0.000000000000000000e+00 0.000000000000000000e+00
0.000000000000000000e+00 0.000000000000000000e+00 0.000000000000000000e+00 0.000000000000000000e+00 0.000000000000000000e+00
0.000000000000000000e+00 0.000000000000000000e+00 0.000000000000000000e+00 0.000000000000000000e+00 0.000000000000000000e+00
0.000000000000000000e+00 0.000000000000000000e+00 0.000000000000000000e+00 0.000000000000000000e+00 0.000000000000000000e+00
0.000000000000000000e+00 0.000000000000000000e+00 0.000000000000000000e+00 0.000000000000000000e+00 0.000000000000000000e+00
0.000000000000000000e+00 0.000000000000000000e+00 0.000000000000000000e+00 0.000000000000000000e+00 0.000000000000000000e+00
0.000000000000000000e+00 0.000000000000000000e+00 0.000000000000000000e+00 0.000000000000000000e+00 0.000000000000000000e+00
0.000000000000000000e+00 0.000000000000000000e+00 0.000000000000000000e+00 0.000000000000000000e+00 0.000000000000000000e+00
0.000000000000000000e+00 0.000000000000000000e+00 0.000000000000000000e+00 0.000000000000000000e+00 0.000000000000000000e+00
0.000000000000000000e+00 0.000000000000000000e+00 0.000000000000000000e+00 0.000000000000000000e+00 0.000000000000000000e+00
0.000000000000000000e+00 0.000000000000000000e+00 0.000000000000000000e+00 0.000000000000000000e+00 0.000000000000000000e+00
0.000000000000000000e+00 0.000000000000000000e+00 0.000000000000000000e+00 0.000000000000000000e+00 0.000000000000000000e+00
0.000000000000000000e+00 0.000000000000000000e+00 0.000000000000000000e+00 0.000000000000000000e+00 0.000000000000000000e+00
0.000000000000000000e+00 0.000000000000000000e+00 0.000000000000000000e+00 0.000000000000000000e+00 0.000000000000000000e+00
0.000000000000000000e+00 0.000000000000000000e+00 0.000000000000000000e+00 0.000000000000000000e+00 0.000000000000000000e+00
0.000000000000000000e+00 0.000000000000000000e+00 0.000000000000000000e+00 0.000000000000000000e+00 0.000000000000000000e+00
0.000000000000000000e+00 0.000000000000000000e+00 0.000000000000000000e+00 0.000000000000000000e+00 0.000000000000000000e+00
0.000000000000000000e+00 0.000000000000000000e+00 0.000000000000000000e+00 0.000000000000000000e+00 0.000000000000000000e+00
0.000000000000000000e+00 0.000000000000000000e+00 0.000000000000000000e+00 0.000000000000000000e+00 0.000000000000000000e+00
0.000000000000000000e+00 0.000000000000000000e+00 0.000000000000000000e+00 0.000000000000000000e+00 0.000000000000000000e+00
0.000000000000000000e+00 0.000000000000000000e+00 0.000000000000000000e+00 0.000000000000000000e+00 0.000000000000000000e+00
0.000000000000000000e+00 0.000000000000000000e+00 0.000000000000000000e+00 0.000000000000000000e+00 0.000000000000000000e+00
0.000000000000000000e+00 0.000000000000000000e+00 0.000000000000000000e+00 0.000000000000000000e+00 0.000000000000000000e+00
0.000000000000000000e+00 0.000000000000000000e+00 0.000000000000000000e+00 0.000000000000000000e+00 0.000000000000000000e+00
0.000000000000000000e+00 0.000000000000000000e+00 0.000000000000000000e+00 0.000000000000000000e+00 0.000000000000000000e+00
0.000000000000000000e+00 0.000000000000000000e+00 0.000000000000000000e+00 0.000000000000000000e+00 0.000000000000000000e+00
0.000000000000000000e+00 0.000000000000000000e+00 0.000000000000000000e+00 0.000000000000000000e+00 0.000000000000000000e+00
0.000000000000000000e+00 0.000000000000000000e+00 0.000000000000000000e+00 0.000000000000000000e+00 0.000000000000000000e+00
0.000000000000000000e+00 0.000000000000000000e+00 0.000000000000000000e+00 0.000000000000000000e+00 0.000000000000000000e+00
0.000000000000000000e+00 0.000000000000000000e+00 0.000000000000000000e+00 0.000000000000000000e+00 0.000000000000000000e+00
0.000000000000000000e+00 0.000000000000000000e+00 0.000000000000000000e+00 0.000000000000000000e+00 0.000000000000000000e+00
0.000000000000000000e+00 0.000000000000000000e+00 0.000000000000000000e+00 0.000000000000000000e+00 0.000000000000000000e+00
0.000000000000000000e+00 0.000000000000000000e+00 0.000000000000000000e+00 0.000000000000000000e+00 0.000000000000000000e+00
0.000000000000000000e+00 0.000000000000000000e+00 0.000000000000000000e+00 0.000000000000000000e+00 0.000000000000000000e+00
0.000000000000000000e+00 0.000000000000000000e+00 0.000000000000000000e+00 0.000000000000000000e+00 0.000000000000000000e+00
0.000000000000000000e+00 0.000000000000000000e+00 0.000000000000000000e+00 0.000000000000000000e+00 0.000000000000000000e+00
0.000000000000000000e+00 0.000000000000000000e+00 0.000000000000000000e+00 0.000000000000000000e+00 0.000000000000000000e+00
0.000000000000000000e+00 0.000000000000000000e+00 0.000000000000000000e+00 0.000000000000000000e+00 0.000000000000000000e+00
0.000000000000000000e+00 0.000000000000000000e+00 0.000000000000000000e+00 0.000000000000000000e+00 0.000000000000000000e+00
0.000000000000000000e+00 0.000000000000000000e+00 0.000000000000000000e+00 0.000000000000000000e+00 0.000000000000000000e+00
0.000000000000000000e+00 0.000000000000000000e+00 0.000000000000000000e+00 0.000000000000000000e+00 0.000000000000000000e+00
0.000000000000000000e+00 0.000000000000000000e+00 0.000000000000000000e+00 0.000000000000000000e+00 0.000000000000000000e+00
0.000000000000000000e+00 0.000000000000000000e+00 0.000000000000000000e+00 0.000000000000000000e+00 0.000000000000000000e+00
0.000000000000000000e+00 0.000000000000000000e+00 0.000000000000000000e+00 0.000000000000000000e+00 0.000000000000000000e+00
0.000000000000000000e+00 0.000000000000000000e+00 0.000000000000000000e+00 0.000000000000000000e+00 0.000000000000000000e+00
0.000000000000000000e+00 0.000000000000000000e+00 0.000000000000000000e+00 0.000000000000000000e+00 0.000000000000000000e+00
0.000000000000000000e+00 0.000000000000000000e+00 0.000000000000000000e+00 0.000000000000000000e+00 0.000000000000000000e+00
0.000000000000000000e+00 0.000000000000000000e+00 0.000000000000000000e+00 0.000000000000000000e+00 0.000000000000000000e+00
0.000000000000000000e+00 0.000000000000000000e+00 0.000000000000000000e+00 0.000000000000000000e+00 0.000000000000000000e+00
0.000000000000000000e+00 0.000000000000000000e+00 0.000000000000000000e+00 0.000000000000000000e+00 0.000000000000000000e+00
0.000000000000000000e+00 0.000000000000000000e+00 0.000000000000000000e+00 0.000000000000000000e+00 0.000000000000000000e+00
0.000000000000000000e+00 0.000000000000000000e+00 0.000000000000000000e+00 0.000000000000000000e+00 0.000000000000000000e+00
0.000000000000000000e+00 0.000000000000000000e+00 0.000000000000000000e+00 0.000000000000000000e+00 0.000000000000000000e+00
0.000000000000000000e+00 0.000000000000000000e+00 0.000000000000000000e+00 0.000000000000000000e+00 0.000000000000000000e+00
0.000000000000000000e+00 0.000000000000000000e+00 0.000000000000000000e+00 0.000000000000000000e+00 0.000000000000000000e+00
0.000000000000000000e+00 0.000000000000000000e+00 0.000000000000000000e+00 0.000000000000000000e+00 0.000000000000000000e+00
0.000000000000000000e+00 0.000000000000000000e+00 0.000000000000000000e+00 0.000000000000000000e+00 0.000000000000000000e+00
0.000000000000000000e+00 0.000000000000000000e+00 0.000000000000000000e+00 0.000000000000000000e+00 0.000000000000000000e+00
