0.000000000000000000e+00 0.000000000000000000e+00 1.000000000000000000e+00 0.000000000000000000e+00 0.000000000000000000e+00
2.361785322427749634e-01 8.582188934087753296e-02 1.000000000000000000e+00 0.000000000000000000e+00 0.000000000000000000e+00
3.077530860900878906e-02 1.428287178277969360e-01 0.000000000000000000e+00 1.000000000000000000e+00 0.000000000000000000e+00
-4.308179914951324463e-01 7.040988802909851074e-01 1.000000000000000000e+00 0.000000000000000000e+00 0.000000000000000000e+00
3.580410182476043701e-01 1.207387670874595642e-01 1.000000000000000000e+00 0.000000000000000000e+00 0.000000000000000000e+00
6.995825469493865967e-02 1.375657916069030762e-01 0.000000000000000000e+00 1.000000000000000000e+00 0.000000000000000000e+00
-3.399110436439514160e-01 9.301742315292358398e-01 1.000000000000000000e+00 0.000000000000000000e+00 0.000000000000000000e+00
7.195485830307006836e-01 -5.953813195228576660e-01 1.000000000000000000e+00 0.000000000000000000e+00 0.000000000000000000e+00
3.086577057838439941e-01 -4.299851655960083008e-01 0.000000000000000000e+00 1.000000000000000000e+00 0.000000000000000000e+00
1.194306373596191406e+00 -1.871586322784423828e+00 1.000000000000000000e+00 0.000000000000000000e+00 0.000000000000000000e+00
2.400938421487808228e-02 1.217586755752563477e+00 1.000000000000000000e+00 0.000000000000000000e+00 0.000000000000000000e+00
-7.517289370298385620e-02 3.096053004264831543e-01 1.000000000000000000e+00 0.000000000000000000e+00 0.000000000000000000e+00
-1.345611810684204102e-01 1.624584197998046875e-01 0.000000000000000000e+00 1.000000000000000000e+00 0.000000000000000000e+00
-4.054739177227020264e-01 -7.297031879425048828e-01 1.000000000000000000e+00 0.000000000000000000e+00 0.000000000000000000e+00
-6.451621055603027344e-01 6.947892308235168457e-01 1.000000000000000000e+00 0.000000000000000000e+00 0.000000000000000000e+00
-1.656184196472167969e-01 3.783995807170867920e-01 0.000000000000000000e+00 1.000000000000000000e+00 0.000000000000000000e+00
2.033378839492797852e+00 -9.307768344879150391e-01 1.000000000000000000e+00 0.000000000000000000e+00 0.000000000000000000e+00
3.375948667526245117e-01 5.467228591442108154e-02 1.000000000000000000e+00 0.000000000000000000e+00 0.000000000000000000e+00
1.757735908031463623e-01 1.702358126640319824e-01 1.000000000000000000e+00 0.000000000000000000e+00 0.000000000000000000e+00
7.106587290763854980e-04 1.415078043937683105e-01 0.000000000000000000e+00 1.000000000000000000e+00 0.000000000000000000e+00
-7.334401011466979980e-01 3.438312411308288574e-01 1.000000000000000000e+00 0.000000000000000000e+00 0.000000000000000000e+00
-1.184375405311584473e+00 1.243559360504150391e+00 1.000000000000000000e+00 0.000000000000000000e+00 0.000000000000000000e+00
-5.657022595405578613e-01 3.986666500568389893e-01 1.000000000000000000e+00 0.000000000000000000e+00 0.000000000000000000e+00
-5.776714086532592773e-01 2.277014255523681641e-01 1.000000000000000000e+00 0.000000000000000000e+00 0.000000000000000000e+00
1.216685175895690918e+00 4.992412328720092773e-01 1.000000000000000000e+00 0.000000000000000000e+00 0.000000000000000000e+00
9.985631704330444336e-01 7.937048673629760742e-01 1.000000000000000000e+00 0.000000000000000000e+00 0.000000000000000000e+00
6.498133391141891479e-02 -3.474090248346328735e-02 0.000000000000000000e+00 1.000000000000000000e+00 0.000000000000000000e+00
-7.432156801223754883e-02 -1.614228725433349609e+00 1.000000000000000000e+00 0.000000000000000000e+00 0.000000000000000000e+00
-1.247085928916931152e+00 1.067421317100524902e+00 1.000000000000000000e+00 0.000000000000000000e+00 0.000000000000000000e+00
-5.139968991279602051e-01 2.713543176651000977e-01 1.000000000000000000e+00 0.000000000000000000e+00 0.000000000000000000e+00
-7.080625891685485840e-01 1.264357715845108032e-01 0.000000000000000000e+00 1.000000000000000000e+00 0.000000000000000000e+00
-4.197096824645996094e-01 -1.308432459831237793e+00 1.000000000000000000e+00 0.000000000000000000e+00 0.000000000000000000e+00
1.899489402770996094e+00 -2.620518207550048828e-01 1.000000000000000000e+00 0.000000000000000000e+00 0.000000000000000000e+00
1.667544484138488770e+00 2.734152227640151978e-02 0.000000000000000000e+00 1.000000000000000000e+00 0.000000000000000000e+00
-1.633746504783630371e+00 -1.771052837371826172e+00 0.000000000000000000e+00 0.000000000000000000e+00 1.000000000000000000e+00
-2.864389717578887939e-01 1.071799874305725098e+00 0.000000000000000000e+00 0.000000000000000000e+00 1.000000000000000000e+00
-1.044042825698852539e+00 -5.480750203132629395e-01 0.000000000000000000e+00 0.000000000000000000e+00 1.000000000000000000e+00
-7.765895128250122070e-01 -5.224059224128723145e-01 0.000000000000000000e+00 0.000000000000000000e+00 1.000000000000000000e+00
-8.003075122833251953e-01 -4.712163805961608887e-01 0.000000000000000000e+00 0.000000000000000000e+00 1.000000000000000000e+00
-7.688436508178710938e-01 -4.209979176521301270e-01 0.000000000000000000e+00 0.000000000000000000e+00 1.000000000000000000e+00
-7.509962320327758789e-01 -3.545187115669250488e-01 0.000000000000000000e+00 0.000000000000000000e+00 1.000000000000000000e+00
-7.464379072189331055e-01 -2.969571352005004883e-01 0.000000000000000000e+00 0.000000000000000000e+00 1.000000000000000000e+00
-7.427220344543457031e-01 -2.530036568641662598e-01 0.000000000000000000e+00 0.000000000000000000e+00 1.000000000000000000e+00
-7.301540374755859375e-01 -2.462873458862304688e-01 0.000000000000000000e+00 0.000000000000000000e+00 1.000000000000000000e+00
-7.231322526931762695e-01 -2.571843266487121582e-01 0.000000000000000000e+00 0.000000000000000000e+00 1.000000000000000000e+00
-7.170963287353515625e-01 -2.643962502479553223e-01 0.000000000000000000e+00 0.000000000000000000e+00 1.000000000000000000e+00
-7.092310190200805664e-01 -2.656673789024353027e-01 0.000000000000000000e+00 0.000000000000000000e+00 1.000000000000000000e+00
-7.044074535369873047e-01 -2.635083794593811035e-01 0.000000000000000000e+00 0.000000000000000000e+00 1.000000000000000000e+00
-7.031408548355102539e-01 -2.595969438552856445e-01 0.000000000000000000e+00 0.000000000000000000e+00 1.000000000000000000e+00
-7.010034322738647461e-01 -2.515825629234313965e-01 0.000000000000000000e+00 0.000000000000000000e+00 1.000000000000000000e+00
-6.964770555496215820e-01 -2.455677390098571777e-01 0.000000000000000000e+00 0.000000000000000000e+00 1.000000000000000000e+00
-6.928148269653320312e-01 -2.434522509574890137e-01 0.000000000000000000e+00 0.000000000000000000e+00 1.000000000000000000e+00
-6.858816146850585938e-01 -2.447322010993957520e-01 0.000000000000000000e+00 0.000000000000000000e+00 1.000000000000000000e+00
-6.787269115447998047e-01 -2.465377449989318848e-01 0.000000000000000000e+00 0.000000000000000000e+00 1.000000000000000000e+00
-6.737915873527526855e-01 -2.492780089378356934e-01 0.000000000000000000e+00 0.000000000000000000e+00 1.000000000000000000e+00
-6.743426322937011719e-01 -2.504566311836242676e-01 0.000000000000000000e+00 0.000000000000000000e+00 1.000000000000000000e+00
-6.718519926071166992e-01 -2.539619207382202148e-01 0.000000000000000000e+00 0.000000000000000000e+00 1.000000000000000000e+00
-6.638742089271545410e-01 -2.570644617080688477e-01 0.000000000000000000e+00 0.000000000000000000e+00 1.000000000000000000e+00
-6.575874090194702148e-01 -2.577056884765625000e-01 0.000000000000000000e+00 0.000000000000000000e+00 1.000000000000000000e+00
-6.517572402954101562e-01 -2.569307684898376465e-01 0.000000000000000000e+00 0.000000000000000000e+00 1.000000000000000000e+00
-6.472235918045043945e-01 -2.539980411529541016e-01 0.000000000000000000e+00 0.000000000000000000e+00 1.000000000000000000e+00
-6.449667811393737793e-01 -2.486408352851867676e-01 0.000000000000000000e+00 0.000000000000000000e+00 1.000000000000000000e+00
-6.450443267822265625e-01 -2.443180680274963379e-01 0.000000000000000000e+00 0.000000000000000000e+00 1.000000000000000000e+00
-6.447571516036987305e-01 -2.426961064338684082e-01 0.000000000000000000e+00 0.000000000000000000e+00 1.000000000000000000e+00
0.000000000000000000e+00 0.000000000000000000e+00 0.000000000000000000e+00 0.000000000000000000e+00 0.000000000000000000e+00
0.000000000000000000e+00 0.000000000000000000e+00 0.000000000000000000e+00 0.000000000000000000e+00 0.000000000000000000e+00
0.000000000000000000e+00 0.000000000000000000e+00 0.000000000000000000e+00 0.000000000000000000e+00 0.000000000000000000e+00
0.000000000000000000e+00 0.000000000000000000e+00 0.000000000000000000e+00 0.000000000000000000e+00 0.000000000000000000e+00
0.000000000000000000e+00 0.000000000000000000e+00 0.000000000000000000e+00 0.000000000000000000e+00 0.000000000000000000e+00
0.000000000000000000e+00 0.000000000000000000e+00 0.000000000000000000e+00 0.000000000000000000e+00 0.000000000000000000e+00
0.000000000000000000e+00 0.000000000000000000e+00 0.000000000000000000e+00 0.000000000000000000e+00 0.000000000000000000e+00
0.000000000000000000e+00 0.000000000000000000e+00 0.000000000000000000e+00 0.000000000000000000e+00 0.000000000000000000e+00
0.000000000000000000e+00 0.000000000000000000e+00 0.000000000000000000e+00 0.000000000000000000e+00 0.000000000000000000e+00
0.000000000000000000e+00 0.000000000000000000e+00 0.000000000000000000e+00 0.000000000000000000e+00 0.000000000000000000e+00
0.000000000000000000e+00 0.000000000000000000e+00 0.000000000000000000e+00 0.000000000000000000e+00 0.000000000000000000e+00
0.000000000000000000e+00 0.000000000000000000e+00 0.000000000000000000e+00 0.000000000000000000e+00 0.000000000000000000e+00
0.000000000000000000e+00 0.000000000000000000e+00 0.000000000000000000e+00 0.000000000000000000e+00 0.000000000000000000e+00
0.000000000000000000e+00 0.000000000000000000e+00 0.000000000000000000e+00 0.000000000000000000e+00 0.000000000000000000e+00
0.000000000000000000e+00 0.000000000000000000e+00 0.000000000000000000e+00 0.000000000000000000e+00 0.000000000000000000e+00
0.000000000000000000e+00 0.000000000000000000e+00 0.000000000000000000e+00 0.000000000000000000e+00 0.000000000000000000e+00
0.000000000000000000e+00 0.000000000000000000e+00 0.000000000000000000e+00 0.000000000000000000e+00 0.000000000000000000e+00
0.000000000000000000e+00 0.000000000000000000e+00 0.000000000000000000e+00 0.000000000000000000e+00 0.000000000000000000e+00
0.000000000000000000e+00 0.000000000000000000e+00 0.000000000000000000e+00 0.000000000000000000e+00 0.000000000000000000e+00
0.000000000000000000e+00 0.000000000000000000e+00 0.000000000000000000e+00 0.000000000000000000e+00 0.000000000000000000e+00
0.000000000000000000e+00 0.000000000000000000e+00 0.000000000000000000e+00 0.000000000000000000e+00 0.000000000000000000e+00
0.000000000000000000e+00 0.000000000000000000e+00 0.000000000000000000e+00 0.000000000000000000e+00 0.000000000000000000e+00
0.000000000000000000e+00 0.000000000000000000e+00 0.000000000000000000e+00 0.000000000000000000e+00 0.000000000000000000e+00
0.000000000000000000e+00 0.000000000000000000e+00 0.000000000000000000e+00 0.000000000000000000e+00 0.000000000000000000e+00
0.000000000000000000e+00 0.000000000000000000e+00 0.000000000000000000e+00 0.000000000000000000e+00 0.000000000000000000e+00
0.000000000000000000e+00 0.000000000000000000e+00 0.000000000000000000e+00 0.000000000000000000e+00 0.000000000000000000e+00
0.000000000000000000e+00 0.000000000000000000e+00 0.000000000000000000e+00 0.000000000000000000e+00 0.000000000000000000e+00
0.000000000000000000e+00 0.000000000000000000e+00 0.000000000000000000e+00 0.000000000000000000e+00 0.000000000000000000e+00
0.000000000000000000e+00 0.000000000000000000e+00 0.000000000000000000e+00 0.000000000000000000e+00 0.000000000000000000e+00
0.000000000000000000e+00 0.000000000000000000e+00 0.000000000000000000e+00 0.000000000000000000e+00 0.000000000000000000e+00
0.000000000000000000e+00 0.000000000000000000e+00 0.000000000000000000e+00 0.000000000000000000e+00 0.000000000000000000e+00
0.000000000000000000e+00 0.000000000000000000e+00 0.000000000000000000e+00 0.000000000000000000e+00 0.000000000000000000e+00
0.000000000000000000e+00 0.000000000000000000e+00 0.000000000000000000e+00 0.000000000000000000e+00 0.000000000000000000e+00
0.000000000000000000e+00 0.000000000000000000e+00 0.000000000000000000e+00 0.000000000000000000e+00 0.000000000000000000e+00
0.000000000000000000e+00 0.000000000000000000e+00 0.000000000000000000e+00 0.000000000000000000e+00 0.000000000000000000e+00
0.000000000000000000e+00 0.000000000000000000e+00 0.000000000000000000e+00 0.000000000000000000e+00 0.000000000000000000e+00
0.000000000000000000e+00 0.000000000000000000e+00 0.000000000000000000e+00 0.000000000000000000e+00 0.000000000000000000e+00
0.000000000000000000e+00 0.000000000000000000e+00 0.000000000000000000e+00 0.000000000000000000e+00 0.000000000000000000e+00
0.000000000000000000e+00 0.000000000000000000e+00 0.000000000000000000e+00 0.000000000000000000e+00 0.000000000000000000e+00
0.000000000000000000e+00 0.000000000000000000e+00 0.000000000000000000e+00 0.000000000000000000e+00 0.000000000000000000e+00
0.000000000000000000e+00 0.000000000000000000e+00 0.000000000000000000e+00 0.000000000000000000e+00 0.000000000000000000e+00
0.000000000000000000e+00 0.000000000000000000e+00 0.000000000000000000e+00 0.000000000000000000e+00 0.000000000000000000e+00
0.000000000000000000e+00 0.000000000000000000e+00 0.000000000000000000e+00 0.000000000000000000e+00 0.000000000000000000e+00
0.000000000000000000e+00 0.000000000000000000e+00 0.000000000000000000e+00 0.000000000000000000e+00 0.000000000000000000e+00
0.000000000000000000e+00 0.000000000000000000e+00 0.000000000000000000e+00 0.000000000000000000e+00 0.000000000000000000e+00
0.000000000000000000e+00 0.000000000000000000e+00 0.000000000000000000e+00 0.000000000000000000e+00 0.000000000000000000e+00
0.000000000000000000e+00 0.000000000000000000e+00 0.000000000000000000e+00 0.000000000000000000e+00 0.000000000000000000e+00
0.000000000000000000e+00 0.000000000000000000e+00 0.000000000000000000e+00 0.000000000000000000e+00 0.000000000000000000e+00
0.000000000000000000e+00 0.000000000000000000e+00 0.000000000000000000e+00 0.000000000000000000e+00 0.000000000000000000e+00
0.000000000000000000e+00 0.000000000000000000e+00 0.000000000000000000e+00 0.000000000000000000e+00 0.000000000000000000e+00
0.000000000000000000e+00 0.000000000000000000e+00 0.000000000000000000e+00 0.000000000000000000e+00 0.000000000000000000e+00
0.000000000000000000e+00 0.000000000000000000e+00 0.000000000000000000e+00 0.000000000000000000e+00 0.000000000000000000e+00
0.000000000000000000e+00 0.000000000000000000e+00 0.000000000000000000e+00 0.000000000000000000e+00 0.000000000000000000e+00
0.000000000000000000e+00 0.000000000000000000e+00 0.000000000000000000e+00 0.000000000000000000e+00 0.000000000000000000e+00
0.000000000000000000e+00 0.000000000000000000e+00 0.000000000000000000e+00 0.000000000000000000e+00 0.000000000000000000e+00
0.000000000000000000e+00 0.000000000000000000e+00 0.000000000000000000e+00 0.000000000000000000e+00 0.000000000000000000e+00
0.000000000000000000e+00 0.000000000000000000e+00 0.000000000000000000e+00 0.000000000000000000e+00 0.000000000000000000e+00
