0.000000000000000000e+00 0.000000000000000000e+00 1.000000000000000000e+00 0.000000000000000000e+00 0.000000000000000000e+00
-6.749714612960815430e-01 1.076149940490722656e+00 1.000000000000000000e+00 0.000000000000000000e+00 0.000000000000000000e+00
-9.222606569528579712e-02 3.718485534191131592e-01 1.000000000000000000e+00 0.000000000000000000e+00 0.000000000000000000e+00
7.379676103591918945e-01 1.037937760353088379e+00 1.000000000000000000e+00 0.000000000000000000e+00 0.000000000000000000e+00
2.823707461357116699e-01 2.038195431232452393e-01 0.000000000000000000e+00 1.000000000000000000e+00 0.000000000000000000e+00
-3.256380558013916016e-03 -1.520741701126098633e+00 1.000000000000000000e+00 0.000000000000000000e+00 0.000000000000000000e+00
-8.671340346336364746e-01 9.230296015739440918e-01 1.000000000000000000e+00 0.000000000000000000e+00 0.000000000000000000e+00
-3.366266489028930664e-01 2.230111956596374512e-01 1.000000000000000000e+00 0.000000000000000000e+00 0.000000000000000000e+00
-3.790574967861175537e-01 7.840108871459960938e-02 0.000000000000000000e+00 1.000000000000000000e+00 0.000000000000000000e+00
1.789096295833587646e-01 -1.164216995239257812e+00 1.000000000000000000e+00 0.000000000000000000e+00 0.000000000000000000e+00
9.884835481643676758e-01 -2.999548017978668213e-01 1.000000000000000000e+00 0.000000000000000000e+00 0.000000000000000000e+00
3.838866949081420898e-01 -2.095887511968612671e-01 0.000000000000000000e+00 1.000000000000000000e+00 0.000000000000000000e+00
1.419787168502807617e+00 -1.597591161727905273e+00 1.000000000000000000e+00 0.000000000000000000e+00 0.000000000000000000e+00
-8.647677302360534668e-02 3.119471669197082520e-02 1.000000000000000000e+00 0.000000000000000000e+00 0.000000000000000000e+00
-3.494558483362197876e-02 3.683376014232635498e-01 0.000000000000000000e+00 1.000000000000000000e+00 0.000000000000000000e+00
-4.082673192024230957e-01 2.596778869628906250e-01 1.000000000000000000e+00 0.000000000000000000e+00 0.000000000000000000e+00
6.842973828315734863e-01 -1.338738501071929932e-01 1.000000000000000000e+00 0.000000000000000000e+00 0.000000000000000000e+00
3.275480270385742188e-01 -1.441320776939392090e-01 0.000000000000000000e+00 1.000000000000000000e+00 0.000000000000000000e+00
-6.247159838676452637e-01 3.507423400878906250e-01 1.000000000000000000e+00 0.000000000000000000e+00 0.000000000000000000e+00
-1.175842434167861938e-01 1.178986951708793640e-01 1.000000000000000000e+00 0.000000000000000000e+00 0.000000000000000000e+00
1.916959881782531738e-03 1.089570447802543640e-01 1.000000000000000000e+00 0.000000000000000000e+00 0.000000000000000000e+00
1.587488353252410889e-01 7.525024563074111938e-02 1.000000000000000000e+00 0.000000000000000000e+00 0.000000000000000000e+00
5.424489378929138184e-01 -2.018150389194488525e-01 1.000000000000000000e+00 0.000000000000000000e+00 0.000000000000000000e+00
-1.194303631782531738e+00 7.742832303047180176e-01 1.000000000000000000e+00 0.000000000000000000e+00 0.000000000000000000e+00
1.056426525115966797e+00 -1.842969805002212524e-01 1.000000000000000000e+00 0.000000000000000000e+00 0.000000000000000000e+00
2.263017445802688599e-01 2.134755998849868774e-02 0.000000000000000000e+00 1.000000000000000000e+00 0.000000000000000000e+00
-1.147970557212829590e+00 5.580564141273498535e-01 1.000000000000000000e+00 0.000000000000000000e+00 0.000000000000000000e+00
-8.723919093608856201e-02 1.113931760191917419e-01 1.000000000000000000e+00 0.000000000000000000e+00 0.000000000000000000e+00
4.750218987464904785e-02 4.034253954887390137e-01 0.000000000000000000e+00 1.000000000000000000e+00 0.000000000000000000e+00
4.048520624637603760e-01 -6.211491823196411133e-01 1.000000000000000000e+00 0.000000000000000000e+00 0.000000000000000000e+00
7.135313749313354492e-01 -4.921543598175048828e-02 1.000000000000000000e+00 0.000000000000000000e+00 0.000000000000000000e+00
1.906698644161224365e-01 8.108898997306823730e-02 1.000000000000000000e+00 0.000000000000000000e+00 0.000000000000000000e+00
-4.824855923652648926e-01 5.217893719673156738e-01 1.000000000000000000e+00 0.000000000000000000e+00 0.000000000000000000e+00
-2.407007068395614624e-01 1.395316869020462036e-01 0.000000000000000000e+00 1.000000000000000000e+00 0.000000000000000000e+00
-8.750073611736297607e-02 -3.337711989879608154e-01 1.000000000000000000e+00 0.000000000000000000e+00 0.000000000000000000e+00
3.064898550510406494e-01 -1.033231616020202637e-02 1.000000000000000000e+00 0.000000000000000000e+00 0.000000000000000000e+00
-4.981633275747299194e-02 5.747489631175994873e-02 0.000000000000000000e+00 1.000000000000000000e+00 0.000000000000000000e+00
-3.224762380123138428e-01 2.447835654020309448e-01 1.000000000000000000e+00 0.000000000000000000e+00 0.000000000000000000e+00
4.130414724349975586e-01 -8.973613381385803223e-03 1.000000000000000000e+00 0.000000000000000000e+00 0.000000000000000000e+00
-4.639204591512680054e-02 5.981250852346420288e-02 0.000000000000000000e+00 1.000000000000000000e+00 0.000000000000000000e+00
-1.022841930389404297e+00 5.563468933105468750e-01 1.000000000000000000e+00 0.000000000000000000e+00 0.000000000000000000e+00
1.136169195175170898e+00 -9.321779012680053711e-02 1.000000000000000000e+00 0.000000000000000000e+00 0.000000000000000000e+00
4.205726981163024902e-01 -1.090300232172012329e-01 0.000000000000000000e+00 1.000000000000000000e+00 0.000000000000000000e+00
-5.382806658744812012e-01 -2.542504966259002686e-01 1.000000000000000000e+00 0.000000000000000000e+00 0.000000000000000000e+00
-1.340104639530181885e-01 1.252817869186401367e+00 1.000000000000000000e+00 0.000000000000000000e+00 0.000000000000000000e+00
-1.725192815065383911e-01 6.131542921066284180e-01 0.000000000000000000e+00 1.000000000000000000e+00 0.000000000000000000e+00
-6.836706399917602539e-01 -3.706938266754150391e+00 0.000000000000000000e+00 0.000000000000000000e+00 1.000000000000000000e+00
8.802798390388488770e-02 4.103595614433288574e-01 0.000000000000000000e+00 0.000000000000000000e+00 1.000000000000000000e+00
-1.512720346450805664e+00 -2.242208719253540039e-01 0.000000000000000000e+00 0.000000000000000000e+00 1.000000000000000000e+00
-9.405229091644287109e-01 -1.294854283332824707e-01 0.000000000000000000e+00 0.000000000000000000e+00 1.000000000000000000e+00
-1.101126909255981445e+00 -2.426159381866455078e-01 0.000000000000000000e+00 0.000000000000000000e+00 1.000000000000000000e+00
-1.025212526321411133e+00 -1.545398235321044922e-01 0.000000000000000000e+00 0.000000000000000000e+00 1.000000000000000000e+00
-1.018311858177185059e+00 -2.714235186576843262e-01 0.000000000000000000e+00 0.000000000000000000e+00 1.000000000000000000e+00
-9.655566215515136719e-01 -3.352890610694885254e-01 0.000000000000000000e+00 0.000000000000000000e+00 1.000000000000000000e+00
-9.488599300384521484e-01 -3.493159413337707520e-01 0.000000000000000000e+00 0.000000000000000000e+00 1.000000000000000000e+00
-9.313302040100097656e-01 -3.431933522224426270e-01 0.000000000000000000e+00 0.000000000000000000e+00 1.000000000000000000e+00
-9.172836542129516602e-01 -3.421127200126647949e-01 0.000000000000000000e+00 0.000000000000000000e+00 1.000000000000000000e+00
-9.080290794372558594e-01 -3.254526257514953613e-01 0.000000000000000000e+00 0.000000000000000000e+00 1.000000000000000000e+00
-8.992857933044433594e-01 -3.129149079322814941e-01 0.000000000000000000e+00 0.000000000000000000e+00 1.000000000000000000e+00
-8.848896026611328125e-01 -3.179691433906555176e-01 0.000000000000000000e+00 0.000000000000000000e+00 1.000000000000000000e+00
-8.693791627883911133e-01 -3.253365159034729004e-01 0.000000000000000000e+00 0.000000000000000000e+00 1.000000000000000000e+00
-8.581917285919189453e-01 -3.271282315254211426e-01 0.000000000000000000e+00 0.000000000000000000e+00 1.000000000000000000e+00
-8.479890823364257812e-01 -3.239319920539855957e-01 0.000000000000000000e+00 0.000000000000000000e+00 1.000000000000000000e+00
-8.370436429977416992e-01 -3.214002251625061035e-01 0.000000000000000000e+00 0.000000000000000000e+00 1.000000000000000000e+00
-8.305374383926391602e-01 -3.192761540412902832e-01 0.000000000000000000e+00 0.000000000000000000e+00 1.000000000000000000e+00
0.000000000000000000e+00 0.000000000000000000e+00 0.000000000000000000e+00 0.000000000000000000e+00 0.000000000000000000e+00
0.000000000000000000e+00 0.000000000000000000e+00 0.000000000000000000e+00 0.000000000000000000e+00 0.000000000000000000e+00
0.000000000000000000e+00 0.000000000000000000e+00 0.000000000000000000e+00 0.000000000000000000e+00 0.000000000000000000e+00
0.000000000000000000e+00 0.000000000000000000e+00 0.000000000000000000e+00 0.000000000000000000e+00 0.000000000000000000e+00
0.000000000000000000e+00 0.000000000000000000e+00 0.000000000000000000e+00 0.000000000000000000e+00 0.000000000000000000e+00
0.000000000000000000e+00 0.000000000000000000e+00 0.000000000000000000e+00 0.000000000000000000e+00 0.000000000000000000e+00
0.000000000000000000e+00 0.000000000000000000e+00 0.000000000000000000e+00 0.000000000000000000e+00 0.000000000000000000e+00
0.000000000000000000e+00 0.000000000000000000e+00 0.000000000000000000e+00 0.000000000000000000e+00 0.000000000000000000e+00
0.000000000000000000e+00 0.000000000000000000e+00 0.000000000000000000e+00 0.000000000000000000e+00 0.000000000000000000e+00
0.000000000000000000e+00 0.000000000000000000e+00 0.000000000000000000e+00 0.000000000000000000e+00 0.000000000000000000e+00
0.000000000000000000e+00 0.000000000000000000e+00 0.000000000000000000e+00 0.000000000000000000e+00 0.000000000000000000e+00
0.000000000000000000e+00 0.000000000000000000e+00 0.000000000000000000e+00 0.000000000000000000e+00 0.000000000000000000e+00
0.000000000000000000e+00 0.000000000000000000e+00 0.000000000000000000e+00 0.000000000000000000e+00 0.000000000000000000e+00
0.000000000000000000e+00 0.000000000000000000e+00 0.000000000000000000e+00 0.000000000000000000e+00 0.000000000000000000e+00
0.000000000000000000e+00 0.000000000000000000e+00 0.000000000000000000e+00 0.000000000000000000e+00 0.000000000000000000e+00
0.000000000000000000e+00 0.000000000000000000e+00 0.000000000000000000e+00 0.000000000000000000e+00 0.000000000000000000e+00
0.000000000000000000e+00 0.000000000000000000e+00 0.000000000000000000e+00 0.000000000000000000e+00 0.000000000000000000e+00
0.000000000000000000e+00 0.000000000000000000e+00 0.000000000000000000e+00 0.000000000000000000e+00 0.000000000000000000e+00
0.000000000000000000e+00 0.000000000000000000e+00 0.000000000000000000e+00 0.000000000000000000e+00 0.000000000000000000e+00
0.000000000000000000e+00 0.000000000000000000e+00 0.000000000000000000e+00 0.000000000000000000e+00 0.000000000000000000e+00
0.000000000000000000e+00 0.000000000000000000e+00 0.000000000000000000e+00 0.000000000000000000e+00 0.000000000000000000e+00
0.000000000000000000e+00 0.000000000000000000e+00 0.000000000000000000e+00 0.000000000000000000e+00 0.000000000000000000e+00
0.000000000000000000e+00 0.000000000000000000e+00 0.000000000000000000e+00 0.000000000000000000e+00 0.000000000000000000e+00
0.000000000000000000e+00 0.000000000000000000e+00 0.000000000000000000e+00 0.000000000000000000e+00 0.000000000000000000e+00
0.000000000000000000e+00 0.000000000000000000e+00 0.000000000000000000e+00 0.000000000000000000e+00 0.000000000000000000e+00
0.000000000000000000e+00 0.000000000000000000e+00 0.000000000000000000e+00 0.000000000000000000e+00 0.000000000000000000e+00
0.000000000000000000e+00 0.000000000000000000e+00 0.000000000000000000e+00 0.000000000000000000e+00 0.000000000000000000e+00
0.000000000000000000e+00 0.000000000000000000e+00 0.000000000000000000e+00 0.000000000000000000e+00 0.000000000000000000e+00
0.000000000000000000e+00 0.000000000000000000e+00 0.000000000000000000e+00 0.000000000000000000e+00 0.000000000000000000e+00
0.000000000000000000e+00 0.000000000000000000e+00 0.000000000000000000e+00 0.000000000000000000e+00 0.000000000000000000e+00
0.000000000000000000e+00 0.000000000000000000e+00 0.000000000000000000e+00 0.000000000000000000e+00 0.000000000000000000e+00
0.000000000000000000e+00 0.000000000000000000e+00 0.000000000000000000e+00 0.000000000000000000e+00 0.000000000000000000e+00
0.000000000000000000e+00 0.000000000000000000e+00 0.000000000000000000e+00 0.000000000000000000e+00 0.000000000000000000e+00
0.000000000000000000e+00 0.000000000000000000e+00 0.000000000000000000e+00 0.000000000000000000e+00 0.000000000000000000e+00
0.000000000000000000e+00 0.000000000000000000e+00 0.000000000000000000e+00 0.000000000000000000e+00 0.000000000000000000e+00
0.000000000000000000e+00 0.000000000000000000e+00 0.000000000000000000e+00 0.000000000000000000e+00 0.000000000000000000e+00
0.000000000000000000e+00 0.000000000000000000e+00 0.000000000000000000e+00 0.000000000000000000e+00 0.000000000000000000e+00
0.000000000000000000e+00 0.000000000000000000e+00 0.000000000000000000e+00 0.000000000000000000e+00 0.000000000000000000e+00
0.000000000000000000e+00 0.000000000000000000e+00 0.000000000000000000e+00 0.000000000000000000e+00 0.000000000000000000e+00
0.000000000000000000e+00 0.000000000000000000e+00 0.000000000000000000e+00 0.000000000000000000e+00 0.000000000000000000e+00
0.000000000000000000e+00 0.000000000000000000e+00 0.000000000000000000e+00 0.000000000000000000e+00 0.000000000000000000e+00
0.000000000000000000e+00 0.000000000000000000e+00 0.000000000000000000e+00 0.000000000000000000e+00 0.000000000000000000e+00
0.000000000000000000e+00 0.000000000000000000e+00 0.000000000000000000e+00 0.000000000000000000e+00 0.000000000000000000e+00
0.000000000000000000e+00 0.000000000000000000e+00 0.000000000000000000e+00 0.000000000000000000e+00 0.000000000000000000e+00
0.000000000000000000e+00 0.000000000000000000e+00 0.000000000000000000e+00 0.000000000000000000e+00 0.000000000000000000e+00
0.000000000000000000e+00 0.000000000000000000e+00 0.000000000000000000e+00 0.000000000000000000e+00 0.000000000000000000e+00
0.000000000000000000e+00 0.000000000000000000e+00 0.000000000000000000e+00 0.000000000000000000e+00 0.000000000000000000e+00
0.000000000000000000e+00 0.000000000000000000e+00 0.000000000000000000e+00 0.000000000000000000e+00 0.000000000000000000e+00
0.000000000000000000e+00 0.000000000000000000e+00 0.000000000000000000e+00 0.000000000000000000e+00 0.000000000000000000e+00
0.000000000000000000e+00 0.000000000000000000e+00 0.000000000000000000e+00 0.000000000000000000e+00 0.000000000000000000e+00
0.000000000000000000e+00 0.000000000000000000e+00 0.000000000000000000e+00 0.000000000000000000e+00 0.000000000000000000e+00
0.000000000000000000e+00 0.000000000000000000e+00 0.000000000000000000e+00 0.000000000000000000e+00 0.000000000000000000e+00
0.000000000000000000e+00 0.000000000000000000e+00 0.000000000000000000e+00 0.000000000000000000e+00 0.000000000000000000e+00
0.000000000000000000e+00 0.000000000000000000e+00 0.000000000000000000e+00 0.000000000000000000e+00 0.000000000000000000e+00
0.000000000000000000e+00 0.000000000000000000e+00 0.000000000000000000e+00 0.000000000000000000e+00 0.000000000000000000e+00
0.000000000000000000e+00 0.000000000000000000e+00 0.000000000000000000e+00 0.000000000000000000e+00 0.000000000000000000e+00
