0.000000000000000000e+00 0.000000000000000000e+00 1.000000000000000000e+00 0.000000000000000000e+00 0.000000000000000000e+00
1.528458595275878906e+00 -3.172292113304138184e-01 1.000000000000000000e+00 0.000000000000000000e+00 0.000000000000000000e+00
5.935668945312500000e-01 8.217358589172363281e-02 1.000000000000000000e+00 0.000000000000000000e+00 0.000000000000000000e+00
-1.035479426383972168e+00 1.188900113105773926e+00 1.000000000000000000e+00 0.000000000000000000e+00 0.000000000000000000e+00
-5.693851709365844727e-01 3.300829231739044189e-01 1.000000000000000000e+00 0.000000000000000000e+00 0.000000000000000000e+00
-4.651126563549041748e-01 1.849359087646007538e-02 1.000000000000000000e+00 0.000000000000000000e+00 0.000000000000000000e+00
-2.301362305879592896e-01 -1.677032411098480225e-01 1.000000000000000000e+00 0.000000000000000000e+00 0.000000000000000000e+00
-2.217347547411918640e-02 -3.404806256294250488e-01 1.000000000000000000e+00 0.000000000000000000e+00 0.000000000000000000e+00
-1.088746115565299988e-01 1.100105881690979004e+00 1.000000000000000000e+00 0.000000000000000000e+00 0.000000000000000000e+00
1.466696262359619141e-01 2.632810175418853760e-01 1.000000000000000000e+00 0.000000000000000000e+00 0.000000000000000000e+00
2.923661768436431885e-01 1.461677849292755127e-01 1.000000000000000000e+00 0.000000000000000000e+00 0.000000000000000000e+00
1.070085763931274414e+00 -5.513938143849372864e-03 1.000000000000000000e+00 0.000000000000000000e+00 0.000000000000000000e+00
1.328003764152526855e+00 -4.032116234302520752e-01 1.000000000000000000e+00 0.000000000000000000e+00 0.000000000000000000e+00
-1.808460950851440430e-01 8.888372033834457397e-02 0.000000000000000000e+00 1.000000000000000000e+00 0.000000000000000000e+00
-4.087129592895507812e+00 2.191537141799926758e+00 1.000000000000000000e+00 0.000000000000000000e+00 0.000000000000000000e+00
1.170425415039062500e+00 4.368182271718978882e-03 1.000000000000000000e+00 0.000000000000000000e+00 0.000000000000000000e+00
2.418190956115722656e+00 -4.451359510421752930e-01 1.000000000000000000e+00 0.000000000000000000e+00 0.000000000000000000e+00
7.462744116783142090e-01 -2.641019821166992188e-01 1.000000000000000000e+00 0.000000000000000000e+00 0.000000000000000000e+00
6.979791820049285889e-02 -1.717301756143569946e-01 0.000000000000000000e+00 1.000000000000000000e+00 0.000000000000000000e+00
-1.250660657882690430e+00 -2.653816938400268555e-01 1.000000000000000000e+00 0.000000000000000000e+00 0.000000000000000000e+00
1.539584696292877197e-01 2.000025749206542969e+00 1.000000000000000000e+00 0.000000000000000000e+00 0.000000000000000000e+00
-1.532896161079406738e-01 1.195713400840759277e+00 1.000000000000000000e+00 0.000000000000000000e+00 0.000000000000000000e+00
-1.695120036602020264e-01 2.970058321952819824e-01 1.000000000000000000e+00 0.000000000000000000e+00 0.000000000000000000e+00
-2.471114844083786011e-01 9.873154014348983765e-02 1.000000000000000000e+00 0.000000000000000000e+00 0.000000000000000000e+00
-3.992686271667480469e-01 -9.462505578994750977e-02 1.000000000000000000e+00 0.000000000000000000e+00 0.000000000000000000e+00
-4.842991232872009277e-01 -3.597455620765686035e-01 1.000000000000000000e+00 0.000000000000000000e+00 0.000000000000000000e+00
-2.942494750022888184e-01 -4.853315353393554688e-01 1.000000000000000000e+00 0.000000000000000000e+00 0.000000000000000000e+00
3.010171093046665192e-02 -3.108783364295959473e-01 1.000000000000000000e+00 0.000000000000000000e+00 0.000000000000000000e+00
9.590181112289428711e-01 -3.531274199485778809e-01 0.000000000000000000e+00 1.000000000000000000e+00 0.000000000000000000e+00
-7.272744178771972656e-01 -2.584760665893554688e+00 0.000000000000000000e+00 0.000000000000000000e+00 1.000000000000000000e+00
-6.178833246231079102e-01 9.576929211616516113e-01 0.000000000000000000e+00 0.000000000000000000e+00 1.000000000000000000e+00
-1.145058870315551758e+00 -5.124443173408508301e-01 0.000000000000000000e+00 0.000000000000000000e+00 1.000000000000000000e+00
-8.611350059509277344e-01 -3.180087208747863770e-01 0.000000000000000000e+00 0.000000000000000000e+00 1.000000000000000000e+00
-9.128483533859252930e-01 -4.081637263298034668e-01 0.000000000000000000e+00 0.000000000000000000e+00 1.000000000000000000e+00
-8.578318357467651367e-01 -3.396565318107604980e-01 0.000000000000000000e+00 0.000000000000000000e+00 1.000000000000000000e+00
-8.484688997268676758e-01 -3.315103650093078613e-01 0.000000000000000000e+00 0.000000000000000000e+00 1.000000000000000000e+00
-8.290247917175292969e-01 -3.170560002326965332e-01 0.000000000000000000e+00 0.000000000000000000e+00 1.000000000000000000e+00
-8.232975006103515625e-01 -3.076083064079284668e-01 0.000000000000000000e+00 0.000000000000000000e+00 1.000000000000000000e+00
-8.190538883209228516e-01 -3.076142072677612305e-01 0.000000000000000000e+00 0.000000000000000000e+00 1.000000000000000000e+00
-8.008766174316406250e-01 -3.214986920356750488e-01 0.000000000000000000e+00 0.000000000000000000e+00 1.000000000000000000e+00
-7.893865108489990234e-01 -3.243589997291564941e-01 0.000000000000000000e+00 0.000000000000000000e+00 1.000000000000000000e+00
-7.842936515808105469e-01 -3.179088234901428223e-01 0.000000000000000000e+00 0.000000000000000000e+00 1.000000000000000000e+00
-7.809544801712036133e-01 -3.115553259849548340e-01 0.000000000000000000e+00 0.000000000000000000e+00 1.000000000000000000e+00
-7.753338813781738281e-01 -3.060238957405090332e-01 0.000000000000000000e+00 0.000000000000000000e+00 1.000000000000000000e+00
-7.679752111434936523e-01 -3.031411767005920410e-01 0.000000000000000000e+00 0.000000000000000000e+00 1.000000000000000000e+00
-7.582126855850219727e-01 -3.057188391685485840e-01 0.000000000000000000e+00 0.000000000000000000e+00 1.000000000000000000e+00
-7.463532686233520508e-01 -3.105956315994262695e-01 0.000000000000000000e+00 0.000000000000000000e+00 1.000000000000000000e+00
-7.398369312286376953e-01 -3.121510148048400879e-01 0.000000000000000000e+00 0.000000000000000000e+00 1.000000000000000000e+00
-7.384624481201171875e-01 -3.069627881050109863e-01 0.000000000000000000e+00 0.000000000000000000e+00 1.000000000000000000e+00
-7.387229204177856445e-01 -2.967933416366577148e-01 0.000000000000000000e+00 0.000000000000000000e+00 1.000000000000000000e+00
-7.372241020202636719e-01 -2.853190302848815918e-01 0.000000000000000000e+00 0.000000000000000000e+00 1.000000000000000000e+00
-7.354569435119628906e-01 -2.724187970161437988e-01 0.000000000000000000e+00 0.000000000000000000e+00 1.000000000000000000e+00
-7.349907159805297852e-01 -2.628620266914367676e-01 0.000000000000000000e+00 0.000000000000000000e+00 1.000000000000000000e+00
-7.364068031311035156e-01 -2.595887780189514160e-01 0.000000000000000000e+00 0.000000000000000000e+00 1.000000000000000000e+00
-7.388976812362670898e-01 -2.578501105308532715e-01 0.000000000000000000e+00 0.000000000000000000e+00 1.000000000000000000e+00
-7.411825656890869141e-01 -2.566664218902587891e-01 0.000000000000000000e+00 0.000000000000000000e+00 1.000000000000000000e+00
-7.385042905807495117e-01 -2.605419754981994629e-01 0.000000000000000000e+00 0.000000000000000000e+00 1.000000000000000000e+00
-7.293916940689086914e-01 -2.712842226028442383e-01 0.000000000000000000e+00 0.000000000000000000e+00 1.000000000000000000e+00
-7.184469699859619141e-01 -2.804794907569885254e-01 0.000000000000000000e+00 0.000000000000000000e+00 1.000000000000000000e+00
-7.098091840744018555e-01 -2.798272967338562012e-01 0.000000000000000000e+00 0.000000000000000000e+00 1.000000000000000000e+00
-7.064853906631469727e-01 -2.784065604209899902e-01 0.000000000000000000e+00 0.000000000000000000e+00 1.000000000000000000e+00
-7.062953710556030273e-01 -2.747528553009033203e-01 0.000000000000000000e+00 0.000000000000000000e+00 1.000000000000000000e+00
-7.082064151763916016e-01 -2.667787671089172363e-01 0.000000000000000000e+00 0.000000000000000000e+00 1.000000000000000000e+00
-7.057534456253051758e-01 -2.626200318336486816e-01 0.000000000000000000e+00 0.000000000000000000e+00 1.000000000000000000e+00
-7.002496719360351562e-01 -2.670964002609252930e-01 0.000000000000000000e+00 0.000000000000000000e+00 1.000000000000000000e+00
-6.958047151565551758e-01 -2.728505730628967285e-01 0.000000000000000000e+00 0.000000000000000000e+00 1.000000000000000000e+00
-6.936449408531188965e-01 -2.751557826995849609e-01 0.000000000000000000e+00 0.000000000000000000e+00 1.000000000000000000e+00
-6.935501694679260254e-01 -2.736225724220275879e-01 0.000000000000000000e+00 0.000000000000000000e+00 1.000000000000000000e+00
0.000000000000000000e+00 0.000000000000000000e+00 0.000000000000000000e+00 0.000000000000000000e+00 0.000000000000000000e+00
0.000000000000000000e+00 0.000000000000000000e+00 0.000000000000000000e+00 0.000000000000000000e+00 0.000000000000000000e+00
0.000000000000000000e+00 0.000000000000000000e+00 0.000000000000000000e+00 0.000000000000000000e+00 0.000000000000000000e+00
0.000000000000000000e+00 0.000000000000000000e+00 0.000000000000000000e+00 0.000000000000000000e+00 0.000000000000000000e+00
0.000000000000000000e+00 0.000000000000000000e+00 0.000000000000000000e+00 0.000000000000000000e+00 0.000000000000000000e+00
0.000000000000000000e+00 0.000000000000000000e+00 0.000000000000000000e+00 0.000000000000000000e+00 0.000000000000000000e+00
0.000000000000000000e+00 0.000000000000000000e+00 0.000000000000000000e+00 0.000000000000000000e+00 0.000000000000000000e+00
0.000000000000000000e+00 0.000000000000000000e+00 0.000000000000000000e+00 0.000000000000000000e+00 0.000000000000000000e+00
0.000000000000000000e+00 0.000000000000000000e+00 0.000000000000000000e+00 0.000000000000000000e+00 0.000000000000000000e+00
0.000000000000000000e+00 0.000000000000000000e+00 0.000000000000000000e+00 0.000000000000000000e+00 0.000000000000000000e+00
0.000000000000000000e+00 0.000000000000000000e+00 0.000000000000000000e+00 0.000000000000000000e+00 0.000000000000000000e+00
0.000000000000000000e+00 0.000000000000000000e+00 0.000000000000000000e+00 0.000000000000000000e+00 0.000000000000000000e+00
0.000000000000000000e+00 0.000000000000000000e+00 0.000000000000000000e+00 0.000000000000000000e+00 0.000000000000000000e+00
0.000000000000000000e+00 0.000000000000000000e+00 0.000000000000000000e+00 0.000000000000000000e+00 0.000000000000000000e+00
0.000000000000000000e+00 0.000000000000000000e+00 0.000000000000000000e+00 0.000000000000000000e+00 0.000000000000000000e+00
0.000000000000000000e+00 0.000000000000000000e+00 0.000000000000000000e+00 0.000000000000000000e+00 0.000000000000000000e+00
0.000000000000000000e+00 0.000000000000000000e+00 0.000000000000000000e+00 0.000000000000000000e+00 0.000000000000000000e+00
0.000000000000000000e+00 0.000000000000000000e+00 0.000000000000000000e+00 0.000000000000000000e+00 0.000000000000000000e+00
0.000000000000000000e+00 0.000000000000000000e+00 0.000000000000000000e+00 0.000000000000000000e+00 0.000000000000000000e+00
0.000000000000000000e+00 0.000000000000000000e+00 0.000000000000000000e+00 0.000000000000000000e+00 0.000000000000000000e+00
0.000000000000000000e+00 0.000000000000000000e+00 0.000000000000000000e+00 0.000000000000000000e+00 0.000000000000000000e+00
0.000000000000000000e+00 0.000000000000000000e+00 0.000000000000000000e+00 0.000000000000000000e+00 0.000000000000000000e+00
0.000000000000000000e+00 0.000000000000000000e+00 0.000000000000000000e+00 0.000000000000000000e+00 0.000000000000000000e+00
0.000000000000000000e+00 0.000000000000000000e+00 0.000000000000000000e+00 0.000000000000000000e+00 0.000000000000000000e+00
0.000000000000000000e+00 0.000000000000000000e+00 0.000000000000000000e+00 0.000000000000000000e+00 0.000000000000000000e+00
0.000000000000000000e+00 0.000000000000000000e+00 0.000000000000000000e+00 0.000000000000000000e+00 0.000000000000000000e+00
0.000000000000000000e+00 0.000000000000000000e+00 0.000000000000000000e+00 0.000000000000000000e+00 0.000000000000000000e+00
0.000000000000000000e+00 0.000000000000000000e+00 0.000000000000000000e+00 0.000000000000000000e+00 0.000000000000000000e+00
0.000000000000000000e+00 0.000000000000000000e+00 0.000000000000000000e+00 0.000000000000000000e+00 0.000000000000000000e+00
0.000000000000000000e+00 0.000000000000000000e+00 0.000000000000000000e+00 0.000000000000000000e+00 0.000000000000000000e+00
0.000000000000000000e+00 0.000000000000000000e+00 0.000000000000000000e+00 0.000000000000000000e+00 0.000000000000000000e+00
0.000000000000000000e+00 0.000000000000000000e+00 0.000000000000000000e+00 0.000000000000000000e+00 0.000000000000000000e+00
0.000000000000000000e+00 0.000000000000000000e+00 0.000000000000000000e+00 0.000000000000000000e+00 0.000000000000000000e+00
0.000000000000000000e+00 0.000000000000000000e+00 0.000000000000000000e+00 0.000000000000000000e+00 0.000000000000000000e+00
0.000000000000000000e+00 0.000000000000000000e+00 0.000000000000000000e+00 0.000000000000000000e+00 0.000000000000000000e+00
0.000000000000000000e+00 0.000000000000000000e+00 0.000000000000000000e+00 0.000000000000000000e+00 0.000000000000000000e+00
0.000000000000000000e+00 0.000000000000000000e+00 0.000000000000000000e+00 0.000000000000000000e+00 0.000000000000000000e+00
0.000000000000000000e+00 0.000000000000000000e+00 0.000000000000000000e+00 0.000000000000000000e+00 0.000000000000000000e+00
0.000000000000000000e+00 0.000000000000000000e+00 0.000000000000000000e+00 0.000000000000000000e+00 0.000000000000000000e+00
0.000000000000000000e+00 0.000000000000000000e+00 0.000000000000000000e+00 0.000000000000000000e+00 0.000000000000000000e+00
0.000000000000000000e+00 0.000000000000000000e+00 0.000000000000000000e+00 0.000000000000000000e+00 0.000000000000000000e+00
0.000000000000000000e+00 0.000000000000000000e+00 0.000000000000000000e+00 0.000000000000000000e+00 0.000000000000000000e+00
0.000000000000000000e+00 0.000000000000000000e+00 0.000000000000000000e+00 0.000000000000000000e+00 0.000000000000000000e+00
0.000000000000000000e+00 0.000000000000000000e+00 0.000000000000000000e+00 0.000000000000000000e+00 0.000000000000000000e+00
0.000000000000000000e+00 0.000000000000000000e+00 0.000000000000000000e+00 0.000000000000000000e+00 0.000000000000000000e+00
0.000000000000000000e+00 0.000000000000000000e+00 0.000000000000000000e+00 0.000000000000000000e+00 0.000000000000000000e+00
0.000000000000000000e+00 0.000000000000000000e+00 0.000000000000000000e+00 0.000000000000000000e+00 0.000000000000000000e+00
0.000000000000000000e+00 0.000000000000000000e+00 0.000000000000000000e+00 0.000000000000000000e+00 0.000000000000000000e+00
0.000000000000000000e+00 0.000000000000000000e+00 0.000000000000000000e+00 0.000000000000000000e+00 0.000000000000000000e+00
0.000000000000000000e+00 0.000000000000000000e+00 0.000000000000000000e+00 0.000000000000000000e+00 0.000000000000000000e+00
0.000000000000000000e+00 0.000000000000000000e+00 0.000000000000000000e+00 0.000000000000000000e+00 0.000000000000000000e+00
0.000000000000000000e+00 0.000000000000000000e+00 0.000000000000000000e+00 0.000000000000000000e+00 0.000000000000000000e+00
0.000000000000000000e+00 0.000000000000000000e+00 0.000000000000000000e+00 0.000000000000000000e+00 0.000000000000000000e+00
