0.000000000000000000e+00 0.000000000000000000e+00 1.000000000000000000e+00 0.000000000000000000e+00 0.000000000000000000e+00
1.509801387786865234e+00 -2.693555355072021484e-01 1.000000000000000000e+00 0.000000000000000000e+00 0.000000000000000000e+00
5.149811506271362305e-01 7.965134084224700928e-02 1.000000000000000000e+00 0.000000000000000000e+00 0.000000000000000000e+00
-1.183922767639160156e+00 1.148046612739562988e+00 1.000000000000000000e+00 0.000000000000000000e+00 0.000000000000000000e+00
-8.660491704940795898e-01 4.960521757602691650e-01 1.000000000000000000e+00 0.000000000000000000e+00 0.000000000000000000e+00
1.042915105819702148e+00 -3.420813083648681641e-01 1.000000000000000000e+00 0.000000000000000000e+00 0.000000000000000000e+00
3.831878304481506348e-01 -2.778156399726867676e-01 0.000000000000000000e+00 1.000000000000000000e+00 0.000000000000000000e+00
-1.475638508796691895e+00 -1.458613872528076172e-01 1.000000000000000000e+00 0.000000000000000000e+00 0.000000000000000000e+00
-1.938645541667938232e-01 1.921300292015075684e-01 1.000000000000000000e+00 0.000000000000000000e+00 0.000000000000000000e+00
-6.669844388961791992e-01 2.203266859054565430e+00 1.000000000000000000e+00 0.000000000000000000e+00 0.000000000000000000e+00
-7.779979705810546875e-01 1.521450638771057129e+00 1.000000000000000000e+00 0.000000000000000000e+00 0.000000000000000000e+00
-3.322528004646301270e-01 4.130186140537261963e-01 1.000000000000000000e+00 0.000000000000000000e+00 0.000000000000000000e+00
-2.227608114480972290e-01 1.045895889401435852e-01 0.000000000000000000e+00 1.000000000000000000e+00 0.000000000000000000e+00
1.987983584403991699e+00 -2.446288108825683594e+00 1.000000000000000000e+00 0.000000000000000000e+00 0.000000000000000000e+00
5.065322518348693848e-01 2.762320935726165771e-01 1.000000000000000000e+00 0.000000000000000000e+00 0.000000000000000000e+00
3.223113417625427246e-01 3.228131681680679321e-03 0.000000000000000000e+00 1.000000000000000000e+00 0.000000000000000000e+00
9.583612680435180664e-01 -6.233378052711486816e-01 1.000000000000000000e+00 0.000000000000000000e+00 0.000000000000000000e+00
-1.452368021011352539e+00 1.122043371200561523e+00 1.000000000000000000e+00 0.000000000000000000e+00 0.000000000000000000e+00
1.156424283981323242e+00 -1.627885699272155762e-01 1.000000000000000000e+00 0.000000000000000000e+00 0.000000000000000000e+00
4.249799251556396484e-01 -1.518543064594268799e-01 0.000000000000000000e+00 1.000000000000000000e+00 0.000000000000000000e+00
-2.345685720443725586e+00 1.473350405693054199e+00 1.000000000000000000e+00 0.000000000000000000e+00 0.000000000000000000e+00
8.178228139877319336e-01 4.276683926582336426e-02 1.000000000000000000e+00 0.000000000000000000e+00 0.000000000000000000e+00
1.582833528518676758e+00 -3.337370753288269043e-01 1.000000000000000000e+00 0.000000000000000000e+00 0.000000000000000000e+00
5.320038795471191406e-01 -2.164324522018432617e-01 0.000000000000000000e+00 1.000000000000000000e+00 0.000000000000000000e+00
-1.549000501632690430e+00 -2.816895842552185059e-01 1.000000000000000000e+00 0.000000000000000000e+00 0.000000000000000000e+00
-1.609126478433609009e-01 1.723913848400115967e-01 1.000000000000000000e+00 0.000000000000000000e+00 0.000000000000000000e+00
-2.217597663402557373e-01 1.362815380096435547e+00 1.000000000000000000e+00 0.000000000000000000e+00 0.000000000000000000e+00
3.956689313054084778e-02 2.340562045574188232e-01 0.000000000000000000e+00 1.000000000000000000e+00 0.000000000000000000e+00
1.246942400932312012e+00 -1.678139209747314453e+00 1.000000000000000000e+00 0.000000000000000000e+00 0.000000000000000000e+00
-1.519718617200851440e-01 1.828642368316650391e+00 1.000000000000000000e+00 0.000000000000000000e+00 0.000000000000000000e+00
1.206116080284118652e-01 1.246329784393310547e+00 0.000000000000000000e+00 1.000000000000000000e+00 0.000000000000000000e+00
-1.061146855354309082e+00 -4.916390419006347656e+00 0.000000000000000000e+00 0.000000000000000000e+00 1.000000000000000000e+00
2.765963077545166016e-01 4.958745837211608887e-01 0.000000000000000000e+00 0.000000000000000000e+00 1.000000000000000000e+00
-1.451458215713500977e+00 -7.495539784431457520e-01 0.000000000000000000e+00 0.000000000000000000e+00 1.000000000000000000e+00
-1.081941843032836914e+00 -5.756968855857849121e-01 0.000000000000000000e+00 0.000000000000000000e+00 1.000000000000000000e+00
-1.102989554405212402e+00 -4.972189068794250488e-01 0.000000000000000000e+00 0.000000000000000000e+00 1.000000000000000000e+00
-1.076525688171386719e+00 -3.476875424385070801e-01 0.000000000000000000e+00 0.000000000000000000e+00 1.000000000000000000e+00
-1.049873352050781250e+00 -3.127803206443786621e-01 0.000000000000000000e+00 0.000000000000000000e+00 1.000000000000000000e+00
-1.012635588645935059e+00 -3.058357834815979004e-01 0.000000000000000000e+00 0.000000000000000000e+00 1.000000000000000000e+00
-9.971330165863037109e-01 -2.994965314865112305e-01 0.000000000000000000e+00 0.000000000000000000e+00 1.000000000000000000e+00
-9.812206029891967773e-01 -2.947146892547607422e-01 0.000000000000000000e+00 0.000000000000000000e+00 1.000000000000000000e+00
-9.667685031890869141e-01 -2.970207333564758301e-01 0.000000000000000000e+00 0.000000000000000000e+00 1.000000000000000000e+00
-9.589539766311645508e-01 -2.904161214828491211e-01 0.000000000000000000e+00 0.000000000000000000e+00 1.000000000000000000e+00
-9.483147859573364258e-01 -2.835451364517211914e-01 0.000000000000000000e+00 0.000000000000000000e+00 1.000000000000000000e+00
-9.287456274032592773e-01 -2.881737351417541504e-01 0.000000000000000000e+00 0.000000000000000000e+00 1.000000000000000000e+00
-9.095374345779418945e-01 -3.007271885871887207e-01 0.000000000000000000e+00 0.000000000000000000e+00 1.000000000000000000e+00
-8.964190483093261719e-01 -3.087573051452636719e-01 0.000000000000000000e+00 0.000000000000000000e+00 1.000000000000000000e+00
-8.883758783340454102e-01 -3.135296702384948730e-01 0.000000000000000000e+00 0.000000000000000000e+00 1.000000000000000000e+00
-8.829895257949829102e-01 -3.152576088905334473e-01 0.000000000000000000e+00 0.000000000000000000e+00 1.000000000000000000e+00
-8.781660795211791992e-01 -3.116036653518676758e-01 0.000000000000000000e+00 0.000000000000000000e+00 1.000000000000000000e+00
-8.721835613250732422e-01 -3.047384023666381836e-01 0.000000000000000000e+00 0.000000000000000000e+00 1.000000000000000000e+00
-8.643968105316162109e-01 -2.993056178092956543e-01 0.000000000000000000e+00 0.000000000000000000e+00 1.000000000000000000e+00
-8.586645126342773438e-01 -2.955523729324340820e-01 0.000000000000000000e+00 0.000000000000000000e+00 1.000000000000000000e+00
-8.553919792175292969e-01 -2.913946509361267090e-01 0.000000000000000000e+00 0.000000000000000000e+00 1.000000000000000000e+00
-8.528088331222534180e-01 -2.901374697685241699e-01 0.000000000000000000e+00 0.000000000000000000e+00 1.000000000000000000e+00
-8.493100404739379883e-01 -2.889876961708068848e-01 0.000000000000000000e+00 0.000000000000000000e+00 1.000000000000000000e+00
-8.420441150665283203e-01 -2.910066843032836914e-01 0.000000000000000000e+00 0.000000000000000000e+00 1.000000000000000000e+00
-8.302112817764282227e-01 -2.997839450836181641e-01 0.000000000000000000e+00 0.000000000000000000e+00 1.000000000000000000e+00
-8.200759887695312500e-01 -3.062614798545837402e-01 0.000000000000000000e+00 0.000000000000000000e+00 1.000000000000000000e+00
-8.144049644470214844e-01 -3.077666759490966797e-01 0.000000000000000000e+00 0.000000000000000000e+00 1.000000000000000000e+00
-8.113355636596679688e-01 -3.062561154365539551e-01 0.000000000000000000e+00 0.000000000000000000e+00 1.000000000000000000e+00
-8.102643489837646484e-01 -3.006622791290283203e-01 0.000000000000000000e+00 0.000000000000000000e+00 1.000000000000000000e+00
-8.080217838287353516e-01 -2.952427864074707031e-01 0.000000000000000000e+00 0.000000000000000000e+00 1.000000000000000000e+00
-8.031827211380004883e-01 -2.949870228767395020e-01 0.000000000000000000e+00 0.000000000000000000e+00 1.000000000000000000e+00
-7.975456714630126953e-01 -2.983059287071228027e-01 0.000000000000000000e+00 0.000000000000000000e+00 1.000000000000000000e+00
-7.935109138488769531e-01 -2.998944520950317383e-01 0.000000000000000000e+00 0.000000000000000000e+00 1.000000000000000000e+00
-7.924926280975341797e-01 -3.000907301902770996e-01 0.000000000000000000e+00 0.000000000000000000e+00 1.000000000000000000e+00
-7.933464050292968750e-01 -2.980883717536926270e-01 0.000000000000000000e+00 0.000000000000000000e+00 1.000000000000000000e+00
0.000000000000000000e+00 0.000000000000000000e+00 0.000000000000000000e+00 0.000000000000000000e+00 0.000000000000000000e+00
0.000000000000000000e+00 0.000000000000000000e+00 0.000000000000000000e+00 0.000000000000000000e+00 0.000000000000000000e+00
0.000000000000000000e+00 0.000000000000000000e+00 0.000000000000000000e+00 0.000000000000000000e+00 0.000000000000000000e+00
0.000000000000000000e+00 0.000000000000000000e+00 0.000000000000000000e+00 0.000000000000000000e+00 0.000000000000000000e+00
0.000000000000000000e+00 0.000000000000000000e+00 0.000000000000000000e+00 0.000000000000000000e+00 0.000000000000000000e+00
0.000000000000000000e+00 0.000000000000000000e+00 0.000000000000000000e+00 0.000000000000000000e+00 0.000000000000000000e+00
0.000000000000000000e+00 0.000000000000000000e+00 0.000000000000000000e+00 0.000000000000000000e+00 0.000000000000000000e+00
0.000000000000000000e+00 0.000000000000000000e+00 0.000000000000000000e+00 0.000000000000000000e+00 0.000000000000000000e+00
0.000000000000000000e+00 0.000000000000000000e+00 0.000000000000000000e+00 0.000000000000000000e+00 0.000000000000000000e+00
0.000000000000000000e+00 0.000000000000000000e+00 0.000000000000000000e+00 0.000000000000000000e+00 0.000000000000000000e+00
0.000000000000000000e+00 0.000000000000000000e+00 0.000000000000000000e+00 0.000000000000000000e+00 0.000000000000000000e+00
0.000000000000000000e+00 0.000000000000000000e+00 0.000000000000000000e+00 0.000000000000000000e+00 0.000000000000000000e+00
0.000000000000000000e+00 0.000000000000000000e+00 0.000000000000000000e+00 0.000000000000000000e+00 0.000000000000000000e+00
0.000000000000000000e+00 0.000000000000000000e+00 0.000000000000000000e+00 0.000000000000000000e+00 0.000000000000000000e+00
0.000000000000000000e+00 0.000000000000000000e+00 0.000000000000000000e+00 0.000000000000000000e+00 0.000000000000000000e+00
0.000000000000000000e+00 0.000000000000000000e+00 0.000000000000000000e+00 0.000000000000000000e+00 0.000000000000000000e+00
0.000000000000000000e+00 0.000000000000000000e+00 0.000000000000000000e+00 0.000000000000000000e+00 0.000000000000000000e+00
0.000000000000000000e+00 0.000000000000000000e+00 0.000000000000000000e+00 0.000000000000000000e+00 0.000000000000000000e+00
0.000000000000000000e+00 0.000000000000000000e+00 0.000000000000000000e+00 0.000000000000000000e+00 0.000000000000000000e+00
0.000000000000000000e+00 0.000000000000000000e+00 0.000000000000000000e+00 0.000000000000000000e+00 0.000000000000000000e+00
0.000000000000000000e+00 0.000000000000000000e+00 0.000000000000000000e+00 0.000000000000000000e+00 0.000000000000000000e+00
0.000000000000000000e+00 0.000000000000000000e+00 0.000000000000000000e+00 0.000000000000000000e+00 0.000000000000000000e+00
0.000000000000000000e+00 0.000000000000000000e+00 0.000000000000000000e+00 0.000000000000000000e+00 0.000000000000000000e+00
0.000000000000000000e+00 0.000000000000000000e+00 0.000000000000000000e+00 0.000000000000000000e+00 0.000000000000000000e+00
0.000000000000000000e+00 0.000000000000000000e+00 0.000000000000000000e+00 0.000000000000000000e+00 0.000000000000000000e+00
0.000000000000000000e+00 0.000000000000000000e+00 0.000000000000000000e+00 0.000000000000000000e+00 0.000000000000000000e+00
0.000000000000000000e+00 0.000000000000000000e+00 0.000000000000000000e+00 0.000000000000000000e+00 0.000000000000000000e+00
0.000000000000000000e+00 0.000000000000000000e+00 0.000000000000000000e+00 0.000000000000000000e+00 0.000000000000000000e+00
0.000000000000000000e+00 0.000000000000000000e+00 0.000000000000000000e+00 0.000000000000000000e+00 0.000000000000000000e+00
0.000000000000000000e+00 0.000000000000000000e+00 0.000000000000000000e+00 0.000000000000000000e+00 0.000000000000000000e+00
0.000000000000000000e+00 0.000000000000000000e+00 0.000000000000000000e+00 0.000000000000000000e+00 0.000000000000000000e+00
0.000000000000000000e+00 0.000000000000000000e+00 0.000000000000000000e+00 0.000000000000000000e+00 0.000000000000000000e+00
0.000000000000000000e+00 0.000000000000000000e+00 0.000000000000000000e+00 0.000000000000000000e+00 0.000000000000000000e+00
0.000000000000000000e+00 0.000000000000000000e+00 0.000000000000000000e+00 0.000000000000000000e+00 0.000000000000000000e+00
0.000000000000000000e+00 0.000000000000000000e+00 0.000000000000000000e+00 0.000000000000000000e+00 0.000000000000000000e+00
0.000000000000000000e+00 0.000000000000000000e+00 0.000000000000000000e+00 0.000000000000000000e+00 0.000000000000000000e+00
0.000000000000000000e+00 0.000000000000000000e+00 0.000000000000000000e+00 0.000000000000000000e+00 0.000000000000000000e+00
0.000000000000000000e+00 0.000000000000000000e+00 0.000000000000000000e+00 0.000000000000000000e+00 0.000000000000000000e+00
0.000000000000000000e+00 0.000000000000000000e+00 0.000000000000000000e+00 0.000000000000000000e+00 0.000000000000000000e+00
0.000000000000000000e+00 0.000000000000000000e+00 0.000000000000000000e+00 0.000000000000000000e+00 0.000000000000000000e+00
0.000000000000000000e+00 0.000000000000000000e+00 0.000000000000000000e+00 0.000000000000000000e+00 0.000000000000000000e+00
0.000000000000000000e+00 0.000000000000000000e+00 0.000000000000000000e+00 0.000000000000000000e+00 0.000000000000000000e+00
0.000000000000000000e+00 0.000000000000000000e+00 0.000000000000000000e+00 0.000000000000000000e+00 0.000000000000000000e+00
0.000000000000000000e+00 0.000000000000000000e+00 0.000000000000000000e+00 0.000000000000000000e+00 0.000000000000000000e+00
0.000000000000000000e+00 0.000000000000000000e+00 0.000000000000000000e+00 0.000000000000000000e+00 0.000000000000000000e+00
0.000000000000000000e+00 0.000000000000000000e+00 0.000000000000000000e+00 0.000000000000000000e+00 0.000000000000000000e+00
0.000000000000000000e+00 0.000000000000000000e+00 0.000000000000000000e+00 0.000000000000000000e+00 0.000000000000000000e+00
0.000000000000000000e+00 0.000000000000000000e+00 0.000000000000000000e+00 0.000000000000000000e+00 0.000000000000000000e+00
0.000000000000000000e+00 0.000000000000000000e+00 0.000000000000000000e+00 0.000000000000000000e+00 0.000000000000000000e+00
0.000000000000000000e+00 0.000000000000000000e+00 0.000000000000000000e+00 0.000000000000000000e+00 0.000000000000000000e+00
0.000000000000000000e+00 0.000000000000000000e+00 0.000000000000000000e+00 0.000000000000000000e+00 0.000000000000000000e+00
0.000000000000000000e+00 0.000000000000000000e+00 0.000000000000000000e+00 0.000000000000000000e+00 0.000000000000000000e+00
0.000000000000000000e+00 0.000000000000000000e+00 0.000000000000000000e+00 0.000000000000000000e+00 0.000000000000000000e+00
