0.000000000000000000e+00 0.000000000000000000e+00 1.000000000000000000e+00 0.000000000000000000e+00 0.000000000000000000e+00
-1.474947929382324219e-01 1.189283609390258789e+00 1.000000000000000000e+00 0.000000000000000000e+00 0.000000000000000000e+00
-2.107929289340972900e-01 4.917353689670562744e-01 1.000000000000000000e+00 0.000000000000000000e+00 0.000000000000000000e+00
-3.458725214004516602e-01 3.035886585712432861e-01 0.000000000000000000e+00 1.000000000000000000e+00 0.000000000000000000e+00
-6.801697611808776855e-01 -6.386978030204772949e-01 1.000000000000000000e+00 0.000000000000000000e+00 0.000000000000000000e+00
-1.337128728628158569e-01 1.600761562585830688e-01 1.000000000000000000e+00 0.000000000000000000e+00 0.000000000000000000e+00
4.140263050794601440e-02 5.228664875030517578e-01 1.000000000000000000e+00 0.000000000000000000e+00 0.000000000000000000e+00
1.661687195301055908e-01 1.790100485086441040e-01 1.000000000000000000e+00 0.000000000000000000e+00 0.000000000000000000e+00
2.781084477901458740e-01 6.225156784057617188e-02 1.000000000000000000e+00 0.000000000000000000e+00 0.000000000000000000e+00
1.375542163848876953e+00 -4.670757055282592773e-01 1.000000000000000000e+00 0.000000000000000000e+00 0.000000000000000000e+00
1.008062601089477539e+00 -6.723242402076721191e-01 1.000000000000000000e+00 0.000000000000000000e+00 0.000000000000000000e+00
-4.249840378761291504e-01 1.055548191070556641e+00 1.000000000000000000e+00 0.000000000000000000e+00 0.000000000000000000e+00
-2.797123193740844727e-01 4.108401536941528320e-01 0.000000000000000000e+00 1.000000000000000000e+00 0.000000000000000000e+00
-2.015746355056762695e+00 8.791378736495971680e-01 1.000000000000000000e+00 0.000000000000000000e+00 0.000000000000000000e+00
1.335062623023986816e+00 -2.386407554149627686e-01 1.000000000000000000e+00 0.000000000000000000e+00 0.000000000000000000e+00
4.807295799255371094e-01 7.899643480777740479e-02 1.000000000000000000e+00 0.000000000000000000e+00 0.000000000000000000e+00
-9.206995964050292969e-01 9.355046749114990234e-01 1.000000000000000000e+00 0.000000000000000000e+00 0.000000000000000000e+00
-4.638912379741668701e-01 2.251284420490264893e-01 1.000000000000000000e+00 0.000000000000000000e+00 0.000000000000000000e+00
6.160109043121337891e-01 -1.603282392024993896e-01 1.000000000000000000e+00 0.000000000000000000e+00 0.000000000000000000e+00
-6.535732746124267578e-01 5.858569145202636719e-01 1.000000000000000000e+00 0.000000000000000000e+00 0.000000000000000000e+00
-1.659275889396667480e-01 5.493751764297485352e-01 1.000000000000000000e+00 0.000000000000000000e+00 0.000000000000000000e+00
8.559963107109069824e-02 2.471596300601959229e-01 1.000000000000000000e+00 0.000000000000000000e+00 0.000000000000000000e+00
2.427100837230682373e-01 1.705693602561950684e-01 1.000000000000000000e+00 0.000000000000000000e+00 0.000000000000000000e+00
1.092935800552368164e+00 1.579425334930419922e-01 1.000000000000000000e+00 0.000000000000000000e+00 0.000000000000000000e+00
1.627696633338928223e+00 -1.778275370597839355e-01 1.000000000000000000e+00 0.000000000000000000e+00 0.000000000000000000e+00
5.519698858261108398e-01 -2.084771543741226196e-01 1.000000000000000000e+00 0.000000000000000000e+00 0.000000000000000000e+00
-5.475618839263916016e-01 -1.291787385940551758e+00 1.000000000000000000e+00 0.000000000000000000e+00 0.000000000000000000e+00
-5.074642300605773926e-01 -7.051098942756652832e-01 0.000000000000000000e+00 1.000000000000000000e+00 0.000000000000000000e+00
-1.583691596984863281e+00 -1.452060699462890625e+00 0.000000000000000000e+00 0.000000000000000000e+00 1.000000000000000000e+00
-4.782301485538482666e-01 1.431635856628417969e+00 0.000000000000000000e+00 0.000000000000000000e+00 1.000000000000000000e+00
-1.273096919059753418e+00 -1.181789636611938477e-01 0.000000000000000000e+00 0.000000000000000000e+00 1.000000000000000000e+00
-8.323757648468017578e-01 -2.508222460746765137e-01 0.000000000000000000e+00 0.000000000000000000e+00 1.000000000000000000e+00
-9.086651802062988281e-01 -3.082641363143920898e-01 0.000000000000000000e+00 0.000000000000000000e+00 1.000000000000000000e+00
-8.523685932159423828e-01 -2.666872143745422363e-01 0.000000000000000000e+00 0.000000000000000000e+00 1.000000000000000000e+00
-8.480103015899658203e-01 -2.501939535140991211e-01 0.000000000000000000e+00 0.000000000000000000e+00 1.000000000000000000e+00
-8.301510810852050781e-01 -2.219731807708740234e-01 0.000000000000000000e+00 0.000000000000000000e+00 1.000000000000000000e+00
-8.448294401168823242e-01 -1.892703175544738770e-01 0.000000000000000000e+00 0.000000000000000000e+00 1.000000000000000000e+00
-8.629314899444580078e-01 -1.627003550529479980e-01 0.000000000000000000e+00 0.000000000000000000e+00 1.000000000000000000e+00
-8.405866622924804688e-01 -1.822368502616882324e-01 0.000000000000000000e+00 0.000000000000000000e+00 1.000000000000000000e+00
-8.197326660156250000e-01 -1.892147660255432129e-01 0.000000000000000000e+00 0.000000000000000000e+00 1.000000000000000000e+00
-8.085081577301025391e-01 -1.815387010574340820e-01 0.000000000000000000e+00 0.000000000000000000e+00 1.000000000000000000e+00
-7.998412847518920898e-01 -1.706196665763854980e-01 0.000000000000000000e+00 0.000000000000000000e+00 1.000000000000000000e+00
-7.948071956634521484e-01 -1.603999733924865723e-01 0.000000000000000000e+00 0.000000000000000000e+00 1.000000000000000000e+00
-7.958559989929199219e-01 -1.527740359306335449e-01 0.000000000000000000e+00 0.000000000000000000e+00 1.000000000000000000e+00
-7.879148721694946289e-01 -1.579967141151428223e-01 0.000000000000000000e+00 0.000000000000000000e+00 1.000000000000000000e+00
-7.688571214675903320e-01 -1.740533113479614258e-01 0.000000000000000000e+00 0.000000000000000000e+00 1.000000000000000000e+00
-7.526038885116577148e-01 -1.844559311866760254e-01 0.000000000000000000e+00 0.000000000000000000e+00 1.000000000000000000e+00
-7.446210384368896484e-01 -1.883267760276794434e-01 0.000000000000000000e+00 0.000000000000000000e+00 1.000000000000000000e+00
-7.423948049545288086e-01 -1.864748597145080566e-01 0.000000000000000000e+00 0.000000000000000000e+00 1.000000000000000000e+00
-7.442420721054077148e-01 -1.783484816551208496e-01 0.000000000000000000e+00 0.000000000000000000e+00 1.000000000000000000e+00
-7.457181215286254883e-01 -1.688232421875000000e-01 0.000000000000000000e+00 0.000000000000000000e+00 1.000000000000000000e+00
-7.425848245620727539e-01 -1.634600758552551270e-01 0.000000000000000000e+00 0.000000000000000000e+00 1.000000000000000000e+00
-7.357344627380371094e-01 -1.621178984642028809e-01 0.000000000000000000e+00 0.000000000000000000e+00 1.000000000000000000e+00
-7.297590970993041992e-01 -1.643278002738952637e-01 0.000000000000000000e+00 0.000000000000000000e+00 1.000000000000000000e+00
-7.254635095596313477e-01 -1.675418615341186523e-01 0.000000000000000000e+00 0.000000000000000000e+00 1.000000000000000000e+00
-7.227367162704467773e-01 -1.697454452514648438e-01 0.000000000000000000e+00 0.000000000000000000e+00 1.000000000000000000e+00
-7.188857793807983398e-01 -1.688320040702819824e-01 0.000000000000000000e+00 0.000000000000000000e+00 1.000000000000000000e+00
-7.106394767761230469e-01 -1.691561937332153320e-01 0.000000000000000000e+00 0.000000000000000000e+00 1.000000000000000000e+00
-7.025423049926757812e-01 -1.713014245033264160e-01 0.000000000000000000e+00 0.000000000000000000e+00 1.000000000000000000e+00
-6.976364850997924805e-01 -1.725323200225830078e-01 0.000000000000000000e+00 0.000000000000000000e+00 1.000000000000000000e+00
0.000000000000000000e+00 0.000000000000000000e+00 0.000000000000000000e+00 0.000000000000000000e+00 0.000000000000000000e+00
0.000000000000000000e+00 0.000000000000000000e+00 0.000000000000000000e+00 0.000000000000000000e+00 0.000000000000000000e+00
0.000000000000000000e+00 0.000000000000000000e+00 0.000000000000000000e+00 0.000000000000000000e+00 0.000000000000000000e+00
0.000000000000000000e+00 0.000000000000000000e+00 0.000000000000000000e+00 0.000000000000000000e+00 0.000000000000000000e+00
0.000000000000000000e+00 0.000000000000000000e+00 0.000000000000000000e+00 0.000000000000000000e+00 0.000000000000000000e+00
0.000000000000000000e+00 0.000000000000000000e+00 0.000000000000000000e+00 0.000000000000000000e+00 0.000000000000000000e+00
0.000000000000000000e+00 0.000000000000000000e+00 0.000000000000000000e+00 0.000000000000000000e+00 0.000000000000000000e+00
0.000000000000000000e+00 0.000000000000000000e+00 0.000000000000000000e+00 0.000000000000000000e+00 0.000000000000000000e+00
0.000000000000000000e+00 0.000000000000000000e+00 0.000000000000000000e+00 0.000000000000000000e+00 0.000000000000000000e+00
0.000000000000000000e+00 0.000000000000000000e+00 0.000000000000000000e+00 0.000000000000000000e+00 0.000000000000000000e+00
0.000000000000000000e+00 0.000000000000000000e+00 0.000000000000000000e+00 0.000000000000000000e+00 0.000000000000000000e+00
0.000000000000000000e+00 0.000000000000000000e+00 0.000000000000000000e+00 0.000000000000000000e+00 0.000000000000000000e+00
0.000000000000000000e+00 0.000000000000000000e+00 0.000000000000000000e+00 0.000000000000000000e+00 0.000000000000000000e+00
0.000000000000000000e+00 0.000000000000000000e+00 0.000000000000000000e+00 0.000000000000000000e+00 0.000000000000000000e+00
0.000000000000000000e+00 0.000000000000000000e+00 0.000000000000000000e+00 0.000000000000000000e+00 0.000000000000000000e+00
0.000000000000000000e+00 0.000000000000000000e+00 0.000000000000000000e+00 0.000000000000000000e+00 0.000000000000000000e+00
0.000000000000000000e+00 0.000000000000000000e+00 0.000000000000000000e+00 0.000000000000000000e+00 0.000000000000000000e+00
0.000000000000000000e+00 0.000000000000000000e+00 0.000000000000000000e+00 0.000000000000000000e+00 0.000000000000000000e+00
0.000000000000000000e+00 0.000000000000000000e+00 0.000000000000000000e+00 0.000000000000000000e+00 0.000000000000000000e+00
0.000000000000000000e+00 0.000000000000000000e+00 0.000000000000000000e+00 0.000000000000000000e+00 0.000000000000000000e+00
0.000000000000000000e+00 0.000000000000000000e+00 0.000000000000000000e+00 0.000000000000000000e+00 0.000000000000000000e+00
0.000000000000000000e+00 0.000000000000000000e+00 0.000000000000000000e+00 0.000000000000000000e+00 0.000000000000000000e+00
0.000000000000000000e+00 0.000000000000000000e+00 0.000000000000000000e+00 0.000000000000000000e+00 0.000000000000000000e+00
0.000000000000000000e+00 0.000000000000000000e+00 0.000000000000000000e+00 0.000000000000000000e+00 0.000000000000000000e+00
0.000000000000000000e+00 0.000000000000000000e+00 0.000000000000000000e+00 0.000000000000000000e+00 0.000000000000000000e+00
0.000000000000000000e+00 0.000000000000000000e+00 0.000000000000000000e+00 0.000000000000000000e+00 0.000000000000000000e+00
0.000000000000000000e+00 0.000000000000000000e+00 0.000000000000000000e+00 0.000000000000000000e+00 0.000000000000000000e+00
0.000000000000000000e+00 0.000000000000000000e+00 0.000000000000000000e+00 0.000000000000000000e+00 0.000000000000000000e+00
0.000000000000000000e+00 0.000000000000000000e+00 0.000000000000000000e+00 0.000000000000000000e+00 0.000000000000000000e+00
0.000000000000000000e+00 0.000000000000000000e+00 0.000000000000000000e+00 0.000000000000000000e+00 0.000000000000000000e+00
0.000000000000000000e+00 0.000000000000000000e+00 0.000000000000000000e+00 0.000000000000000000e+00 0.000000000000000000e+00
0.000000000000000000e+00 0.000000000000000000e+00 0.000000000000000000e+00 0.000000000000000000e+00 0.000000000000000000e+00
0.000000000000000000e+00 0.000000000000000000e+00 0.000000000000000000e+00 0.000000000000000000e+00 0.000000000000000000e+00
0.000000000000000000e+00 0.000000000000000000e+00 0.000000000000000000e+00 0.000000000000000000e+00 0.000000000000000000e+00
0.000000000000000000e+00 0.000000000000000000e+00 0.000000000000000000e+00 0.000000000000000000e+00 0.000000000000000000e+00
0.000000000000000000e+00 0.000000000000000000e+00 0.000000000000000000e+00 0.000000000000000000e+00 0.000000000000000000e+00
0.000000000000000000e+00 0.000000000000000000e+00 0.000000000000000000e+00 0.000000000000000000e+00 0.000000000000000000e+00
0.000000000000000000e+00 0.000000000000000000e+00 0.000000000000000000e+00 0.000000000000000000e+00 0.000000000000000000e+00
0.000000000000000000e+00 0.000000000000000000e+00 0.000000000000000000e+00 0.000000000000000000e+00 0.000000000000000000e+00
0.000000000000000000e+00 0.000000000000000000e+00 0.000000000000000000e+00 0.000000000000000000e+00 0.000000000000000000e+00
0.000000000000000000e+00 0.000000000000000000e+00 0.000000000000000000e+00 0.000000000000000000e+00 0.000000000000000000e+00
0.000000000000000000e+00 0.000000000000000000e+00 0.000000000000000000e+00 0.000000000000000000e+00 0.000000000000000000e+00
0.000000000000000000e+00 0.000000000000000000e+00 0.000000000000000000e+00 0.000000000000000000e+00 0.000000000000000000e+00
0.000000000000000000e+00 0.000000000000000000e+00 0.000000000000000000e+00 0.000000000000000000e+00 0.000000000000000000e+00
0.000000000000000000e+00 0.000000000000000000e+00 0.000000000000000000e+00 0.000000000000000000e+00 0.000000000000000000e+00
0.000000000000000000e+00 0.000000000000000000e+00 0.000000000000000000e+00 0.000000000000000000e+00 0.000000000000000000e+00
0.000000000000000000e+00 0.000000000000000000e+00 0.000000000000000000e+00 0.000000000000000000e+00 0.000000000000000000e+00
0.000000000000000000e+00 0.000000000000000000e+00 0.000000000000000000e+00 0.000000000000000000e+00 0.000000000000000000e+00
0.000000000000000000e+00 0.000000000000000000e+00 0.000000000000000000e+00 0.000000000000000000e+00 0.000000000000000000e+00
0.000000000000000000e+00 0.000000000000000000e+00 0.000000000000000000e+00 0.000000000000000000e+00 0.000000000000000000e+00
0.000000000000000000e+00 0.000000000000000000e+00 0.000000000000000000e+00 0.000000000000000000e+00 0.000000000000000000e+00
0.000000000000000000e+00 0.000000000000000000e+00 0.000000000000000000e+00 0.000000000000000000e+00 0.000000000000000000e+00
0.000000000000000000e+00 0.000000000000000000e+00 0.000000000000000000e+00 0.000000000000000000e+00 0.000000000000000000e+00
0.000000000000000000e+00 0.000000000000000000e+00 0.000000000000000000e+00 0.000000000000000000e+00 0.000000000000000000e+00
0.000000000000000000e+00 0.000000000000000000e+00 0.000000000000000000e+00 0.000000000000000000e+00 0.000000000000000000e+00
0.000000000000000000e+00 0.000000000000000000e+00 0.000000000000000000e+00 0.000000000000000000e+00 0.000000000000000000e+00
0.000000000000000000e+00 0.000000000000000000e+00 0.000000000000000000e+00 0.000000000000000000e+00 0.000000000000000000e+00
0.000000000000000000e+00 0.000000000000000000e+00 0.000000000000000000e+00 0.000000000000000000e+00 0.000000000000000000e+00
0.000000000000000000e+00 0.000000000000000000e+00 0.000000000000000000e+00 0.000000000000000000e+00 0.000000000000000000e+00
0.000000000000000000e+00 0.000000000000000000e+00 0.000000000000000000e+00 0.000000000000000000e+00 0.000000000000000000e+00
0.000000000000000000e+00 0.000000000000000000e+00 0.000000000000000000e+00 0.000000000000000000e+00 0.000000000000000000e+00
