0.000000000000000000e+00 0.000000000000000000e+00 1.000000000000000000e+00 0.000000000000000000e+00 0.000000000000000000e+00
1.187444999814033508e-01 1.221129775047302246e+00 1.000000000000000000e+00 0.000000000000000000e+00 0.000000000000000000e+00
-8.392471075057983398e-02 6.572294235229492188e-01 0.000000000000000000e+00 1.000000000000000000e+00 0.000000000000000000e+00
7.374147772789001465e-01 -1.829996347427368164e+00 1.000000000000000000e+00 0.000000000000000000e+00 0.000000000000000000e+00
1.687465667724609375e+00 -3.028849959373474121e-01 1.000000000000000000e+00 0.000000000000000000e+00 0.000000000000000000e+00
1.078901290893554688e+00 1.085539907217025757e-01 1.000000000000000000e+00 0.000000000000000000e+00 0.000000000000000000e+00
1.349670737981796265e-01 4.559482932090759277e-01 1.000000000000000000e+00 0.000000000000000000e+00 0.000000000000000000e+00
-2.160878181457519531e-01 7.305061817169189453e-01 1.000000000000000000e+00 0.000000000000000000e+00 0.000000000000000000e+00
-3.251501917839050293e-01 4.052751958370208740e-01 1.000000000000000000e+00 0.000000000000000000e+00 0.000000000000000000e+00
-2.940933108329772949e-01 1.343301236629486084e-01 1.000000000000000000e+00 0.000000000000000000e+00 0.000000000000000000e+00
-3.436603546142578125e-01 -1.176744699478149414e-01 1.000000000000000000e+00 0.000000000000000000e+00 0.000000000000000000e+00
-4.031667113304138184e-01 -4.570562839508056641e-01 0.000000000000000000e+00 1.000000000000000000e+00 0.000000000000000000e+00
-2.275280058383941650e-01 -3.191958427429199219e+00 1.000000000000000000e+00 0.000000000000000000e+00 0.000000000000000000e+00
2.084313929080963135e-01 9.444994926452636719e-01 1.000000000000000000e+00 0.000000000000000000e+00 0.000000000000000000e+00
-1.373723596334457397e-01 3.349461078643798828e+00 1.000000000000000000e+00 0.000000000000000000e+00 0.000000000000000000e+00
1.050689071416854858e-01 1.764143824577331543e+00 1.000000000000000000e+00 0.000000000000000000e+00 0.000000000000000000e+00
-2.148184180259704590e-01 5.556895136833190918e-01 0.000000000000000000e+00 1.000000000000000000e+00 0.000000000000000000e+00
-4.154272079467773438e-01 -4.859196186065673828e+00 0.000000000000000000e+00 0.000000000000000000e+00 1.000000000000000000e+00
-3.664536774158477783e-01 1.165646553039550781e+00 0.000000000000000000e+00 0.000000000000000000e+00 1.000000000000000000e+00
-1.015121221542358398e+00 -6.108706593513488770e-01 0.000000000000000000e+00 0.000000000000000000e+00 1.000000000000000000e+00
-6.608209609985351562e-01 -7.450408339500427246e-01 0.000000000000000000e+00 0.000000000000000000e+00 1.000000000000000000e+00
-6.844001412391662598e-01 -5.690894722938537598e-01 0.000000000000000000e+00 0.000000000000000000e+00 1.000000000000000000e+00
-6.798994541168212891e-01 -4.406989216804504395e-01 0.000000000000000000e+00 0.000000000000000000e+00 1.000000000000000000e+00
-6.871556043624877930e-01 -3.423479199409484863e-01 0.000000000000000000e+00 0.000000000000000000e+00 1.000000000000000000e+00
-6.941627860069274902e-01 -2.947040200233459473e-01 0.000000000000000000e+00 0.000000000000000000e+00 1.000000000000000000e+00
-6.985112428665161133e-01 -2.626234889030456543e-01 0.000000000000000000e+00 0.000000000000000000e+00 1.000000000000000000e+00
-6.827957630157470703e-01 -2.392401695251464844e-01 0.000000000000000000e+00 0.000000000000000000e+00 1.000000000000000000e+00
-6.663525104522705078e-01 -2.352359890937805176e-01 0.000000000000000000e+00 0.000000000000000000e+00 1.000000000000000000e+00
-6.604189872741699219e-01 -2.301617264747619629e-01 0.000000000000000000e+00 0.000000000000000000e+00 1.000000000000000000e+00
-6.577088832855224609e-01 -2.309792637825012207e-01 0.000000000000000000e+00 0.000000000000000000e+00 1.000000000000000000e+00
-6.529179811477661133e-01 -2.373906373977661133e-01 0.000000000000000000e+00 0.000000000000000000e+00 1.000000000000000000e+00
-6.457438468933105469e-01 -2.413887977600097656e-01 0.000000000000000000e+00 0.000000000000000000e+00 1.000000000000000000e+00
-6.388205885887145996e-01 -2.410348653793334961e-01 0.000000000000000000e+00 0.000000000000000000e+00 1.000000000000000000e+00
-6.328172087669372559e-01 -2.388399839401245117e-01 0.000000000000000000e+00 0.000000000000000000e+00 1.000000000000000000e+00
-6.264755725860595703e-01 -2.373399138450622559e-01 0.000000000000000000e+00 0.000000000000000000e+00 1.000000000000000000e+00
-6.201362609863281250e-01 -2.403111457824707031e-01 0.000000000000000000e+00 0.000000000000000000e+00 1.000000000000000000e+00
-6.135838031768798828e-01 -2.476037740707397461e-01 0.000000000000000000e+00 0.000000000000000000e+00 1.000000000000000000e+00
-6.061941981315612793e-01 -2.545153498649597168e-01 0.000000000000000000e+00 0.000000000000000000e+00 1.000000000000000000e+00
-5.994846224784851074e-01 -2.564592361450195312e-01 0.000000000000000000e+00 0.000000000000000000e+00 1.000000000000000000e+00
-5.951643586158752441e-01 -2.544276714324951172e-01 0.000000000000000000e+00 0.000000000000000000e+00 1.000000000000000000e+00
-5.922076702117919922e-01 -2.500017881393432617e-01 0.000000000000000000e+00 0.000000000000000000e+00 1.000000000000000000e+00
-5.906032323837280273e-01 -2.456391453742980957e-01 0.000000000000000000e+00 0.000000000000000000e+00 1.000000000000000000e+00
-5.891182422637939453e-01 -2.436453104019165039e-01 0.000000000000000000e+00 0.000000000000000000e+00 1.000000000000000000e+00
-5.858300924301147461e-01 -2.449760437011718750e-01 0.000000000000000000e+00 0.000000000000000000e+00 1.000000000000000000e+00
-5.808807611465454102e-01 -2.507647275924682617e-01 0.000000000000000000e+00 0.000000000000000000e+00 1.000000000000000000e+00
-5.767323970794677734e-01 -2.598446607589721680e-01 0.000000000000000000e+00 0.000000000000000000e+00 1.000000000000000000e+00
-5.722329616546630859e-01 -2.681486606597900391e-01 0.000000000000000000e+00 0.000000000000000000e+00 1.000000000000000000e+00
-5.686093568801879883e-01 -2.731989026069641113e-01 0.000000000000000000e+00 0.000000000000000000e+00 1.000000000000000000e+00
-5.677450895309448242e-01 -2.741875648498535156e-01 0.000000000000000000e+00 0.000000000000000000e+00 1.000000000000000000e+00
-5.665413141250610352e-01 -2.703222036361694336e-01 0.000000000000000000e+00 0.000000000000000000e+00 1.000000000000000000e+00
-5.632817745208740234e-01 -2.641428112983703613e-01 0.000000000000000000e+00 0.000000000000000000e+00 1.000000000000000000e+00
-5.608580112457275391e-01 -2.604385614395141602e-01 0.000000000000000000e+00 0.000000000000000000e+00 1.000000000000000000e+00
-5.627048015594482422e-01 -2.634913325309753418e-01 0.000000000000000000e+00 0.000000000000000000e+00 1.000000000000000000e+00
-5.577707290649414062e-01 -2.666937112808227539e-01 0.000000000000000000e+00 0.000000000000000000e+00 1.000000000000000000e+00
-5.553848743438720703e-01 -2.707507610321044922e-01 0.000000000000000000e+00 0.000000000000000000e+00 1.000000000000000000e+00
-5.570493340492248535e-01 -2.749007344245910645e-01 0.000000000000000000e+00 0.000000000000000000e+00 1.000000000000000000e+00
-5.544462203979492188e-01 -2.767442464828491211e-01 0.000000000000000000e+00 0.000000000000000000e+00 1.000000000000000000e+00
0.000000000000000000e+00 0.000000000000000000e+00 0.000000000000000000e+00 0.000000000000000000e+00 0.000000000000000000e+00
0.000000000000000000e+00 0.000000000000000000e+00 0.000000000000000000e+00 0.000000000000000000e+00 0.000000000000000000e+00
0.000000000000000000e+00 0.000000000000000000e+00 0.000000000000000000e+00 0.000000000000000000e+00 0.000000000000000000e+00
0.000000000000000000e+00 0.000000000000000000e+00 0.000000000000000000e+00 0.000000000000000000e+00 0.000000000000000000e+00
0.000000000000000000e+00 0.000000000000000000e+00 0.000000000000000000e+00 0.000000000000000000e+00 0.000000000000000000e+00
0.000000000000000000e+00 0.000000000000000000e+00 0.000000000000000000e+00 0.000000000000000000e+00 0.000000000000000000e+00
0.000000000000000000e+00 0.000000000000000000e+00 0.000000000000000000e+00 0.000000000000000000e+00 0.000000000000000000e+00
0.000000000000000000e+00 0.000000000000000000e+00 0.000000000000000000e+00 0.000000000000000000e+00 0.000000000000000000e+00
0.000000000000000000e+00 0.000000000000000000e+00 0.000000000000000000e+00 0.000000000000000000e+00 0.000000000000000000e+00
0.000000000000000000e+00 0.000000000000000000e+00 0.000000000000000000e+00 0.000000000000000000e+00 0.000000000000000000e+00
0.000000000000000000e+00 0.000000000000000000e+00 0.000000000000000000e+00 0.000000000000000000e+00 0.000000000000000000e+00
0.000000000000000000e+00 0.000000000000000000e+00 0.000000000000000000e+00 0.000000000000000000e+00 0.000000000000000000e+00
0.000000000000000000e+00 0.000000000000000000e+00 0.000000000000000000e+00 0.000000000000000000e+00 0.000000000000000000e+00
0.000000000000000000e+00 0.000000000000000000e+00 0.000000000000000000e+00 0.000000000000000000e+00 0.000000000000000000e+00
0.000000000000000000e+00 0.000000000000000000e+00 0.000000000000000000e+00 0.000000000000000000e+00 0.000000000000000000e+00
0.000000000000000000e+00 0.000000000000000000e+00 0.000000000000000000e+00 0.000000000000000000e+00 0.000000000000000000e+00
0.000000000000000000e+00 0.000000000000000000e+00 0.000000000000000000e+00 0.000000000000000000e+00 0.000000000000000000e+00
0.000000000000000000e+00 0.000000000000000000e+00 0.000000000000000000e+00 0.000000000000000000e+00 0.000000000000000000e+00
0.000000000000000000e+00 0.000000000000000000e+00 0.000000000000000000e+00 0.000000000000000000e+00 0.000000000000000000e+00
0.000000000000000000e+00 0.000000000000000000e+00 0.000000000000000000e+00 0.000000000000000000e+00 0.000000000000000000e+00
0.000000000000000000e+00 0.000000000000000000e+00 0.000000000000000000e+00 0.000000000000000000e+00 0.000000000000000000e+00
0.000000000000000000e+00 0.000000000000000000e+00 0.000000000000000000e+00 0.000000000000000000e+00 0.000000000000000000e+00
0.000000000000000000e+00 0.000000000000000000e+00 0.000000000000000000e+00 0.000000000000000000e+00 0.000000000000000000e+00
0.000000000000000000e+00 0.000000000000000000e+00 0.000000000000000000e+00 0.000000000000000000e+00 0.000000000000000000e+00
0.000000000000000000e+00 0.000000000000000000e+00 0.000000000000000000e+00 0.000000000000000000e+00 0.000000000000000000e+00
0.000000000000000000e+00 0.000000000000000000e+00 0.000000000000000000e+00 0.000000000000000000e+00 0.000000000000000000e+00
0.000000000000000000e+00 0.000000000000000000e+00 0.000000000000000000e+00 0.000000000000000000e+00 0.000000000000000000e+00
0.000000000000000000e+00 0.000000000000000000e+00 0.000000000000000000e+00 0.000000000000000000e+00 0.000000000000000000e+00
0.000000000000000000e+00 0.000000000000000000e+00 0.000000000000000000e+00 0.000000000000000000e+00 0.000000000000000000e+00
0.000000000000000000e+00 0.000000000000000000e+00 0.000000000000000000e+00 0.000000000000000000e+00 0.000000000000000000e+00
0.000000000000000000e+00 0.000000000000000000e+00 0.000000000000000000e+00 0.000000000000000000e+00 0.000000000000000000e+00
0.000000000000000000e+00 0.000000000000000000e+00 0.000000000000000000e+00 0.000000000000000000e+00 0.000000000000000000e+00
0.000000000000000000e+00 0.000000000000000000e+00 0.000000000000000000e+00 0.000000000000000000e+00 0.000000000000000000e+00
0.000000000000000000e+00 0.000000000000000000e+00 0.000000000000000000e+00 0.000000000000000000e+00 0.000000000000000000e+00
0.000000000000000000e+00 0.000000000000000000e+00 0.000000000000000000e+00 0.000000000000000000e+00 0.000000000000000000e+00
0.000000000000000000e+00 0.000000000000000000e+00 0.000000000000000000e+00 0.000000000000000000e+00 0.000000000000000000e+00
0.000000000000000000e+00 0.000000000000000000e+00 0.000000000000000000e+00 0.000000000000000000e+00 0.000000000000000000e+00
0.000000000000000000e+00 0.000000000000000000e+00 0.000000000000000000e+00 0.000000000000000000e+00 0.000000000000000000e+00
0.000000000000000000e+00 0.000000000000000000e+00 0.000000000000000000e+00 0.000000000000000000e+00 0.000000000000000000e+00
0.000000000000000000e+00 0.000000000000000000e+00 0.000000000000000000e+00 0.000000000000000000e+00 0.000000000000000000e+00
0.000000000000000000e+00 0.000000000000000000e+00 0.000000000000000000e+00 0.000000000000000000e+00 0.000000000000000000e+00
0.000000000000000000e+00 0.000000000000000000e+00 0.000000000000000000e+00 0.000000000000000000e+00 0.000000000000000000e+00
0.000000000000000000e+00 0.000000000000000000e+00 0.000000000000000000e+00 0.000000000000000000e+00 0.000000000000000000e+00
0.000000000000000000e+00 0.000000000000000000e+00 0.000000000000000000e+00 0.000000000000000000e+00 0.000000000000000000e+00
0.000000000000000000e+00 0.000000000000000000e+00 0.000000000000000000e+00 0.000000000000000000e+00 0.000000000000000000e+00
0.000000000000000000e+00 0.000000000000000000e+00 0.000000000000000000e+00 0.000000000000000000e+00 0.000000000000000000e+00
0.000000000000000000e+00 0.000000000000000000e+00 0.000000000000000000e+00 0.000000000000000000e+00 0.000000000000000000e+00
0.000000000000000000e+00 0.000000000000000000e+00 0.000000000000000000e+00 0.000000000000000000e+00 0.000000000000000000e+00
0.000000000000000000e+00 0.000000000000000000e+00 0.000000000000000000e+00 0.000000000000000000e+00 0.000000000000000000e+00
0.000000000000000000e+00 0.000000000000000000e+00 0.000000000000000000e+00 0.000000000000000000e+00 0.000000000000000000e+00
0.000000000000000000e+00 0.000000000000000000e+00 0.000000000000000000e+00 0.000000000000000000e+00 0.000000000000000000e+00
0.000000000000000000e+00 0.000000000000000000e+00 0.000000000000000000e+00 0.000000000000000000e+00 0.000000000000000000e+00
0.000000000000000000e+00 0.000000000000000000e+00 0.000000000000000000e+00 0.000000000000000000e+00 0.000000000000000000e+00
0.000000000000000000e+00 0.000000000000000000e+00 0.000000000000000000e+00 0.000000000000000000e+00 0.000000000000000000e+00
0.000000000000000000e+00 0.000000000000000000e+00 0.000000000000000000e+00 0.000000000000000000e+00 0.000000000000000000e+00
0.000000000000000000e+00 0.000000000000000000e+00 0.000000000000000000e+00 0.000000000000000000e+00 0.000000000000000000e+00
0.000000000000000000e+00 0.000000000000000000e+00 0.000000000000000000e+00 0.000000000000000000e+00 0.000000000000000000e+00
0.000000000000000000e+00 0.000000000000000000e+00 0.000000000000000000e+00 0.000000000000000000e+00 0.000000000000000000e+00
0.000000000000000000e+00 0.000000000000000000e+00 0.000000000000000000e+00 0.000000000000000000e+00 0.000000000000000000e+00
0.000000000000000000e+00 0.000000000000000000e+00 0.000000000000000000e+00 0.000000000000000000e+00 0.000000000000000000e+00
0.000000000000000000e+00 0.000000000000000000e+00 0.000000000000000000e+00 0.000000000000000000e+00 0.000000000000000000e+00
0.000000000000000000e+00 0.000000000000000000e+00 0.000000000000000000e+00 0.000000000000000000e+00 0.000000000000000000e+00
0.000000000000000000e+00 0.000000000000000000e+00 0.000000000000000000e+00 0.000000000000000000e+00 0.000000000000000000e+00
0.000000000000000000e+00 0.000000000000000000e+00 0.000000000000000000e+00 0.000000000000000000e+00 0.000000000000000000e+00
