0.000000000000000000e+00 0.000000000000000000e+00 1.000000000000000000e+00 0.000000000000000000e+00 0.000000000000000000e+00
-8.046810328960418701e-02 9.131817221641540527e-01 1.000000000000000000e+00 0.000000000000000000e+00 0.000000000000000000e+00
-9.201546013355255127e-02 2.446051836013793945e-01 0.000000000000000000e+00 1.000000000000000000e+00 0.000000000000000000e+00
5.493524074554443359e-01 -1.149188160896301270e+00 1.000000000000000000e+00 0.000000000000000000e+00 0.000000000000000000e+00
8.771593570709228516e-01 -1.423656642436981201e-01 1.000000000000000000e+00 0.000000000000000000e+00 0.000000000000000000e+00
3.597374260425567627e-01 7.983283698558807373e-02 1.000000000000000000e+00 0.000000000000000000e+00 0.000000000000000000e+00
-1.210870221257209778e-02 2.800145149230957031e-01 1.000000000000000000e+00 0.000000000000000000e+00 0.000000000000000000e+00
-3.092703819274902344e-01 4.375808238983154297e-01 1.000000000000000000e+00 0.000000000000000000e+00 0.000000000000000000e+00
-1.972790509462356567e-01 1.293796151876449585e-01 1.000000000000000000e+00 0.000000000000000000e+00 0.000000000000000000e+00
-2.179959416389465332e-01 -3.353292122483253479e-02 0.000000000000000000e+00 1.000000000000000000e+00 0.000000000000000000e+00
-6.358247995376586914e-02 -1.868341326713562012e+00 1.000000000000000000e+00 0.000000000000000000e+00 0.000000000000000000e+00
7.439055293798446655e-02 6.812462806701660156e-01 1.000000000000000000e+00 0.000000000000000000e+00 0.000000000000000000e+00
-2.167665064334869385e-01 1.974965572357177734e+00 1.000000000000000000e+00 0.000000000000000000e+00 0.000000000000000000e+00
2.421915158629417419e-02 3.482442796230316162e-01 0.000000000000000000e+00 1.000000000000000000e+00 0.000000000000000000e+00
2.713325500488281250e+00 -2.643115997314453125e+00 1.000000000000000000e+00 0.000000000000000000e+00 0.000000000000000000e+00
-1.073058485984802246e+00 8.911568522453308105e-01 1.000000000000000000e+00 0.000000000000000000e+00 0.000000000000000000e+00
-2.218028008937835693e-01 3.009797632694244385e-01 1.000000000000000000e+00 0.000000000000000000e+00 0.000000000000000000e+00
4.938416182994842529e-01 6.184735894203186035e-02 1.000000000000000000e+00 0.000000000000000000e+00 0.000000000000000000e+00
6.759569048881530762e-01 -2.043820023536682129e-01 1.000000000000000000e+00 0.000000000000000000e+00 0.000000000000000000e+00
1.363292783498764038e-01 -1.308512091636657715e-01 0.000000000000000000e+00 1.000000000000000000e+00 0.000000000000000000e+00
-1.038190245628356934e+00 -1.162339687347412109e+00 1.000000000000000000e+00 0.000000000000000000e+00 0.000000000000000000e+00
-1.659298092126846313e-01 1.732531547546386719e+00 1.000000000000000000e+00 0.000000000000000000e+00 0.000000000000000000e+00
7.270424067974090576e-02 8.905441761016845703e-01 1.000000000000000000e+00 0.000000000000000000e+00 0.000000000000000000e+00
7.850828021764755249e-02 6.006552278995513916e-02 1.000000000000000000e+00 0.000000000000000000e+00 0.000000000000000000e+00
2.239846736192703247e-01 -2.800593376159667969e-01 1.000000000000000000e+00 0.000000000000000000e+00 0.000000000000000000e+00
2.065208107233047485e-01 -5.618000626564025879e-01 1.000000000000000000e+00 0.000000000000000000e+00 0.000000000000000000e+00
4.811488389968872070e-01 5.410597324371337891e-01 1.000000000000000000e+00 0.000000000000000000e+00 0.000000000000000000e+00
3.983346223831176758e-01 2.219770103693008423e-01 1.000000000000000000e+00 0.000000000000000000e+00 0.000000000000000000e+00
5.745888948440551758e-01 1.046622246503829956e-01 0.000000000000000000e+00 1.000000000000000000e+00 0.000000000000000000e+00
-2.344679594039916992e+00 -2.927590847015380859e+00 0.000000000000000000e+00 0.000000000000000000e+00 1.000000000000000000e+00
-1.717676818370819092e-01 1.561619281768798828e+00 0.000000000000000000e+00 0.000000000000000000e+00 1.000000000000000000e+00
-1.206783771514892578e+00 1.462119221687316895e-01 0.000000000000000000e+00 0.000000000000000000e+00 1.000000000000000000e+00
-9.724049568176269531e-01 -9.240794181823730469e-02 0.000000000000000000e+00 0.000000000000000000e+00 1.000000000000000000e+00
-9.598430395126342773e-01 -1.106833219528198242e-01 0.000000000000000000e+00 0.000000000000000000e+00 1.000000000000000000e+00
-9.141880273818969727e-01 -1.544904112815856934e-01 0.000000000000000000e+00 0.000000000000000000e+00 1.000000000000000000e+00
-8.856538534164428711e-01 -1.897303462028503418e-01 0.000000000000000000e+00 0.000000000000000000e+00 1.000000000000000000e+00
-8.686177730560302734e-01 -2.130944728851318359e-01 0.000000000000000000e+00 0.000000000000000000e+00 1.000000000000000000e+00
-8.606610298156738281e-01 -2.165196537971496582e-01 0.000000000000000000e+00 0.000000000000000000e+00 1.000000000000000000e+00
-8.546453714370727539e-01 -2.083707451820373535e-01 0.000000000000000000e+00 0.000000000000000000e+00 1.000000000000000000e+00
-8.317580223083496094e-01 -2.146263718605041504e-01 0.000000000000000000e+00 0.000000000000000000e+00 1.000000000000000000e+00
-8.181684017181396484e-01 -2.097452282905578613e-01 0.000000000000000000e+00 0.000000000000000000e+00 1.000000000000000000e+00
-8.023929595947265625e-01 -2.156273722648620605e-01 0.000000000000000000e+00 0.000000000000000000e+00 1.000000000000000000e+00
-7.876076698303222656e-01 -2.226380109786987305e-01 0.000000000000000000e+00 0.000000000000000000e+00 1.000000000000000000e+00
-7.772611379623413086e-01 -2.255777716636657715e-01 0.000000000000000000e+00 0.000000000000000000e+00 1.000000000000000000e+00
-7.682201862335205078e-01 -2.259914875030517578e-01 0.000000000000000000e+00 0.000000000000000000e+00 1.000000000000000000e+00
-7.576605081558227539e-01 -2.298438549041748047e-01 0.000000000000000000e+00 0.000000000000000000e+00 1.000000000000000000e+00
-7.469477653503417969e-01 -2.360541224479675293e-01 0.000000000000000000e+00 0.000000000000000000e+00 1.000000000000000000e+00
-7.393941879272460938e-01 -2.422567605972290039e-01 0.000000000000000000e+00 0.000000000000000000e+00 1.000000000000000000e+00
-7.323224544525146484e-01 -2.460944652557373047e-01 0.000000000000000000e+00 0.000000000000000000e+00 1.000000000000000000e+00
-7.266056537628173828e-01 -2.466322779655456543e-01 0.000000000000000000e+00 0.000000000000000000e+00 1.000000000000000000e+00
-7.225346565246582031e-01 -2.432725429534912109e-01 0.000000000000000000e+00 0.000000000000000000e+00 1.000000000000000000e+00
-7.185074090957641602e-01 -2.392013072967529297e-01 0.000000000000000000e+00 0.000000000000000000e+00 1.000000000000000000e+00
-7.139801979064941406e-01 -2.420781254768371582e-01 0.000000000000000000e+00 0.000000000000000000e+00 1.000000000000000000e+00
-7.068424224853515625e-01 -2.456540465354919434e-01 0.000000000000000000e+00 0.000000000000000000e+00 1.000000000000000000e+00
-7.019995450973510742e-01 -2.482991218566894531e-01 0.000000000000000000e+00 0.000000000000000000e+00 1.000000000000000000e+00
-6.994438171386718750e-01 -2.499398589134216309e-01 0.000000000000000000e+00 0.000000000000000000e+00 1.000000000000000000e+00
-6.969008445739746094e-01 -2.489851117134094238e-01 0.000000000000000000e+00 0.000000000000000000e+00 1.000000000000000000e+00
-6.929721832275390625e-01 -2.475920915603637695e-01 0.000000000000000000e+00 0.000000000000000000e+00 1.000000000000000000e+00
-6.886607408523559570e-01 -2.488824725151062012e-01 0.000000000000000000e+00 0.000000000000000000e+00 1.000000000000000000e+00
-6.840953826904296875e-01 -2.543154358863830566e-01 0.000000000000000000e+00 0.000000000000000000e+00 1.000000000000000000e+00
-6.790267229080200195e-01 -2.578491568565368652e-01 0.000000000000000000e+00 0.000000000000000000e+00 1.000000000000000000e+00
-6.745800971984863281e-01 -2.565222382545471191e-01 0.000000000000000000e+00 0.000000000000000000e+00 1.000000000000000000e+00
-6.712541580200195312e-01 -2.526500225067138672e-01 0.000000000000000000e+00 0.000000000000000000e+00 1.000000000000000000e+00
-6.671703457832336426e-01 -2.476421594619750977e-01 0.000000000000000000e+00 0.000000000000000000e+00 1.000000000000000000e+00
-6.625475287437438965e-01 -2.456042766571044922e-01 0.000000000000000000e+00 0.000000000000000000e+00 1.000000000000000000e+00
-6.595872044563293457e-01 -2.473158240318298340e-01 0.000000000000000000e+00 0.000000000000000000e+00 1.000000000000000000e+00
-6.575411558151245117e-01 -2.504164576530456543e-01 0.000000000000000000e+00 0.000000000000000000e+00 1.000000000000000000e+00
-6.568713784217834473e-01 -2.525577545166015625e-01 0.000000000000000000e+00 0.000000000000000000e+00 1.000000000000000000e+00
-6.572020053863525391e-01 -2.516533136367797852e-01 0.000000000000000000e+00 0.000000000000000000e+00 1.000000000000000000e+00
-6.572980284690856934e-01 -2.467532753944396973e-01 0.000000000000000000e+00 0.000000000000000000e+00 1.000000000000000000e+00
-6.550188064575195312e-01 -2.423242926597595215e-01 0.000000000000000000e+00 0.000000000000000000e+00 1.000000000000000000e+00
-6.510164141654968262e-01 -2.425928711891174316e-01 0.000000000000000000e+00 0.000000000000000000e+00 1.000000000000000000e+00
-6.446956396102905273e-01 -2.495062351226806641e-01 0.000000000000000000e+00 0.000000000000000000e+00 1.000000000000000000e+00
0.000000000000000000e+00 0.000000000000000000e+00 0.000000000000000000e+00 0.000000000000000000e+00 0.000000000000000000e+00
0.000000000000000000e+00 0.000000000000000000e+00 0.000000000000000000e+00 0.000000000000000000e+00 0.000000000000000000e+00
0.000000000000000000e+00 0.000000000000000000e+00 0.000000000000000000e+00 0.000000000000000000e+00 0.000000000000000000e+00
0.000000000000000000e+00 0.000000000000000000e+00 0.000000000000000000e+00 0.000000000000000000e+00 0.000000000000000000e+00
0.000000000000000000e+00 0.000000000000000000e+00 0.000000000000000000e+00 0.000000000000000000e+00 0.000000000000000000e+00
0.000000000000000000e+00 0.000000000000000000e+00 0.000000000000000000e+00 0.000000000000000000e+00 0.000000000000000000e+00
0.000000000000000000e+00 0.000000000000000000e+00 0.000000000000000000e+00 0.000000000000000000e+00 0.000000000000000000e+00
0.000000000000000000e+00 0.000000000000000000e+00 0.000000000000000000e+00 0.000000000000000000e+00 0.000000000000000000e+00
0.000000000000000000e+00 0.000000000000000000e+00 0.000000000000000000e+00 0.000000000000000000e+00 0.000000000000000000e+00
0.000000000000000000e+00 0.000000000000000000e+00 0.000000000000000000e+00 0.000000000000000000e+00 0.000000000000000000e+00
0.000000000000000000e+00 0.000000000000000000e+00 0.000000000000000000e+00 0.000000000000000000e+00 0.000000000000000000e+00
0.000000000000000000e+00 0.000000000000000000e+00 0.000000000000000000e+00 0.000000000000000000e+00 0.000000000000000000e+00
0.000000000000000000e+00 0.000000000000000000e+00 0.000000000000000000e+00 0.000000000000000000e+00 0.000000000000000000e+00
0.000000000000000000e+00 0.000000000000000000e+00 0.000000000000000000e+00 0.000000000000000000e+00 0.000000000000000000e+00
0.000000000000000000e+00 0.000000000000000000e+00 0.000000000000000000e+00 0.000000000000000000e+00 0.000000000000000000e+00
0.000000000000000000e+00 0.000000000000000000e+00 0.000000000000000000e+00 0.000000000000000000e+00 0.000000000000000000e+00
0.000000000000000000e+00 0.000000000000000000e+00 0.000000000000000000e+00 0.000000000000000000e+00 0.000000000000000000e+00
0.000000000000000000e+00 0.000000000000000000e+00 0.000000000000000000e+00 0.000000000000000000e+00 0.000000000000000000e+00
0.000000000000000000e+00 0.000000000000000000e+00 0.000000000000000000e+00 0.000000000000000000e+00 0.000000000000000000e+00
0.000000000000000000e+00 0.000000000000000000e+00 0.000000000000000000e+00 0.000000000000000000e+00 0.000000000000000000e+00
0.000000000000000000e+00 0.000000000000000000e+00 0.000000000000000000e+00 0.000000000000000000e+00 0.000000000000000000e+00
0.000000000000000000e+00 0.000000000000000000e+00 0.000000000000000000e+00 0.000000000000000000e+00 0.000000000000000000e+00
0.000000000000000000e+00 0.000000000000000000e+00 0.000000000000000000e+00 0.000000000000000000e+00 0.000000000000000000e+00
0.000000000000000000e+00 0.000000000000000000e+00 0.000000000000000000e+00 0.000000000000000000e+00 0.000000000000000000e+00
0.000000000000000000e+00 0.000000000000000000e+00 0.000000000000000000e+00 0.000000000000000000e+00 0.000000000000000000e+00
0.000000000000000000e+00 0.000000000000000000e+00 0.000000000000000000e+00 0.000000000000000000e+00 0.000000000000000000e+00
0.000000000000000000e+00 0.000000000000000000e+00 0.000000000000000000e+00 0.000000000000000000e+00 0.000000000000000000e+00
0.000000000000000000e+00 0.000000000000000000e+00 0.000000000000000000e+00 0.000000000000000000e+00 0.000000000000000000e+00
0.000000000000000000e+00 0.000000000000000000e+00 0.000000000000000000e+00 0.000000000000000000e+00 0.000000000000000000e+00
0.000000000000000000e+00 0.000000000000000000e+00 0.000000000000000000e+00 0.000000000000000000e+00 0.000000000000000000e+00
0.000000000000000000e+00 0.000000000000000000e+00 0.000000000000000000e+00 0.000000000000000000e+00 0.000000000000000000e+00
0.000000000000000000e+00 0.000000000000000000e+00 0.000000000000000000e+00 0.000000000000000000e+00 0.000000000000000000e+00
0.000000000000000000e+00 0.000000000000000000e+00 0.000000000000000000e+00 0.000000000000000000e+00 0.000000000000000000e+00
0.000000000000000000e+00 0.000000000000000000e+00 0.000000000000000000e+00 0.000000000000000000e+00 0.000000000000000000e+00
0.000000000000000000e+00 0.000000000000000000e+00 0.000000000000000000e+00 0.000000000000000000e+00 0.000000000000000000e+00
0.000000000000000000e+00 0.000000000000000000e+00 0.000000000000000000e+00 0.000000000000000000e+00 0.000000000000000000e+00
0.000000000000000000e+00 0.000000000000000000e+00 0.000000000000000000e+00 0.000000000000000000e+00 0.000000000000000000e+00
0.000000000000000000e+00 0.000000000000000000e+00 0.000000000000000000e+00 0.000000000000000000e+00 0.000000000000000000e+00
0.000000000000000000e+00 0.000000000000000000e+00 0.000000000000000000e+00 0.000000000000000000e+00 0.000000000000000000e+00
0.000000000000000000e+00 0.000000000000000000e+00 0.000000000000000000e+00 0.000000000000000000e+00 0.000000000000000000e+00
0.000000000000000000e+00 0.000000000000000000e+00 0.000000000000000000e+00 0.000000000000000000e+00 0.000000000000000000e+00
0.000000000000000000e+00 0.000000000000000000e+00 0.000000000000000000e+00 0.000000000000000000e+00 0.000000000000000000e+00
0.000000000000000000e+00 0.000000000000000000e+00 0.000000000000000000e+00 0.000000000000000000e+00 0.000000000000000000e+00
0.000000000000000000e+00 0.000000000000000000e+00 0.000000000000000000e+00 0.000000000000000000e+00 0.000000000000000000e+00
0.000000000000000000e+00 0.000000000000000000e+00 0.000000000000000000e+00 0.000000000000000000e+00 0.000000000000000000e+00
0.000000000000000000e+00 0.000000000000000000e+00 0.000000000000000000e+00 0.000000000000000000e+00 0.000000000000000000e+00
0.000000000000000000e+00 0.000000000000000000e+00 0.000000000000000000e+00 0.000000000000000000e+00 0.000000000000000000e+00
0.000000000000000000e+00 0.000000000000000000e+00 0.000000000000000000e+00 0.000000000000000000e+00 0.000000000000000000e+00
