0.000000000000000000e+00 0.000000000000000000e+00 1.000000000000000000e+00 0.000000000000000000e+00 0.000000000000000000e+00
-1.117143392562866211e+00 1.628896117210388184e+00 1.000000000000000000e+00 0.000000000000000000e+00 0.000000000000000000e+00
-1.119259595870971680e+00 1.168431878089904785e+00 1.000000000000000000e+00 0.000000000000000000e+00 0.000000000000000000e+00
-6.051281690597534180e-01 4.284147322177886963e-01 0.000000000000000000e+00 1.000000000000000000e+00 0.000000000000000000e+00
1.607174277305603027e+00 -1.273432493209838867e+00 1.000000000000000000e+00 0.000000000000000000e+00 0.000000000000000000e+00
1.305440306663513184e+00 -3.074377179145812988e-01 1.000000000000000000e+00 0.000000000000000000e+00 0.000000000000000000e+00
3.911260366439819336e-01 2.581133693456649780e-02 0.000000000000000000e+00 1.000000000000000000e+00 0.000000000000000000e+00
-1.892932534217834473e+00 1.315869331359863281e+00 1.000000000000000000e+00 0.000000000000000000e+00 0.000000000000000000e+00
1.016554355621337891e+00 -1.206004917621612549e-01 1.000000000000000000e+00 0.000000000000000000e+00 0.000000000000000000e+00
5.208392143249511719e-01 -1.818355619907379150e-01 0.000000000000000000e+00 1.000000000000000000e+00 0.000000000000000000e+00
-1.320536851882934570e+00 6.441496610641479492e-01 1.000000000000000000e+00 0.000000000000000000e+00 0.000000000000000000e+00
-7.335147857666015625e-01 1.028295397758483887e+00 1.000000000000000000e+00 0.000000000000000000e+00 0.000000000000000000e+00
-3.872867524623870850e-01 3.001469671726226807e-01 1.000000000000000000e+00 0.000000000000000000e+00 0.000000000000000000e+00
-4.278701245784759521e-01 1.342424154281616211e-01 1.000000000000000000e+00 0.000000000000000000e+00 0.000000000000000000e+00
1.979029655456542969e+00 -2.155085355043411255e-01 1.000000000000000000e+00 0.000000000000000000e+00 0.000000000000000000e+00
1.720086336135864258e+00 -4.370334148406982422e-01 1.000000000000000000e+00 0.000000000000000000e+00 0.000000000000000000e+00
5.130747556686401367e-01 -2.400382012128829956e-01 1.000000000000000000e+00 0.000000000000000000e+00 0.000000000000000000e+00
6.020409241318702698e-02 -1.907706707715988159e-01 0.000000000000000000e+00 1.000000000000000000e+00 0.000000000000000000e+00
-1.357560873031616211e+00 -1.020076870918273926e+00 1.000000000000000000e+00 0.000000000000000000e+00 0.000000000000000000e+00
-2.232184112071990967e-01 2.345535993576049805e+00 1.000000000000000000e+00 0.000000000000000000e+00 0.000000000000000000e+00
4.425974562764167786e-02 1.892989277839660645e+00 0.000000000000000000e+00 1.000000000000000000e+00 0.000000000000000000e+00
-5.808706879615783691e-01 -4.469948768615722656e+00 0.000000000000000000e+00 0.000000000000000000e+00 1.000000000000000000e+00
-7.684866189956665039e-01 1.069390058517456055e+00 0.000000000000000000e+00 0.000000000000000000e+00 1.000000000000000000e+00
-1.022868752479553223e+00 -6.451448798179626465e-01 0.000000000000000000e+00 0.000000000000000000e+00 1.000000000000000000e+00
-7.724739313125610352e-01 -6.267425417900085449e-01 0.000000000000000000e+00 0.000000000000000000e+00 1.000000000000000000e+00
-7.830712795257568359e-01 -4.087606072425842285e-01 0.000000000000000000e+00 0.000000000000000000e+00 1.000000000000000000e+00
-7.669160366058349609e-01 -3.424122929573059082e-01 0.000000000000000000e+00 0.000000000000000000e+00 1.000000000000000000e+00
-7.447615861892700195e-01 -2.993801832199096680e-01 0.000000000000000000e+00 0.000000000000000000e+00 1.000000000000000000e+00
-7.440558671951293945e-01 -2.713280916213989258e-01 0.000000000000000000e+00 0.000000000000000000e+00 1.000000000000000000e+00
-7.763285636901855469e-01 -2.522916197776794434e-01 0.000000000000000000e+00 0.000000000000000000e+00 1.000000000000000000e+00
-7.809751033782958984e-01 -2.328056693077087402e-01 0.000000000000000000e+00 0.000000000000000000e+00 1.000000000000000000e+00
-7.384612560272216797e-01 -2.508794069290161133e-01 0.000000000000000000e+00 0.000000000000000000e+00 1.000000000000000000e+00
-7.123668193817138672e-01 -2.563600540161132812e-01 0.000000000000000000e+00 0.000000000000000000e+00 1.000000000000000000e+00
-6.978341937065124512e-01 -2.577133178710937500e-01 0.000000000000000000e+00 0.000000000000000000e+00 1.000000000000000000e+00
-6.869831085205078125e-01 -2.638351321220397949e-01 0.000000000000000000e+00 0.000000000000000000e+00 1.000000000000000000e+00
-6.867382526397705078e-01 -2.699972987174987793e-01 0.000000000000000000e+00 0.000000000000000000e+00 1.000000000000000000e+00
-6.875582933425903320e-01 -2.729582190513610840e-01 0.000000000000000000e+00 0.000000000000000000e+00 1.000000000000000000e+00
-6.813222765922546387e-01 -2.786216139793395996e-01 0.000000000000000000e+00 0.000000000000000000e+00 1.000000000000000000e+00
-6.709197759628295898e-01 -2.833328247070312500e-01 0.000000000000000000e+00 0.000000000000000000e+00 1.000000000000000000e+00
-6.624674797058105469e-01 -2.834107279777526855e-01 0.000000000000000000e+00 0.000000000000000000e+00 1.000000000000000000e+00
-6.580073833465576172e-01 -2.808312773704528809e-01 0.000000000000000000e+00 0.000000000000000000e+00 1.000000000000000000e+00
-6.537179350852966309e-01 -2.756913304328918457e-01 0.000000000000000000e+00 0.000000000000000000e+00 1.000000000000000000e+00
-6.515805721282958984e-01 -2.712347507476806641e-01 0.000000000000000000e+00 0.000000000000000000e+00 1.000000000000000000e+00
-6.481642723083496094e-01 -2.697262167930603027e-01 0.000000000000000000e+00 0.000000000000000000e+00 1.000000000000000000e+00
-6.412667036056518555e-01 -2.704660296440124512e-01 0.000000000000000000e+00 0.000000000000000000e+00 1.000000000000000000e+00
-6.339182853698730469e-01 -2.747735381126403809e-01 0.000000000000000000e+00 0.000000000000000000e+00 1.000000000000000000e+00
-6.283270716667175293e-01 -2.819659113883972168e-01 0.000000000000000000e+00 0.000000000000000000e+00 1.000000000000000000e+00
-6.241986751556396484e-01 -2.905285954475402832e-01 0.000000000000000000e+00 0.000000000000000000e+00 1.000000000000000000e+00
-6.207557320594787598e-01 -2.949005961418151855e-01 0.000000000000000000e+00 0.000000000000000000e+00 1.000000000000000000e+00
-6.175835132598876953e-01 -2.901390790939331055e-01 0.000000000000000000e+00 0.000000000000000000e+00 1.000000000000000000e+00
-6.158816814422607422e-01 -2.773160338401794434e-01 0.000000000000000000e+00 0.000000000000000000e+00 1.000000000000000000e+00
-6.145112514495849609e-01 -2.652971148490905762e-01 0.000000000000000000e+00 0.000000000000000000e+00 1.000000000000000000e+00
-6.133551597595214844e-01 -2.617254853248596191e-01 0.000000000000000000e+00 0.000000000000000000e+00 1.000000000000000000e+00
-6.121292114257812500e-01 -2.676546573638916016e-01 0.000000000000000000e+00 0.000000000000000000e+00 1.000000000000000000e+00
-6.110493540763854980e-01 -2.788869142532348633e-01 0.000000000000000000e+00 0.000000000000000000e+00 1.000000000000000000e+00
-6.079968214035034180e-01 -2.910075783729553223e-01 0.000000000000000000e+00 0.000000000000000000e+00 1.000000000000000000e+00
-6.048843860626220703e-01 -2.939723730087280273e-01 0.000000000000000000e+00 0.000000000000000000e+00 1.000000000000000000e+00
-6.019978523254394531e-01 -2.864375114440917969e-01 0.000000000000000000e+00 0.000000000000000000e+00 1.000000000000000000e+00
-5.970577001571655273e-01 -2.787172198295593262e-01 0.000000000000000000e+00 0.000000000000000000e+00 1.000000000000000000e+00
-5.924316644668579102e-01 -2.794982790946960449e-01 0.000000000000000000e+00 0.000000000000000000e+00 1.000000000000000000e+00
-5.880596637725830078e-01 -2.849700450897216797e-01 0.000000000000000000e+00 0.000000000000000000e+00 1.000000000000000000e+00
-5.850474834442138672e-01 -2.899137735366821289e-01 0.000000000000000000e+00 0.000000000000000000e+00 1.000000000000000000e+00
-5.830878019332885742e-01 -2.912226319313049316e-01 0.000000000000000000e+00 0.000000000000000000e+00 1.000000000000000000e+00
-5.814465284347534180e-01 -2.870846986770629883e-01 0.000000000000000000e+00 0.000000000000000000e+00 1.000000000000000000e+00
-5.813949704170227051e-01 -2.786079645156860352e-01 0.000000000000000000e+00 0.000000000000000000e+00 1.000000000000000000e+00
-5.833079814910888672e-01 -2.726159095764160156e-01 0.000000000000000000e+00 0.000000000000000000e+00 1.000000000000000000e+00
-5.837330222129821777e-01 -2.756477594375610352e-01 0.000000000000000000e+00 0.000000000000000000e+00 1.000000000000000000e+00
-5.792986154556274414e-01 -2.866491079330444336e-01 0.000000000000000000e+00 0.000000000000000000e+00 1.000000000000000000e+00
-5.755733251571655273e-01 -2.940096855163574219e-01 0.000000000000000000e+00 0.000000000000000000e+00 1.000000000000000000e+00
-5.762430429458618164e-01 -2.871302962303161621e-01 0.000000000000000000e+00 0.000000000000000000e+00 1.000000000000000000e+00
0.000000000000000000e+00 0.000000000000000000e+00 0.000000000000000000e+00 0.000000000000000000e+00 0.000000000000000000e+00
0.000000000000000000e+00 0.000000000000000000e+00 0.000000000000000000e+00 0.000000000000000000e+00 0.000000000000000000e+00
0.000000000000000000e+00 0.000000000000000000e+00 0.000000000000000000e+00 0.000000000000000000e+00 0.000000000000000000e+00
0.000000000000000000e+00 0.000000000000000000e+00 0.000000000000000000e+00 0.000000000000000000e+00 0.000000000000000000e+00
0.000000000000000000e+00 0.000000000000000000e+00 0.000000000000000000e+00 0.000000000000000000e+00 0.000000000000000000e+00
0.000000000000000000e+00 0.000000000000000000e+00 0.000000000000000000e+00 0.000000000000000000e+00 0.000000000000000000e+00
0.000000000000000000e+00 0.000000000000000000e+00 0.000000000000000000e+00 0.000000000000000000e+00 0.000000000000000000e+00
0.000000000000000000e+00 0.000000000000000000e+00 0.000000000000000000e+00 0.000000000000000000e+00 0.000000000000000000e+00
0.000000000000000000e+00 0.000000000000000000e+00 0.000000000000000000e+00 0.000000000000000000e+00 0.000000000000000000e+00
0.000000000000000000e+00 0.000000000000000000e+00 0.000000000000000000e+00 0.000000000000000000e+00 0.000000000000000000e+00
0.000000000000000000e+00 0.000000000000000000e+00 0.000000000000000000e+00 0.000000000000000000e+00 0.000000000000000000e+00
0.000000000000000000e+00 0.000000000000000000e+00 0.000000000000000000e+00 0.000000000000000000e+00 0.000000000000000000e+00
0.000000000000000000e+00 0.000000000000000000e+00 0.000000000000000000e+00 0.000000000000000000e+00 0.000000000000000000e+00
0.000000000000000000e+00 0.000000000000000000e+00 0.000000000000000000e+00 0.000000000000000000e+00 0.000000000000000000e+00
0.000000000000000000e+00 0.000000000000000000e+00 0.000000000000000000e+00 0.000000000000000000e+00 0.000000000000000000e+00
0.000000000000000000e+00 0.000000000000000000e+00 0.000000000000000000e+00 0.000000000000000000e+00 0.000000000000000000e+00
0.000000000000000000e+00 0.000000000000000000e+00 0.000000000000000000e+00 0.000000000000000000e+00 0.000000000000000000e+00
0.000000000000000000e+00 0.000000000000000000e+00 0.000000000000000000e+00 0.000000000000000000e+00 0.000000000000000000e+00
0.000000000000000000e+00 0.000000000000000000e+00 0.000000000000000000e+00 0.000000000000000000e+00 0.000000000000000000e+00
0.000000000000000000e+00 0.000000000000000000e+00 0.000000000000000000e+00 0.000000000000000000e+00 0.000000000000000000e+00
0.000000000000000000e+00 0.000000000000000000e+00 0.000000000000000000e+00 0.000000000000000000e+00 0.000000000000000000e+00
0.000000000000000000e+00 0.000000000000000000e+00 0.000000000000000000e+00 0.000000000000000000e+00 0.000000000000000000e+00
0.000000000000000000e+00 0.000000000000000000e+00 0.000000000000000000e+00 0.000000000000000000e+00 0.000000000000000000e+00
0.000000000000000000e+00 0.000000000000000000e+00 0.000000000000000000e+00 0.000000000000000000e+00 0.000000000000000000e+00
0.000000000000000000e+00 0.000000000000000000e+00 0.000000000000000000e+00 0.000000000000000000e+00 0.000000000000000000e+00
0.000000000000000000e+00 0.000000000000000000e+00 0.000000000000000000e+00 0.000000000000000000e+00 0.000000000000000000e+00
0.000000000000000000e+00 0.000000000000000000e+00 0.000000000000000000e+00 0.000000000000000000e+00 0.000000000000000000e+00
0.000000000000000000e+00 0.000000000000000000e+00 0.000000000000000000e+00 0.000000000000000000e+00 0.000000000000000000e+00
0.000000000000000000e+00 0.000000000000000000e+00 0.000000000000000000e+00 0.000000000000000000e+00 0.000000000000000000e+00
0.000000000000000000e+00 0.000000000000000000e+00 0.000000000000000000e+00 0.000000000000000000e+00 0.000000000000000000e+00
0.000000000000000000e+00 0.000000000000000000e+00 0.000000000000000000e+00 0.000000000000000000e+00 0.000000000000000000e+00
0.000000000000000000e+00 0.000000000000000000e+00 0.000000000000000000e+00 0.000000000000000000e+00 0.000000000000000000e+00
0.000000000000000000e+00 0.000000000000000000e+00 0.000000000000000000e+00 0.000000000000000000e+00 0.000000000000000000e+00
0.000000000000000000e+00 0.000000000000000000e+00 0.000000000000000000e+00 0.000000000000000000e+00 0.000000000000000000e+00
0.000000000000000000e+00 0.000000000000000000e+00 0.000000000000000000e+00 0.000000000000000000e+00 0.000000000000000000e+00
0.000000000000000000e+00 0.000000000000000000e+00 0.000000000000000000e+00 0.000000000000000000e+00 0.000000000000000000e+00
0.000000000000000000e+00 0.000000000000000000e+00 0.000000000000000000e+00 0.000000000000000000e+00 0.000000000000000000e+00
0.000000000000000000e+00 0.000000000000000000e+00 0.000000000000000000e+00 0.000000000000000000e+00 0.000000000000000000e+00
0.000000000000000000e+00 0.000000000000000000e+00 0.000000000000000000e+00 0.000000000000000000e+00 0.000000000000000000e+00
0.000000000000000000e+00 0.000000000000000000e+00 0.000000000000000000e+00 0.000000000000000000e+00 0.000000000000000000e+00
0.000000000000000000e+00 0.000000000000000000e+00 0.000000000000000000e+00 0.000000000000000000e+00 0.000000000000000000e+00
0.000000000000000000e+00 0.000000000000000000e+00 0.000000000000000000e+00 0.000000000000000000e+00 0.000000000000000000e+00
0.000000000000000000e+00 0.000000000000000000e+00 0.000000000000000000e+00 0.000000000000000000e+00 0.000000000000000000e+00
0.000000000000000000e+00 0.000000000000000000e+00 0.000000000000000000e+00 0.000000000000000000e+00 0.000000000000000000e+00
0.000000000000000000e+00 0.000000000000000000e+00 0.000000000000000000e+00 0.000000000000000000e+00 0.000000000000000000e+00
0.000000000000000000e+00 0.000000000000000000e+00 0.000000000000000000e+00 0.000000000000000000e+00 0.000000000000000000e+00
0.000000000000000000e+00 0.000000000000000000e+00 0.000000000000000000e+00 0.000000000000000000e+00 0.000000000000000000e+00
0.000000000000000000e+00 0.000000000000000000e+00 0.000000000000000000e+00 0.000000000000000000e+00 0.000000000000000000e+00
0.000000000000000000e+00 0.000000000000000000e+00 0.000000000000000000e+00 0.000000000000000000e+00 0.000000000000000000e+00
0.000000000000000000e+00 0.000000000000000000e+00 0.000000000000000000e+00 0.000000000000000000e+00 0.000000000000000000e+00
0.000000000000000000e+00 0.000000000000000000e+00 0.000000000000000000e+00 0.000000000000000000e+00 0.000000000000000000e+00
