0.000000000000000000e+00 0.000000000000000000e+00 1.000000000000000000e+00 0.000000000000000000e+00 0.000000000000000000e+00
1.895653903484344482e-01 8.320324867963790894e-02 1.000000000000000000e+00 0.000000000000000000e+00 0.000000000000000000e+00
2.509877830743789673e-02 1.485337615013122559e-01 0.000000000000000000e+00 1.000000000000000000e+00 0.000000000000000000e+00
-1.140334963798522949e+00 7.963306903839111328e-01 1.000000000000000000e+00 0.000000000000000000e+00 0.000000000000000000e+00
1.329801082611083984e+00 -2.266169935464859009e-01 1.000000000000000000e+00 0.000000000000000000e+00 0.000000000000000000e+00
6.453130245208740234e-01 -2.174785584211349487e-01 0.000000000000000000e+00 1.000000000000000000e+00 0.000000000000000000e+00
-1.651953697204589844e+00 5.539330244064331055e-01 1.000000000000000000e+00 0.000000000000000000e+00 0.000000000000000000e+00
-4.166625142097473145e-01 1.483968734741210938e+00 1.000000000000000000e+00 0.000000000000000000e+00 0.000000000000000000e+00
-6.329722404479980469e-01 1.284860134124755859e+00 1.000000000000000000e+00 0.000000000000000000e+00 0.000000000000000000e+00
-3.316798806190490723e-01 4.213692843914031982e-01 1.000000000000000000e+00 0.000000000000000000e+00 0.000000000000000000e+00
-2.582181096076965332e-01 1.675956845283508301e-01 0.000000000000000000e+00 1.000000000000000000e+00 0.000000000000000000e+00
2.995437145233154297e+00 -2.954400300979614258e+00 1.000000000000000000e+00 0.000000000000000000e+00 0.000000000000000000e+00
-1.047875404357910156e+00 8.002611398696899414e-01 1.000000000000000000e+00 0.000000000000000000e+00 0.000000000000000000e+00
1.835545301437377930e-01 4.516447782516479492e-01 1.000000000000000000e+00 0.000000000000000000e+00 0.000000000000000000e+00
-3.762876987457275391e-02 9.440776109695434570e-01 1.000000000000000000e+00 0.000000000000000000e+00 0.000000000000000000e+00
5.515485405921936035e-01 -6.298989653587341309e-01 1.000000000000000000e+00 0.000000000000000000e+00 0.000000000000000000e+00
1.353053003549575806e-01 -2.968228757381439209e-01 0.000000000000000000e+00 1.000000000000000000e+00 0.000000000000000000e+00
-1.327423304319381714e-01 -1.832169294357299805e-01 1.000000000000000000e+00 0.000000000000000000e+00 0.000000000000000000e+00
9.657860994338989258e-01 -2.696399092674255371e-01 1.000000000000000000e+00 0.000000000000000000e+00 0.000000000000000000e+00
4.193666875362396240e-01 -2.573151588439941406e-01 1.000000000000000000e+00 0.000000000000000000e+00 0.000000000000000000e+00
2.750140242278575897e-02 -1.337408572435379028e-01 0.000000000000000000e+00 1.000000000000000000e+00 0.000000000000000000e+00
-6.394810676574707031e-01 -1.326526701450347900e-01 1.000000000000000000e+00 0.000000000000000000e+00 0.000000000000000000e+00
3.664842844009399414e-01 1.463296651840209961e+00 1.000000000000000000e+00 0.000000000000000000e+00 0.000000000000000000e+00
3.317261934280395508e-01 5.898185968399047852e-01 1.000000000000000000e+00 0.000000000000000000e+00 0.000000000000000000e+00
2.765449881553649902e-01 1.929860860109329224e-01 0.000000000000000000e+00 1.000000000000000000e+00 0.000000000000000000e+00
-1.326092720031738281e+00 -1.859352886676788330e-01 1.000000000000000000e+00 0.000000000000000000e+00 0.000000000000000000e+00
3.505146205425262451e-01 3.566277623176574707e-01 1.000000000000000000e+00 0.000000000000000000e+00 0.000000000000000000e+00
3.166034817695617676e-01 1.208097189664840698e-01 0.000000000000000000e+00 1.000000000000000000e+00 0.000000000000000000e+00
-1.044885873794555664e+00 -2.123950004577636719e+00 0.000000000000000000e+00 0.000000000000000000e+00 1.000000000000000000e+00
-6.855577826499938965e-01 1.019662141799926758e+00 0.000000000000000000e+00 0.000000000000000000e+00 1.000000000000000000e+00
-1.331912994384765625e+00 -6.723058819770812988e-01 0.000000000000000000e+00 0.000000000000000000e+00 1.000000000000000000e+00
-8.771175146102905273e-01 -1.628603935241699219e-01 0.000000000000000000e+00 0.000000000000000000e+00 1.000000000000000000e+00
-1.006477475166320801e+00 -4.217737317085266113e-01 0.000000000000000000e+00 0.000000000000000000e+00 1.000000000000000000e+00
-9.017486572265625000e-01 -2.783210873603820801e-01 0.000000000000000000e+00 0.000000000000000000e+00 1.000000000000000000e+00
-9.108692407608032227e-01 -3.101674318313598633e-01 0.000000000000000000e+00 0.000000000000000000e+00 1.000000000000000000e+00
-8.822321891784667969e-01 -2.806593775749206543e-01 0.000000000000000000e+00 0.000000000000000000e+00 1.000000000000000000e+00
-8.968645334243774414e-01 -2.309188842773437500e-01 0.000000000000000000e+00 0.000000000000000000e+00 1.000000000000000000e+00
-8.906828165054321289e-01 -2.231640219688415527e-01 0.000000000000000000e+00 0.000000000000000000e+00 1.000000000000000000e+00
-8.679352998733520508e-01 -2.446861863136291504e-01 0.000000000000000000e+00 0.000000000000000000e+00 1.000000000000000000e+00
-8.576027154922485352e-01 -2.374500632286071777e-01 0.000000000000000000e+00 0.000000000000000000e+00 1.000000000000000000e+00
-8.544232845306396484e-01 -2.225732803344726562e-01 0.000000000000000000e+00 0.000000000000000000e+00 1.000000000000000000e+00
-8.479399681091308594e-01 -2.131584882736206055e-01 0.000000000000000000e+00 0.000000000000000000e+00 1.000000000000000000e+00
-8.455033302307128906e-01 -2.034264206886291504e-01 0.000000000000000000e+00 0.000000000000000000e+00 1.000000000000000000e+00
-8.489577770233154297e-01 -1.905939579010009766e-01 0.000000000000000000e+00 0.000000000000000000e+00 1.000000000000000000e+00
-8.421911001205444336e-01 -1.901832818984985352e-01 0.000000000000000000e+00 0.000000000000000000e+00 1.000000000000000000e+00
-8.306901454925537109e-01 -1.929687261581420898e-01 0.000000000000000000e+00 0.000000000000000000e+00 1.000000000000000000e+00
-8.226412534713745117e-01 -1.952983736991882324e-01 0.000000000000000000e+00 0.000000000000000000e+00 1.000000000000000000e+00
-8.179004192352294922e-01 -1.979330778121948242e-01 0.000000000000000000e+00 0.000000000000000000e+00 1.000000000000000000e+00
-8.137108087539672852e-01 -1.984995007514953613e-01 0.000000000000000000e+00 0.000000000000000000e+00 1.000000000000000000e+00
-8.101383447647094727e-01 -1.947691440582275391e-01 0.000000000000000000e+00 0.000000000000000000e+00 1.000000000000000000e+00
-8.044205904006958008e-01 -1.900748610496520996e-01 0.000000000000000000e+00 0.000000000000000000e+00 1.000000000000000000e+00
-7.903604507446289062e-01 -1.953659653663635254e-01 0.000000000000000000e+00 0.000000000000000000e+00 1.000000000000000000e+00
-7.812380790710449219e-01 -1.981757283210754395e-01 0.000000000000000000e+00 0.000000000000000000e+00 1.000000000000000000e+00
-7.862671613693237305e-01 -1.890474557876586914e-01 0.000000000000000000e+00 0.000000000000000000e+00 1.000000000000000000e+00
-7.864130735397338867e-01 -1.880816221237182617e-01 0.000000000000000000e+00 0.000000000000000000e+00 1.000000000000000000e+00
-7.832928895950317383e-01 -1.924946904182434082e-01 0.000000000000000000e+00 0.000000000000000000e+00 1.000000000000000000e+00
-7.774224281311035156e-01 -1.935960650444030762e-01 0.000000000000000000e+00 0.000000000000000000e+00 1.000000000000000000e+00
-7.697987556457519531e-01 -1.916781663894653320e-01 0.000000000000000000e+00 0.000000000000000000e+00 1.000000000000000000e+00
-7.633507251739501953e-01 -1.914334297180175781e-01 0.000000000000000000e+00 0.000000000000000000e+00 1.000000000000000000e+00
-7.527115345001220703e-01 -2.010074257850646973e-01 0.000000000000000000e+00 0.000000000000000000e+00 1.000000000000000000e+00
-7.515321969985961914e-01 -2.000682353973388672e-01 0.000000000000000000e+00 0.000000000000000000e+00 1.000000000000000000e+00
-7.525134086608886719e-01 -1.970136761665344238e-01 0.000000000000000000e+00 0.000000000000000000e+00 1.000000000000000000e+00
-7.456870079040527344e-01 -1.942875981330871582e-01 0.000000000000000000e+00 0.000000000000000000e+00 1.000000000000000000e+00
-7.389161586761474609e-01 -1.885210275650024414e-01 0.000000000000000000e+00 0.000000000000000000e+00 1.000000000000000000e+00
-7.329159975051879883e-01 -1.813712120056152344e-01 0.000000000000000000e+00 0.000000000000000000e+00 1.000000000000000000e+00
-7.282459735870361328e-01 -1.816582679748535156e-01 0.000000000000000000e+00 0.000000000000000000e+00 1.000000000000000000e+00
-7.201334238052368164e-01 -1.951835155487060547e-01 0.000000000000000000e+00 0.000000000000000000e+00 1.000000000000000000e+00
-7.201050519943237305e-01 -1.961944699287414551e-01 0.000000000000000000e+00 0.000000000000000000e+00 1.000000000000000000e+00
-7.224459648132324219e-01 -1.928151249885559082e-01 0.000000000000000000e+00 0.000000000000000000e+00 1.000000000000000000e+00
-7.196474075317382812e-01 -1.910941600799560547e-01 0.000000000000000000e+00 0.000000000000000000e+00 1.000000000000000000e+00
-7.153522968292236328e-01 -1.865044236183166504e-01 0.000000000000000000e+00 0.000000000000000000e+00 1.000000000000000000e+00
-7.124315500259399414e-01 -1.827154755592346191e-01 0.000000000000000000e+00 0.000000000000000000e+00 1.000000000000000000e+00
-7.086124420166015625e-01 -1.868314743041992188e-01 0.000000000000000000e+00 0.000000000000000000e+00 1.000000000000000000e+00
-7.015973329544067383e-01 -1.965021491050720215e-01 0.000000000000000000e+00 0.000000000000000000e+00 1.000000000000000000e+00
-6.965684890747070312e-01 -1.999371647834777832e-01 0.000000000000000000e+00 0.000000000000000000e+00 1.000000000000000000e+00
-6.905487179756164551e-01 -2.011812329292297363e-01 0.000000000000000000e+00 0.000000000000000000e+00 1.000000000000000000e+00
-6.858432292938232422e-01 -1.991287469863891602e-01 0.000000000000000000e+00 0.000000000000000000e+00 1.000000000000000000e+00
-6.814205050468444824e-01 -1.933298110961914062e-01 0.000000000000000000e+00 0.000000000000000000e+00 1.000000000000000000e+00
-6.815704107284545898e-01 -1.885117292404174805e-01 0.000000000000000000e+00 0.000000000000000000e+00 1.000000000000000000e+00
-6.845172643661499023e-01 -1.887761950492858887e-01 0.000000000000000000e+00 0.000000000000000000e+00 1.000000000000000000e+00
-6.900111436843872070e-01 -1.905539631843566895e-01 0.000000000000000000e+00 0.000000000000000000e+00 1.000000000000000000e+00
0.000000000000000000e+00 0.000000000000000000e+00 0.000000000000000000e+00 0.000000000000000000e+00 0.000000000000000000e+00
0.000000000000000000e+00 0.000000000000000000e+00 0.000000000000000000e+00 0.000000000000000000e+00 0.000000000000000000e+00
0.000000000000000000e+00 0.000000000000000000e+00 0.000000000000000000e+00 0.000000000000000000e+00 0.000000000000000000e+00
0.000000000000000000e+00 0.000000000000000000e+00 0.000000000000000000e+00 0.000000000000000000e+00 0.000000000000000000e+00
0.000000000000000000e+00 0.000000000000000000e+00 0.000000000000000000e+00 0.000000000000000000e+00 0.000000000000000000e+00
0.000000000000000000e+00 0.000000000000000000e+00 0.000000000000000000e+00 0.000000000000000000e+00 0.000000000000000000e+00
0.000000000000000000e+00 0.000000000000000000e+00 0.000000000000000000e+00 0.000000000000000000e+00 0.000000000000000000e+00
0.000000000000000000e+00 0.000000000000000000e+00 0.000000000000000000e+00 0.000000000000000000e+00 0.000000000000000000e+00
0.000000000000000000e+00 0.000000000000000000e+00 0.000000000000000000e+00 0.000000000000000000e+00 0.000000000000000000e+00
0.000000000000000000e+00 0.000000000000000000e+00 0.000000000000000000e+00 0.000000000000000000e+00 0.000000000000000000e+00
0.000000000000000000e+00 0.000000000000000000e+00 0.000000000000000000e+00 0.000000000000000000e+00 0.000000000000000000e+00
0.000000000000000000e+00 0.000000000000000000e+00 0.000000000000000000e+00 0.000000000000000000e+00 0.000000000000000000e+00
0.000000000000000000e+00 0.000000000000000000e+00 0.000000000000000000e+00 0.000000000000000000e+00 0.000000000000000000e+00
0.000000000000000000e+00 0.000000000000000000e+00 0.000000000000000000e+00 0.000000000000000000e+00 0.000000000000000000e+00
0.000000000000000000e+00 0.000000000000000000e+00 0.000000000000000000e+00 0.000000000000000000e+00 0.000000000000000000e+00
0.000000000000000000e+00 0.000000000000000000e+00 0.000000000000000000e+00 0.000000000000000000e+00 0.000000000000000000e+00
0.000000000000000000e+00 0.000000000000000000e+00 0.000000000000000000e+00 0.000000000000000000e+00 0.000000000000000000e+00
0.000000000000000000e+00 0.000000000000000000e+00 0.000000000000000000e+00 0.000000000000000000e+00 0.000000000000000000e+00
0.000000000000000000e+00 0.000000000000000000e+00 0.000000000000000000e+00 0.000000000000000000e+00 0.000000000000000000e+00
0.000000000000000000e+00 0.000000000000000000e+00 0.000000000000000000e+00 0.000000000000000000e+00 0.000000000000000000e+00
0.000000000000000000e+00 0.000000000000000000e+00 0.000000000000000000e+00 0.000000000000000000e+00 0.000000000000000000e+00
0.000000000000000000e+00 0.000000000000000000e+00 0.000000000000000000e+00 0.000000000000000000e+00 0.000000000000000000e+00
0.000000000000000000e+00 0.000000000000000000e+00 0.000000000000000000e+00 0.000000000000000000e+00 0.000000000000000000e+00
0.000000000000000000e+00 0.000000000000000000e+00 0.000000000000000000e+00 0.000000000000000000e+00 0.000000000000000000e+00
0.000000000000000000e+00 0.000000000000000000e+00 0.000000000000000000e+00 0.000000000000000000e+00 0.000000000000000000e+00
0.000000000000000000e+00 0.000000000000000000e+00 0.000000000000000000e+00 0.000000000000000000e+00 0.000000000000000000e+00
0.000000000000000000e+00 0.000000000000000000e+00 0.000000000000000000e+00 0.000000000000000000e+00 0.000000000000000000e+00
0.000000000000000000e+00 0.000000000000000000e+00 0.000000000000000000e+00 0.000000000000000000e+00 0.000000000000000000e+00
0.000000000000000000e+00 0.000000000000000000e+00 0.000000000000000000e+00 0.000000000000000000e+00 0.000000000000000000e+00
0.000000000000000000e+00 0.000000000000000000e+00 0.000000000000000000e+00 0.000000000000000000e+00 0.000000000000000000e+00
0.000000000000000000e+00 0.000000000000000000e+00 0.000000000000000000e+00 0.000000000000000000e+00 0.000000000000000000e+00
0.000000000000000000e+00 0.000000000000000000e+00 0.000000000000000000e+00 0.000000000000000000e+00 0.000000000000000000e+00
0.000000000000000000e+00 0.000000000000000000e+00 0.000000000000000000e+00 0.000000000000000000e+00 0.000000000000000000e+00
0.000000000000000000e+00 0.000000000000000000e+00 0.000000000000000000e+00 0.000000000000000000e+00 0.000000000000000000e+00
0.000000000000000000e+00 0.000000000000000000e+00 0.000000000000000000e+00 0.000000000000000000e+00 0.000000000000000000e+00
0.000000000000000000e+00 0.000000000000000000e+00 0.000000000000000000e+00 0.000000000000000000e+00 0.000000000000000000e+00
0.000000000000000000e+00 0.000000000000000000e+00 0.000000000000000000e+00 0.000000000000000000e+00 0.000000000000000000e+00
0.000000000000000000e+00 0.000000000000000000e+00 0.000000000000000000e+00 0.000000000000000000e+00 0.000000000000000000e+00
0.000000000000000000e+00 0.000000000000000000e+00 0.000000000000000000e+00 0.000000000000000000e+00 0.000000000000000000e+00
0.000000000000000000e+00 0.000000000000000000e+00 0.000000000000000000e+00 0.000000000000000000e+00 0.000000000000000000e+00
