0.000000000000000000e+00 0.000000000000000000e+00 1.000000000000000000e+00 0.000000000000000000e+00 0.000000000000000000e+00
1.697536706924438477e-01 8.325755596160888672e-02 1.000000000000000000e+00 0.000000000000000000e+00 0.000000000000000000e+00
2.589762955904006958e-02 1.432009041309356689e-01 0.000000000000000000e+00 1.000000000000000000e+00 0.000000000000000000e+00
-1.038819193840026855e+00 7.782243490219116211e-01 1.000000000000000000e+00 0.000000000000000000e+00 0.000000000000000000e+00
1.288977146148681641e+00 -2.203716635704040527e-01 1.000000000000000000e+00 0.000000000000000000e+00 0.000000000000000000e+00
6.092568635940551758e-01 -2.035394906997680664e-01 0.000000000000000000e+00 1.000000000000000000e+00 0.000000000000000000e+00
-1.696675300598144531e+00 5.885852575302124023e-01 1.000000000000000000e+00 0.000000000000000000e+00 0.000000000000000000e+00
-3.579690158367156982e-01 1.368341684341430664e+00 1.000000000000000000e+00 0.000000000000000000e+00 0.000000000000000000e+00
-5.920834541320800781e-01 1.280588150024414062e+00 1.000000000000000000e+00 0.000000000000000000e+00 0.000000000000000000e+00
-3.332126736640930176e-01 4.605948925018310547e-01 1.000000000000000000e+00 0.000000000000000000e+00 0.000000000000000000e+00
-2.817975878715515137e-01 2.254879623651504517e-01 0.000000000000000000e+00 1.000000000000000000e+00 0.000000000000000000e+00
1.291575789451599121e+00 -1.643119931221008301e+00 1.000000000000000000e+00 0.000000000000000000e+00 0.000000000000000000e+00
1.576451063156127930e-01 7.831734418869018555e-01 1.000000000000000000e+00 0.000000000000000000e+00 0.000000000000000000e+00
-3.067251667380332947e-02 2.458892464637756348e-01 0.000000000000000000e+00 1.000000000000000000e+00 0.000000000000000000e+00
4.043309390544891357e-01 -1.341419339179992676e+00 1.000000000000000000e+00 0.000000000000000000e+00 0.000000000000000000e+00
1.228466749191284180e+00 -2.267331779003143311e-01 1.000000000000000000e+00 0.000000000000000000e+00 0.000000000000000000e+00
7.302396893501281738e-01 8.040785044431686401e-02 1.000000000000000000e+00 0.000000000000000000e+00 0.000000000000000000e+00
6.634077429771423340e-02 3.610595166683197021e-01 1.000000000000000000e+00 0.000000000000000000e+00 0.000000000000000000e+00
-1.600517332553863525e-01 6.077622175216674805e-01 1.000000000000000000e+00 0.000000000000000000e+00 0.000000000000000000e+00
-3.569484353065490723e-01 5.655596256256103516e-01 1.000000000000000000e+00 0.000000000000000000e+00 0.000000000000000000e+00
-2.623710036277770996e-01 1.794660389423370361e-01 0.000000000000000000e+00 1.000000000000000000e+00 0.000000000000000000e+00
-9.526218771934509277e-01 -9.273617863655090332e-01 1.000000000000000000e+00 0.000000000000000000e+00 0.000000000000000000e+00
6.847298741340637207e-01 -1.363292932510375977e-01 1.000000000000000000e+00 0.000000000000000000e+00 0.000000000000000000e+00
3.653680682182312012e-01 -1.996093839406967163e-01 0.000000000000000000e+00 1.000000000000000000e+00 0.000000000000000000e+00
-3.378764688968658447e-01 -1.086335659027099609e+00 1.000000000000000000e+00 0.000000000000000000e+00 0.000000000000000000e+00
-1.670591533184051514e-01 1.229478001594543457e+00 1.000000000000000000e+00 0.000000000000000000e+00 0.000000000000000000e+00
-1.506135016679763794e-01 4.484664797782897949e-01 1.000000000000000000e+00 0.000000000000000000e+00 0.000000000000000000e+00
-1.947052478790283203e-01 2.956702709197998047e-01 0.000000000000000000e+00 1.000000000000000000e+00 0.000000000000000000e+00
-1.155793219804763794e-01 -1.468507200479507446e-02 1.000000000000000000e+00 0.000000000000000000e+00 0.000000000000000000e+00
9.684827923774719238e-01 -8.776377886533737183e-02 1.000000000000000000e+00 0.000000000000000000e+00 0.000000000000000000e+00
5.326534509658813477e-01 -1.494630426168441772e-01 0.000000000000000000e+00 1.000000000000000000e+00 0.000000000000000000e+00
-1.596899747848510742e+00 -2.234513759613037109e+00 0.000000000000000000e+00 0.000000000000000000e+00 1.000000000000000000e+00
-2.120216041803359985e-01 1.292462110519409180e+00 0.000000000000000000e+00 0.000000000000000000e+00 1.000000000000000000e+00
-1.580070257186889648e+00 2.129709720611572266e-02 0.000000000000000000e+00 0.000000000000000000e+00 1.000000000000000000e+00
-9.690678119659423828e-01 -4.416086077690124512e-01 0.000000000000000000e+00 0.000000000000000000e+00 1.000000000000000000e+00
-1.044206142425537109e+00 -2.816988229751586914e-01 0.000000000000000000e+00 0.000000000000000000e+00 1.000000000000000000e+00
-9.919434785842895508e-01 -2.632442116737365723e-01 0.000000000000000000e+00 0.000000000000000000e+00 1.000000000000000000e+00
-9.726684093475341797e-01 -2.738102078437805176e-01 0.000000000000000000e+00 0.000000000000000000e+00 1.000000000000000000e+00
-9.502511024475097656e-01 -2.641631364822387695e-01 0.000000000000000000e+00 0.000000000000000000e+00 1.000000000000000000e+00
-9.414916038513183594e-01 -2.433490157127380371e-01 0.000000000000000000e+00 0.000000000000000000e+00 1.000000000000000000e+00
-9.254442453384399414e-01 -2.270415425300598145e-01 0.000000000000000000e+00 0.000000000000000000e+00 1.000000000000000000e+00
-9.107844829559326172e-01 -2.257181406021118164e-01 0.000000000000000000e+00 0.000000000000000000e+00 1.000000000000000000e+00
-9.015558958053588867e-01 -2.150160670280456543e-01 0.000000000000000000e+00 0.000000000000000000e+00 1.000000000000000000e+00
-8.921078443527221680e-01 -2.068352103233337402e-01 0.000000000000000000e+00 0.000000000000000000e+00 1.000000000000000000e+00
-8.832134008407592773e-01 -2.057196497917175293e-01 0.000000000000000000e+00 0.000000000000000000e+00 1.000000000000000000e+00
-8.774740695953369141e-01 -2.058420777320861816e-01 0.000000000000000000e+00 0.000000000000000000e+00 1.000000000000000000e+00
-8.721188306808471680e-01 -2.083153128623962402e-01 0.000000000000000000e+00 0.000000000000000000e+00 1.000000000000000000e+00
-8.613926172256469727e-01 -2.165077924728393555e-01 0.000000000000000000e+00 0.000000000000000000e+00 1.000000000000000000e+00
-8.515024185180664062e-01 -2.206816673278808594e-01 0.000000000000000000e+00 0.000000000000000000e+00 1.000000000000000000e+00
-8.428163528442382812e-01 -2.197993397712707520e-01 0.000000000000000000e+00 0.000000000000000000e+00 1.000000000000000000e+00
-8.344211578369140625e-01 -2.170789837837219238e-01 0.000000000000000000e+00 0.000000000000000000e+00 1.000000000000000000e+00
-8.282226324081420898e-01 -2.148565649986267090e-01 0.000000000000000000e+00 0.000000000000000000e+00 1.000000000000000000e+00
-8.242532014846801758e-01 -2.140932679176330566e-01 0.000000000000000000e+00 0.000000000000000000e+00 1.000000000000000000e+00
-8.181424140930175781e-01 -2.183292508125305176e-01 0.000000000000000000e+00 0.000000000000000000e+00 1.000000000000000000e+00
-8.117539882659912109e-01 -2.237649559974670410e-01 0.000000000000000000e+00 0.000000000000000000e+00 1.000000000000000000e+00
-8.059083223342895508e-01 -2.289068102836608887e-01 0.000000000000000000e+00 0.000000000000000000e+00 1.000000000000000000e+00
-7.979804277420043945e-01 -2.329419255256652832e-01 0.000000000000000000e+00 0.000000000000000000e+00 1.000000000000000000e+00
-7.887682914733886719e-01 -2.346891164779663086e-01 0.000000000000000000e+00 0.000000000000000000e+00 1.000000000000000000e+00
-7.820535898208618164e-01 -2.347524762153625488e-01 0.000000000000000000e+00 0.000000000000000000e+00 1.000000000000000000e+00
-7.760915756225585938e-01 -2.371732592582702637e-01 0.000000000000000000e+00 0.000000000000000000e+00 1.000000000000000000e+00
-7.705416679382324219e-01 -2.391241788864135742e-01 0.000000000000000000e+00 0.000000000000000000e+00 1.000000000000000000e+00
-7.670094966888427734e-01 -2.382186055183410645e-01 0.000000000000000000e+00 0.000000000000000000e+00 1.000000000000000000e+00
0.000000000000000000e+00 0.000000000000000000e+00 0.000000000000000000e+00 0.000000000000000000e+00 0.000000000000000000e+00
0.000000000000000000e+00 0.000000000000000000e+00 0.000000000000000000e+00 0.000000000000000000e+00 0.000000000000000000e+00
0.000000000000000000e+00 0.000000000000000000e+00 0.000000000000000000e+00 0.000000000000000000e+00 0.000000000000000000e+00
0.000000000000000000e+00 0.000000000000000000e+00 0.000000000000000000e+00 0.000000000000000000e+00 0.000000000000000000e+00
0.000000000000000000e+00 0.000000000000000000e+00 0.000000000000000000e+00 0.000000000000000000e+00 0.000000000000000000e+00
0.000000000000000000e+00 0.000000000000000000e+00 0.000000000000000000e+00 0.000000000000000000e+00 0.000000000000000000e+00
0.000000000000000000e+00 0.000000000000000000e+00 0.000000000000000000e+00 0.000000000000000000e+00 0.000000000000000000e+00
0.000000000000000000e+00 0.000000000000000000e+00 0.000000000000000000e+00 0.000000000000000000e+00 0.000000000000000000e+00
0.000000000000000000e+00 0.000000000000000000e+00 0.000000000000000000e+00 0.000000000000000000e+00 0.000000000000000000e+00
0.000000000000000000e+00 0.000000000000000000e+00 0.000000000000000000e+00 0.000000000000000000e+00 0.000000000000000000e+00
0.000000000000000000e+00 0.000000000000000000e+00 0.000000000000000000e+00 0.000000000000000000e+00 0.000000000000000000e+00
0.000000000000000000e+00 0.000000000000000000e+00 0.000000000000000000e+00 0.000000000000000000e+00 0.000000000000000000e+00
0.000000000000000000e+00 0.000000000000000000e+00 0.000000000000000000e+00 0.000000000000000000e+00 0.000000000000000000e+00
0.000000000000000000e+00 0.000000000000000000e+00 0.000000000000000000e+00 0.000000000000000000e+00 0.000000000000000000e+00
0.000000000000000000e+00 0.000000000000000000e+00 0.000000000000000000e+00 0.000000000000000000e+00 0.000000000000000000e+00
0.000000000000000000e+00 0.000000000000000000e+00 0.000000000000000000e+00 0.000000000000000000e+00 0.000000000000000000e+00
0.000000000000000000e+00 0.000000000000000000e+00 0.000000000000000000e+00 0.000000000000000000e+00 0.000000000000000000e+00
0.000000000000000000e+00 0.000000000000000000e+00 0.000000000000000000e+00 0.000000000000000000e+00 0.000000000000000000e+00
0.000000000000000000e+00 0.000000000000000000e+00 0.000000000000000000e+00 0.000000000000000000e+00 0.000000000000000000e+00
0.000000000000000000e+00 0.000000000000000000e+00 0.000000000000000000e+00 0.000000000000000000e+00 0.000000000000000000e+00
0.000000000000000000e+00 0.000000000000000000e+00 0.000000000000000000e+00 0.000000000000000000e+00 0.000000000000000000e+00
0.000000000000000000e+00 0.000000000000000000e+00 0.000000000000000000e+00 0.000000000000000000e+00 0.000000000000000000e+00
0.000000000000000000e+00 0.000000000000000000e+00 0.000000000000000000e+00 0.000000000000000000e+00 0.000000000000000000e+00
0.000000000000000000e+00 0.000000000000000000e+00 0.000000000000000000e+00 0.000000000000000000e+00 0.000000000000000000e+00
0.000000000000000000e+00 0.000000000000000000e+00 0.000000000000000000e+00 0.000000000000000000e+00 0.000000000000000000e+00
0.000000000000000000e+00 0.000000000000000000e+00 0.000000000000000000e+00 0.000000000000000000e+00 0.000000000000000000e+00
0.000000000000000000e+00 0.000000000000000000e+00 0.000000000000000000e+00 0.000000000000000000e+00 0.000000000000000000e+00
0.000000000000000000e+00 0.000000000000000000e+00 0.000000000000000000e+00 0.000000000000000000e+00 0.000000000000000000e+00
0.000000000000000000e+00 0.000000000000000000e+00 0.000000000000000000e+00 0.000000000000000000e+00 0.000000000000000000e+00
0.000000000000000000e+00 0.000000000000000000e+00 0.000000000000000000e+00 0.000000000000000000e+00 0.000000000000000000e+00
0.000000000000000000e+00 0.000000000000000000e+00 0.000000000000000000e+00 0.000000000000000000e+00 0.000000000000000000e+00
0.000000000000000000e+00 0.000000000000000000e+00 0.000000000000000000e+00 0.000000000000000000e+00 0.000000000000000000e+00
0.000000000000000000e+00 0.000000000000000000e+00 0.000000000000000000e+00 0.000000000000000000e+00 0.000000000000000000e+00
0.000000000000000000e+00 0.000000000000000000e+00 0.000000000000000000e+00 0.000000000000000000e+00 0.000000000000000000e+00
0.000000000000000000e+00 0.000000000000000000e+00 0.000000000000000000e+00 0.000000000000000000e+00 0.000000000000000000e+00
0.000000000000000000e+00 0.000000000000000000e+00 0.000000000000000000e+00 0.000000000000000000e+00 0.000000000000000000e+00
0.000000000000000000e+00 0.000000000000000000e+00 0.000000000000000000e+00 0.000000000000000000e+00 0.000000000000000000e+00
0.000000000000000000e+00 0.000000000000000000e+00 0.000000000000000000e+00 0.000000000000000000e+00 0.000000000000000000e+00
0.000000000000000000e+00 0.000000000000000000e+00 0.000000000000000000e+00 0.000000000000000000e+00 0.000000000000000000e+00
0.000000000000000000e+00 0.000000000000000000e+00 0.000000000000000000e+00 0.000000000000000000e+00 0.000000000000000000e+00
0.000000000000000000e+00 0.000000000000000000e+00 0.000000000000000000e+00 0.000000000000000000e+00 0.000000000000000000e+00
0.000000000000000000e+00 0.000000000000000000e+00 0.000000000000000000e+00 0.000000000000000000e+00 0.000000000000000000e+00
0.000000000000000000e+00 0.000000000000000000e+00 0.000000000000000000e+00 0.000000000000000000e+00 0.000000000000000000e+00
0.000000000000000000e+00 0.000000000000000000e+00 0.000000000000000000e+00 0.000000000000000000e+00 0.000000000000000000e+00
0.000000000000000000e+00 0.000000000000000000e+00 0.000000000000000000e+00 0.000000000000000000e+00 0.000000000000000000e+00
0.000000000000000000e+00 0.000000000000000000e+00 0.000000000000000000e+00 0.000000000000000000e+00 0.000000000000000000e+00
0.000000000000000000e+00 0.000000000000000000e+00 0.000000000000000000e+00 0.000000000000000000e+00 0.000000000000000000e+00
0.000000000000000000e+00 0.000000000000000000e+00 0.000000000000000000e+00 0.000000000000000000e+00 0.000000000000000000e+00
0.000000000000000000e+00 0.000000000000000000e+00 0.000000000000000000e+00 0.000000000000000000e+00 0.000000000000000000e+00
0.000000000000000000e+00 0.000000000000000000e+00 0.000000000000000000e+00 0.000000000000000000e+00 0.000000000000000000e+00
0.000000000000000000e+00 0.000000000000000000e+00 0.000000000000000000e+00 0.000000000000000000e+00 0.000000000000000000e+00
0.000000000000000000e+00 0.000000000000000000e+00 0.000000000000000000e+00 0.000000000000000000e+00 0.000000000000000000e+00
0.000000000000000000e+00 0.000000000000000000e+00 0.000000000000000000e+00 0.000000000000000000e+00 0.000000000000000000e+00
0.000000000000000000e+00 0.000000000000000000e+00 0.000000000000000000e+00 0.000000000000000000e+00 0.000000000000000000e+00
0.000000000000000000e+00 0.000000000000000000e+00 0.000000000000000000e+00 0.000000000000000000e+00 0.000000000000000000e+00
0.000000000000000000e+00 0.000000000000000000e+00 0.000000000000000000e+00 0.000000000000000000e+00 0.000000000000000000e+00
0.000000000000000000e+00 0.000000000000000000e+00 0.000000000000000000e+00 0.000000000000000000e+00 0.000000000000000000e+00
0.000000000000000000e+00 0.000000000000000000e+00 0.000000000000000000e+00 0.000000000000000000e+00 0.000000000000000000e+00
0.000000000000000000e+00 0.000000000000000000e+00 0.000000000000000000e+00 0.000000000000000000e+00 0.000000000000000000e+00
