0.000000000000000000e+00 0.000000000000000000e+00 1.000000000000000000e+00 0.000000000000000000e+00 0.000000000000000000e+00
1.965548694133758545e-01 7.725497335195541382e-02 1.000000000000000000e+00 0.000000000000000000e+00 0.000000000000000000e+00
2.640235424041748047e-02 1.552014052867889404e-01 0.000000000000000000e+00 1.000000000000000000e+00 0.000000000000000000e+00
-1.192506790161132812e+00 8.331526517868041992e-01 1.000000000000000000e+00 0.000000000000000000e+00 0.000000000000000000e+00
1.436856269836425781e+00 -2.512233555316925049e-01 1.000000000000000000e+00 0.000000000000000000e+00 0.000000000000000000e+00
6.712542772293090820e-01 -2.206250429153442383e-01 0.000000000000000000e+00 1.000000000000000000e+00 0.000000000000000000e+00
-1.712709903717041016e+00 5.781303644180297852e-01 1.000000000000000000e+00 0.000000000000000000e+00 0.000000000000000000e+00
-4.234175086021423340e-01 1.526661634445190430e+00 1.000000000000000000e+00 0.000000000000000000e+00 0.000000000000000000e+00
-6.394072771072387695e-01 1.352012872695922852e+00 1.000000000000000000e+00 0.000000000000000000e+00 0.000000000000000000e+00
-3.531271219253540039e-01 4.781655669212341309e-01 1.000000000000000000e+00 0.000000000000000000e+00 0.000000000000000000e+00
-2.982252836227416992e-01 2.285654991865158081e-01 0.000000000000000000e+00 1.000000000000000000e+00 0.000000000000000000e+00
1.497856736183166504e+00 -2.194297313690185547e+00 1.000000000000000000e+00 0.000000000000000000e+00 0.000000000000000000e+00
1.316604137420654297e+00 -4.003977775573730469e-01 1.000000000000000000e+00 0.000000000000000000e+00 0.000000000000000000e+00
5.790412425994873047e-01 -2.987195253372192383e-01 0.000000000000000000e+00 1.000000000000000000e+00 0.000000000000000000e+00
-8.637187480926513672e-01 -1.573999226093292236e-01 1.000000000000000000e+00 0.000000000000000000e+00 0.000000000000000000e+00
-1.934591829776763916e-01 9.485780000686645508e-01 1.000000000000000000e+00 0.000000000000000000e+00 0.000000000000000000e+00
3.519804403185844421e-02 1.476629078388214111e-01 0.000000000000000000e+00 1.000000000000000000e+00 0.000000000000000000e+00
9.085783362388610840e-01 -1.100308537483215332e+00 1.000000000000000000e+00 0.000000000000000000e+00 0.000000000000000000e+00
-5.664120912551879883e-01 9.691333770751953125e-01 1.000000000000000000e+00 0.000000000000000000e+00 0.000000000000000000e+00
-2.930446565151214600e-01 2.751041650772094727e-01 0.000000000000000000e+00 1.000000000000000000e+00 0.000000000000000000e+00
-1.836307346820831299e-01 8.311727643013000488e-02 1.000000000000000000e+00 0.000000000000000000e+00 0.000000000000000000e+00
7.551540732383728027e-01 -1.436686515808105469e-01 1.000000000000000000e+00 0.000000000000000000e+00 0.000000000000000000e+00
1.828133612871170044e-01 5.974041298031806946e-02 0.000000000000000000e+00 1.000000000000000000e+00 0.000000000000000000e+00
-1.140968084335327148e+00 7.689660787582397461e-01 1.000000000000000000e+00 0.000000000000000000e+00 0.000000000000000000e+00
9.887033700942993164e-01 -1.132756620645523071e-01 1.000000000000000000e+00 0.000000000000000000e+00 0.000000000000000000e+00
2.569687664508819580e-01 9.834051132202148438e-02 1.000000000000000000e+00 0.000000000000000000e+00 0.000000000000000000e+00
-9.669361114501953125e-01 9.957720637321472168e-01 1.000000000000000000e+00 0.000000000000000000e+00 0.000000000000000000e+00
-4.187705516815185547e-01 2.593029737472534180e-01 1.000000000000000000e+00 0.000000000000000000e+00 0.000000000000000000e+00
-4.369731843471527100e-01 5.977630987763404846e-02 0.000000000000000000e+00 1.000000000000000000e+00 0.000000000000000000e+00
5.524907112121582031e-01 -8.821941018104553223e-01 1.000000000000000000e+00 0.000000000000000000e+00 0.000000000000000000e+00
1.406386613845825195e+00 6.538941860198974609e-01 1.000000000000000000e+00 0.000000000000000000e+00 0.000000000000000000e+00
7.628058195114135742e-01 1.913630813360214233e-01 1.000000000000000000e+00 0.000000000000000000e+00 0.000000000000000000e+00
8.281378746032714844e-01 1.328789815306663513e-02 0.000000000000000000e+00 1.000000000000000000e+00 0.000000000000000000e+00
-2.503866434097290039e+00 -3.067483425140380859e+00 0.000000000000000000e+00 0.000000000000000000e+00 1.000000000000000000e+00
4.717822670936584473e-01 7.398449182510375977e-01 0.000000000000000000e+00 0.000000000000000000e+00 1.000000000000000000e+00
-1.795566082000732422e+00 5.014878511428833008e-02 0.000000000000000000e+00 0.000000000000000000e+00 1.000000000000000000e+00
-1.007845282554626465e+00 -3.785030245780944824e-01 0.000000000000000000e+00 0.000000000000000000e+00 1.000000000000000000e+00
-1.159058213233947754e+00 -3.839603066444396973e-01 0.000000000000000000e+00 0.000000000000000000e+00 1.000000000000000000e+00
-1.064096331596374512e+00 -2.988219261169433594e-01 0.000000000000000000e+00 0.000000000000000000e+00 1.000000000000000000e+00
-1.052154421806335449e+00 -2.413926124572753906e-01 0.000000000000000000e+00 0.000000000000000000e+00 1.000000000000000000e+00
-1.032397866249084473e+00 -1.924710273742675781e-01 0.000000000000000000e+00 0.000000000000000000e+00 1.000000000000000000e+00
-1.015578269958496094e+00 -1.906055212020874023e-01 0.000000000000000000e+00 0.000000000000000000e+00 1.000000000000000000e+00
-9.965693950653076172e-01 -1.947146654129028320e-01 0.000000000000000000e+00 0.000000000000000000e+00 1.000000000000000000e+00
-9.792687892913818359e-01 -1.915682554244995117e-01 0.000000000000000000e+00 0.000000000000000000e+00 1.000000000000000000e+00
-9.641264677047729492e-01 -1.860069036483764648e-01 0.000000000000000000e+00 0.000000000000000000e+00 1.000000000000000000e+00
-9.506278038024902344e-01 -2.007699012756347656e-01 0.000000000000000000e+00 0.000000000000000000e+00 1.000000000000000000e+00
-9.403015375137329102e-01 -2.146952152252197266e-01 0.000000000000000000e+00 0.000000000000000000e+00 1.000000000000000000e+00
-9.351251125335693359e-01 -2.196824550628662109e-01 0.000000000000000000e+00 0.000000000000000000e+00 1.000000000000000000e+00
-9.313067197799682617e-01 -2.188521027565002441e-01 0.000000000000000000e+00 0.000000000000000000e+00 1.000000000000000000e+00
-9.274338483810424805e-01 -2.139797210693359375e-01 0.000000000000000000e+00 0.000000000000000000e+00 1.000000000000000000e+00
-9.222348928451538086e-01 -2.084707617759704590e-01 0.000000000000000000e+00 0.000000000000000000e+00 1.000000000000000000e+00
-9.165918827056884766e-01 -2.051841020584106445e-01 0.000000000000000000e+00 0.000000000000000000e+00 1.000000000000000000e+00
-9.112809896469116211e-01 -2.101084589958190918e-01 0.000000000000000000e+00 0.000000000000000000e+00 1.000000000000000000e+00
-9.078778028488159180e-01 -2.176815867424011230e-01 0.000000000000000000e+00 0.000000000000000000e+00 1.000000000000000000e+00
-9.044770002365112305e-01 -2.247737050056457520e-01 0.000000000000000000e+00 0.000000000000000000e+00 1.000000000000000000e+00
-8.989216089248657227e-01 -2.279523611068725586e-01 0.000000000000000000e+00 0.000000000000000000e+00 1.000000000000000000e+00
-8.913015127182006836e-01 -2.313001751899719238e-01 0.000000000000000000e+00 0.000000000000000000e+00 1.000000000000000000e+00
-8.790763616561889648e-01 -2.390289306640625000e-01 0.000000000000000000e+00 0.000000000000000000e+00 1.000000000000000000e+00
-8.687924146652221680e-01 -2.432186007499694824e-01 0.000000000000000000e+00 0.000000000000000000e+00 1.000000000000000000e+00
-8.587305545806884766e-01 -2.496698498725891113e-01 0.000000000000000000e+00 0.000000000000000000e+00 1.000000000000000000e+00
-8.508044481277465820e-01 -2.542451024055480957e-01 0.000000000000000000e+00 0.000000000000000000e+00 1.000000000000000000e+00
-8.463919162750244141e-01 -2.517359256744384766e-01 0.000000000000000000e+00 0.000000000000000000e+00 1.000000000000000000e+00
0.000000000000000000e+00 0.000000000000000000e+00 0.000000000000000000e+00 0.000000000000000000e+00 0.000000000000000000e+00
0.000000000000000000e+00 0.000000000000000000e+00 0.000000000000000000e+00 0.000000000000000000e+00 0.000000000000000000e+00
0.000000000000000000e+00 0.000000000000000000e+00 0.000000000000000000e+00 0.000000000000000000e+00 0.000000000000000000e+00
0.000000000000000000e+00 0.000000000000000000e+00 0.000000000000000000e+00 0.000000000000000000e+00 0.000000000000000000e+00
0.000000000000000000e+00 0.000000000000000000e+00 0.000000000000000000e+00 0.000000000000000000e+00 0.000000000000000000e+00
0.000000000000000000e+00 0.000000000000000000e+00 0.000000000000000000e+00 0.000000000000000000e+00 0.000000000000000000e+00
0.000000000000000000e+00 0.000000000000000000e+00 0.000000000000000000e+00 0.000000000000000000e+00 0.000000000000000000e+00
0.000000000000000000e+00 0.000000000000000000e+00 0.000000000000000000e+00 0.000000000000000000e+00 0.000000000000000000e+00
0.000000000000000000e+00 0.000000000000000000e+00 0.000000000000000000e+00 0.000000000000000000e+00 0.000000000000000000e+00
0.000000000000000000e+00 0.000000000000000000e+00 0.000000000000000000e+00 0.000000000000000000e+00 0.000000000000000000e+00
0.000000000000000000e+00 0.000000000000000000e+00 0.000000000000000000e+00 0.000000000000000000e+00 0.000000000000000000e+00
0.000000000000000000e+00 0.000000000000000000e+00 0.000000000000000000e+00 0.000000000000000000e+00 0.000000000000000000e+00
0.000000000000000000e+00 0.000000000000000000e+00 0.000000000000000000e+00 0.000000000000000000e+00 0.000000000000000000e+00
0.000000000000000000e+00 0.000000000000000000e+00 0.000000000000000000e+00 0.000000000000000000e+00 0.000000000000000000e+00
0.000000000000000000e+00 0.000000000000000000e+00 0.000000000000000000e+00 0.000000000000000000e+00 0.000000000000000000e+00
0.000000000000000000e+00 0.000000000000000000e+00 0.000000000000000000e+00 0.000000000000000000e+00 0.000000000000000000e+00
0.000000000000000000e+00 0.000000000000000000e+00 0.000000000000000000e+00 0.000000000000000000e+00 0.000000000000000000e+00
0.000000000000000000e+00 0.000000000000000000e+00 0.000000000000000000e+00 0.000000000000000000e+00 0.000000000000000000e+00
0.000000000000000000e+00 0.000000000000000000e+00 0.000000000000000000e+00 0.000000000000000000e+00 0.000000000000000000e+00
0.000000000000000000e+00 0.000000000000000000e+00 0.000000000000000000e+00 0.000000000000000000e+00 0.000000000000000000e+00
0.000000000000000000e+00 0.000000000000000000e+00 0.000000000000000000e+00 0.000000000000000000e+00 0.000000000000000000e+00
0.000000000000000000e+00 0.000000000000000000e+00 0.000000000000000000e+00 0.000000000000000000e+00 0.000000000000000000e+00
0.000000000000000000e+00 0.000000000000000000e+00 0.000000000000000000e+00 0.000000000000000000e+00 0.000000000000000000e+00
0.000000000000000000e+00 0.000000000000000000e+00 0.000000000000000000e+00 0.000000000000000000e+00 0.000000000000000000e+00
0.000000000000000000e+00 0.000000000000000000e+00 0.000000000000000000e+00 0.000000000000000000e+00 0.000000000000000000e+00
0.000000000000000000e+00 0.000000000000000000e+00 0.000000000000000000e+00 0.000000000000000000e+00 0.000000000000000000e+00
0.000000000000000000e+00 0.000000000000000000e+00 0.000000000000000000e+00 0.000000000000000000e+00 0.000000000000000000e+00
0.000000000000000000e+00 0.000000000000000000e+00 0.000000000000000000e+00 0.000000000000000000e+00 0.000000000000000000e+00
0.000000000000000000e+00 0.000000000000000000e+00 0.000000000000000000e+00 0.000000000000000000e+00 0.000000000000000000e+00
0.000000000000000000e+00 0.000000000000000000e+00 0.000000000000000000e+00 0.000000000000000000e+00 0.000000000000000000e+00
0.000000000000000000e+00 0.000000000000000000e+00 0.000000000000000000e+00 0.000000000000000000e+00 0.000000000000000000e+00
0.000000000000000000e+00 0.000000000000000000e+00 0.000000000000000000e+00 0.000000000000000000e+00 0.000000000000000000e+00
0.000000000000000000e+00 0.000000000000000000e+00 0.000000000000000000e+00 0.000000000000000000e+00 0.000000000000000000e+00
0.000000000000000000e+00 0.000000000000000000e+00 0.000000000000000000e+00 0.000000000000000000e+00 0.000000000000000000e+00
0.000000000000000000e+00 0.000000000000000000e+00 0.000000000000000000e+00 0.000000000000000000e+00 0.000000000000000000e+00
0.000000000000000000e+00 0.000000000000000000e+00 0.000000000000000000e+00 0.000000000000000000e+00 0.000000000000000000e+00
0.000000000000000000e+00 0.000000000000000000e+00 0.000000000000000000e+00 0.000000000000000000e+00 0.000000000000000000e+00
0.000000000000000000e+00 0.000000000000000000e+00 0.000000000000000000e+00 0.000000000000000000e+00 0.000000000000000000e+00
0.000000000000000000e+00 0.000000000000000000e+00 0.000000000000000000e+00 0.000000000000000000e+00 0.000000000000000000e+00
0.000000000000000000e+00 0.000000000000000000e+00 0.000000000000000000e+00 0.000000000000000000e+00 0.000000000000000000e+00
0.000000000000000000e+00 0.000000000000000000e+00 0.000000000000000000e+00 0.000000000000000000e+00 0.000000000000000000e+00
0.000000000000000000e+00 0.000000000000000000e+00 0.000000000000000000e+00 0.000000000000000000e+00 0.000000000000000000e+00
0.000000000000000000e+00 0.000000000000000000e+00 0.000000000000000000e+00 0.000000000000000000e+00 0.000000000000000000e+00
0.000000000000000000e+00 0.000000000000000000e+00 0.000000000000000000e+00 0.000000000000000000e+00 0.000000000000000000e+00
0.000000000000000000e+00 0.000000000000000000e+00 0.000000000000000000e+00 0.000000000000000000e+00 0.000000000000000000e+00
0.000000000000000000e+00 0.000000000000000000e+00 0.000000000000000000e+00 0.000000000000000000e+00 0.000000000000000000e+00
0.000000000000000000e+00 0.000000000000000000e+00 0.000000000000000000e+00 0.000000000000000000e+00 0.000000000000000000e+00
0.000000000000000000e+00 0.000000000000000000e+00 0.000000000000000000e+00 0.000000000000000000e+00 0.000000000000000000e+00
0.000000000000000000e+00 0.000000000000000000e+00 0.000000000000000000e+00 0.000000000000000000e+00 0.000000000000000000e+00
0.000000000000000000e+00 0.000000000000000000e+00 0.000000000000000000e+00 0.000000000000000000e+00 0.000000000000000000e+00
0.000000000000000000e+00 0.000000000000000000e+00 0.000000000000000000e+00 0.000000000000000000e+00 0.000000000000000000e+00
0.000000000000000000e+00 0.000000000000000000e+00 0.000000000000000000e+00 0.000000000000000000e+00 0.000000000000000000e+00
0.000000000000000000e+00 0.000000000000000000e+00 0.000000000000000000e+00 0.000000000000000000e+00 0.000000000000000000e+00
0.000000000000000000e+00 0.000000000000000000e+00 0.000000000000000000e+00 0.000000000000000000e+00 0.000000000000000000e+00
0.000000000000000000e+00 0.000000000000000000e+00 0.000000000000000000e+00 0.000000000000000000e+00 0.000000000000000000e+00
0.000000000000000000e+00 0.000000000000000000e+00 0.000000000000000000e+00 0.000000000000000000e+00 0.000000000000000000e+00
0.000000000000000000e+00 0.000000000000000000e+00 0.000000000000000000e+00 0.000000000000000000e+00 0.000000000000000000e+00
0.000000000000000000e+00 0.000000000000000000e+00 0.000000000000000000e+00 0.000000000000000000e+00 0.000000000000000000e+00
0.000000000000000000e+00 0.000000000000000000e+00 0.000000000000000000e+00 0.000000000000000000e+00 0.000000000000000000e+00
