0.000000000000000000e+00 0.000000000000000000e+00 1.000000000000000000e+00 0.000000000000000000e+00 0.000000000000000000e+00
1.747256219387054443e-01 7.607211917638778687e-02 1.000000000000000000e+00 0.000000000000000000e+00 0.000000000000000000e+00
2.849139273166656494e-02 1.420985311269760132e-01 0.000000000000000000e+00 1.000000000000000000e+00 0.000000000000000000e+00
-1.201069831848144531e+00 7.148832678794860840e-01 1.000000000000000000e+00 0.000000000000000000e+00 0.000000000000000000e+00
1.533781647682189941e+00 -2.240115404129028320e-01 1.000000000000000000e+00 0.000000000000000000e+00 0.000000000000000000e+00
1.063315391540527344e+00 -3.429351747035980225e-01 0.000000000000000000e+00 1.000000000000000000e+00 0.000000000000000000e+00
-2.466845035552978516e+00 7.716457247734069824e-01 1.000000000000000000e+00 0.000000000000000000e+00 0.000000000000000000e+00
3.086240217089653015e-02 7.143034934997558594e-01 1.000000000000000000e+00 0.000000000000000000e+00 0.000000000000000000e+00
-1.154861375689506531e-01 6.020305752754211426e-01 1.000000000000000000e+00 0.000000000000000000e+00 0.000000000000000000e+00
-5.250189304351806641e-01 1.360238313674926758e+00 1.000000000000000000e+00 0.000000000000000000e+00 0.000000000000000000e+00
-3.445529341697692871e-01 5.630767941474914551e-01 1.000000000000000000e+00 0.000000000000000000e+00 0.000000000000000000e+00
-3.483544588088989258e-01 3.691042065620422363e-01 1.000000000000000000e+00 0.000000000000000000e+00 0.000000000000000000e+00
-2.783882915973663330e-01 1.350996345281600952e-01 0.000000000000000000e+00 1.000000000000000000e+00 0.000000000000000000e+00
2.746694087982177734e+00 -3.829338550567626953e+00 1.000000000000000000e+00 0.000000000000000000e+00 0.000000000000000000e+00
1.430435180664062500e-01 5.151542648673057556e-02 1.000000000000000000e+00 0.000000000000000000e+00 0.000000000000000000e+00
1.747283339500427246e-02 1.126535311341285706e-01 0.000000000000000000e+00 1.000000000000000000e+00 0.000000000000000000e+00
-7.859362363815307617e-01 4.296042919158935547e-01 1.000000000000000000e+00 0.000000000000000000e+00 0.000000000000000000e+00
1.179543614387512207e+00 -2.134006172418594360e-01 1.000000000000000000e+00 0.000000000000000000e+00 0.000000000000000000e+00
5.173816680908203125e-01 -1.673448085784912109e-01 0.000000000000000000e+00 1.000000000000000000e+00 0.000000000000000000e+00
-1.633691310882568359e+00 8.284738063812255859e-01 1.000000000000000000e+00 0.000000000000000000e+00 0.000000000000000000e+00
1.998551934957504272e-02 6.775503158569335938e-01 1.000000000000000000e+00 0.000000000000000000e+00 0.000000000000000000e+00
-5.768936872482299805e-02 1.605343520641326904e-01 0.000000000000000000e+00 1.000000000000000000e+00 0.000000000000000000e+00
4.285737276077270508e-01 -9.210247397422790527e-01 1.000000000000000000e+00 0.000000000000000000e+00 0.000000000000000000e+00
1.110285639762878418e+00 -1.874440461397171021e-01 1.000000000000000000e+00 0.000000000000000000e+00 0.000000000000000000e+00
3.943041563034057617e-01 4.679449647665023804e-02 1.000000000000000000e+00 0.000000000000000000e+00 0.000000000000000000e+00
9.919760748744010925e-03 2.740271687507629395e-01 1.000000000000000000e+00 0.000000000000000000e+00 0.000000000000000000e+00
-2.734660208225250244e-01 4.723179340362548828e-01 1.000000000000000000e+00 0.000000000000000000e+00 0.000000000000000000e+00
-1.923548728227615356e-01 1.819344162940979004e-01 0.000000000000000000e+00 1.000000000000000000e+00 0.000000000000000000e+00
-7.426658868789672852e-01 -5.024684071540832520e-01 1.000000000000000000e+00 0.000000000000000000e+00 0.000000000000000000e+00
4.847232252359390259e-03 2.879328727722167969e-01 1.000000000000000000e+00 0.000000000000000000e+00 0.000000000000000000e+00
-5.324153974652290344e-02 7.563596963882446289e-02 0.000000000000000000e+00 1.000000000000000000e+00 0.000000000000000000e+00
3.511837422847747803e-01 -4.391072988510131836e-01 1.000000000000000000e+00 0.000000000000000000e+00 0.000000000000000000e+00
1.634172052145004272e-01 2.240175753831863403e-02 1.000000000000000000e+00 0.000000000000000000e+00 0.000000000000000000e+00
-3.654573261737823486e-01 4.281660318374633789e-01 1.000000000000000000e+00 0.000000000000000000e+00 0.000000000000000000e+00
3.836375474929809570e-01 -7.470062375068664551e-02 1.000000000000000000e+00 0.000000000000000000e+00 0.000000000000000000e+00
-4.314999282360076904e-02 4.489698633551597595e-02 0.000000000000000000e+00 1.000000000000000000e+00 0.000000000000000000e+00
-6.320326328277587891e-01 3.540320396423339844e-01 1.000000000000000000e+00 0.000000000000000000e+00 0.000000000000000000e+00
6.293857097625732422e-01 -6.801922619342803955e-02 0.000000000000000000e+00 1.000000000000000000e+00 0.000000000000000000e+00
-6.713260412216186523e-01 3.860395550727844238e-01 1.000000000000000000e+00 0.000000000000000000e+00 0.000000000000000000e+00
6.254665255546569824e-01 -6.789539754390716553e-02 0.000000000000000000e+00 1.000000000000000000e+00 0.000000000000000000e+00
-9.344478845596313477e-01 5.120223164558410645e-01 1.000000000000000000e+00 0.000000000000000000e+00 0.000000000000000000e+00
9.237231612205505371e-01 -1.514107882976531982e-01 1.000000000000000000e+00 0.000000000000000000e+00 0.000000000000000000e+00
3.527175188064575195e-01 -1.362051963806152344e-01 1.000000000000000000e+00 0.000000000000000000e+00 0.000000000000000000e+00
-1.062398850917816162e-01 2.158463373780250549e-02 0.000000000000000000e+00 1.000000000000000000e+00 0.000000000000000000e+00
-3.055270910263061523e-01 1.433043479919433594e-01 1.000000000000000000e+00 0.000000000000000000e+00 0.000000000000000000e+00
-9.484697133302688599e-03 9.897561073303222656e-01 1.000000000000000000e+00 0.000000000000000000e+00 0.000000000000000000e+00
-3.435457646846771240e-01 -2.270890921354293823e-01 1.000000000000000000e+00 0.000000000000000000e+00 0.000000000000000000e+00
-5.114264488220214844e-01 -1.250169277191162109e-01 1.000000000000000000e+00 0.000000000000000000e+00 0.000000000000000000e+00
-2.394272089004516602e-01 7.720448076725006104e-02 1.000000000000000000e+00 0.000000000000000000e+00 0.000000000000000000e+00
-1.437628865242004395e-01 2.721664905548095703e-01 0.000000000000000000e+00 1.000000000000000000e+00 0.000000000000000000e+00
1.949067711830139160e+00 -4.846879839897155762e-01 1.000000000000000000e+00 0.000000000000000000e+00 0.000000000000000000e+00
4.385452866554260254e-01 3.822988271713256836e-01 1.000000000000000000e+00 0.000000000000000000e+00 0.000000000000000000e+00
2.891473174095153809e-01 1.086497008800506592e-01 0.000000000000000000e+00 1.000000000000000000e+00 0.000000000000000000e+00
-2.166765928268432617e+00 -2.684660673141479492e+00 0.000000000000000000e+00 0.000000000000000000e+00 1.000000000000000000e+00
3.429186046123504639e-01 5.933555364608764648e-01 0.000000000000000000e+00 0.000000000000000000e+00 1.000000000000000000e+00
-1.867346286773681641e+00 1.006810069084167480e-01 0.000000000000000000e+00 0.000000000000000000e+00 1.000000000000000000e+00
-1.051025271415710449e+00 -1.161051988601684570e-01 0.000000000000000000e+00 0.000000000000000000e+00 1.000000000000000000e+00
-1.329497098922729492e+00 -3.136504292488098145e-01 0.000000000000000000e+00 0.000000000000000000e+00 1.000000000000000000e+00
-1.127563118934631348e+00 -1.981135010719299316e-01 0.000000000000000000e+00 0.000000000000000000e+00 1.000000000000000000e+00
0.000000000000000000e+00 0.000000000000000000e+00 0.000000000000000000e+00 0.000000000000000000e+00 0.000000000000000000e+00
0.000000000000000000e+00 0.000000000000000000e+00 0.000000000000000000e+00 0.000000000000000000e+00 0.000000000000000000e+00
0.000000000000000000e+00 0.000000000000000000e+00 0.000000000000000000e+00 0.000000000000000000e+00 0.000000000000000000e+00
0.000000000000000000e+00 0.000000000000000000e+00 0.000000000000000000e+00 0.000000000000000000e+00 0.000000000000000000e+00
0.000000000000000000e+00 0.000000000000000000e+00 0.000000000000000000e+00 0.000000000000000000e+00 0.000000000000000000e+00
0.000000000000000000e+00 0.000000000000000000e+00 0.000000000000000000e+00 0.000000000000000000e+00 0.000000000000000000e+00
0.000000000000000000e+00 0.000000000000000000e+00 0.000000000000000000e+00 0.000000000000000000e+00 0.000000000000000000e+00
0.000000000000000000e+00 0.000000000000000000e+00 0.000000000000000000e+00 0.000000000000000000e+00 0.000000000000000000e+00
0.000000000000000000e+00 0.000000000000000000e+00 0.000000000000000000e+00 0.000000000000000000e+00 0.000000000000000000e+00
0.000000000000000000e+00 0.000000000000000000e+00 0.000000000000000000e+00 0.000000000000000000e+00 0.000000000000000000e+00
0.000000000000000000e+00 0.000000000000000000e+00 0.000000000000000000e+00 0.000000000000000000e+00 0.000000000000000000e+00
0.000000000000000000e+00 0.000000000000000000e+00 0.000000000000000000e+00 0.000000000000000000e+00 0.000000000000000000e+00
0.000000000000000000e+00 0.000000000000000000e+00 0.000000000000000000e+00 0.000000000000000000e+00 0.000000000000000000e+00
0.000000000000000000e+00 0.000000000000000000e+00 0.000000000000000000e+00 0.000000000000000000e+00 0.000000000000000000e+00
0.000000000000000000e+00 0.000000000000000000e+00 0.000000000000000000e+00 0.000000000000000000e+00 0.000000000000000000e+00
0.000000000000000000e+00 0.000000000000000000e+00 0.000000000000000000e+00 0.000000000000000000e+00 0.000000000000000000e+00
0.000000000000000000e+00 0.000000000000000000e+00 0.000000000000000000e+00 0.000000000000000000e+00 0.000000000000000000e+00
0.000000000000000000e+00 0.000000000000000000e+00 0.000000000000000000e+00 0.000000000000000000e+00 0.000000000000000000e+00
0.000000000000000000e+00 0.000000000000000000e+00 0.000000000000000000e+00 0.000000000000000000e+00 0.000000000000000000e+00
0.000000000000000000e+00 0.000000000000000000e+00 0.000000000000000000e+00 0.000000000000000000e+00 0.000000000000000000e+00
0.000000000000000000e+00 0.000000000000000000e+00 0.000000000000000000e+00 0.000000000000000000e+00 0.000000000000000000e+00
0.000000000000000000e+00 0.000000000000000000e+00 0.000000000000000000e+00 0.000000000000000000e+00 0.000000000000000000e+00
0.000000000000000000e+00 0.000000000000000000e+00 0.000000000000000000e+00 0.000000000000000000e+00 0.000000000000000000e+00
0.000000000000000000e+00 0.000000000000000000e+00 0.000000000000000000e+00 0.000000000000000000e+00 0.000000000000000000e+00
0.000000000000000000e+00 0.000000000000000000e+00 0.000000000000000000e+00 0.000000000000000000e+00 0.000000000000000000e+00
0.000000000000000000e+00 0.000000000000000000e+00 0.000000000000000000e+00 0.000000000000000000e+00 0.000000000000000000e+00
0.000000000000000000e+00 0.000000000000000000e+00 0.000000000000000000e+00 0.000000000000000000e+00 0.000000000000000000e+00
0.000000000000000000e+00 0.000000000000000000e+00 0.000000000000000000e+00 0.000000000000000000e+00 0.000000000000000000e+00
0.000000000000000000e+00 0.000000000000000000e+00 0.000000000000000000e+00 0.000000000000000000e+00 0.000000000000000000e+00
0.000000000000000000e+00 0.000000000000000000e+00 0.000000000000000000e+00 0.000000000000000000e+00 0.000000000000000000e+00
0.000000000000000000e+00 0.000000000000000000e+00 0.000000000000000000e+00 0.000000000000000000e+00 0.000000000000000000e+00
0.000000000000000000e+00 0.000000000000000000e+00 0.000000000000000000e+00 0.000000000000000000e+00 0.000000000000000000e+00
0.000000000000000000e+00 0.000000000000000000e+00 0.000000000000000000e+00 0.000000000000000000e+00 0.000000000000000000e+00
0.000000000000000000e+00 0.000000000000000000e+00 0.000000000000000000e+00 0.000000000000000000e+00 0.000000000000000000e+00
0.000000000000000000e+00 0.000000000000000000e+00 0.000000000000000000e+00 0.000000000000000000e+00 0.000000000000000000e+00
0.000000000000000000e+00 0.000000000000000000e+00 0.000000000000000000e+00 0.000000000000000000e+00 0.000000000000000000e+00
0.000000000000000000e+00 0.000000000000000000e+00 0.000000000000000000e+00 0.000000000000000000e+00 0.000000000000000000e+00
0.000000000000000000e+00 0.000000000000000000e+00 0.000000000000000000e+00 0.000000000000000000e+00 0.000000000000000000e+00
0.000000000000000000e+00 0.000000000000000000e+00 0.000000000000000000e+00 0.000000000000000000e+00 0.000000000000000000e+00
0.000000000000000000e+00 0.000000000000000000e+00 0.000000000000000000e+00 0.000000000000000000e+00 0.000000000000000000e+00
0.000000000000000000e+00 0.000000000000000000e+00 0.000000000000000000e+00 0.000000000000000000e+00 0.000000000000000000e+00
0.000000000000000000e+00 0.000000000000000000e+00 0.000000000000000000e+00 0.000000000000000000e+00 0.000000000000000000e+00
0.000000000000000000e+00 0.000000000000000000e+00 0.000000000000000000e+00 0.000000000000000000e+00 0.000000000000000000e+00
0.000000000000000000e+00 0.000000000000000000e+00 0.000000000000000000e+00 0.000000000000000000e+00 0.000000000000000000e+00
0.000000000000000000e+00 0.000000000000000000e+00 0.000000000000000000e+00 0.000000000000000000e+00 0.000000000000000000e+00
0.000000000000000000e+00 0.000000000000000000e+00 0.000000000000000000e+00 0.000000000000000000e+00 0.000000000000000000e+00
0.000000000000000000e+00 0.000000000000000000e+00 0.000000000000000000e+00 0.000000000000000000e+00 0.000000000000000000e+00
0.000000000000000000e+00 0.000000000000000000e+00 0.000000000000000000e+00 0.000000000000000000e+00 0.000000000000000000e+00
0.000000000000000000e+00 0.000000000000000000e+00 0.000000000000000000e+00 0.000000000000000000e+00 0.000000000000000000e+00
0.000000000000000000e+00 0.000000000000000000e+00 0.000000000000000000e+00 0.000000000000000000e+00 0.000000000000000000e+00
0.000000000000000000e+00 0.000000000000000000e+00 0.000000000000000000e+00 0.000000000000000000e+00 0.000000000000000000e+00
0.000000000000000000e+00 0.000000000000000000e+00 0.000000000000000000e+00 0.000000000000000000e+00 0.000000000000000000e+00
0.000000000000000000e+00 0.000000000000000000e+00 0.000000000000000000e+00 0.000000000000000000e+00 0.000000000000000000e+00
0.000000000000000000e+00 0.000000000000000000e+00 0.000000000000000000e+00 0.000000000000000000e+00 0.000000000000000000e+00
0.000000000000000000e+00 0.000000000000000000e+00 0.000000000000000000e+00 0.000000000000000000e+00 0.000000000000000000e+00
0.000000000000000000e+00 0.000000000000000000e+00 0.000000000000000000e+00 0.000000000000000000e+00 0.000000000000000000e+00
0.000000000000000000e+00 0.000000000000000000e+00 0.000000000000000000e+00 0.000000000000000000e+00 0.000000000000000000e+00
0.000000000000000000e+00 0.000000000000000000e+00 0.000000000000000000e+00 0.000000000000000000e+00 0.000000000000000000e+00
0.000000000000000000e+00 0.000000000000000000e+00 0.000000000000000000e+00 0.000000000000000000e+00 0.000000000000000000e+00
0.000000000000000000e+00 0.000000000000000000e+00 0.000000000000000000e+00 0.000000000000000000e+00 0.000000000000000000e+00
0.000000000000000000e+00 0.000000000000000000e+00 0.000000000000000000e+00 0.000000000000000000e+00 0.000000000000000000e+00
0.000000000000000000e+00 0.000000000000000000e+00 0.000000000000000000e+00 0.000000000000000000e+00 0.000000000000000000e+00
