0.000000000000000000e+00 0.000000000000000000e+00 1.000000000000000000e+00 0.000000000000000000e+00 0.000000000000000000e+00
8.350503444671630859e-01 -1.920633763074874878e-01 1.000000000000000000e+00 0.000000000000000000e+00 0.000000000000000000e+00
3.594400286674499512e-01 -1.783804744482040405e-01 0.000000000000000000e+00 1.000000000000000000e+00 0.000000000000000000e+00
-3.220288157463073730e-01 -3.093826174736022949e-01 1.000000000000000000e+00 0.000000000000000000e+00 0.000000000000000000e+00
-2.018779814243316650e-01 8.001632094383239746e-01 1.000000000000000000e+00 0.000000000000000000e+00 0.000000000000000000e+00
-1.321789175271987915e-01 2.333435714244842529e-01 0.000000000000000000e+00 1.000000000000000000e+00 0.000000000000000000e+00
-2.141627669334411621e-01 7.462435960769653320e-02 1.000000000000000000e+00 0.000000000000000000e+00 0.000000000000000000e+00
5.370641946792602539e-01 -9.447323530912399292e-02 0.000000000000000000e+00 1.000000000000000000e+00 0.000000000000000000e+00
-1.224403381347656250e+00 6.289544105529785156e-01 1.000000000000000000e+00 0.000000000000000000e+00 0.000000000000000000e+00
-1.875147223472595215e-02 5.782576799392700195e-01 1.000000000000000000e+00 0.000000000000000000e+00 0.000000000000000000e+00
-5.962168052792549133e-02 1.454267054796218872e-01 0.000000000000000000e+00 1.000000000000000000e+00 0.000000000000000000e+00
5.087961554527282715e-01 -7.728353142738342285e-01 1.000000000000000000e+00 0.000000000000000000e+00 0.000000000000000000e+00
1.092760086059570312e+00 -1.759466528892517090e-01 1.000000000000000000e+00 0.000000000000000000e+00 0.000000000000000000e+00
2.883055806159973145e-01 5.579597502946853638e-02 1.000000000000000000e+00 0.000000000000000000e+00 0.000000000000000000e+00
-5.802413225173950195e-01 5.282661914825439453e-01 1.000000000000000000e+00 0.000000000000000000e+00 0.000000000000000000e+00
-3.853708207607269287e-01 1.786959767341613770e-01 0.000000000000000000e+00 1.000000000000000000e+00 0.000000000000000000e+00
-2.855127453804016113e-01 -1.431791484355926514e-01 1.000000000000000000e+00 0.000000000000000000e+00 0.000000000000000000e+00
5.298581719398498535e-01 -7.145884633064270020e-02 1.000000000000000000e+00 0.000000000000000000e+00 0.000000000000000000e+00
-5.169819295406341553e-02 5.664359033107757568e-02 0.000000000000000000e+00 1.000000000000000000e+00 0.000000000000000000e+00
-4.194912612438201904e-01 3.102773427963256836e-01 1.000000000000000000e+00 0.000000000000000000e+00 0.000000000000000000e+00
4.812762439250946045e-01 -3.286339342594146729e-02 1.000000000000000000e+00 0.000000000000000000e+00 0.000000000000000000e+00
-4.985614418983459473e-01 5.055593252182006836e-01 1.000000000000000000e+00 0.000000000000000000e+00 0.000000000000000000e+00
5.395941734313964844e-01 -3.054459393024444580e-02 1.000000000000000000e+00 0.000000000000000000e+00 0.000000000000000000e+00
2.186976969242095947e-01 1.193273365497589111e-01 1.000000000000000000e+00 0.000000000000000000e+00 0.000000000000000000e+00
1.487986743450164795e-02 3.025319278240203857e-01 1.000000000000000000e+00 0.000000000000000000e+00 0.000000000000000000e+00
-2.462429553270339966e-01 3.039313256740570068e-01 1.000000000000000000e+00 0.000000000000000000e+00 0.000000000000000000e+00
-2.985639572143554688e-01 1.067496836185455322e-01 1.000000000000000000e+00 0.000000000000000000e+00 0.000000000000000000e+00
-2.012321054935455322e-01 -4.837207496166229248e-02 1.000000000000000000e+00 0.000000000000000000e+00 0.000000000000000000e+00
-1.598858535289764404e-01 -1.705164760351181030e-01 1.000000000000000000e+00 0.000000000000000000e+00 0.000000000000000000e+00
-5.291488766670227051e-02 -2.912759780883789062e-01 0.000000000000000000e+00 1.000000000000000000e+00 0.000000000000000000e+00
2.206315517425537109e+00 -2.442644596099853516e+00 1.000000000000000000e+00 0.000000000000000000e+00 0.000000000000000000e+00
-2.315012514591217041e-01 7.922644019126892090e-01 1.000000000000000000e+00 0.000000000000000000e+00 0.000000000000000000e+00
-1.186545565724372864e-01 2.022794783115386963e-01 0.000000000000000000e+00 1.000000000000000000e+00 0.000000000000000000e+00
5.133739709854125977e-01 -1.004925608634948730e+00 1.000000000000000000e+00 0.000000000000000000e+00 0.000000000000000000e+00
1.952952593564987183e-01 -1.921925693750381470e-03 1.000000000000000000e+00 0.000000000000000000e+00 0.000000000000000000e+00
1.142722368240356445e-01 1.526018530130386353e-01 1.000000000000000000e+00 0.000000000000000000e+00 0.000000000000000000e+00
-1.371401548385620117e-02 5.717735290527343750e-01 1.000000000000000000e+00 0.000000000000000000e+00 0.000000000000000000e+00
-1.163054779171943665e-01 2.705951929092407227e-01 0.000000000000000000e+00 1.000000000000000000e+00 0.000000000000000000e+00
-4.981512427330017090e-01 3.087145090103149414e-01 1.000000000000000000e+00 0.000000000000000000e+00 0.000000000000000000e+00
5.394435524940490723e-01 -1.823316514492034912e-02 1.000000000000000000e+00 0.000000000000000000e+00 0.000000000000000000e+00
1.509954780340194702e-01 1.117787063121795654e-01 1.000000000000000000e+00 0.000000000000000000e+00 0.000000000000000000e+00
-3.351045846939086914e-01 5.349124670028686523e-01 1.000000000000000000e+00 0.000000000000000000e+00 0.000000000000000000e+00
-5.493181347846984863e-01 5.108891129493713379e-01 1.000000000000000000e+00 0.000000000000000000e+00 0.000000000000000000e+00
-2.453273087739944458e-01 1.215755268931388855e-01 1.000000000000000000e+00 0.000000000000000000e+00 0.000000000000000000e+00
-1.956129074096679688e-01 -4.025726765394210815e-02 0.000000000000000000e+00 1.000000000000000000e+00 0.000000000000000000e+00
3.967830836772918701e-01 -7.523061037063598633e-01 1.000000000000000000e+00 0.000000000000000000e+00 0.000000000000000000e+00
9.204133749008178711e-01 7.001632452011108398e-01 1.000000000000000000e+00 0.000000000000000000e+00 0.000000000000000000e+00
5.084927082061767578e-01 1.954997479915618896e-01 1.000000000000000000e+00 0.000000000000000000e+00 0.000000000000000000e+00
5.576086044311523438e-01 7.105830311775207520e-02 0.000000000000000000e+00 1.000000000000000000e+00 0.000000000000000000e+00
-2.473270177841186523e+00 -2.418465614318847656e+00 0.000000000000000000e+00 0.000000000000000000e+00 1.000000000000000000e+00
-2.448753863573074341e-01 1.430043458938598633e+00 0.000000000000000000e+00 0.000000000000000000e+00 1.000000000000000000e+00
-1.510792970657348633e+00 -2.295719981193542480e-01 0.000000000000000000e+00 0.000000000000000000e+00 1.000000000000000000e+00
-1.057748317718505859e+00 -2.209994792938232422e-01 0.000000000000000000e+00 0.000000000000000000e+00 1.000000000000000000e+00
-1.182504892349243164e+00 -2.782691717147827148e-01 0.000000000000000000e+00 0.000000000000000000e+00 1.000000000000000000e+00
-1.090303778648376465e+00 -2.316743731498718262e-01 0.000000000000000000e+00 0.000000000000000000e+00 1.000000000000000000e+00
-1.100686073303222656e+00 -2.271916866302490234e-01 0.000000000000000000e+00 0.000000000000000000e+00 1.000000000000000000e+00
-1.072278499603271484e+00 -2.222540974617004395e-01 0.000000000000000000e+00 0.000000000000000000e+00 1.000000000000000000e+00
-1.056257367134094238e+00 -2.362568378448486328e-01 0.000000000000000000e+00 0.000000000000000000e+00 1.000000000000000000e+00
-1.037695169448852539e+00 -2.318813800811767578e-01 0.000000000000000000e+00 0.000000000000000000e+00 1.000000000000000000e+00
-1.024504661560058594e+00 -2.402783632278442383e-01 0.000000000000000000e+00 0.000000000000000000e+00 1.000000000000000000e+00
-1.012065529823303223e+00 -2.377287149429321289e-01 0.000000000000000000e+00 0.000000000000000000e+00 1.000000000000000000e+00
-1.002925157546997070e+00 -2.358853816986083984e-01 0.000000000000000000e+00 0.000000000000000000e+00 1.000000000000000000e+00
-9.938421249389648438e-01 -2.287234067916870117e-01 0.000000000000000000e+00 0.000000000000000000e+00 1.000000000000000000e+00
-9.867806434631347656e-01 -2.217508554458618164e-01 0.000000000000000000e+00 0.000000000000000000e+00 1.000000000000000000e+00
-9.797537326812744141e-01 -2.220929861068725586e-01 0.000000000000000000e+00 0.000000000000000000e+00 1.000000000000000000e+00
-9.744902849197387695e-01 -2.268276214599609375e-01 0.000000000000000000e+00 0.000000000000000000e+00 1.000000000000000000e+00
-9.688701629638671875e-01 -2.329362630844116211e-01 0.000000000000000000e+00 0.000000000000000000e+00 1.000000000000000000e+00
-9.635804891586303711e-01 -2.340280413627624512e-01 0.000000000000000000e+00 0.000000000000000000e+00 1.000000000000000000e+00
-9.581285715103149414e-01 -2.285401225090026855e-01 0.000000000000000000e+00 0.000000000000000000e+00 1.000000000000000000e+00
-9.520627260208129883e-01 -2.225911021232604980e-01 0.000000000000000000e+00 0.000000000000000000e+00 1.000000000000000000e+00
0.000000000000000000e+00 0.000000000000000000e+00 0.000000000000000000e+00 0.000000000000000000e+00 0.000000000000000000e+00
0.000000000000000000e+00 0.000000000000000000e+00 0.000000000000000000e+00 0.000000000000000000e+00 0.000000000000000000e+00
0.000000000000000000e+00 0.000000000000000000e+00 0.000000000000000000e+00 0.000000000000000000e+00 0.000000000000000000e+00
0.000000000000000000e+00 0.000000000000000000e+00 0.000000000000000000e+00 0.000000000000000000e+00 0.000000000000000000e+00
0.000000000000000000e+00 0.000000000000000000e+00 0.000000000000000000e+00 0.000000000000000000e+00 0.000000000000000000e+00
0.000000000000000000e+00 0.000000000000000000e+00 0.000000000000000000e+00 0.000000000000000000e+00 0.000000000000000000e+00
0.000000000000000000e+00 0.000000000000000000e+00 0.000000000000000000e+00 0.000000000000000000e+00 0.000000000000000000e+00
0.000000000000000000e+00 0.000000000000000000e+00 0.000000000000000000e+00 0.000000000000000000e+00 0.000000000000000000e+00
0.000000000000000000e+00 0.000000000000000000e+00 0.000000000000000000e+00 0.000000000000000000e+00 0.000000000000000000e+00
0.000000000000000000e+00 0.000000000000000000e+00 0.000000000000000000e+00 0.000000000000000000e+00 0.000000000000000000e+00
0.000000000000000000e+00 0.000000000000000000e+00 0.000000000000000000e+00 0.000000000000000000e+00 0.000000000000000000e+00
0.000000000000000000e+00 0.000000000000000000e+00 0.000000000000000000e+00 0.000000000000000000e+00 0.000000000000000000e+00
0.000000000000000000e+00 0.000000000000000000e+00 0.000000000000000000e+00 0.000000000000000000e+00 0.000000000000000000e+00
0.000000000000000000e+00 0.000000000000000000e+00 0.000000000000000000e+00 0.000000000000000000e+00 0.000000000000000000e+00
0.000000000000000000e+00 0.000000000000000000e+00 0.000000000000000000e+00 0.000000000000000000e+00 0.000000000000000000e+00
0.000000000000000000e+00 0.000000000000000000e+00 0.000000000000000000e+00 0.000000000000000000e+00 0.000000000000000000e+00
0.000000000000000000e+00 0.000000000000000000e+00 0.000000000000000000e+00 0.000000000000000000e+00 0.000000000000000000e+00
0.000000000000000000e+00 0.000000000000000000e+00 0.000000000000000000e+00 0.000000000000000000e+00 0.000000000000000000e+00
0.000000000000000000e+00 0.000000000000000000e+00 0.000000000000000000e+00 0.000000000000000000e+00 0.000000000000000000e+00
0.000000000000000000e+00 0.000000000000000000e+00 0.000000000000000000e+00 0.000000000000000000e+00 0.000000000000000000e+00
0.000000000000000000e+00 0.000000000000000000e+00 0.000000000000000000e+00 0.000000000000000000e+00 0.000000000000000000e+00
0.000000000000000000e+00 0.000000000000000000e+00 0.000000000000000000e+00 0.000000000000000000e+00 0.000000000000000000e+00
0.000000000000000000e+00 0.000000000000000000e+00 0.000000000000000000e+00 0.000000000000000000e+00 0.000000000000000000e+00
0.000000000000000000e+00 0.000000000000000000e+00 0.000000000000000000e+00 0.000000000000000000e+00 0.000000000000000000e+00
0.000000000000000000e+00 0.000000000000000000e+00 0.000000000000000000e+00 0.000000000000000000e+00 0.000000000000000000e+00
0.000000000000000000e+00 0.000000000000000000e+00 0.000000000000000000e+00 0.000000000000000000e+00 0.000000000000000000e+00
0.000000000000000000e+00 0.000000000000000000e+00 0.000000000000000000e+00 0.000000000000000000e+00 0.000000000000000000e+00
0.000000000000000000e+00 0.000000000000000000e+00 0.000000000000000000e+00 0.000000000000000000e+00 0.000000000000000000e+00
0.000000000000000000e+00 0.000000000000000000e+00 0.000000000000000000e+00 0.000000000000000000e+00 0.000000000000000000e+00
0.000000000000000000e+00 0.000000000000000000e+00 0.000000000000000000e+00 0.000000000000000000e+00 0.000000000000000000e+00
0.000000000000000000e+00 0.000000000000000000e+00 0.000000000000000000e+00 0.000000000000000000e+00 0.000000000000000000e+00
0.000000000000000000e+00 0.000000000000000000e+00 0.000000000000000000e+00 0.000000000000000000e+00 0.000000000000000000e+00
0.000000000000000000e+00 0.000000000000000000e+00 0.000000000000000000e+00 0.000000000000000000e+00 0.000000000000000000e+00
0.000000000000000000e+00 0.000000000000000000e+00 0.000000000000000000e+00 0.000000000000000000e+00 0.000000000000000000e+00
0.000000000000000000e+00 0.000000000000000000e+00 0.000000000000000000e+00 0.000000000000000000e+00 0.000000000000000000e+00
0.000000000000000000e+00 0.000000000000000000e+00 0.000000000000000000e+00 0.000000000000000000e+00 0.000000000000000000e+00
0.000000000000000000e+00 0.000000000000000000e+00 0.000000000000000000e+00 0.000000000000000000e+00 0.000000000000000000e+00
0.000000000000000000e+00 0.000000000000000000e+00 0.000000000000000000e+00 0.000000000000000000e+00 0.000000000000000000e+00
0.000000000000000000e+00 0.000000000000000000e+00 0.000000000000000000e+00 0.000000000000000000e+00 0.000000000000000000e+00
0.000000000000000000e+00 0.000000000000000000e+00 0.000000000000000000e+00 0.000000000000000000e+00 0.000000000000000000e+00
0.000000000000000000e+00 0.000000000000000000e+00 0.000000000000000000e+00 0.000000000000000000e+00 0.000000000000000000e+00
0.000000000000000000e+00 0.000000000000000000e+00 0.000000000000000000e+00 0.000000000000000000e+00 0.000000000000000000e+00
0.000000000000000000e+00 0.000000000000000000e+00 0.000000000000000000e+00 0.000000000000000000e+00 0.000000000000000000e+00
0.000000000000000000e+00 0.000000000000000000e+00 0.000000000000000000e+00 0.000000000000000000e+00 0.000000000000000000e+00
0.000000000000000000e+00 0.000000000000000000e+00 0.000000000000000000e+00 0.000000000000000000e+00 0.000000000000000000e+00
0.000000000000000000e+00 0.000000000000000000e+00 0.000000000000000000e+00 0.000000000000000000e+00 0.000000000000000000e+00
0.000000000000000000e+00 0.000000000000000000e+00 0.000000000000000000e+00 0.000000000000000000e+00 0.000000000000000000e+00
0.000000000000000000e+00 0.000000000000000000e+00 0.000000000000000000e+00 0.000000000000000000e+00 0.000000000000000000e+00
0.000000000000000000e+00 0.000000000000000000e+00 0.000000000000000000e+00 0.000000000000000000e+00 0.000000000000000000e+00
0.000000000000000000e+00 0.000000000000000000e+00 0.000000000000000000e+00 0.000000000000000000e+00 0.000000000000000000e+00
0.000000000000000000e+00 0.000000000000000000e+00 0.000000000000000000e+00 0.000000000000000000e+00 0.000000000000000000e+00
