0.000000000000000000e+00 0.000000000000000000e+00 1.000000000000000000e+00 0.000000000000000000e+00 0.000000000000000000e+00
3.413489460945129395e-02 1.150061249732971191e+00 1.000000000000000000e+00 0.000000000000000000e+00 0.000000000000000000e+00
-1.253390014171600342e-01 4.119605422019958496e-01 0.000000000000000000e+00 1.000000000000000000e+00 0.000000000000000000e+00
-1.117440223693847656e+00 -3.938607871532440186e-01 1.000000000000000000e+00 0.000000000000000000e+00 0.000000000000000000e+00
6.343632936477661133e-01 2.976632118225097656e-01 1.000000000000000000e+00 0.000000000000000000e+00 0.000000000000000000e+00
4.567304849624633789e-01 -2.167522907257080078e-02 0.000000000000000000e+00 1.000000000000000000e+00 0.000000000000000000e+00
1.552574396133422852e+00 -6.367107629776000977e-01 1.000000000000000000e+00 0.000000000000000000e+00 0.000000000000000000e+00
-1.777861237525939941e+00 1.295764684677124023e+00 1.000000000000000000e+00 0.000000000000000000e+00 0.000000000000000000e+00
-7.973707914352416992e-01 3.652333915233612061e-01 1.000000000000000000e+00 0.000000000000000000e+00 0.000000000000000000e+00
1.551785230636596680e+00 -2.296054065227508545e-01 1.000000000000000000e+00 0.000000000000000000e+00 0.000000000000000000e+00
1.016108274459838867e+00 1.249465718865394592e-01 1.000000000000000000e+00 0.000000000000000000e+00 0.000000000000000000e+00
2.962481975555419922e-01 2.357196509838104248e-01 1.000000000000000000e+00 0.000000000000000000e+00 0.000000000000000000e+00
5.700172111392021179e-02 6.208336353302001953e-01 1.000000000000000000e+00 0.000000000000000000e+00 0.000000000000000000e+00
-2.589394152164459229e-01 8.339643478393554688e-01 1.000000000000000000e+00 0.000000000000000000e+00 0.000000000000000000e+00
-2.452148944139480591e-01 3.532621264457702637e-01 1.000000000000000000e+00 0.000000000000000000e+00 0.000000000000000000e+00
-3.210746645927429199e-01 1.979404985904693604e-01 0.000000000000000000e+00 1.000000000000000000e+00 0.000000000000000000e+00
-1.445648193359375000e+00 -1.119818687438964844e+00 1.000000000000000000e+00 0.000000000000000000e+00 0.000000000000000000e+00
8.797798752784729004e-01 -5.239106714725494385e-02 0.000000000000000000e+00 1.000000000000000000e+00 0.000000000000000000e+00
-1.010081768035888672e+00 9.507901668548583984e-01 1.000000000000000000e+00 0.000000000000000000e+00 0.000000000000000000e+00
1.189064025878906250e+00 -8.500509709119796753e-02 1.000000000000000000e+00 0.000000000000000000e+00 0.000000000000000000e+00
8.417164087295532227e-01 -2.189629226922988892e-01 0.000000000000000000e+00 1.000000000000000000e+00 0.000000000000000000e+00
-1.700876474380493164e+00 -3.000550985336303711e+00 0.000000000000000000e+00 0.000000000000000000e+00 1.000000000000000000e+00
-4.192380309104919434e-01 1.850587129592895508e+00 0.000000000000000000e+00 0.000000000000000000e+00 1.000000000000000000e+00
-1.573377847671508789e+00 -3.625381588935852051e-01 0.000000000000000000e+00 0.000000000000000000e+00 1.000000000000000000e+00
-1.053211808204650879e+00 -4.415693879127502441e-01 0.000000000000000000e+00 0.000000000000000000e+00 1.000000000000000000e+00
-1.091629266738891602e+00 -3.392248749732971191e-01 0.000000000000000000e+00 0.000000000000000000e+00 1.000000000000000000e+00
-1.064839482307434082e+00 -2.343546748161315918e-01 0.000000000000000000e+00 0.000000000000000000e+00 1.000000000000000000e+00
-1.082721590995788574e+00 -1.462838053703308105e-01 0.000000000000000000e+00 0.000000000000000000e+00 1.000000000000000000e+00
-1.087830543518066406e+00 -9.747242927551269531e-02 0.000000000000000000e+00 0.000000000000000000e+00 1.000000000000000000e+00
-1.090307354927062988e+00 -6.795376539230346680e-02 0.000000000000000000e+00 0.000000000000000000e+00 1.000000000000000000e+00
-1.062338232994079590e+00 -1.192190647125244141e-01 0.000000000000000000e+00 0.000000000000000000e+00 1.000000000000000000e+00
-1.015877366065979004e+00 -1.691972613334655762e-01 0.000000000000000000e+00 0.000000000000000000e+00 1.000000000000000000e+00
-9.923431873321533203e-01 -1.908377408981323242e-01 0.000000000000000000e+00 0.000000000000000000e+00 1.000000000000000000e+00
-9.811893701553344727e-01 -1.942542195320129395e-01 0.000000000000000000e+00 0.000000000000000000e+00 1.000000000000000000e+00
-9.766339063644409180e-01 -1.984660625457763672e-01 0.000000000000000000e+00 0.000000000000000000e+00 1.000000000000000000e+00
-9.695079326629638672e-01 -1.982632279396057129e-01 0.000000000000000000e+00 0.000000000000000000e+00 1.000000000000000000e+00
-9.578270912170410156e-01 -2.009559273719787598e-01 0.000000000000000000e+00 0.000000000000000000e+00 1.000000000000000000e+00
-9.383131265640258789e-01 -2.112954258918762207e-01 0.000000000000000000e+00 0.000000000000000000e+00 1.000000000000000000e+00
-9.204058647155761719e-01 -2.193354964256286621e-01 0.000000000000000000e+00 0.000000000000000000e+00 1.000000000000000000e+00
-9.125986099243164062e-01 -2.196149230003356934e-01 0.000000000000000000e+00 0.000000000000000000e+00 1.000000000000000000e+00
-9.099838733673095703e-01 -2.182607054710388184e-01 0.000000000000000000e+00 0.000000000000000000e+00 1.000000000000000000e+00
-9.062628746032714844e-01 -2.177444696426391602e-01 0.000000000000000000e+00 0.000000000000000000e+00 1.000000000000000000e+00
-8.985381126403808594e-01 -2.160887718200683594e-01 0.000000000000000000e+00 0.000000000000000000e+00 1.000000000000000000e+00
-8.868582248687744141e-01 -2.165299057960510254e-01 0.000000000000000000e+00 0.000000000000000000e+00 1.000000000000000000e+00
-8.753772974014282227e-01 -2.214247584342956543e-01 0.000000000000000000e+00 0.000000000000000000e+00 1.000000000000000000e+00
-8.684722185134887695e-01 -2.277801632881164551e-01 0.000000000000000000e+00 0.000000000000000000e+00 1.000000000000000000e+00
-8.661371469497680664e-01 -2.340999245643615723e-01 0.000000000000000000e+00 0.000000000000000000e+00 1.000000000000000000e+00
-8.636792898178100586e-01 -2.394726872444152832e-01 0.000000000000000000e+00 0.000000000000000000e+00 1.000000000000000000e+00
-8.577001094818115234e-01 -2.432746887207031250e-01 0.000000000000000000e+00 0.000000000000000000e+00 1.000000000000000000e+00
-8.496679067611694336e-01 -2.428024411201477051e-01 0.000000000000000000e+00 0.000000000000000000e+00 1.000000000000000000e+00
-8.425474166870117188e-01 -2.379844784736633301e-01 0.000000000000000000e+00 0.000000000000000000e+00 1.000000000000000000e+00
-8.406970500946044922e-01 -2.302462458610534668e-01 0.000000000000000000e+00 0.000000000000000000e+00 1.000000000000000000e+00
-8.446387052536010742e-01 -2.241828441619873047e-01 0.000000000000000000e+00 0.000000000000000000e+00 1.000000000000000000e+00
-8.499003648757934570e-01 -2.228671312332153320e-01 0.000000000000000000e+00 0.000000000000000000e+00 1.000000000000000000e+00
-8.522350788116455078e-01 -2.242442369461059570e-01 0.000000000000000000e+00 0.000000000000000000e+00 1.000000000000000000e+00
-8.479849100112915039e-01 -2.299872040748596191e-01 0.000000000000000000e+00 0.000000000000000000e+00 1.000000000000000000e+00
-8.370761871337890625e-01 -2.394071817398071289e-01 0.000000000000000000e+00 0.000000000000000000e+00 1.000000000000000000e+00
-8.267693519592285156e-01 -2.455555200576782227e-01 0.000000000000000000e+00 0.000000000000000000e+00 1.000000000000000000e+00
-8.243535757064819336e-01 -2.444044947624206543e-01 0.000000000000000000e+00 0.000000000000000000e+00 1.000000000000000000e+00
-8.233981132507324219e-01 -2.471216917037963867e-01 0.000000000000000000e+00 0.000000000000000000e+00 1.000000000000000000e+00
-8.166292905807495117e-01 -2.545321583747863770e-01 0.000000000000000000e+00 0.000000000000000000e+00 1.000000000000000000e+00
-8.117254972457885742e-01 -2.553391456604003906e-01 0.000000000000000000e+00 0.000000000000000000e+00 1.000000000000000000e+00
-8.102692365646362305e-01 -2.492595911026000977e-01 0.000000000000000000e+00 0.000000000000000000e+00 1.000000000000000000e+00
-8.089749813079833984e-01 -2.427577972412109375e-01 0.000000000000000000e+00 0.000000000000000000e+00 1.000000000000000000e+00
-8.090586662292480469e-01 -2.372651696205139160e-01 0.000000000000000000e+00 0.000000000000000000e+00 1.000000000000000000e+00
-8.121870756149291992e-01 -2.327732443809509277e-01 0.000000000000000000e+00 0.000000000000000000e+00 1.000000000000000000e+00
-8.124029636383056641e-01 -2.390030026435852051e-01 0.000000000000000000e+00 0.000000000000000000e+00 1.000000000000000000e+00
-8.048603534698486328e-01 -2.489902377128601074e-01 0.000000000000000000e+00 0.000000000000000000e+00 1.000000000000000000e+00
-7.972784042358398438e-01 -2.530779838562011719e-01 0.000000000000000000e+00 0.000000000000000000e+00 1.000000000000000000e+00
0.000000000000000000e+00 0.000000000000000000e+00 0.000000000000000000e+00 0.000000000000000000e+00 0.000000000000000000e+00
0.000000000000000000e+00 0.000000000000000000e+00 0.000000000000000000e+00 0.000000000000000000e+00 0.000000000000000000e+00
0.000000000000000000e+00 0.000000000000000000e+00 0.000000000000000000e+00 0.000000000000000000e+00 0.000000000000000000e+00
0.000000000000000000e+00 0.000000000000000000e+00 0.000000000000000000e+00 0.000000000000000000e+00 0.000000000000000000e+00
0.000000000000000000e+00 0.000000000000000000e+00 0.000000000000000000e+00 0.000000000000000000e+00 0.000000000000000000e+00
0.000000000000000000e+00 0.000000000000000000e+00 0.000000000000000000e+00 0.000000000000000000e+00 0.000000000000000000e+00
0.000000000000000000e+00 0.000000000000000000e+00 0.000000000000000000e+00 0.000000000000000000e+00 0.000000000000000000e+00
0.000000000000000000e+00 0.000000000000000000e+00 0.000000000000000000e+00 0.000000000000000000e+00 0.000000000000000000e+00
0.000000000000000000e+00 0.000000000000000000e+00 0.000000000000000000e+00 0.000000000000000000e+00 0.000000000000000000e+00
0.000000000000000000e+00 0.000000000000000000e+00 0.000000000000000000e+00 0.000000000000000000e+00 0.000000000000000000e+00
0.000000000000000000e+00 0.000000000000000000e+00 0.000000000000000000e+00 0.000000000000000000e+00 0.000000000000000000e+00
0.000000000000000000e+00 0.000000000000000000e+00 0.000000000000000000e+00 0.000000000000000000e+00 0.000000000000000000e+00
0.000000000000000000e+00 0.000000000000000000e+00 0.000000000000000000e+00 0.000000000000000000e+00 0.000000000000000000e+00
0.000000000000000000e+00 0.000000000000000000e+00 0.000000000000000000e+00 0.000000000000000000e+00 0.000000000000000000e+00
0.000000000000000000e+00 0.000000000000000000e+00 0.000000000000000000e+00 0.000000000000000000e+00 0.000000000000000000e+00
0.000000000000000000e+00 0.000000000000000000e+00 0.000000000000000000e+00 0.000000000000000000e+00 0.000000000000000000e+00
0.000000000000000000e+00 0.000000000000000000e+00 0.000000000000000000e+00 0.000000000000000000e+00 0.000000000000000000e+00
0.000000000000000000e+00 0.000000000000000000e+00 0.000000000000000000e+00 0.000000000000000000e+00 0.000000000000000000e+00
0.000000000000000000e+00 0.000000000000000000e+00 0.000000000000000000e+00 0.000000000000000000e+00 0.000000000000000000e+00
0.000000000000000000e+00 0.000000000000000000e+00 0.000000000000000000e+00 0.000000000000000000e+00 0.000000000000000000e+00
0.000000000000000000e+00 0.000000000000000000e+00 0.000000000000000000e+00 0.000000000000000000e+00 0.000000000000000000e+00
0.000000000000000000e+00 0.000000000000000000e+00 0.000000000000000000e+00 0.000000000000000000e+00 0.000000000000000000e+00
0.000000000000000000e+00 0.000000000000000000e+00 0.000000000000000000e+00 0.000000000000000000e+00 0.000000000000000000e+00
0.000000000000000000e+00 0.000000000000000000e+00 0.000000000000000000e+00 0.000000000000000000e+00 0.000000000000000000e+00
0.000000000000000000e+00 0.000000000000000000e+00 0.000000000000000000e+00 0.000000000000000000e+00 0.000000000000000000e+00
0.000000000000000000e+00 0.000000000000000000e+00 0.000000000000000000e+00 0.000000000000000000e+00 0.000000000000000000e+00
0.000000000000000000e+00 0.000000000000000000e+00 0.000000000000000000e+00 0.000000000000000000e+00 0.000000000000000000e+00
0.000000000000000000e+00 0.000000000000000000e+00 0.000000000000000000e+00 0.000000000000000000e+00 0.000000000000000000e+00
0.000000000000000000e+00 0.000000000000000000e+00 0.000000000000000000e+00 0.000000000000000000e+00 0.000000000000000000e+00
0.000000000000000000e+00 0.000000000000000000e+00 0.000000000000000000e+00 0.000000000000000000e+00 0.000000000000000000e+00
0.000000000000000000e+00 0.000000000000000000e+00 0.000000000000000000e+00 0.000000000000000000e+00 0.000000000000000000e+00
0.000000000000000000e+00 0.000000000000000000e+00 0.000000000000000000e+00 0.000000000000000000e+00 0.000000000000000000e+00
0.000000000000000000e+00 0.000000000000000000e+00 0.000000000000000000e+00 0.000000000000000000e+00 0.000000000000000000e+00
0.000000000000000000e+00 0.000000000000000000e+00 0.000000000000000000e+00 0.000000000000000000e+00 0.000000000000000000e+00
0.000000000000000000e+00 0.000000000000000000e+00 0.000000000000000000e+00 0.000000000000000000e+00 0.000000000000000000e+00
0.000000000000000000e+00 0.000000000000000000e+00 0.000000000000000000e+00 0.000000000000000000e+00 0.000000000000000000e+00
0.000000000000000000e+00 0.000000000000000000e+00 0.000000000000000000e+00 0.000000000000000000e+00 0.000000000000000000e+00
0.000000000000000000e+00 0.000000000000000000e+00 0.000000000000000000e+00 0.000000000000000000e+00 0.000000000000000000e+00
0.000000000000000000e+00 0.000000000000000000e+00 0.000000000000000000e+00 0.000000000000000000e+00 0.000000000000000000e+00
0.000000000000000000e+00 0.000000000000000000e+00 0.000000000000000000e+00 0.000000000000000000e+00 0.000000000000000000e+00
0.000000000000000000e+00 0.000000000000000000e+00 0.000000000000000000e+00 0.000000000000000000e+00 0.000000000000000000e+00
0.000000000000000000e+00 0.000000000000000000e+00 0.000000000000000000e+00 0.000000000000000000e+00 0.000000000000000000e+00
0.000000000000000000e+00 0.000000000000000000e+00 0.000000000000000000e+00 0.000000000000000000e+00 0.000000000000000000e+00
0.000000000000000000e+00 0.000000000000000000e+00 0.000000000000000000e+00 0.000000000000000000e+00 0.000000000000000000e+00
0.000000000000000000e+00 0.000000000000000000e+00 0.000000000000000000e+00 0.000000000000000000e+00 0.000000000000000000e+00
0.000000000000000000e+00 0.000000000000000000e+00 0.000000000000000000e+00 0.000000000000000000e+00 0.000000000000000000e+00
0.000000000000000000e+00 0.000000000000000000e+00 0.000000000000000000e+00 0.000000000000000000e+00 0.000000000000000000e+00
0.000000000000000000e+00 0.000000000000000000e+00 0.000000000000000000e+00 0.000000000000000000e+00 0.000000000000000000e+00
0.000000000000000000e+00 0.000000000000000000e+00 0.000000000000000000e+00 0.000000000000000000e+00 0.000000000000000000e+00
0.000000000000000000e+00 0.000000000000000000e+00 0.000000000000000000e+00 0.000000000000000000e+00 0.000000000000000000e+00
0.000000000000000000e+00 0.000000000000000000e+00 0.000000000000000000e+00 0.000000000000000000e+00 0.000000000000000000e+00
0.000000000000000000e+00 0.000000000000000000e+00 0.000000000000000000e+00 0.000000000000000000e+00 0.000000000000000000e+00
