0.000000000000000000e+00 0.000000000000000000e+00 1.000000000000000000e+00 0.000000000000000000e+00 0.000000000000000000e+00
2.261620908975601196e-01 6.765183806419372559e-02 1.000000000000000000e+00 0.000000000000000000e+00 0.000000000000000000e+00
2.137806080281734467e-02 3.462548255920410156e-01 0.000000000000000000e+00 1.000000000000000000e+00 0.000000000000000000e+00
-1.464357972145080566e+00 9.524927139282226562e-01 1.000000000000000000e+00 0.000000000000000000e+00 0.000000000000000000e+00
1.611549377441406250e+00 -3.137228786945343018e-01 1.000000000000000000e+00 0.000000000000000000e+00 0.000000000000000000e+00
7.557359933853149414e-01 -2.796484231948852539e-01 0.000000000000000000e+00 1.000000000000000000e+00 0.000000000000000000e+00
-1.282186985015869141e+00 7.093347311019897461e-01 1.000000000000000000e+00 0.000000000000000000e+00 0.000000000000000000e+00
-1.870207190513610840e-01 1.835646033287048340e-01 1.000000000000000000e+00 0.000000000000000000e+00 0.000000000000000000e+00
1.500913500785827637e-02 1.646098196506500244e-01 1.000000000000000000e+00 0.000000000000000000e+00 0.000000000000000000e+00
2.696782052516937256e-01 1.592683345079421997e-01 1.000000000000000000e+00 0.000000000000000000e+00 0.000000000000000000e+00
9.426911473274230957e-01 -2.549139261245727539e-01 1.000000000000000000e+00 0.000000000000000000e+00 0.000000000000000000e+00
-1.657434344291687012e+00 1.109509706497192383e+00 1.000000000000000000e+00 0.000000000000000000e+00 0.000000000000000000e+00
1.428854584693908691e+00 -2.766974568367004395e-01 1.000000000000000000e+00 0.000000000000000000e+00 0.000000000000000000e+00
6.088587045669555664e-01 -2.354575693607330322e-01 0.000000000000000000e+00 1.000000000000000000e+00 0.000000000000000000e+00
-1.758538246154785156e+00 6.050118207931518555e-01 1.000000000000000000e+00 0.000000000000000000e+00 0.000000000000000000e+00
-2.347194254398345947e-01 2.210156917572021484e-01 1.000000000000000000e+00 0.000000000000000000e+00 0.000000000000000000e+00
-1.134383678436279297e+00 2.148829460144042969e+00 1.000000000000000000e+00 0.000000000000000000e+00 0.000000000000000000e+00
-8.447963595390319824e-01 1.043241500854492188e+00 1.000000000000000000e+00 0.000000000000000000e+00 0.000000000000000000e+00
-5.130879282951354980e-01 3.687663972377777100e-01 0.000000000000000000e+00 1.000000000000000000e+00 0.000000000000000000e+00
3.750805616378784180e+00 -3.206797122955322266e+00 1.000000000000000000e+00 0.000000000000000000e+00 0.000000000000000000e+00
-1.046942591667175293e+00 1.115193009376525879e+00 1.000000000000000000e+00 0.000000000000000000e+00 0.000000000000000000e+00
8.284603953361511230e-01 -1.868846267461776733e-01 1.000000000000000000e+00 0.000000000000000000e+00 0.000000000000000000e+00
-7.592359781265258789e-01 9.205087423324584961e-01 1.000000000000000000e+00 0.000000000000000000e+00 0.000000000000000000e+00
9.244937896728515625e-01 -3.654663264751434326e-02 1.000000000000000000e+00 0.000000000000000000e+00 0.000000000000000000e+00
2.458500564098358154e-01 1.468909084796905518e-01 1.000000000000000000e+00 0.000000000000000000e+00 0.000000000000000000e+00
-1.061355829238891602e+00 1.083489060401916504e+00 1.000000000000000000e+00 0.000000000000000000e+00 0.000000000000000000e+00
-6.655711531639099121e-01 4.458660781383514404e-01 1.000000000000000000e+00 0.000000000000000000e+00 0.000000000000000000e+00
-7.492153644561767578e-01 2.133908569812774658e-01 0.000000000000000000e+00 1.000000000000000000e+00 0.000000000000000000e+00
1.170462727546691895e+00 -3.898871421813964844e+00 0.000000000000000000e+00 0.000000000000000000e+00 1.000000000000000000e+00
-8.328671455383300781e-01 7.826813459396362305e-01 0.000000000000000000e+00 0.000000000000000000e+00 1.000000000000000000e+00
-1.177822947502136230e+00 -1.420706987380981445e+00 0.000000000000000000e+00 0.000000000000000000e+00 1.000000000000000000e+00
-7.552969455718994141e-01 -5.385542511940002441e-01 0.000000000000000000e+00 0.000000000000000000e+00 1.000000000000000000e+00
-8.756426572799682617e-01 -7.404993176460266113e-01 0.000000000000000000e+00 0.000000000000000000e+00 1.000000000000000000e+00
-7.839330434799194336e-01 -6.117151379585266113e-01 0.000000000000000000e+00 0.000000000000000000e+00 1.000000000000000000e+00
-7.979168891906738281e-01 -5.593112111091613770e-01 0.000000000000000000e+00 0.000000000000000000e+00 1.000000000000000000e+00
-7.917462587356567383e-01 -4.924166798591613770e-01 0.000000000000000000e+00 0.000000000000000000e+00 1.000000000000000000e+00
-7.992520332336425781e-01 -4.425526261329650879e-01 0.000000000000000000e+00 0.000000000000000000e+00 1.000000000000000000e+00
-7.895588874816894531e-01 -4.179704785346984863e-01 0.000000000000000000e+00 0.000000000000000000e+00 1.000000000000000000e+00
-7.658523321151733398e-01 -4.062986969947814941e-01 0.000000000000000000e+00 0.000000000000000000e+00 1.000000000000000000e+00
-7.562773227691650391e-01 -3.873032927513122559e-01 0.000000000000000000e+00 0.000000000000000000e+00 1.000000000000000000e+00
-7.505208253860473633e-01 -3.652610182762145996e-01 0.000000000000000000e+00 0.000000000000000000e+00 1.000000000000000000e+00
-7.471991777420043945e-01 -3.480758070945739746e-01 0.000000000000000000e+00 0.000000000000000000e+00 1.000000000000000000e+00
-7.412717342376708984e-01 -3.351686596870422363e-01 0.000000000000000000e+00 0.000000000000000000e+00 1.000000000000000000e+00
-7.334825992584228516e-01 -3.278146386146545410e-01 0.000000000000000000e+00 0.000000000000000000e+00 1.000000000000000000e+00
-7.193596363067626953e-01 -3.295897841453552246e-01 0.000000000000000000e+00 0.000000000000000000e+00 1.000000000000000000e+00
-7.048357725143432617e-01 -3.358772397041320801e-01 0.000000000000000000e+00 0.000000000000000000e+00 1.000000000000000000e+00
-6.949735879898071289e-01 -3.417306542396545410e-01 0.000000000000000000e+00 0.000000000000000000e+00 1.000000000000000000e+00
-6.904718875885009766e-01 -3.452814221382141113e-01 0.000000000000000000e+00 0.000000000000000000e+00 1.000000000000000000e+00
-6.897695064544677734e-01 -3.428063988685607910e-01 0.000000000000000000e+00 0.000000000000000000e+00 1.000000000000000000e+00
-6.893059015274047852e-01 -3.368056416511535645e-01 0.000000000000000000e+00 0.000000000000000000e+00 1.000000000000000000e+00
-6.854010820388793945e-01 -3.300474286079406738e-01 0.000000000000000000e+00 0.000000000000000000e+00 1.000000000000000000e+00
-6.791898608207702637e-01 -3.267174363136291504e-01 0.000000000000000000e+00 0.000000000000000000e+00 1.000000000000000000e+00
-6.695035696029663086e-01 -3.264690041542053223e-01 0.000000000000000000e+00 0.000000000000000000e+00 1.000000000000000000e+00
-6.606402397155761719e-01 -3.291791081428527832e-01 0.000000000000000000e+00 0.000000000000000000e+00 1.000000000000000000e+00
-6.552250981330871582e-01 -3.327167630195617676e-01 0.000000000000000000e+00 0.000000000000000000e+00 1.000000000000000000e+00
-6.525851488113403320e-01 -3.349152207374572754e-01 0.000000000000000000e+00 0.000000000000000000e+00 1.000000000000000000e+00
-6.487784385681152344e-01 -3.360043168067932129e-01 0.000000000000000000e+00 0.000000000000000000e+00 1.000000000000000000e+00
-6.425132751464843750e-01 -3.362117409706115723e-01 0.000000000000000000e+00 0.000000000000000000e+00 1.000000000000000000e+00
-6.385022401809692383e-01 -3.348590731620788574e-01 0.000000000000000000e+00 0.000000000000000000e+00 1.000000000000000000e+00
-6.332886815071105957e-01 -3.374052643775939941e-01 0.000000000000000000e+00 0.000000000000000000e+00 1.000000000000000000e+00
-6.276822090148925781e-01 -3.408702015876770020e-01 0.000000000000000000e+00 0.000000000000000000e+00 1.000000000000000000e+00
-6.234372854232788086e-01 -3.407655358314514160e-01 0.000000000000000000e+00 0.000000000000000000e+00 1.000000000000000000e+00
-6.198458671569824219e-01 -3.365021347999572754e-01 0.000000000000000000e+00 0.000000000000000000e+00 1.000000000000000000e+00
-6.155565977096557617e-01 -3.297215104103088379e-01 0.000000000000000000e+00 0.000000000000000000e+00 1.000000000000000000e+00
-6.108593940734863281e-01 -3.241468071937561035e-01 0.000000000000000000e+00 0.000000000000000000e+00 1.000000000000000000e+00
-6.081417798995971680e-01 -3.228121399879455566e-01 0.000000000000000000e+00 0.000000000000000000e+00 1.000000000000000000e+00
-6.051939725875854492e-01 -3.268941044807434082e-01 0.000000000000000000e+00 0.000000000000000000e+00 1.000000000000000000e+00
-6.013667583465576172e-01 -3.334403634071350098e-01 0.000000000000000000e+00 0.000000000000000000e+00 1.000000000000000000e+00
-5.981185436248779297e-01 -3.369935154914855957e-01 0.000000000000000000e+00 0.000000000000000000e+00 1.000000000000000000e+00
-5.946512222290039062e-01 -3.337009549140930176e-01 0.000000000000000000e+00 0.000000000000000000e+00 1.000000000000000000e+00
0.000000000000000000e+00 0.000000000000000000e+00 0.000000000000000000e+00 0.000000000000000000e+00 0.000000000000000000e+00
0.000000000000000000e+00 0.000000000000000000e+00 0.000000000000000000e+00 0.000000000000000000e+00 0.000000000000000000e+00
0.000000000000000000e+00 0.000000000000000000e+00 0.000000000000000000e+00 0.000000000000000000e+00 0.000000000000000000e+00
0.000000000000000000e+00 0.000000000000000000e+00 0.000000000000000000e+00 0.000000000000000000e+00 0.000000000000000000e+00
0.000000000000000000e+00 0.000000000000000000e+00 0.000000000000000000e+00 0.000000000000000000e+00 0.000000000000000000e+00
0.000000000000000000e+00 0.000000000000000000e+00 0.000000000000000000e+00 0.000000000000000000e+00 0.000000000000000000e+00
0.000000000000000000e+00 0.000000000000000000e+00 0.000000000000000000e+00 0.000000000000000000e+00 0.000000000000000000e+00
0.000000000000000000e+00 0.000000000000000000e+00 0.000000000000000000e+00 0.000000000000000000e+00 0.000000000000000000e+00
0.000000000000000000e+00 0.000000000000000000e+00 0.000000000000000000e+00 0.000000000000000000e+00 0.000000000000000000e+00
0.000000000000000000e+00 0.000000000000000000e+00 0.000000000000000000e+00 0.000000000000000000e+00 0.000000000000000000e+00
0.000000000000000000e+00 0.000000000000000000e+00 0.000000000000000000e+00 0.000000000000000000e+00 0.000000000000000000e+00
0.000000000000000000e+00 0.000000000000000000e+00 0.000000000000000000e+00 0.000000000000000000e+00 0.000000000000000000e+00
0.000000000000000000e+00 0.000000000000000000e+00 0.000000000000000000e+00 0.000000000000000000e+00 0.000000000000000000e+00
0.000000000000000000e+00 0.000000000000000000e+00 0.000000000000000000e+00 0.000000000000000000e+00 0.000000000000000000e+00
0.000000000000000000e+00 0.000000000000000000e+00 0.000000000000000000e+00 0.000000000000000000e+00 0.000000000000000000e+00
0.000000000000000000e+00 0.000000000000000000e+00 0.000000000000000000e+00 0.000000000000000000e+00 0.000000000000000000e+00
0.000000000000000000e+00 0.000000000000000000e+00 0.000000000000000000e+00 0.000000000000000000e+00 0.000000000000000000e+00
0.000000000000000000e+00 0.000000000000000000e+00 0.000000000000000000e+00 0.000000000000000000e+00 0.000000000000000000e+00
0.000000000000000000e+00 0.000000000000000000e+00 0.000000000000000000e+00 0.000000000000000000e+00 0.000000000000000000e+00
0.000000000000000000e+00 0.000000000000000000e+00 0.000000000000000000e+00 0.000000000000000000e+00 0.000000000000000000e+00
0.000000000000000000e+00 0.000000000000000000e+00 0.000000000000000000e+00 0.000000000000000000e+00 0.000000000000000000e+00
0.000000000000000000e+00 0.000000000000000000e+00 0.000000000000000000e+00 0.000000000000000000e+00 0.000000000000000000e+00
0.000000000000000000e+00 0.000000000000000000e+00 0.000000000000000000e+00 0.000000000000000000e+00 0.000000000000000000e+00
0.000000000000000000e+00 0.000000000000000000e+00 0.000000000000000000e+00 0.000000000000000000e+00 0.000000000000000000e+00
0.000000000000000000e+00 0.000000000000000000e+00 0.000000000000000000e+00 0.000000000000000000e+00 0.000000000000000000e+00
0.000000000000000000e+00 0.000000000000000000e+00 0.000000000000000000e+00 0.000000000000000000e+00 0.000000000000000000e+00
0.000000000000000000e+00 0.000000000000000000e+00 0.000000000000000000e+00 0.000000000000000000e+00 0.000000000000000000e+00
0.000000000000000000e+00 0.000000000000000000e+00 0.000000000000000000e+00 0.000000000000000000e+00 0.000000000000000000e+00
0.000000000000000000e+00 0.000000000000000000e+00 0.000000000000000000e+00 0.000000000000000000e+00 0.000000000000000000e+00
0.000000000000000000e+00 0.000000000000000000e+00 0.000000000000000000e+00 0.000000000000000000e+00 0.000000000000000000e+00
0.000000000000000000e+00 0.000000000000000000e+00 0.000000000000000000e+00 0.000000000000000000e+00 0.000000000000000000e+00
0.000000000000000000e+00 0.000000000000000000e+00 0.000000000000000000e+00 0.000000000000000000e+00 0.000000000000000000e+00
0.000000000000000000e+00 0.000000000000000000e+00 0.000000000000000000e+00 0.000000000000000000e+00 0.000000000000000000e+00
0.000000000000000000e+00 0.000000000000000000e+00 0.000000000000000000e+00 0.000000000000000000e+00 0.000000000000000000e+00
0.000000000000000000e+00 0.000000000000000000e+00 0.000000000000000000e+00 0.000000000000000000e+00 0.000000000000000000e+00
0.000000000000000000e+00 0.000000000000000000e+00 0.000000000000000000e+00 0.000000000000000000e+00 0.000000000000000000e+00
0.000000000000000000e+00 0.000000000000000000e+00 0.000000000000000000e+00 0.000000000000000000e+00 0.000000000000000000e+00
0.000000000000000000e+00 0.000000000000000000e+00 0.000000000000000000e+00 0.000000000000000000e+00 0.000000000000000000e+00
0.000000000000000000e+00 0.000000000000000000e+00 0.000000000000000000e+00 0.000000000000000000e+00 0.000000000000000000e+00
0.000000000000000000e+00 0.000000000000000000e+00 0.000000000000000000e+00 0.000000000000000000e+00 0.000000000000000000e+00
0.000000000000000000e+00 0.000000000000000000e+00 0.000000000000000000e+00 0.000000000000000000e+00 0.000000000000000000e+00
0.000000000000000000e+00 0.000000000000000000e+00 0.000000000000000000e+00 0.000000000000000000e+00 0.000000000000000000e+00
0.000000000000000000e+00 0.000000000000000000e+00 0.000000000000000000e+00 0.000000000000000000e+00 0.000000000000000000e+00
0.000000000000000000e+00 0.000000000000000000e+00 0.000000000000000000e+00 0.000000000000000000e+00 0.000000000000000000e+00
0.000000000000000000e+00 0.000000000000000000e+00 0.000000000000000000e+00 0.000000000000000000e+00 0.000000000000000000e+00
0.000000000000000000e+00 0.000000000000000000e+00 0.000000000000000000e+00 0.000000000000000000e+00 0.000000000000000000e+00
0.000000000000000000e+00 0.000000000000000000e+00 0.000000000000000000e+00 0.000000000000000000e+00 0.000000000000000000e+00
0.000000000000000000e+00 0.000000000000000000e+00 0.000000000000000000e+00 0.000000000000000000e+00 0.000000000000000000e+00
0.000000000000000000e+00 0.000000000000000000e+00 0.000000000000000000e+00 0.000000000000000000e+00 0.000000000000000000e+00
0.000000000000000000e+00 0.000000000000000000e+00 0.000000000000000000e+00 0.000000000000000000e+00 0.000000000000000000e+00
0.000000000000000000e+00 0.000000000000000000e+00 0.000000000000000000e+00 0.000000000000000000e+00 0.000000000000000000e+00
