0.000000000000000000e+00 0.000000000000000000e+00 1.000000000000000000e+00 0.000000000000000000e+00 0.000000000000000000e+00
-1.187090501189231873e-01 9.841961264610290527e-01 1.000000000000000000e+00 0.000000000000000000e+00 0.000000000000000000e+00
5.145678296685218811e-02 2.704082429409027100e-01 1.000000000000000000e+00 0.000000000000000000e+00 0.000000000000000000e+00
1.241775006055831909e-01 9.673333913087844849e-02 1.000000000000000000e+00 0.000000000000000000e+00 0.000000000000000000e+00
6.133153438568115234e-01 -1.116969250142574310e-02 1.000000000000000000e+00 0.000000000000000000e+00 0.000000000000000000e+00
8.006514906883239746e-01 -3.114889264106750488e-01 1.000000000000000000e+00 0.000000000000000000e+00 0.000000000000000000e+00
1.704448163509368896e-01 -1.728509068489074707e-01 1.000000000000000000e+00 0.000000000000000000e+00 0.000000000000000000e+00
-2.909329161047935486e-02 -1.750193834304809570e-01 0.000000000000000000e+00 1.000000000000000000e+00 0.000000000000000000e+00
-8.303364515304565430e-01 -7.810261845588684082e-01 1.000000000000000000e+00 0.000000000000000000e+00 0.000000000000000000e+00
-1.270279586315155029e-01 1.814228057861328125e+00 1.000000000000000000e+00 0.000000000000000000e+00 0.000000000000000000e+00
-3.150756955146789551e-01 1.492690324783325195e+00 0.000000000000000000e+00 1.000000000000000000e+00 0.000000000000000000e+00
1.762703061103820801e+00 -3.525421142578125000e+00 1.000000000000000000e+00 0.000000000000000000e+00 0.000000000000000000e+00
-5.183637142181396484e-01 9.997019767761230469e-01 1.000000000000000000e+00 0.000000000000000000e+00 0.000000000000000000e+00
9.191137552261352539e-01 -2.236519604921340942e-01 1.000000000000000000e+00 0.000000000000000000e+00 0.000000000000000000e+00
4.524248540401458740e-01 -2.376523613929748535e-01 0.000000000000000000e+00 1.000000000000000000e+00 0.000000000000000000e+00
-2.090439498424530029e-01 -5.117585659027099609e-01 1.000000000000000000e+00 0.000000000000000000e+00 0.000000000000000000e+00
-2.480781376361846924e-01 1.661131262779235840e+00 1.000000000000000000e+00 0.000000000000000000e+00 0.000000000000000000e+00
-1.502580046653747559e-01 4.433958530426025391e-01 1.000000000000000000e+00 0.000000000000000000e+00 0.000000000000000000e+00
-1.899822354316711426e-01 2.648741304874420166e-01 0.000000000000000000e+00 1.000000000000000000e+00 0.000000000000000000e+00
-1.019550710916519165e-01 -6.300050616264343262e-01 1.000000000000000000e+00 0.000000000000000000e+00 0.000000000000000000e+00
6.936671733856201172e-01 -2.374629676342010498e-02 1.000000000000000000e+00 0.000000000000000000e+00 0.000000000000000000e+00
8.233693242073059082e-02 6.095883995294570923e-02 0.000000000000000000e+00 1.000000000000000000e+00 0.000000000000000000e+00
-9.744293689727783203e-01 8.428529500961303711e-01 1.000000000000000000e+00 0.000000000000000000e+00 0.000000000000000000e+00
1.110387563705444336e+00 -4.384669661521911621e-02 1.000000000000000000e+00 0.000000000000000000e+00 0.000000000000000000e+00
9.267305135726928711e-01 -2.284907400608062744e-01 0.000000000000000000e+00 1.000000000000000000e+00 0.000000000000000000e+00
-1.787671804428100586e+00 -2.244816303253173828e+00 0.000000000000000000e+00 0.000000000000000000e+00 1.000000000000000000e+00
-2.772559523582458496e-01 1.581912279129028320e+00 0.000000000000000000e+00 0.000000000000000000e+00 1.000000000000000000e+00
-1.193041086196899414e+00 1.071965098381042480e-01 0.000000000000000000e+00 0.000000000000000000e+00 1.000000000000000000e+00
-9.348645210266113281e-01 -3.000296354293823242e-01 0.000000000000000000e+00 0.000000000000000000e+00 1.000000000000000000e+00
-9.136209487915039062e-01 -2.603822946548461914e-01 0.000000000000000000e+00 0.000000000000000000e+00 1.000000000000000000e+00
-8.788132667541503906e-01 -2.830497026443481445e-01 0.000000000000000000e+00 0.000000000000000000e+00 1.000000000000000000e+00
-8.393192291259765625e-01 -2.942688465118408203e-01 0.000000000000000000e+00 0.000000000000000000e+00 1.000000000000000000e+00
-8.102563619613647461e-01 -2.983508110046386719e-01 0.000000000000000000e+00 0.000000000000000000e+00 1.000000000000000000e+00
-7.933609485626220703e-01 -2.898903489112854004e-01 0.000000000000000000e+00 0.000000000000000000e+00 1.000000000000000000e+00
-7.810786962509155273e-01 -2.764509916305541992e-01 0.000000000000000000e+00 0.000000000000000000e+00 1.000000000000000000e+00
-7.716284990310668945e-01 -2.708871960639953613e-01 0.000000000000000000e+00 0.000000000000000000e+00 1.000000000000000000e+00
-7.638144493103027344e-01 -2.699893712997436523e-01 0.000000000000000000e+00 0.000000000000000000e+00 1.000000000000000000e+00
-7.543364763259887695e-01 -2.746374607086181641e-01 0.000000000000000000e+00 0.000000000000000000e+00 1.000000000000000000e+00
-7.438080310821533203e-01 -2.796869277954101562e-01 0.000000000000000000e+00 0.000000000000000000e+00 1.000000000000000000e+00
-7.342617511749267578e-01 -2.815926671028137207e-01 0.000000000000000000e+00 0.000000000000000000e+00 1.000000000000000000e+00
-7.297524213790893555e-01 -2.754850387573242188e-01 0.000000000000000000e+00 0.000000000000000000e+00 1.000000000000000000e+00
-7.267801761627197266e-01 -2.688365578651428223e-01 0.000000000000000000e+00 0.000000000000000000e+00 1.000000000000000000e+00
-7.231292724609375000e-01 -2.663936018943786621e-01 0.000000000000000000e+00 0.000000000000000000e+00 1.000000000000000000e+00
-7.179602384567260742e-01 -2.677845954895019531e-01 0.000000000000000000e+00 0.000000000000000000e+00 1.000000000000000000e+00
-7.118406295776367188e-01 -2.732544541358947754e-01 0.000000000000000000e+00 0.000000000000000000e+00 1.000000000000000000e+00
-7.054833173751831055e-01 -2.820027470588684082e-01 0.000000000000000000e+00 0.000000000000000000e+00 1.000000000000000000e+00
-7.007967233657836914e-01 -2.900061607360839844e-01 0.000000000000000000e+00 0.000000000000000000e+00 1.000000000000000000e+00
-6.980288028717041016e-01 -2.954362034797668457e-01 0.000000000000000000e+00 0.000000000000000000e+00 1.000000000000000000e+00
-6.945731639862060547e-01 -2.976075410842895508e-01 0.000000000000000000e+00 0.000000000000000000e+00 1.000000000000000000e+00
-6.900777816772460938e-01 -2.968159317970275879e-01 0.000000000000000000e+00 0.000000000000000000e+00 1.000000000000000000e+00
-6.849839091300964355e-01 -2.931755781173706055e-01 0.000000000000000000e+00 0.000000000000000000e+00 1.000000000000000000e+00
-6.807762980461120605e-01 -2.884358167648315430e-01 0.000000000000000000e+00 0.000000000000000000e+00 1.000000000000000000e+00
-6.786637306213378906e-01 -2.876643538475036621e-01 0.000000000000000000e+00 0.000000000000000000e+00 1.000000000000000000e+00
-6.771742701530456543e-01 -2.903676629066467285e-01 0.000000000000000000e+00 0.000000000000000000e+00 1.000000000000000000e+00
-6.749624013900756836e-01 -2.927137613296508789e-01 0.000000000000000000e+00 0.000000000000000000e+00 1.000000000000000000e+00
-6.707906723022460938e-01 -2.966985702514648438e-01 0.000000000000000000e+00 0.000000000000000000e+00 1.000000000000000000e+00
-6.658754944801330566e-01 -2.989162802696228027e-01 0.000000000000000000e+00 0.000000000000000000e+00 1.000000000000000000e+00
0.000000000000000000e+00 0.000000000000000000e+00 0.000000000000000000e+00 0.000000000000000000e+00 0.000000000000000000e+00
0.000000000000000000e+00 0.000000000000000000e+00 0.000000000000000000e+00 0.000000000000000000e+00 0.000000000000000000e+00
0.000000000000000000e+00 0.000000000000000000e+00 0.000000000000000000e+00 0.000000000000000000e+00 0.000000000000000000e+00
0.000000000000000000e+00 0.000000000000000000e+00 0.000000000000000000e+00 0.000000000000000000e+00 0.000000000000000000e+00
0.000000000000000000e+00 0.000000000000000000e+00 0.000000000000000000e+00 0.000000000000000000e+00 0.000000000000000000e+00
0.000000000000000000e+00 0.000000000000000000e+00 0.000000000000000000e+00 0.000000000000000000e+00 0.000000000000000000e+00
0.000000000000000000e+00 0.000000000000000000e+00 0.000000000000000000e+00 0.000000000000000000e+00 0.000000000000000000e+00
0.000000000000000000e+00 0.000000000000000000e+00 0.000000000000000000e+00 0.000000000000000000e+00 0.000000000000000000e+00
0.000000000000000000e+00 0.000000000000000000e+00 0.000000000000000000e+00 0.000000000000000000e+00 0.000000000000000000e+00
0.000000000000000000e+00 0.000000000000000000e+00 0.000000000000000000e+00 0.000000000000000000e+00 0.000000000000000000e+00
0.000000000000000000e+00 0.000000000000000000e+00 0.000000000000000000e+00 0.000000000000000000e+00 0.000000000000000000e+00
0.000000000000000000e+00 0.000000000000000000e+00 0.000000000000000000e+00 0.000000000000000000e+00 0.000000000000000000e+00
0.000000000000000000e+00 0.000000000000000000e+00 0.000000000000000000e+00 0.000000000000000000e+00 0.000000000000000000e+00
0.000000000000000000e+00 0.000000000000000000e+00 0.000000000000000000e+00 0.000000000000000000e+00 0.000000000000000000e+00
0.000000000000000000e+00 0.000000000000000000e+00 0.000000000000000000e+00 0.000000000000000000e+00 0.000000000000000000e+00
0.000000000000000000e+00 0.000000000000000000e+00 0.000000000000000000e+00 0.000000000000000000e+00 0.000000000000000000e+00
0.000000000000000000e+00 0.000000000000000000e+00 0.000000000000000000e+00 0.000000000000000000e+00 0.000000000000000000e+00
0.000000000000000000e+00 0.000000000000000000e+00 0.000000000000000000e+00 0.000000000000000000e+00 0.000000000000000000e+00
0.000000000000000000e+00 0.000000000000000000e+00 0.000000000000000000e+00 0.000000000000000000e+00 0.000000000000000000e+00
0.000000000000000000e+00 0.000000000000000000e+00 0.000000000000000000e+00 0.000000000000000000e+00 0.000000000000000000e+00
0.000000000000000000e+00 0.000000000000000000e+00 0.000000000000000000e+00 0.000000000000000000e+00 0.000000000000000000e+00
0.000000000000000000e+00 0.000000000000000000e+00 0.000000000000000000e+00 0.000000000000000000e+00 0.000000000000000000e+00
0.000000000000000000e+00 0.000000000000000000e+00 0.000000000000000000e+00 0.000000000000000000e+00 0.000000000000000000e+00
0.000000000000000000e+00 0.000000000000000000e+00 0.000000000000000000e+00 0.000000000000000000e+00 0.000000000000000000e+00
0.000000000000000000e+00 0.000000000000000000e+00 0.000000000000000000e+00 0.000000000000000000e+00 0.000000000000000000e+00
0.000000000000000000e+00 0.000000000000000000e+00 0.000000000000000000e+00 0.000000000000000000e+00 0.000000000000000000e+00
0.000000000000000000e+00 0.000000000000000000e+00 0.000000000000000000e+00 0.000000000000000000e+00 0.000000000000000000e+00
0.000000000000000000e+00 0.000000000000000000e+00 0.000000000000000000e+00 0.000000000000000000e+00 0.000000000000000000e+00
0.000000000000000000e+00 0.000000000000000000e+00 0.000000000000000000e+00 0.000000000000000000e+00 0.000000000000000000e+00
0.000000000000000000e+00 0.000000000000000000e+00 0.000000000000000000e+00 0.000000000000000000e+00 0.000000000000000000e+00
0.000000000000000000e+00 0.000000000000000000e+00 0.000000000000000000e+00 0.000000000000000000e+00 0.000000000000000000e+00
0.000000000000000000e+00 0.000000000000000000e+00 0.000000000000000000e+00 0.000000000000000000e+00 0.000000000000000000e+00
0.000000000000000000e+00 0.000000000000000000e+00 0.000000000000000000e+00 0.000000000000000000e+00 0.000000000000000000e+00
0.000000000000000000e+00 0.000000000000000000e+00 0.000000000000000000e+00 0.000000000000000000e+00 0.000000000000000000e+00
0.000000000000000000e+00 0.000000000000000000e+00 0.000000000000000000e+00 0.000000000000000000e+00 0.000000000000000000e+00
0.000000000000000000e+00 0.000000000000000000e+00 0.000000000000000000e+00 0.000000000000000000e+00 0.000000000000000000e+00
0.000000000000000000e+00 0.000000000000000000e+00 0.000000000000000000e+00 0.000000000000000000e+00 0.000000000000000000e+00
0.000000000000000000e+00 0.000000000000000000e+00 0.000000000000000000e+00 0.000000000000000000e+00 0.000000000000000000e+00
0.000000000000000000e+00 0.000000000000000000e+00 0.000000000000000000e+00 0.000000000000000000e+00 0.000000000000000000e+00
0.000000000000000000e+00 0.000000000000000000e+00 0.000000000000000000e+00 0.000000000000000000e+00 0.000000000000000000e+00
0.000000000000000000e+00 0.000000000000000000e+00 0.000000000000000000e+00 0.000000000000000000e+00 0.000000000000000000e+00
0.000000000000000000e+00 0.000000000000000000e+00 0.000000000000000000e+00 0.000000000000000000e+00 0.000000000000000000e+00
0.000000000000000000e+00 0.000000000000000000e+00 0.000000000000000000e+00 0.000000000000000000e+00 0.000000000000000000e+00
0.000000000000000000e+00 0.000000000000000000e+00 0.000000000000000000e+00 0.000000000000000000e+00 0.000000000000000000e+00
0.000000000000000000e+00 0.000000000000000000e+00 0.000000000000000000e+00 0.000000000000000000e+00 0.000000000000000000e+00
0.000000000000000000e+00 0.000000000000000000e+00 0.000000000000000000e+00 0.000000000000000000e+00 0.000000000000000000e+00
0.000000000000000000e+00 0.000000000000000000e+00 0.000000000000000000e+00 0.000000000000000000e+00 0.000000000000000000e+00
0.000000000000000000e+00 0.000000000000000000e+00 0.000000000000000000e+00 0.000000000000000000e+00 0.000000000000000000e+00
0.000000000000000000e+00 0.000000000000000000e+00 0.000000000000000000e+00 0.000000000000000000e+00 0.000000000000000000e+00
0.000000000000000000e+00 0.000000000000000000e+00 0.000000000000000000e+00 0.000000000000000000e+00 0.000000000000000000e+00
0.000000000000000000e+00 0.000000000000000000e+00 0.000000000000000000e+00 0.000000000000000000e+00 0.000000000000000000e+00
0.000000000000000000e+00 0.000000000000000000e+00 0.000000000000000000e+00 0.000000000000000000e+00 0.000000000000000000e+00
0.000000000000000000e+00 0.000000000000000000e+00 0.000000000000000000e+00 0.000000000000000000e+00 0.000000000000000000e+00
0.000000000000000000e+00 0.000000000000000000e+00 0.000000000000000000e+00 0.000000000000000000e+00 0.000000000000000000e+00
0.000000000000000000e+00 0.000000000000000000e+00 0.000000000000000000e+00 0.000000000000000000e+00 0.000000000000000000e+00
0.000000000000000000e+00 0.000000000000000000e+00 0.000000000000000000e+00 0.000000000000000000e+00 0.000000000000000000e+00
0.000000000000000000e+00 0.000000000000000000e+00 0.000000000000000000e+00 0.000000000000000000e+00 0.000000000000000000e+00
0.000000000000000000e+00 0.000000000000000000e+00 0.000000000000000000e+00 0.000000000000000000e+00 0.000000000000000000e+00
0.000000000000000000e+00 0.000000000000000000e+00 0.000000000000000000e+00 0.000000000000000000e+00 0.000000000000000000e+00
0.000000000000000000e+00 0.000000000000000000e+00 0.000000000000000000e+00 0.000000000000000000e+00 0.000000000000000000e+00
0.000000000000000000e+00 0.000000000000000000e+00 0.000000000000000000e+00 0.000000000000000000e+00 0.000000000000000000e+00
0.000000000000000000e+00 0.000000000000000000e+00 0.000000000000000000e+00 0.000000000000000000e+00 0.000000000000000000e+00
0.000000000000000000e+00 0.000000000000000000e+00 0.000000000000000000e+00 0.000000000000000000e+00 0.000000000000000000e+00
0.000000000000000000e+00 0.000000000000000000e+00 0.000000000000000000e+00 0.000000000000000000e+00 0.000000000000000000e+00
