0.000000000000000000e+00 0.000000000000000000e+00 1.000000000000000000e+00 0.000000000000000000e+00 0.000000000000000000e+00
-1.148315668106079102e-01 9.284533262252807617e-01 1.000000000000000000e+00 0.000000000000000000e+00 0.000000000000000000e+00
4.775425046682357788e-02 2.622649371623992920e-01 0.000000000000000000e+00 1.000000000000000000e+00 0.000000000000000000e+00
8.068107366561889648e-01 -2.492162704467773438e+00 1.000000000000000000e+00 0.000000000000000000e+00 0.000000000000000000e+00
9.726513922214508057e-02 8.368546962738037109e-01 1.000000000000000000e+00 0.000000000000000000e+00 0.000000000000000000e+00
-2.577835023403167725e-01 2.425444126129150391e+00 1.000000000000000000e+00 0.000000000000000000e+00 0.000000000000000000e+00
2.230572700500488281e-02 3.642465174198150635e-01 1.000000000000000000e+00 0.000000000000000000e+00 0.000000000000000000e+00
6.857574731111526489e-02 4.329007118940353394e-02 0.000000000000000000e+00 1.000000000000000000e+00 0.000000000000000000e+00
8.840161561965942383e-01 -2.111105918884277344e+00 1.000000000000000000e+00 0.000000000000000000e+00 0.000000000000000000e+00
-8.180938661098480225e-02 7.559897005558013916e-02 1.000000000000000000e+00 0.000000000000000000e+00 0.000000000000000000e+00
6.742468476295471191e-02 3.589997887611389160e-01 0.000000000000000000e+00 1.000000000000000000e+00 0.000000000000000000e+00
1.638220906257629395e+00 -2.332379817962646484e+00 1.000000000000000000e+00 0.000000000000000000e+00 0.000000000000000000e+00
-1.026320695877075195e+00 1.390934586524963379e+00 1.000000000000000000e+00 0.000000000000000000e+00 0.000000000000000000e+00
-8.050312995910644531e-01 8.160554170608520508e-01 1.000000000000000000e+00 0.000000000000000000e+00 0.000000000000000000e+00
-4.305131435394287109e-01 2.610108852386474609e-01 0.000000000000000000e+00 1.000000000000000000e+00 0.000000000000000000e+00
1.603338837623596191e+00 -1.234391450881958008e+00 1.000000000000000000e+00 0.000000000000000000e+00 0.000000000000000000e+00
3.100753426551818848e-01 8.180502057075500488e-02 1.000000000000000000e+00 0.000000000000000000e+00 0.000000000000000000e+00
2.071435153484344482e-01 2.045719772577285767e-01 1.000000000000000000e+00 0.000000000000000000e+00 0.000000000000000000e+00
4.270676523447036743e-02 1.734760403633117676e-01 0.000000000000000000e+00 1.000000000000000000e+00 0.000000000000000000e+00
-9.772841930389404297e-01 3.727576732635498047e-01 1.000000000000000000e+00 0.000000000000000000e+00 0.000000000000000000e+00
6.562994122505187988e-01 -4.887604713439941406e-02 0.000000000000000000e+00 1.000000000000000000e+00 0.000000000000000000e+00
-7.389944791793823242e-01 8.135357499122619629e-01 1.000000000000000000e+00 0.000000000000000000e+00 0.000000000000000000e+00
-9.904416650533676147e-02 1.580046415328979492e-01 1.000000000000000000e+00 0.000000000000000000e+00 0.000000000000000000e+00
1.814309693872928619e-02 4.402667880058288574e-01 0.000000000000000000e+00 1.000000000000000000e+00 0.000000000000000000e+00
5.051821470260620117e-01 -6.222943067550659180e-01 1.000000000000000000e+00 0.000000000000000000e+00 0.000000000000000000e+00
2.505919337272644043e-01 3.507573902606964111e-02 1.000000000000000000e+00 0.000000000000000000e+00 0.000000000000000000e+00
6.058296188712120056e-02 9.469424188137054443e-02 1.000000000000000000e+00 0.000000000000000000e+00 0.000000000000000000e+00
-7.385733723640441895e-02 3.126010894775390625e-01 1.000000000000000000e+00 0.000000000000000000e+00 0.000000000000000000e+00
-1.988938152790069580e-01 2.455732524394989014e-01 1.000000000000000000e+00 0.000000000000000000e+00 0.000000000000000000e+00
5.592368245124816895e-01 -1.693140119314193726e-01 0.000000000000000000e+00 1.000000000000000000e+00 0.000000000000000000e+00
-1.175227761268615723e+00 -2.046044588088989258e+00 0.000000000000000000e+00 0.000000000000000000e+00 1.000000000000000000e+00
-5.873044729232788086e-01 1.243573665618896484e+00 0.000000000000000000e+00 0.000000000000000000e+00 1.000000000000000000e+00
-1.337352514266967773e+00 -4.911162257194519043e-01 0.000000000000000000e+00 0.000000000000000000e+00 1.000000000000000000e+00
-9.026085138320922852e-01 -3.121974468231201172e-01 0.000000000000000000e+00 0.000000000000000000e+00 1.000000000000000000e+00
-9.753022193908691406e-01 -4.397678971290588379e-01 0.000000000000000000e+00 0.000000000000000000e+00 1.000000000000000000e+00
-9.061073064804077148e-01 -3.239305615425109863e-01 0.000000000000000000e+00 0.000000000000000000e+00 1.000000000000000000e+00
-9.123423099517822266e-01 -3.386774659156799316e-01 0.000000000000000000e+00 0.000000000000000000e+00 1.000000000000000000e+00
-8.868345022201538086e-01 -3.158623576164245605e-01 0.000000000000000000e+00 0.000000000000000000e+00 1.000000000000000000e+00
-8.861042261123657227e-01 -2.972906231880187988e-01 0.000000000000000000e+00 0.000000000000000000e+00 1.000000000000000000e+00
-8.859591484069824219e-01 -2.701770067214965820e-01 0.000000000000000000e+00 0.000000000000000000e+00 1.000000000000000000e+00
-8.648042678833007812e-01 -2.972766160964965820e-01 0.000000000000000000e+00 0.000000000000000000e+00 1.000000000000000000e+00
-8.502273559570312500e-01 -2.958906292915344238e-01 0.000000000000000000e+00 0.000000000000000000e+00 1.000000000000000000e+00
-8.435362577438354492e-01 -2.822080850601196289e-01 0.000000000000000000e+00 0.000000000000000000e+00 1.000000000000000000e+00
-8.339974880218505859e-01 -2.747479677200317383e-01 0.000000000000000000e+00 0.000000000000000000e+00 1.000000000000000000e+00
-8.240731954574584961e-01 -2.735446691513061523e-01 0.000000000000000000e+00 0.000000000000000000e+00 1.000000000000000000e+00
-8.184529542922973633e-01 -2.715083956718444824e-01 0.000000000000000000e+00 0.000000000000000000e+00 1.000000000000000000e+00
-8.121603727340698242e-01 -2.761420607566833496e-01 0.000000000000000000e+00 0.000000000000000000e+00 1.000000000000000000e+00
-8.028407096862792969e-01 -2.852512598037719727e-01 0.000000000000000000e+00 0.000000000000000000e+00 1.000000000000000000e+00
-7.967971563339233398e-01 -2.848985195159912109e-01 0.000000000000000000e+00 0.000000000000000000e+00 1.000000000000000000e+00
-7.913225889205932617e-01 -2.803841829299926758e-01 0.000000000000000000e+00 0.000000000000000000e+00 1.000000000000000000e+00
-7.874485254287719727e-01 -2.739203572273254395e-01 0.000000000000000000e+00 0.000000000000000000e+00 1.000000000000000000e+00
-7.863109111785888672e-01 -2.645860314369201660e-01 0.000000000000000000e+00 0.000000000000000000e+00 1.000000000000000000e+00
-7.857823371887207031e-01 -2.604051232337951660e-01 0.000000000000000000e+00 0.000000000000000000e+00 1.000000000000000000e+00
-7.831139564514160156e-01 -2.603484392166137695e-01 0.000000000000000000e+00 0.000000000000000000e+00 1.000000000000000000e+00
-7.790449857711791992e-01 -2.611016631126403809e-01 0.000000000000000000e+00 0.000000000000000000e+00 1.000000000000000000e+00
-7.710082530975341797e-01 -2.642005085945129395e-01 0.000000000000000000e+00 0.000000000000000000e+00 1.000000000000000000e+00
-7.588841915130615234e-01 -2.674960494041442871e-01 0.000000000000000000e+00 0.000000000000000000e+00 1.000000000000000000e+00
-7.491191625595092773e-01 -2.680866718292236328e-01 0.000000000000000000e+00 0.000000000000000000e+00 1.000000000000000000e+00
-7.494517564773559570e-01 -2.654494643211364746e-01 0.000000000000000000e+00 0.000000000000000000e+00 1.000000000000000000e+00
-7.497540712356567383e-01 -2.634726166725158691e-01 0.000000000000000000e+00 0.000000000000000000e+00 1.000000000000000000e+00
-7.471637725830078125e-01 -2.612347006797790527e-01 0.000000000000000000e+00 0.000000000000000000e+00 1.000000000000000000e+00
-7.419581413269042969e-01 -2.592619657516479492e-01 0.000000000000000000e+00 0.000000000000000000e+00 1.000000000000000000e+00
-7.357792854309082031e-01 -2.564214468002319336e-01 0.000000000000000000e+00 0.000000000000000000e+00 1.000000000000000000e+00
-7.284057140350341797e-01 -2.535570859909057617e-01 0.000000000000000000e+00 0.000000000000000000e+00 1.000000000000000000e+00
-7.214462757110595703e-01 -2.538591027259826660e-01 0.000000000000000000e+00 0.000000000000000000e+00 1.000000000000000000e+00
-7.197326421737670898e-01 -2.583374977111816406e-01 0.000000000000000000e+00 0.000000000000000000e+00 1.000000000000000000e+00
-7.190403938293457031e-01 -2.619813084602355957e-01 0.000000000000000000e+00 0.000000000000000000e+00 1.000000000000000000e+00
-7.168228626251220703e-01 -2.604979276657104492e-01 0.000000000000000000e+00 0.000000000000000000e+00 1.000000000000000000e+00
-7.128592729568481445e-01 -2.560609579086303711e-01 0.000000000000000000e+00 0.000000000000000000e+00 1.000000000000000000e+00
-7.081735134124755859e-01 -2.506763339042663574e-01 0.000000000000000000e+00 0.000000000000000000e+00 1.000000000000000000e+00
-7.040640115737915039e-01 -2.462451457977294922e-01 0.000000000000000000e+00 0.000000000000000000e+00 1.000000000000000000e+00
-7.045662403106689453e-01 -2.460655570030212402e-01 0.000000000000000000e+00 0.000000000000000000e+00 1.000000000000000000e+00
-7.079586982727050781e-01 -2.495930790901184082e-01 0.000000000000000000e+00 0.000000000000000000e+00 1.000000000000000000e+00
-7.102376222610473633e-01 -2.528625726699829102e-01 0.000000000000000000e+00 0.000000000000000000e+00 1.000000000000000000e+00
-7.027182579040527344e-01 -2.581331729888916016e-01 0.000000000000000000e+00 0.000000000000000000e+00 1.000000000000000000e+00
-6.913102865219116211e-01 -2.604643106460571289e-01 0.000000000000000000e+00 0.000000000000000000e+00 1.000000000000000000e+00
-6.823614835739135742e-01 -2.560874223709106445e-01 0.000000000000000000e+00 0.000000000000000000e+00 1.000000000000000000e+00
-6.725889444351196289e-01 -2.515997290611267090e-01 0.000000000000000000e+00 0.000000000000000000e+00 1.000000000000000000e+00
-6.713844537734985352e-01 -2.491828799247741699e-01 0.000000000000000000e+00 0.000000000000000000e+00 1.000000000000000000e+00
-6.751883625984191895e-01 -2.482981085777282715e-01 0.000000000000000000e+00 0.000000000000000000e+00 1.000000000000000000e+00
-6.787033081054687500e-01 -2.483894824981689453e-01 0.000000000000000000e+00 0.000000000000000000e+00 1.000000000000000000e+00
-6.811249256134033203e-01 -2.491762042045593262e-01 0.000000000000000000e+00 0.000000000000000000e+00 1.000000000000000000e+00
-6.831510663032531738e-01 -2.495161890983581543e-01 0.000000000000000000e+00 0.000000000000000000e+00 1.000000000000000000e+00
-6.800134181976318359e-01 -2.512753605842590332e-01 0.000000000000000000e+00 0.000000000000000000e+00 1.000000000000000000e+00
-6.714419126510620117e-01 -2.569703459739685059e-01 0.000000000000000000e+00 0.000000000000000000e+00 1.000000000000000000e+00
-6.671187877655029297e-01 -2.572035789489746094e-01 0.000000000000000000e+00 0.000000000000000000e+00 1.000000000000000000e+00
0.000000000000000000e+00 0.000000000000000000e+00 0.000000000000000000e+00 0.000000000000000000e+00 0.000000000000000000e+00
0.000000000000000000e+00 0.000000000000000000e+00 0.000000000000000000e+00 0.000000000000000000e+00 0.000000000000000000e+00
0.000000000000000000e+00 0.000000000000000000e+00 0.000000000000000000e+00 0.000000000000000000e+00 0.000000000000000000e+00
0.000000000000000000e+00 0.000000000000000000e+00 0.000000000000000000e+00 0.000000000000000000e+00 0.000000000000000000e+00
0.000000000000000000e+00 0.000000000000000000e+00 0.000000000000000000e+00 0.000000000000000000e+00 0.000000000000000000e+00
0.000000000000000000e+00 0.000000000000000000e+00 0.000000000000000000e+00 0.000000000000000000e+00 0.000000000000000000e+00
0.000000000000000000e+00 0.000000000000000000e+00 0.000000000000000000e+00 0.000000000000000000e+00 0.000000000000000000e+00
0.000000000000000000e+00 0.000000000000000000e+00 0.000000000000000000e+00 0.000000000000000000e+00 0.000000000000000000e+00
0.000000000000000000e+00 0.000000000000000000e+00 0.000000000000000000e+00 0.000000000000000000e+00 0.000000000000000000e+00
0.000000000000000000e+00 0.000000000000000000e+00 0.000000000000000000e+00 0.000000000000000000e+00 0.000000000000000000e+00
0.000000000000000000e+00 0.000000000000000000e+00 0.000000000000000000e+00 0.000000000000000000e+00 0.000000000000000000e+00
0.000000000000000000e+00 0.000000000000000000e+00 0.000000000000000000e+00 0.000000000000000000e+00 0.000000000000000000e+00
0.000000000000000000e+00 0.000000000000000000e+00 0.000000000000000000e+00 0.000000000000000000e+00 0.000000000000000000e+00
0.000000000000000000e+00 0.000000000000000000e+00 0.000000000000000000e+00 0.000000000000000000e+00 0.000000000000000000e+00
0.000000000000000000e+00 0.000000000000000000e+00 0.000000000000000000e+00 0.000000000000000000e+00 0.000000000000000000e+00
0.000000000000000000e+00 0.000000000000000000e+00 0.000000000000000000e+00 0.000000000000000000e+00 0.000000000000000000e+00
0.000000000000000000e+00 0.000000000000000000e+00 0.000000000000000000e+00 0.000000000000000000e+00 0.000000000000000000e+00
0.000000000000000000e+00 0.000000000000000000e+00 0.000000000000000000e+00 0.000000000000000000e+00 0.000000000000000000e+00
0.000000000000000000e+00 0.000000000000000000e+00 0.000000000000000000e+00 0.000000000000000000e+00 0.000000000000000000e+00
0.000000000000000000e+00 0.000000000000000000e+00 0.000000000000000000e+00 0.000000000000000000e+00 0.000000000000000000e+00
0.000000000000000000e+00 0.000000000000000000e+00 0.000000000000000000e+00 0.000000000000000000e+00 0.000000000000000000e+00
0.000000000000000000e+00 0.000000000000000000e+00 0.000000000000000000e+00 0.000000000000000000e+00 0.000000000000000000e+00
0.000000000000000000e+00 0.000000000000000000e+00 0.000000000000000000e+00 0.000000000000000000e+00 0.000000000000000000e+00
0.000000000000000000e+00 0.000000000000000000e+00 0.000000000000000000e+00 0.000000000000000000e+00 0.000000000000000000e+00
0.000000000000000000e+00 0.000000000000000000e+00 0.000000000000000000e+00 0.000000000000000000e+00 0.000000000000000000e+00
0.000000000000000000e+00 0.000000000000000000e+00 0.000000000000000000e+00 0.000000000000000000e+00 0.000000000000000000e+00
0.000000000000000000e+00 0.000000000000000000e+00 0.000000000000000000e+00 0.000000000000000000e+00 0.000000000000000000e+00
0.000000000000000000e+00 0.000000000000000000e+00 0.000000000000000000e+00 0.000000000000000000e+00 0.000000000000000000e+00
0.000000000000000000e+00 0.000000000000000000e+00 0.000000000000000000e+00 0.000000000000000000e+00 0.000000000000000000e+00
0.000000000000000000e+00 0.000000000000000000e+00 0.000000000000000000e+00 0.000000000000000000e+00 0.000000000000000000e+00
0.000000000000000000e+00 0.000000000000000000e+00 0.000000000000000000e+00 0.000000000000000000e+00 0.000000000000000000e+00
0.000000000000000000e+00 0.000000000000000000e+00 0.000000000000000000e+00 0.000000000000000000e+00 0.000000000000000000e+00
0.000000000000000000e+00 0.000000000000000000e+00 0.000000000000000000e+00 0.000000000000000000e+00 0.000000000000000000e+00
0.000000000000000000e+00 0.000000000000000000e+00 0.000000000000000000e+00 0.000000000000000000e+00 0.000000000000000000e+00
0.000000000000000000e+00 0.000000000000000000e+00 0.000000000000000000e+00 0.000000000000000000e+00 0.000000000000000000e+00
