0.000000000000000000e+00 0.000000000000000000e+00 1.000000000000000000e+00 0.000000000000000000e+00 0.000000000000000000e+00
-9.787898510694503784e-02 8.221861720085144043e-01 1.000000000000000000e+00 0.000000000000000000e+00 0.000000000000000000e+00
4.136609286069869995e-02 2.522965073585510254e-01 0.000000000000000000e+00 1.000000000000000000e+00 0.000000000000000000e+00
6.793282628059387207e-01 -2.324689865112304688e+00 1.000000000000000000e+00 0.000000000000000000e+00 0.000000000000000000e+00
1.013482660055160522e-01 7.648743391036987305e-01 1.000000000000000000e+00 0.000000000000000000e+00 0.000000000000000000e+00
-2.109723687171936035e-01 2.249928474426269531e+00 1.000000000000000000e+00 0.000000000000000000e+00 0.000000000000000000e+00
2.255199104547500610e-02 3.223456442356109619e-01 1.000000000000000000e+00 0.000000000000000000e+00 0.000000000000000000e+00
6.031310930848121643e-02 3.335305303335189819e-02 0.000000000000000000e+00 1.000000000000000000e+00 0.000000000000000000e+00
5.616834163665771484e-01 -1.757605552673339844e+00 1.000000000000000000e+00 0.000000000000000000e+00 0.000000000000000000e+00
6.608077883720397949e-02 4.178982377052307129e-01 1.000000000000000000e+00 0.000000000000000000e+00 0.000000000000000000e+00
7.605347782373428345e-02 9.474591165781021118e-02 0.000000000000000000e+00 1.000000000000000000e+00 0.000000000000000000e+00
6.516383886337280273e-01 -1.806341886520385742e+00 1.000000000000000000e+00 0.000000000000000000e+00 0.000000000000000000e+00
-4.682258516550064087e-02 6.106719970703125000e-01 1.000000000000000000e+00 0.000000000000000000e+00 0.000000000000000000e+00
-7.236073911190032959e-02 1.724481284618377686e-01 0.000000000000000000e+00 1.000000000000000000e+00 0.000000000000000000e+00
4.846965074539184570e-01 -9.184324145317077637e-01 1.000000000000000000e+00 0.000000000000000000e+00 0.000000000000000000e+00
3.685496151447296143e-01 3.479768335819244385e-02 1.000000000000000000e+00 0.000000000000000000e+00 0.000000000000000000e+00
1.137058958411216736e-01 1.318311393260955811e-01 1.000000000000000000e+00 0.000000000000000000e+00 0.000000000000000000e+00
-2.853186428546905518e-01 4.026627838611602783e-01 1.000000000000000000e+00 0.000000000000000000e+00 0.000000000000000000e+00
-4.426288306713104248e-01 3.328670263290405273e-01 1.000000000000000000e+00 0.000000000000000000e+00 0.000000000000000000e+00
4.279442727565765381e-01 -1.110074296593666077e-01 0.000000000000000000e+00 1.000000000000000000e+00 0.000000000000000000e+00
-7.071957588195800781e-01 6.743348836898803711e-01 1.000000000000000000e+00 0.000000000000000000e+00 0.000000000000000000e+00
8.133119940757751465e-01 -9.556715190410614014e-02 1.000000000000000000e+00 0.000000000000000000e+00 0.000000000000000000e+00
2.525060772895812988e-01 7.674033194780349731e-02 1.000000000000000000e+00 0.000000000000000000e+00 0.000000000000000000e+00
-6.167651712894439697e-02 2.520497441291809082e-01 1.000000000000000000e+00 0.000000000000000000e+00 0.000000000000000000e+00
-3.155026733875274658e-01 3.579989075660705566e-01 1.000000000000000000e+00 0.000000000000000000e+00 0.000000000000000000e+00
-1.617885380983352661e-01 8.264584094285964966e-02 0.000000000000000000e+00 1.000000000000000000e+00 0.000000000000000000e+00
-8.376917243003845215e-02 -4.164448976516723633e-01 1.000000000000000000e+00 0.000000000000000000e+00 0.000000000000000000e+00
-3.895988166332244873e-01 6.400215029716491699e-01 1.000000000000000000e+00 0.000000000000000000e+00 0.000000000000000000e+00
5.172112584114074707e-01 -1.537923067808151245e-01 1.000000000000000000e+00 0.000000000000000000e+00 0.000000000000000000e+00
9.542128443717956543e-02 -9.654323011636734009e-02 0.000000000000000000e+00 1.000000000000000000e+00 0.000000000000000000e+00
-7.784680128097534180e-01 -2.536205947399139404e-01 1.000000000000000000e+00 0.000000000000000000e+00 0.000000000000000000e+00
-1.346779763698577881e-01 1.793864369392395020e-01 1.000000000000000000e+00 0.000000000000000000e+00 0.000000000000000000e+00
-3.822952508926391602e-02 5.948530435562133789e-01 1.000000000000000000e+00 0.000000000000000000e+00 0.000000000000000000e+00
1.097118705511093140e-01 2.503305077552795410e-01 1.000000000000000000e+00 0.000000000000000000e+00 0.000000000000000000e+00
2.164097428321838379e-01 1.553138196468353271e-01 1.000000000000000000e+00 0.000000000000000000e+00 0.000000000000000000e+00
4.791823327541351318e-01 9.213630855083465576e-02 1.000000000000000000e+00 0.000000000000000000e+00 0.000000000000000000e+00
1.151121973991394043e+00 -1.448318660259246826e-01 1.000000000000000000e+00 0.000000000000000000e+00 0.000000000000000000e+00
4.080808758735656738e-01 -1.580882221460342407e-01 1.000000000000000000e+00 0.000000000000000000e+00 0.000000000000000000e+00
-4.653640389442443848e-01 -9.248380064964294434e-01 0.000000000000000000e+00 1.000000000000000000e+00 0.000000000000000000e+00
-1.765313506126403809e+00 -1.435056924819946289e+00 0.000000000000000000e+00 0.000000000000000000e+00 1.000000000000000000e+00
-4.662340581417083740e-01 1.258759737014770508e+00 0.000000000000000000e+00 0.000000000000000000e+00 1.000000000000000000e+00
-1.458673954010009766e+00 -2.724794149398803711e-01 0.000000000000000000e+00 0.000000000000000000e+00 1.000000000000000000e+00
-1.023801565170288086e+00 -1.721006035804748535e-01 0.000000000000000000e+00 0.000000000000000000e+00 1.000000000000000000e+00
-1.095812797546386719e+00 -2.518044710159301758e-01 0.000000000000000000e+00 0.000000000000000000e+00 1.000000000000000000e+00
-1.023490905761718750e+00 -2.216432690620422363e-01 0.000000000000000000e+00 0.000000000000000000e+00 1.000000000000000000e+00
-1.009161949157714844e+00 -2.582811713218688965e-01 0.000000000000000000e+00 0.000000000000000000e+00 1.000000000000000000e+00
-9.843491315841674805e-01 -2.524511218070983887e-01 0.000000000000000000e+00 0.000000000000000000e+00 1.000000000000000000e+00
-9.706776142120361328e-01 -2.550619840621948242e-01 0.000000000000000000e+00 0.000000000000000000e+00 1.000000000000000000e+00
-9.582023620605468750e-01 -2.516191601753234863e-01 0.000000000000000000e+00 0.000000000000000000e+00 1.000000000000000000e+00
-9.491262435913085938e-01 -2.482820153236389160e-01 0.000000000000000000e+00 0.000000000000000000e+00 1.000000000000000000e+00
-9.426980018615722656e-01 -2.382410764694213867e-01 0.000000000000000000e+00 0.000000000000000000e+00 1.000000000000000000e+00
-9.341228008270263672e-01 -2.321311235427856445e-01 0.000000000000000000e+00 0.000000000000000000e+00 1.000000000000000000e+00
-9.234800338745117188e-01 -2.383512854576110840e-01 0.000000000000000000e+00 0.000000000000000000e+00 1.000000000000000000e+00
-9.144290685653686523e-01 -2.464883327484130859e-01 0.000000000000000000e+00 0.000000000000000000e+00 1.000000000000000000e+00
-9.105167388916015625e-01 -2.499415278434753418e-01 0.000000000000000000e+00 0.000000000000000000e+00 1.000000000000000000e+00
-9.045085906982421875e-01 -2.499869465827941895e-01 0.000000000000000000e+00 0.000000000000000000e+00 1.000000000000000000e+00
-8.966666460037231445e-01 -2.480346560478210449e-01 0.000000000000000000e+00 0.000000000000000000e+00 1.000000000000000000e+00
-8.881467580795288086e-01 -2.460688948631286621e-01 0.000000000000000000e+00 0.000000000000000000e+00 1.000000000000000000e+00
-8.790905475616455078e-01 -2.465550303459167480e-01 0.000000000000000000e+00 0.000000000000000000e+00 1.000000000000000000e+00
-8.694189786911010742e-01 -2.528219223022460938e-01 0.000000000000000000e+00 0.000000000000000000e+00 1.000000000000000000e+00
-8.594065904617309570e-01 -2.613459825515747070e-01 0.000000000000000000e+00 0.000000000000000000e+00 1.000000000000000000e+00
-8.511903285980224609e-01 -2.631782889366149902e-01 0.000000000000000000e+00 0.000000000000000000e+00 1.000000000000000000e+00
-8.432852029800415039e-01 -2.609812617301940918e-01 0.000000000000000000e+00 0.000000000000000000e+00 1.000000000000000000e+00
-8.348400592803955078e-01 -2.591397166252136230e-01 0.000000000000000000e+00 0.000000000000000000e+00 1.000000000000000000e+00
-8.262218236923217773e-01 -2.598918080329895020e-01 0.000000000000000000e+00 0.000000000000000000e+00 1.000000000000000000e+00
0.000000000000000000e+00 0.000000000000000000e+00 0.000000000000000000e+00 0.000000000000000000e+00 0.000000000000000000e+00
0.000000000000000000e+00 0.000000000000000000e+00 0.000000000000000000e+00 0.000000000000000000e+00 0.000000000000000000e+00
0.000000000000000000e+00 0.000000000000000000e+00 0.000000000000000000e+00 0.000000000000000000e+00 0.000000000000000000e+00
0.000000000000000000e+00 0.000000000000000000e+00 0.000000000000000000e+00 0.000000000000000000e+00 0.000000000000000000e+00
0.000000000000000000e+00 0.000000000000000000e+00 0.000000000000000000e+00 0.000000000000000000e+00 0.000000000000000000e+00
0.000000000000000000e+00 0.000000000000000000e+00 0.000000000000000000e+00 0.000000000000000000e+00 0.000000000000000000e+00
0.000000000000000000e+00 0.000000000000000000e+00 0.000000000000000000e+00 0.000000000000000000e+00 0.000000000000000000e+00
0.000000000000000000e+00 0.000000000000000000e+00 0.000000000000000000e+00 0.000000000000000000e+00 0.000000000000000000e+00
0.000000000000000000e+00 0.000000000000000000e+00 0.000000000000000000e+00 0.000000000000000000e+00 0.000000000000000000e+00
0.000000000000000000e+00 0.000000000000000000e+00 0.000000000000000000e+00 0.000000000000000000e+00 0.000000000000000000e+00
0.000000000000000000e+00 0.000000000000000000e+00 0.000000000000000000e+00 0.000000000000000000e+00 0.000000000000000000e+00
0.000000000000000000e+00 0.000000000000000000e+00 0.000000000000000000e+00 0.000000000000000000e+00 0.000000000000000000e+00
0.000000000000000000e+00 0.000000000000000000e+00 0.000000000000000000e+00 0.000000000000000000e+00 0.000000000000000000e+00
0.000000000000000000e+00 0.000000000000000000e+00 0.000000000000000000e+00 0.000000000000000000e+00 0.000000000000000000e+00
0.000000000000000000e+00 0.000000000000000000e+00 0.000000000000000000e+00 0.000000000000000000e+00 0.000000000000000000e+00
0.000000000000000000e+00 0.000000000000000000e+00 0.000000000000000000e+00 0.000000000000000000e+00 0.000000000000000000e+00
0.000000000000000000e+00 0.000000000000000000e+00 0.000000000000000000e+00 0.000000000000000000e+00 0.000000000000000000e+00
0.000000000000000000e+00 0.000000000000000000e+00 0.000000000000000000e+00 0.000000000000000000e+00 0.000000000000000000e+00
0.000000000000000000e+00 0.000000000000000000e+00 0.000000000000000000e+00 0.000000000000000000e+00 0.000000000000000000e+00
0.000000000000000000e+00 0.000000000000000000e+00 0.000000000000000000e+00 0.000000000000000000e+00 0.000000000000000000e+00
0.000000000000000000e+00 0.000000000000000000e+00 0.000000000000000000e+00 0.000000000000000000e+00 0.000000000000000000e+00
0.000000000000000000e+00 0.000000000000000000e+00 0.000000000000000000e+00 0.000000000000000000e+00 0.000000000000000000e+00
0.000000000000000000e+00 0.000000000000000000e+00 0.000000000000000000e+00 0.000000000000000000e+00 0.000000000000000000e+00
0.000000000000000000e+00 0.000000000000000000e+00 0.000000000000000000e+00 0.000000000000000000e+00 0.000000000000000000e+00
0.000000000000000000e+00 0.000000000000000000e+00 0.000000000000000000e+00 0.000000000000000000e+00 0.000000000000000000e+00
0.000000000000000000e+00 0.000000000000000000e+00 0.000000000000000000e+00 0.000000000000000000e+00 0.000000000000000000e+00
0.000000000000000000e+00 0.000000000000000000e+00 0.000000000000000000e+00 0.000000000000000000e+00 0.000000000000000000e+00
0.000000000000000000e+00 0.000000000000000000e+00 0.000000000000000000e+00 0.000000000000000000e+00 0.000000000000000000e+00
0.000000000000000000e+00 0.000000000000000000e+00 0.000000000000000000e+00 0.000000000000000000e+00 0.000000000000000000e+00
0.000000000000000000e+00 0.000000000000000000e+00 0.000000000000000000e+00 0.000000000000000000e+00 0.000000000000000000e+00
0.000000000000000000e+00 0.000000000000000000e+00 0.000000000000000000e+00 0.000000000000000000e+00 0.000000000000000000e+00
0.000000000000000000e+00 0.000000000000000000e+00 0.000000000000000000e+00 0.000000000000000000e+00 0.000000000000000000e+00
0.000000000000000000e+00 0.000000000000000000e+00 0.000000000000000000e+00 0.000000000000000000e+00 0.000000000000000000e+00
0.000000000000000000e+00 0.000000000000000000e+00 0.000000000000000000e+00 0.000000000000000000e+00 0.000000000000000000e+00
0.000000000000000000e+00 0.000000000000000000e+00 0.000000000000000000e+00 0.000000000000000000e+00 0.000000000000000000e+00
0.000000000000000000e+00 0.000000000000000000e+00 0.000000000000000000e+00 0.000000000000000000e+00 0.000000000000000000e+00
0.000000000000000000e+00 0.000000000000000000e+00 0.000000000000000000e+00 0.000000000000000000e+00 0.000000000000000000e+00
0.000000000000000000e+00 0.000000000000000000e+00 0.000000000000000000e+00 0.000000000000000000e+00 0.000000000000000000e+00
0.000000000000000000e+00 0.000000000000000000e+00 0.000000000000000000e+00 0.000000000000000000e+00 0.000000000000000000e+00
0.000000000000000000e+00 0.000000000000000000e+00 0.000000000000000000e+00 0.000000000000000000e+00 0.000000000000000000e+00
0.000000000000000000e+00 0.000000000000000000e+00 0.000000000000000000e+00 0.000000000000000000e+00 0.000000000000000000e+00
0.000000000000000000e+00 0.000000000000000000e+00 0.000000000000000000e+00 0.000000000000000000e+00 0.000000000000000000e+00
0.000000000000000000e+00 0.000000000000000000e+00 0.000000000000000000e+00 0.000000000000000000e+00 0.000000000000000000e+00
0.000000000000000000e+00 0.000000000000000000e+00 0.000000000000000000e+00 0.000000000000000000e+00 0.000000000000000000e+00
0.000000000000000000e+00 0.000000000000000000e+00 0.000000000000000000e+00 0.000000000000000000e+00 0.000000000000000000e+00
0.000000000000000000e+00 0.000000000000000000e+00 0.000000000000000000e+00 0.000000000000000000e+00 0.000000000000000000e+00
0.000000000000000000e+00 0.000000000000000000e+00 0.000000000000000000e+00 0.000000000000000000e+00 0.000000000000000000e+00
0.000000000000000000e+00 0.000000000000000000e+00 0.000000000000000000e+00 0.000000000000000000e+00 0.000000000000000000e+00
0.000000000000000000e+00 0.000000000000000000e+00 0.000000000000000000e+00 0.000000000000000000e+00 0.000000000000000000e+00
0.000000000000000000e+00 0.000000000000000000e+00 0.000000000000000000e+00 0.000000000000000000e+00 0.000000000000000000e+00
0.000000000000000000e+00 0.000000000000000000e+00 0.000000000000000000e+00 0.000000000000000000e+00 0.000000000000000000e+00
0.000000000000000000e+00 0.000000000000000000e+00 0.000000000000000000e+00 0.000000000000000000e+00 0.000000000000000000e+00
0.000000000000000000e+00 0.000000000000000000e+00 0.000000000000000000e+00 0.000000000000000000e+00 0.000000000000000000e+00
0.000000000000000000e+00 0.000000000000000000e+00 0.000000000000000000e+00 0.000000000000000000e+00 0.000000000000000000e+00
0.000000000000000000e+00 0.000000000000000000e+00 0.000000000000000000e+00 0.000000000000000000e+00 0.000000000000000000e+00
0.000000000000000000e+00 0.000000000000000000e+00 0.000000000000000000e+00 0.000000000000000000e+00 0.000000000000000000e+00
