0.000000000000000000e+00 0.000000000000000000e+00 1.000000000000000000e+00 0.000000000000000000e+00 0.000000000000000000e+00
-9.346202015876770020e-02 8.167525529861450195e-01 1.000000000000000000e+00 0.000000000000000000e+00 0.000000000000000000e+00
4.029101878404617310e-02 2.281790077686309814e-01 0.000000000000000000e+00 1.000000000000000000e+00 0.000000000000000000e+00
6.548137664794921875e-01 -2.178386211395263672e+00 1.000000000000000000e+00 0.000000000000000000e+00 0.000000000000000000e+00
7.955169677734375000e-02 7.645835876464843750e-01 1.000000000000000000e+00 0.000000000000000000e+00 0.000000000000000000e+00
-2.068209648132324219e-01 2.098998308181762695e+00 1.000000000000000000e+00 0.000000000000000000e+00 0.000000000000000000e+00
-8.041572570800781250e-02 2.998172044754028320e-01 1.000000000000000000e+00 0.000000000000000000e+00 0.000000000000000000e+00
-9.153436869382858276e-02 6.968592107295989990e-02 0.000000000000000000e+00 1.000000000000000000e+00 0.000000000000000000e+00
3.515132963657379150e-01 -1.344984769821166992e+00 1.000000000000000000e+00 0.000000000000000000e+00 0.000000000000000000e+00
2.186780422925949097e-01 2.544777691364288330e-01 1.000000000000000000e+00 0.000000000000000000e+00 0.000000000000000000e+00
1.845976710319519043e-01 6.452022492885589600e-02 0.000000000000000000e+00 1.000000000000000000e+00 0.000000000000000000e+00
4.211924672126770020e-01 -1.531088829040527344e+00 1.000000000000000000e+00 0.000000000000000000e+00 0.000000000000000000e+00
-1.280923336744308472e-01 1.352168560028076172e+00 1.000000000000000000e+00 0.000000000000000000e+00 0.000000000000000000e+00
-2.547108829021453857e-01 1.031470537185668945e+00 1.000000000000000000e+00 0.000000000000000000e+00 0.000000000000000000e+00
-1.140917986631393433e-01 1.837130486965179443e-01 0.000000000000000000e+00 1.000000000000000000e+00 0.000000000000000000e+00
6.930192112922668457e-01 -2.897973060607910156e+00 1.000000000000000000e+00 0.000000000000000000e+00 0.000000000000000000e+00
8.827544450759887695e-01 -2.096525728702545166e-01 1.000000000000000000e+00 0.000000000000000000e+00 0.000000000000000000e+00
3.460310697555541992e-01 4.780084267258644104e-02 1.000000000000000000e+00 0.000000000000000000e+00 0.000000000000000000e+00
1.698639243841171265e-01 2.008922398090362549e-01 1.000000000000000000e+00 0.000000000000000000e+00 0.000000000000000000e+00
9.527283906936645508e-02 7.153673171997070312e-01 1.000000000000000000e+00 0.000000000000000000e+00 0.000000000000000000e+00
-1.167008057236671448e-01 2.025508403778076172e+00 1.000000000000000000e+00 0.000000000000000000e+00 0.000000000000000000e+00
-7.250259071588516235e-02 2.346996366977691650e-01 1.000000000000000000e+00 0.000000000000000000e+00 0.000000000000000000e+00
-1.100236624479293823e-01 8.034306019544601440e-02 0.000000000000000000e+00 1.000000000000000000e+00 0.000000000000000000e+00
-9.882069826126098633e-01 -2.388861656188964844e+00 1.000000000000000000e+00 0.000000000000000000e+00 0.000000000000000000e+00
2.519012689590454102e-01 1.284103691577911377e-01 1.000000000000000000e+00 0.000000000000000000e+00 0.000000000000000000e+00
4.156848788261413574e-01 -1.967184543609619141e-01 0.000000000000000000e+00 1.000000000000000000e+00 0.000000000000000000e+00
2.426682859659194946e-01 -1.756258010864257812e-01 1.000000000000000000e+00 0.000000000000000000e+00 0.000000000000000000e+00
-9.200965166091918945e-01 7.489339113235473633e-01 1.000000000000000000e+00 0.000000000000000000e+00 0.000000000000000000e+00
7.342991828918457031e-01 -1.380286216735839844e-01 1.000000000000000000e+00 0.000000000000000000e+00 0.000000000000000000e+00
1.614890545606613159e-01 3.350628912448883057e-02 0.000000000000000000e+00 1.000000000000000000e+00 0.000000000000000000e+00
-4.444793164730072021e-01 1.922387331724166870e-01 1.000000000000000000e+00 0.000000000000000000e+00 0.000000000000000000e+00
-1.207302734255790710e-01 4.006848335266113281e-01 1.000000000000000000e+00 0.000000000000000000e+00 0.000000000000000000e+00
-1.148208230733871460e-01 1.318379938602447510e-01 0.000000000000000000e+00 1.000000000000000000e+00 0.000000000000000000e+00
-2.573818564414978027e-01 -8.642941713333129883e-03 1.000000000000000000e+00 0.000000000000000000e+00 0.000000000000000000e+00
7.433655261993408203e-01 -9.958496689796447754e-02 1.000000000000000000e+00 0.000000000000000000e+00 0.000000000000000000e+00
1.865316629409790039e-01 4.796560108661651611e-02 0.000000000000000000e+00 1.000000000000000000e+00 0.000000000000000000e+00
-5.326129198074340820e-01 1.687617450952529907e-01 1.000000000000000000e+00 0.000000000000000000e+00 0.000000000000000000e+00
-3.628627657890319824e-01 5.770025253295898438e-01 1.000000000000000000e+00 0.000000000000000000e+00 0.000000000000000000e+00
8.121166229248046875e-01 -8.117741346359252930e-02 1.000000000000000000e+00 0.000000000000000000e+00 0.000000000000000000e+00
3.143723607063293457e-01 4.852044954895973206e-02 0.000000000000000000e+00 1.000000000000000000e+00 0.000000000000000000e+00
-1.480016231536865234e+00 -1.694993019104003906e+00 0.000000000000000000e+00 0.000000000000000000e+00 1.000000000000000000e+00
-4.609910547733306885e-01 1.150099635124206543e+00 0.000000000000000000e+00 0.000000000000000000e+00 1.000000000000000000e+00
-1.311619877815246582e+00 -2.667789459228515625e-01 0.000000000000000000e+00 0.000000000000000000e+00 1.000000000000000000e+00
-1.045520305633544922e+00 -2.441102266311645508e-01 0.000000000000000000e+00 0.000000000000000000e+00 1.000000000000000000e+00
-1.044018626213073730e+00 -3.590245842933654785e-01 0.000000000000000000e+00 0.000000000000000000e+00 1.000000000000000000e+00
-9.805576801300048828e-01 -3.373575806617736816e-01 0.000000000000000000e+00 0.000000000000000000e+00 1.000000000000000000e+00
-9.596918821334838867e-01 -3.584000468254089355e-01 0.000000000000000000e+00 0.000000000000000000e+00 1.000000000000000000e+00
-9.372472763061523438e-01 -3.563264012336730957e-01 0.000000000000000000e+00 0.000000000000000000e+00 1.000000000000000000e+00
-9.233396053314208984e-01 -3.515625596046447754e-01 0.000000000000000000e+00 0.000000000000000000e+00 1.000000000000000000e+00
-9.114938974380493164e-01 -3.417578339576721191e-01 0.000000000000000000e+00 0.000000000000000000e+00 1.000000000000000000e+00
-9.041132926940917969e-01 -3.296074271202087402e-01 0.000000000000000000e+00 0.000000000000000000e+00 1.000000000000000000e+00
-8.989053964614868164e-01 -3.205220103263854980e-01 0.000000000000000000e+00 0.000000000000000000e+00 1.000000000000000000e+00
-8.910661935806274414e-01 -3.201263546943664551e-01 0.000000000000000000e+00 0.000000000000000000e+00 1.000000000000000000e+00
-8.828940391540527344e-01 -3.237910866737365723e-01 0.000000000000000000e+00 0.000000000000000000e+00 1.000000000000000000e+00
-8.733388185501098633e-01 -3.273027539253234863e-01 0.000000000000000000e+00 0.000000000000000000e+00 1.000000000000000000e+00
-8.641192913055419922e-01 -3.242916464805603027e-01 0.000000000000000000e+00 0.000000000000000000e+00 1.000000000000000000e+00
-8.526781797409057617e-01 -3.182217478752136230e-01 0.000000000000000000e+00 0.000000000000000000e+00 1.000000000000000000e+00
-8.390938043594360352e-01 -3.191528916358947754e-01 0.000000000000000000e+00 0.000000000000000000e+00 1.000000000000000000e+00
-8.328801393508911133e-01 -3.169592022895812988e-01 0.000000000000000000e+00 0.000000000000000000e+00 1.000000000000000000e+00
-8.303154706954956055e-01 -3.159634470939636230e-01 0.000000000000000000e+00 0.000000000000000000e+00 1.000000000000000000e+00
-8.253806829452514648e-01 -3.179078698158264160e-01 0.000000000000000000e+00 0.000000000000000000e+00 1.000000000000000000e+00
-8.162256479263305664e-01 -3.191842436790466309e-01 0.000000000000000000e+00 0.000000000000000000e+00 1.000000000000000000e+00
-8.055305480957031250e-01 -3.155179619789123535e-01 0.000000000000000000e+00 0.000000000000000000e+00 1.000000000000000000e+00
-7.952048778533935547e-01 -3.123420476913452148e-01 0.000000000000000000e+00 0.000000000000000000e+00 1.000000000000000000e+00
-7.866876125335693359e-01 -3.111695647239685059e-01 0.000000000000000000e+00 0.000000000000000000e+00 1.000000000000000000e+00
-7.829986810684204102e-01 -3.120161890983581543e-01 0.000000000000000000e+00 0.000000000000000000e+00 1.000000000000000000e+00
-7.818367481231689453e-01 -3.145177960395812988e-01 0.000000000000000000e+00 0.000000000000000000e+00 1.000000000000000000e+00
0.000000000000000000e+00 0.000000000000000000e+00 0.000000000000000000e+00 0.000000000000000000e+00 0.000000000000000000e+00
0.000000000000000000e+00 0.000000000000000000e+00 0.000000000000000000e+00 0.000000000000000000e+00 0.000000000000000000e+00
0.000000000000000000e+00 0.000000000000000000e+00 0.000000000000000000e+00 0.000000000000000000e+00 0.000000000000000000e+00
0.000000000000000000e+00 0.000000000000000000e+00 0.000000000000000000e+00 0.000000000000000000e+00 0.000000000000000000e+00
0.000000000000000000e+00 0.000000000000000000e+00 0.000000000000000000e+00 0.000000000000000000e+00 0.000000000000000000e+00
0.000000000000000000e+00 0.000000000000000000e+00 0.000000000000000000e+00 0.000000000000000000e+00 0.000000000000000000e+00
0.000000000000000000e+00 0.000000000000000000e+00 0.000000000000000000e+00 0.000000000000000000e+00 0.000000000000000000e+00
0.000000000000000000e+00 0.000000000000000000e+00 0.000000000000000000e+00 0.000000000000000000e+00 0.000000000000000000e+00
0.000000000000000000e+00 0.000000000000000000e+00 0.000000000000000000e+00 0.000000000000000000e+00 0.000000000000000000e+00
0.000000000000000000e+00 0.000000000000000000e+00 0.000000000000000000e+00 0.000000000000000000e+00 0.000000000000000000e+00
0.000000000000000000e+00 0.000000000000000000e+00 0.000000000000000000e+00 0.000000000000000000e+00 0.000000000000000000e+00
0.000000000000000000e+00 0.000000000000000000e+00 0.000000000000000000e+00 0.000000000000000000e+00 0.000000000000000000e+00
0.000000000000000000e+00 0.000000000000000000e+00 0.000000000000000000e+00 0.000000000000000000e+00 0.000000000000000000e+00
0.000000000000000000e+00 0.000000000000000000e+00 0.000000000000000000e+00 0.000000000000000000e+00 0.000000000000000000e+00
0.000000000000000000e+00 0.000000000000000000e+00 0.000000000000000000e+00 0.000000000000000000e+00 0.000000000000000000e+00
0.000000000000000000e+00 0.000000000000000000e+00 0.000000000000000000e+00 0.000000000000000000e+00 0.000000000000000000e+00
0.000000000000000000e+00 0.000000000000000000e+00 0.000000000000000000e+00 0.000000000000000000e+00 0.000000000000000000e+00
0.000000000000000000e+00 0.000000000000000000e+00 0.000000000000000000e+00 0.000000000000000000e+00 0.000000000000000000e+00
0.000000000000000000e+00 0.000000000000000000e+00 0.000000000000000000e+00 0.000000000000000000e+00 0.000000000000000000e+00
0.000000000000000000e+00 0.000000000000000000e+00 0.000000000000000000e+00 0.000000000000000000e+00 0.000000000000000000e+00
0.000000000000000000e+00 0.000000000000000000e+00 0.000000000000000000e+00 0.000000000000000000e+00 0.000000000000000000e+00
0.000000000000000000e+00 0.000000000000000000e+00 0.000000000000000000e+00 0.000000000000000000e+00 0.000000000000000000e+00
0.000000000000000000e+00 0.000000000000000000e+00 0.000000000000000000e+00 0.000000000000000000e+00 0.000000000000000000e+00
0.000000000000000000e+00 0.000000000000000000e+00 0.000000000000000000e+00 0.000000000000000000e+00 0.000000000000000000e+00
0.000000000000000000e+00 0.000000000000000000e+00 0.000000000000000000e+00 0.000000000000000000e+00 0.000000000000000000e+00
0.000000000000000000e+00 0.000000000000000000e+00 0.000000000000000000e+00 0.000000000000000000e+00 0.000000000000000000e+00
0.000000000000000000e+00 0.000000000000000000e+00 0.000000000000000000e+00 0.000000000000000000e+00 0.000000000000000000e+00
0.000000000000000000e+00 0.000000000000000000e+00 0.000000000000000000e+00 0.000000000000000000e+00 0.000000000000000000e+00
0.000000000000000000e+00 0.000000000000000000e+00 0.000000000000000000e+00 0.000000000000000000e+00 0.000000000000000000e+00
0.000000000000000000e+00 0.000000000000000000e+00 0.000000000000000000e+00 0.000000000000000000e+00 0.000000000000000000e+00
0.000000000000000000e+00 0.000000000000000000e+00 0.000000000000000000e+00 0.000000000000000000e+00 0.000000000000000000e+00
0.000000000000000000e+00 0.000000000000000000e+00 0.000000000000000000e+00 0.000000000000000000e+00 0.000000000000000000e+00
0.000000000000000000e+00 0.000000000000000000e+00 0.000000000000000000e+00 0.000000000000000000e+00 0.000000000000000000e+00
0.000000000000000000e+00 0.000000000000000000e+00 0.000000000000000000e+00 0.000000000000000000e+00 0.000000000000000000e+00
0.000000000000000000e+00 0.000000000000000000e+00 0.000000000000000000e+00 0.000000000000000000e+00 0.000000000000000000e+00
0.000000000000000000e+00 0.000000000000000000e+00 0.000000000000000000e+00 0.000000000000000000e+00 0.000000000000000000e+00
0.000000000000000000e+00 0.000000000000000000e+00 0.000000000000000000e+00 0.000000000000000000e+00 0.000000000000000000e+00
0.000000000000000000e+00 0.000000000000000000e+00 0.000000000000000000e+00 0.000000000000000000e+00 0.000000000000000000e+00
0.000000000000000000e+00 0.000000000000000000e+00 0.000000000000000000e+00 0.000000000000000000e+00 0.000000000000000000e+00
0.000000000000000000e+00 0.000000000000000000e+00 0.000000000000000000e+00 0.000000000000000000e+00 0.000000000000000000e+00
0.000000000000000000e+00 0.000000000000000000e+00 0.000000000000000000e+00 0.000000000000000000e+00 0.000000000000000000e+00
0.000000000000000000e+00 0.000000000000000000e+00 0.000000000000000000e+00 0.000000000000000000e+00 0.000000000000000000e+00
0.000000000000000000e+00 0.000000000000000000e+00 0.000000000000000000e+00 0.000000000000000000e+00 0.000000000000000000e+00
0.000000000000000000e+00 0.000000000000000000e+00 0.000000000000000000e+00 0.000000000000000000e+00 0.000000000000000000e+00
0.000000000000000000e+00 0.000000000000000000e+00 0.000000000000000000e+00 0.000000000000000000e+00 0.000000000000000000e+00
0.000000000000000000e+00 0.000000000000000000e+00 0.000000000000000000e+00 0.000000000000000000e+00 0.000000000000000000e+00
0.000000000000000000e+00 0.000000000000000000e+00 0.000000000000000000e+00 0.000000000000000000e+00 0.000000000000000000e+00
0.000000000000000000e+00 0.000000000000000000e+00 0.000000000000000000e+00 0.000000000000000000e+00 0.000000000000000000e+00
0.000000000000000000e+00 0.000000000000000000e+00 0.000000000000000000e+00 0.000000000000000000e+00 0.000000000000000000e+00
0.000000000000000000e+00 0.000000000000000000e+00 0.000000000000000000e+00 0.000000000000000000e+00 0.000000000000000000e+00
0.000000000000000000e+00 0.000000000000000000e+00 0.000000000000000000e+00 0.000000000000000000e+00 0.000000000000000000e+00
0.000000000000000000e+00 0.000000000000000000e+00 0.000000000000000000e+00 0.000000000000000000e+00 0.000000000000000000e+00
0.000000000000000000e+00 0.000000000000000000e+00 0.000000000000000000e+00 0.000000000000000000e+00 0.000000000000000000e+00
0.000000000000000000e+00 0.000000000000000000e+00 0.000000000000000000e+00 0.000000000000000000e+00 0.000000000000000000e+00
