0.000000000000000000e+00 0.000000000000000000e+00 1.000000000000000000e+00 0.000000000000000000e+00 0.000000000000000000e+00
1.954251527786254883e+00 -3.859687149524688721e-01 1.000000000000000000e+00 0.000000000000000000e+00 0.000000000000000000e+00
1.507984638214111328e+00 -5.619879364967346191e-01 1.000000000000000000e+00 0.000000000000000000e+00 0.000000000000000000e+00
-1.570599377155303955e-01 4.763467237353324890e-02 0.000000000000000000e+00 1.000000000000000000e+00 0.000000000000000000e+00
-1.953141212463378906e+00 -1.793745458126068115e-01 1.000000000000000000e+00 0.000000000000000000e+00 0.000000000000000000e+00
-7.085321843624114990e-02 1.189088821411132812e+00 1.000000000000000000e+00 0.000000000000000000e+00 0.000000000000000000e+00
7.321549952030181885e-02 2.556917071342468262e-01 0.000000000000000000e+00 1.000000000000000000e+00 0.000000000000000000e+00
1.326649785041809082e+00 -1.518858432769775391e+00 1.000000000000000000e+00 0.000000000000000000e+00 0.000000000000000000e+00
-7.765078544616699219e-01 1.221951127052307129e+00 1.000000000000000000e+00 0.000000000000000000e+00 0.000000000000000000e+00
-4.441873431205749512e-01 4.897541701793670654e-01 0.000000000000000000e+00 1.000000000000000000e+00 0.000000000000000000e+00
-1.011690497398376465e+00 4.010554552078247070e-01 1.000000000000000000e+00 0.000000000000000000e+00 0.000000000000000000e+00
1.219043210148811340e-01 7.911927103996276855e-01 1.000000000000000000e+00 0.000000000000000000e+00 0.000000000000000000e+00
-5.161087960004806519e-02 2.351654171943664551e-01 0.000000000000000000e+00 1.000000000000000000e+00 0.000000000000000000e+00
6.905514001846313477e-01 -1.236710786819458008e+00 1.000000000000000000e+00 0.000000000000000000e+00 0.000000000000000000e+00
1.296782732009887695e+00 -2.655928134918212891e-01 1.000000000000000000e+00 0.000000000000000000e+00 0.000000000000000000e+00
6.921073794364929199e-01 8.060193806886672974e-02 1.000000000000000000e+00 0.000000000000000000e+00 0.000000000000000000e+00
-1.532530970871448517e-02 3.313797712326049805e-01 1.000000000000000000e+00 0.000000000000000000e+00 0.000000000000000000e+00
-4.464536309242248535e-01 6.109914183616638184e-01 1.000000000000000000e+00 0.000000000000000000e+00 0.000000000000000000e+00
-3.570862412452697754e-01 2.754383087158203125e-01 0.000000000000000000e+00 1.000000000000000000e+00 0.000000000000000000e+00
-9.001062512397766113e-01 -4.207521975040435791e-01 1.000000000000000000e+00 0.000000000000000000e+00 0.000000000000000000e+00
6.107137799263000488e-01 -8.558499813079833984e-02 0.000000000000000000e+00 1.000000000000000000e+00 0.000000000000000000e+00
-5.212799310684204102e-01 5.041078925132751465e-01 1.000000000000000000e+00 0.000000000000000000e+00 0.000000000000000000e+00
6.519703865051269531e-01 -7.701876759529113770e-02 0.000000000000000000e+00 1.000000000000000000e+00 0.000000000000000000e+00
-2.303014039993286133e+00 1.057861924171447754e+00 1.000000000000000000e+00 0.000000000000000000e+00 0.000000000000000000e+00
1.911227226257324219e+00 -2.809119224548339844e-01 1.000000000000000000e+00 0.000000000000000000e+00 0.000000000000000000e+00
1.404059648513793945e+00 -4.958597421646118164e-01 1.000000000000000000e+00 0.000000000000000000e+00 0.000000000000000000e+00
-1.488923132419586182e-01 3.470758721232414246e-02 0.000000000000000000e+00 1.000000000000000000e+00 0.000000000000000000e+00
-1.098176956176757812e+00 -7.416548579931259155e-02 1.000000000000000000e+00 0.000000000000000000e+00 0.000000000000000000e+00
-1.381110310554504395e+00 1.444136142730712891e+00 1.000000000000000000e+00 0.000000000000000000e+00 0.000000000000000000e+00
-9.868437051773071289e-01 7.167280912399291992e-01 1.000000000000000000e+00 0.000000000000000000e+00 0.000000000000000000e+00
-4.665511548519134521e-01 1.532033979892730713e-01 0.000000000000000000e+00 1.000000000000000000e+00 0.000000000000000000e+00
2.527763843536376953e+00 -1.405461430549621582e+00 1.000000000000000000e+00 0.000000000000000000e+00 0.000000000000000000e+00
9.454840421676635742e-01 2.505472004413604736e-01 1.000000000000000000e+00 0.000000000000000000e+00 0.000000000000000000e+00
9.315077066421508789e-01 5.920704603195190430e-01 1.000000000000000000e+00 0.000000000000000000e+00 0.000000000000000000e+00
-1.297932118177413940e-02 1.438776254653930664e-01 0.000000000000000000e+00 1.000000000000000000e+00 0.000000000000000000e+00
-2.058219194412231445e+00 -2.943857908248901367e-01 1.000000000000000000e+00 0.000000000000000000e+00 0.000000000000000000e+00
1.379000544548034668e-01 1.400954484939575195e+00 1.000000000000000000e+00 0.000000000000000000e+00 0.000000000000000000e+00
-9.753656387329101562e-02 6.969521045684814453e-01 1.000000000000000000e+00 0.000000000000000000e+00 0.000000000000000000e+00
-1.079138591885566711e-01 1.201557219028472900e-01 1.000000000000000000e+00 0.000000000000000000e+00 0.000000000000000000e+00
-7.058153748512268066e-01 -9.515635371208190918e-01 1.000000000000000000e+00 0.000000000000000000e+00 0.000000000000000000e+00
-2.016114741563796997e-01 -8.385849744081497192e-02 1.000000000000000000e+00 0.000000000000000000e+00 0.000000000000000000e+00
-2.151562869548797607e-01 1.385391056537628174e-01 1.000000000000000000e+00 0.000000000000000000e+00 0.000000000000000000e+00
-1.469188630580902100e-01 4.526853263378143311e-01 1.000000000000000000e+00 0.000000000000000000e+00 0.000000000000000000e+00
8.412191271781921387e-02 1.069129556417465210e-01 0.000000000000000000e+00 1.000000000000000000e+00 0.000000000000000000e+00
2.020524501800537109e+00 -7.415222525596618652e-01 1.000000000000000000e+00 0.000000000000000000e+00 0.000000000000000000e+00
2.431933283805847168e-01 9.746275097131729126e-02 1.000000000000000000e+00 0.000000000000000000e+00 0.000000000000000000e+00
1.297965794801712036e-01 3.086785674095153809e-01 0.000000000000000000e+00 1.000000000000000000e+00 0.000000000000000000e+00
1.028934001922607422e+00 -4.653635621070861816e-01 1.000000000000000000e+00 0.000000000000000000e+00 0.000000000000000000e+00
2.754195034503936768e-01 4.237513542175292969e-01 1.000000000000000000e+00 0.000000000000000000e+00 0.000000000000000000e+00
2.784446626901626587e-02 3.485797941684722900e-01 0.000000000000000000e+00 1.000000000000000000e+00 0.000000000000000000e+00
-1.552918553352355957e+00 -2.074831724166870117e+00 0.000000000000000000e+00 0.000000000000000000e+00 1.000000000000000000e+00
-6.414521932601928711e-01 7.239667177200317383e-01 0.000000000000000000e+00 0.000000000000000000e+00 1.000000000000000000e+00
-1.299864530563354492e+00 -7.658098340034484863e-01 0.000000000000000000e+00 0.000000000000000000e+00 1.000000000000000000e+00
-1.016368508338928223e+00 -3.439272046089172363e-01 0.000000000000000000e+00 0.000000000000000000e+00 1.000000000000000000e+00
-1.096249341964721680e+00 -5.060196518898010254e-01 0.000000000000000000e+00 0.000000000000000000e+00 1.000000000000000000e+00
-1.035530567169189453e+00 -3.969104886054992676e-01 0.000000000000000000e+00 0.000000000000000000e+00 1.000000000000000000e+00
-1.039178013801574707e+00 -3.910756707191467285e-01 0.000000000000000000e+00 0.000000000000000000e+00 1.000000000000000000e+00
-1.018457531929016113e+00 -3.701358437538146973e-01 0.000000000000000000e+00 0.000000000000000000e+00 1.000000000000000000e+00
-1.010803341865539551e+00 -3.536853194236755371e-01 0.000000000000000000e+00 0.000000000000000000e+00 1.000000000000000000e+00
-1.004218578338623047e+00 -3.331860899925231934e-01 0.000000000000000000e+00 0.000000000000000000e+00 1.000000000000000000e+00
-9.992613792419433594e-01 -3.290091156959533691e-01 0.000000000000000000e+00 0.000000000000000000e+00 1.000000000000000000e+00
-9.916025400161743164e-01 -3.264696002006530762e-01 0.000000000000000000e+00 0.000000000000000000e+00 1.000000000000000000e+00
-9.844981431961059570e-01 -3.186301589012145996e-01 0.000000000000000000e+00 0.000000000000000000e+00 1.000000000000000000e+00
-9.777171611785888672e-01 -3.118604421615600586e-01 0.000000000000000000e+00 0.000000000000000000e+00 1.000000000000000000e+00
-9.713640213012695312e-01 -3.067654967308044434e-01 0.000000000000000000e+00 0.000000000000000000e+00 1.000000000000000000e+00
-9.679527282714843750e-01 -2.998353838920593262e-01 0.000000000000000000e+00 0.000000000000000000e+00 1.000000000000000000e+00
-9.657592773437500000e-01 -2.964925169944763184e-01 0.000000000000000000e+00 0.000000000000000000e+00 1.000000000000000000e+00
-9.610595703125000000e-01 -2.979459166526794434e-01 0.000000000000000000e+00 0.000000000000000000e+00 1.000000000000000000e+00
-9.544938802719116211e-01 -2.980809807777404785e-01 0.000000000000000000e+00 0.000000000000000000e+00 1.000000000000000000e+00
0.000000000000000000e+00 0.000000000000000000e+00 0.000000000000000000e+00 0.000000000000000000e+00 0.000000000000000000e+00
0.000000000000000000e+00 0.000000000000000000e+00 0.000000000000000000e+00 0.000000000000000000e+00 0.000000000000000000e+00
0.000000000000000000e+00 0.000000000000000000e+00 0.000000000000000000e+00 0.000000000000000000e+00 0.000000000000000000e+00
0.000000000000000000e+00 0.000000000000000000e+00 0.000000000000000000e+00 0.000000000000000000e+00 0.000000000000000000e+00
0.000000000000000000e+00 0.000000000000000000e+00 0.000000000000000000e+00 0.000000000000000000e+00 0.000000000000000000e+00
0.000000000000000000e+00 0.000000000000000000e+00 0.000000000000000000e+00 0.000000000000000000e+00 0.000000000000000000e+00
0.000000000000000000e+00 0.000000000000000000e+00 0.000000000000000000e+00 0.000000000000000000e+00 0.000000000000000000e+00
0.000000000000000000e+00 0.000000000000000000e+00 0.000000000000000000e+00 0.000000000000000000e+00 0.000000000000000000e+00
0.000000000000000000e+00 0.000000000000000000e+00 0.000000000000000000e+00 0.000000000000000000e+00 0.000000000000000000e+00
0.000000000000000000e+00 0.000000000000000000e+00 0.000000000000000000e+00 0.000000000000000000e+00 0.000000000000000000e+00
0.000000000000000000e+00 0.000000000000000000e+00 0.000000000000000000e+00 0.000000000000000000e+00 0.000000000000000000e+00
0.000000000000000000e+00 0.000000000000000000e+00 0.000000000000000000e+00 0.000000000000000000e+00 0.000000000000000000e+00
0.000000000000000000e+00 0.000000000000000000e+00 0.000000000000000000e+00 0.000000000000000000e+00 0.000000000000000000e+00
0.000000000000000000e+00 0.000000000000000000e+00 0.000000000000000000e+00 0.000000000000000000e+00 0.000000000000000000e+00
0.000000000000000000e+00 0.000000000000000000e+00 0.000000000000000000e+00 0.000000000000000000e+00 0.000000000000000000e+00
0.000000000000000000e+00 0.000000000000000000e+00 0.000000000000000000e+00 0.000000000000000000e+00 0.000000000000000000e+00
0.000000000000000000e+00 0.000000000000000000e+00 0.000000000000000000e+00 0.000000000000000000e+00 0.000000000000000000e+00
0.000000000000000000e+00 0.000000000000000000e+00 0.000000000000000000e+00 0.000000000000000000e+00 0.000000000000000000e+00
0.000000000000000000e+00 0.000000000000000000e+00 0.000000000000000000e+00 0.000000000000000000e+00 0.000000000000000000e+00
0.000000000000000000e+00 0.000000000000000000e+00 0.000000000000000000e+00 0.000000000000000000e+00 0.000000000000000000e+00
0.000000000000000000e+00 0.000000000000000000e+00 0.000000000000000000e+00 0.000000000000000000e+00 0.000000000000000000e+00
0.000000000000000000e+00 0.000000000000000000e+00 0.000000000000000000e+00 0.000000000000000000e+00 0.000000000000000000e+00
0.000000000000000000e+00 0.000000000000000000e+00 0.000000000000000000e+00 0.000000000000000000e+00 0.000000000000000000e+00
0.000000000000000000e+00 0.000000000000000000e+00 0.000000000000000000e+00 0.000000000000000000e+00 0.000000000000000000e+00
0.000000000000000000e+00 0.000000000000000000e+00 0.000000000000000000e+00 0.000000000000000000e+00 0.000000000000000000e+00
0.000000000000000000e+00 0.000000000000000000e+00 0.000000000000000000e+00 0.000000000000000000e+00 0.000000000000000000e+00
0.000000000000000000e+00 0.000000000000000000e+00 0.000000000000000000e+00 0.000000000000000000e+00 0.000000000000000000e+00
0.000000000000000000e+00 0.000000000000000000e+00 0.000000000000000000e+00 0.000000000000000000e+00 0.000000000000000000e+00
0.000000000000000000e+00 0.000000000000000000e+00 0.000000000000000000e+00 0.000000000000000000e+00 0.000000000000000000e+00
0.000000000000000000e+00 0.000000000000000000e+00 0.000000000000000000e+00 0.000000000000000000e+00 0.000000000000000000e+00
0.000000000000000000e+00 0.000000000000000000e+00 0.000000000000000000e+00 0.000000000000000000e+00 0.000000000000000000e+00
0.000000000000000000e+00 0.000000000000000000e+00 0.000000000000000000e+00 0.000000000000000000e+00 0.000000000000000000e+00
0.000000000000000000e+00 0.000000000000000000e+00 0.000000000000000000e+00 0.000000000000000000e+00 0.000000000000000000e+00
0.000000000000000000e+00 0.000000000000000000e+00 0.000000000000000000e+00 0.000000000000000000e+00 0.000000000000000000e+00
0.000000000000000000e+00 0.000000000000000000e+00 0.000000000000000000e+00 0.000000000000000000e+00 0.000000000000000000e+00
0.000000000000000000e+00 0.000000000000000000e+00 0.000000000000000000e+00 0.000000000000000000e+00 0.000000000000000000e+00
0.000000000000000000e+00 0.000000000000000000e+00 0.000000000000000000e+00 0.000000000000000000e+00 0.000000000000000000e+00
0.000000000000000000e+00 0.000000000000000000e+00 0.000000000000000000e+00 0.000000000000000000e+00 0.000000000000000000e+00
0.000000000000000000e+00 0.000000000000000000e+00 0.000000000000000000e+00 0.000000000000000000e+00 0.000000000000000000e+00
0.000000000000000000e+00 0.000000000000000000e+00 0.000000000000000000e+00 0.000000000000000000e+00 0.000000000000000000e+00
0.000000000000000000e+00 0.000000000000000000e+00 0.000000000000000000e+00 0.000000000000000000e+00 0.000000000000000000e+00
0.000000000000000000e+00 0.000000000000000000e+00 0.000000000000000000e+00 0.000000000000000000e+00 0.000000000000000000e+00
0.000000000000000000e+00 0.000000000000000000e+00 0.000000000000000000e+00 0.000000000000000000e+00 0.000000000000000000e+00
0.000000000000000000e+00 0.000000000000000000e+00 0.000000000000000000e+00 0.000000000000000000e+00 0.000000000000000000e+00
0.000000000000000000e+00 0.000000000000000000e+00 0.000000000000000000e+00 0.000000000000000000e+00 0.000000000000000000e+00
0.000000000000000000e+00 0.000000000000000000e+00 0.000000000000000000e+00 0.000000000000000000e+00 0.000000000000000000e+00
0.000000000000000000e+00 0.000000000000000000e+00 0.000000000000000000e+00 0.000000000000000000e+00 0.000000000000000000e+00
0.000000000000000000e+00 0.000000000000000000e+00 0.000000000000000000e+00 0.000000000000000000e+00 0.000000000000000000e+00
0.000000000000000000e+00 0.000000000000000000e+00 0.000000000000000000e+00 0.000000000000000000e+00 0.000000000000000000e+00
0.000000000000000000e+00 0.000000000000000000e+00 0.000000000000000000e+00 0.000000000000000000e+00 0.000000000000000000e+00
0.000000000000000000e+00 0.000000000000000000e+00 0.000000000000000000e+00 0.000000000000000000e+00 0.000000000000000000e+00
0.000000000000000000e+00 0.000000000000000000e+00 0.000000000000000000e+00 0.000000000000000000e+00 0.000000000000000000e+00
