0.000000000000000000e+00 0.000000000000000000e+00 1.000000000000000000e+00 0.000000000000000000e+00 0.000000000000000000e+00
-1.461194157600402832e-01 9.671921730041503906e-01 1.000000000000000000e+00 0.000000000000000000e+00 0.000000000000000000e+00
3.933730721473693848e-02 2.706141769886016846e-01 0.000000000000000000e+00 1.000000000000000000e+00 0.000000000000000000e+00
7.825171351432800293e-01 -2.474454879760742188e+00 1.000000000000000000e+00 0.000000000000000000e+00 0.000000000000000000e+00
9.360092878341674805e-02 8.194942474365234375e-01 1.000000000000000000e+00 0.000000000000000000e+00 0.000000000000000000e+00
-2.774498462677001953e-01 2.427404880523681641e+00 1.000000000000000000e+00 0.000000000000000000e+00 0.000000000000000000e+00
2.012331038713455200e-02 3.618116378784179688e-01 1.000000000000000000e+00 0.000000000000000000e+00 0.000000000000000000e+00
6.835490465164184570e-02 4.181746393442153931e-02 0.000000000000000000e+00 1.000000000000000000e+00 0.000000000000000000e+00
5.056864023208618164e-01 -1.691807389259338379e+00 1.000000000000000000e+00 0.000000000000000000e+00 0.000000000000000000e+00
1.776532828807830811e-01 2.864916324615478516e-01 1.000000000000000000e+00 0.000000000000000000e+00 0.000000000000000000e+00
2.037553191184997559e-01 1.137611344456672668e-01 0.000000000000000000e+00 1.000000000000000000e+00 0.000000000000000000e+00
4.521134793758392334e-01 -2.090964555740356445e+00 1.000000000000000000e+00 0.000000000000000000e+00 0.000000000000000000e+00
1.048958659172058105e+00 -2.486452907323837280e-01 1.000000000000000000e+00 0.000000000000000000e+00 0.000000000000000000e+00
4.386397004127502441e-01 -1.967163383960723877e-01 0.000000000000000000e+00 1.000000000000000000e+00 0.000000000000000000e+00
-9.623674154281616211e-01 -2.136210799217224121e-01 1.000000000000000000e+00 0.000000000000000000e+00 0.000000000000000000e+00
-9.871307015419006348e-02 9.146540164947509766e-01 1.000000000000000000e+00 0.000000000000000000e+00 0.000000000000000000e+00
4.429750517010688782e-02 1.943114697933197021e-01 0.000000000000000000e+00 1.000000000000000000e+00 0.000000000000000000e+00
7.596362829208374023e-01 -9.870773553848266602e-01 1.000000000000000000e+00 0.000000000000000000e+00 0.000000000000000000e+00
-6.152242422103881836e-01 8.731284141540527344e-01 1.000000000000000000e+00 0.000000000000000000e+00 0.000000000000000000e+00
-6.146628856658935547e-01 5.454293489456176758e-01 0.000000000000000000e+00 1.000000000000000000e+00 0.000000000000000000e+00
6.276851892471313477e-01 -4.225620031356811523e-01 1.000000000000000000e+00 0.000000000000000000e+00 0.000000000000000000e+00
-8.858308792114257812e-01 7.899250984191894531e-01 1.000000000000000000e+00 0.000000000000000000e+00 0.000000000000000000e+00
1.007421612739562988e+00 -2.111526876688003540e-01 1.000000000000000000e+00 0.000000000000000000e+00 0.000000000000000000e+00
3.972052633762359619e-01 -1.658077090978622437e-01 0.000000000000000000e+00 1.000000000000000000e+00 0.000000000000000000e+00
-1.262960076332092285e+00 7.832172513008117676e-01 1.000000000000000000e+00 0.000000000000000000e+00 0.000000000000000000e+00
-1.499210298061370850e-02 5.583056807518005371e-01 1.000000000000000000e+00 0.000000000000000000e+00 0.000000000000000000e+00
-9.014773368835449219e-02 1.944027245044708252e-01 0.000000000000000000e+00 1.000000000000000000e+00 0.000000000000000000e+00
4.982548654079437256e-01 -7.911121845245361328e-01 1.000000000000000000e+00 0.000000000000000000e+00 0.000000000000000000e+00
9.074149131774902344e-01 -1.474141776561737061e-01 1.000000000000000000e+00 0.000000000000000000e+00 0.000000000000000000e+00
2.845454812049865723e-01 5.870492011308670044e-02 1.000000000000000000e+00 0.000000000000000000e+00 0.000000000000000000e+00
-2.615793347358703613e-01 5.746413469314575195e-01 1.000000000000000000e+00 0.000000000000000000e+00 0.000000000000000000e+00
-1.865797340869903564e-01 2.093129456043243408e-01 0.000000000000000000e+00 1.000000000000000000e+00 0.000000000000000000e+00
-6.334477066993713379e-01 -3.302150368690490723e-01 1.000000000000000000e+00 0.000000000000000000e+00 0.000000000000000000e+00
4.179305136203765869e-01 -2.920509874820709229e-02 0.000000000000000000e+00 1.000000000000000000e+00 0.000000000000000000e+00
-4.043641090393066406e-01 3.340655565261840820e-01 1.000000000000000000e+00 0.000000000000000000e+00 0.000000000000000000e+00
4.789470136165618896e-01 -5.622847378253936768e-02 1.000000000000000000e+00 0.000000000000000000e+00 0.000000000000000000e+00
2.242368310689926147e-01 -1.353850662708282471e-01 0.000000000000000000e+00 1.000000000000000000e+00 0.000000000000000000e+00
-2.009620070457458496e-01 -1.017854452133178711e+00 1.000000000000000000e+00 0.000000000000000000e+00 0.000000000000000000e+00
-1.650987565517425537e-01 1.307113885879516602e+00 1.000000000000000000e+00 0.000000000000000000e+00 0.000000000000000000e+00
-1.138251423835754395e-01 3.610580861568450928e-01 1.000000000000000000e+00 0.000000000000000000e+00 0.000000000000000000e+00
-1.528526544570922852e-01 2.209491282701492310e-01 0.000000000000000000e+00 1.000000000000000000e+00 0.000000000000000000e+00
-1.071895286440849304e-01 -3.797146677970886230e-01 1.000000000000000000e+00 0.000000000000000000e+00 0.000000000000000000e+00
7.100994586944580078e-01 -2.042433619499206543e-02 1.000000000000000000e+00 0.000000000000000000e+00 0.000000000000000000e+00
6.587079167366027832e-02 5.308558791875839233e-02 0.000000000000000000e+00 1.000000000000000000e+00 0.000000000000000000e+00
-1.130155444145202637e+00 5.499288439750671387e-01 1.000000000000000000e+00 0.000000000000000000e+00 0.000000000000000000e+00
1.229216217994689941e+00 -7.309058308601379395e-02 1.000000000000000000e+00 0.000000000000000000e+00 0.000000000000000000e+00
8.264212608337402344e-01 9.858510643243789673e-02 0.000000000000000000e+00 1.000000000000000000e+00 0.000000000000000000e+00
-2.060573816299438477e+00 -2.181519031524658203e+00 0.000000000000000000e+00 0.000000000000000000e+00 1.000000000000000000e+00
-2.458889186382293701e-01 1.429928779602050781e+00 0.000000000000000000e+00 0.000000000000000000e+00 1.000000000000000000e+00
-1.548696398735046387e+00 -4.541111588478088379e-01 0.000000000000000000e+00 0.000000000000000000e+00 1.000000000000000000e+00
-9.771574735641479492e-01 -1.796514987945556641e-01 0.000000000000000000e+00 0.000000000000000000e+00 1.000000000000000000e+00
-1.200910806655883789e+00 -4.694487452507019043e-01 0.000000000000000000e+00 0.000000000000000000e+00 1.000000000000000000e+00
-1.028122663497924805e+00 -2.469903230667114258e-01 0.000000000000000000e+00 0.000000000000000000e+00 1.000000000000000000e+00
-1.087300539016723633e+00 -3.426046967506408691e-01 0.000000000000000000e+00 0.000000000000000000e+00 1.000000000000000000e+00
-1.032818198204040527e+00 -2.975697517395019531e-01 0.000000000000000000e+00 0.000000000000000000e+00 1.000000000000000000e+00
-1.039942264556884766e+00 -3.014692068099975586e-01 0.000000000000000000e+00 0.000000000000000000e+00 1.000000000000000000e+00
-1.015638351440429688e+00 -2.998212575912475586e-01 0.000000000000000000e+00 0.000000000000000000e+00 1.000000000000000000e+00
-1.000744819641113281e+00 -3.132734298706054688e-01 0.000000000000000000e+00 0.000000000000000000e+00 1.000000000000000000e+00
-9.886559247970581055e-01 -3.084166049957275391e-01 0.000000000000000000e+00 0.000000000000000000e+00 1.000000000000000000e+00
-9.798272848129272461e-01 -3.127629160881042480e-01 0.000000000000000000e+00 0.000000000000000000e+00 1.000000000000000000e+00
-9.677420854568481445e-01 -3.212493062019348145e-01 0.000000000000000000e+00 0.000000000000000000e+00 1.000000000000000000e+00
-9.544969797134399414e-01 -3.312564492225646973e-01 0.000000000000000000e+00 0.000000000000000000e+00 1.000000000000000000e+00
-9.429010152816772461e-01 -3.314872384071350098e-01 0.000000000000000000e+00 0.000000000000000000e+00 1.000000000000000000e+00
-9.326294660568237305e-01 -3.341653943061828613e-01 0.000000000000000000e+00 0.000000000000000000e+00 1.000000000000000000e+00
-9.230591058731079102e-01 -3.411590456962585449e-01 0.000000000000000000e+00 0.000000000000000000e+00 1.000000000000000000e+00
-9.177910089492797852e-01 -3.461342453956604004e-01 0.000000000000000000e+00 0.000000000000000000e+00 1.000000000000000000e+00
-9.136177301406860352e-01 -3.514507412910461426e-01 0.000000000000000000e+00 0.000000000000000000e+00 1.000000000000000000e+00
-9.076125621795654297e-01 -3.554878830909729004e-01 0.000000000000000000e+00 0.000000000000000000e+00 1.000000000000000000e+00
-9.011439085006713867e-01 -3.531931042671203613e-01 0.000000000000000000e+00 0.000000000000000000e+00 1.000000000000000000e+00
-8.934401273727416992e-01 -3.494542241096496582e-01 0.000000000000000000e+00 0.000000000000000000e+00 1.000000000000000000e+00
-8.871604204177856445e-01 -3.464215397834777832e-01 0.000000000000000000e+00 0.000000000000000000e+00 1.000000000000000000e+00
-8.826563358306884766e-01 -3.468719124794006348e-01 0.000000000000000000e+00 0.000000000000000000e+00 1.000000000000000000e+00
-8.779406547546386719e-01 -3.511968255043029785e-01 0.000000000000000000e+00 0.000000000000000000e+00 1.000000000000000000e+00
-8.708043098449707031e-01 -3.600183129310607910e-01 0.000000000000000000e+00 0.000000000000000000e+00 1.000000000000000000e+00
-8.619458675384521484e-01 -3.683698773384094238e-01 0.000000000000000000e+00 0.000000000000000000e+00 1.000000000000000000e+00
-8.533697128295898438e-01 -3.696578145027160645e-01 0.000000000000000000e+00 0.000000000000000000e+00 1.000000000000000000e+00
-8.454661369323730469e-01 -3.684511780738830566e-01 0.000000000000000000e+00 0.000000000000000000e+00 1.000000000000000000e+00
-8.387351036071777344e-01 -3.695555329322814941e-01 0.000000000000000000e+00 0.000000000000000000e+00 1.000000000000000000e+00
0.000000000000000000e+00 0.000000000000000000e+00 0.000000000000000000e+00 0.000000000000000000e+00 0.000000000000000000e+00
0.000000000000000000e+00 0.000000000000000000e+00 0.000000000000000000e+00 0.000000000000000000e+00 0.000000000000000000e+00
0.000000000000000000e+00 0.000000000000000000e+00 0.000000000000000000e+00 0.000000000000000000e+00 0.000000000000000000e+00
0.000000000000000000e+00 0.000000000000000000e+00 0.000000000000000000e+00 0.000000000000000000e+00 0.000000000000000000e+00
0.000000000000000000e+00 0.000000000000000000e+00 0.000000000000000000e+00 0.000000000000000000e+00 0.000000000000000000e+00
0.000000000000000000e+00 0.000000000000000000e+00 0.000000000000000000e+00 0.000000000000000000e+00 0.000000000000000000e+00
0.000000000000000000e+00 0.000000000000000000e+00 0.000000000000000000e+00 0.000000000000000000e+00 0.000000000000000000e+00
0.000000000000000000e+00 0.000000000000000000e+00 0.000000000000000000e+00 0.000000000000000000e+00 0.000000000000000000e+00
0.000000000000000000e+00 0.000000000000000000e+00 0.000000000000000000e+00 0.000000000000000000e+00 0.000000000000000000e+00
0.000000000000000000e+00 0.000000000000000000e+00 0.000000000000000000e+00 0.000000000000000000e+00 0.000000000000000000e+00
0.000000000000000000e+00 0.000000000000000000e+00 0.000000000000000000e+00 0.000000000000000000e+00 0.000000000000000000e+00
0.000000000000000000e+00 0.000000000000000000e+00 0.000000000000000000e+00 0.000000000000000000e+00 0.000000000000000000e+00
0.000000000000000000e+00 0.000000000000000000e+00 0.000000000000000000e+00 0.000000000000000000e+00 0.000000000000000000e+00
0.000000000000000000e+00 0.000000000000000000e+00 0.000000000000000000e+00 0.000000000000000000e+00 0.000000000000000000e+00
0.000000000000000000e+00 0.000000000000000000e+00 0.000000000000000000e+00 0.000000000000000000e+00 0.000000000000000000e+00
0.000000000000000000e+00 0.000000000000000000e+00 0.000000000000000000e+00 0.000000000000000000e+00 0.000000000000000000e+00
0.000000000000000000e+00 0.000000000000000000e+00 0.000000000000000000e+00 0.000000000000000000e+00 0.000000000000000000e+00
0.000000000000000000e+00 0.000000000000000000e+00 0.000000000000000000e+00 0.000000000000000000e+00 0.000000000000000000e+00
0.000000000000000000e+00 0.000000000000000000e+00 0.000000000000000000e+00 0.000000000000000000e+00 0.000000000000000000e+00
0.000000000000000000e+00 0.000000000000000000e+00 0.000000000000000000e+00 0.000000000000000000e+00 0.000000000000000000e+00
0.000000000000000000e+00 0.000000000000000000e+00 0.000000000000000000e+00 0.000000000000000000e+00 0.000000000000000000e+00
0.000000000000000000e+00 0.000000000000000000e+00 0.000000000000000000e+00 0.000000000000000000e+00 0.000000000000000000e+00
0.000000000000000000e+00 0.000000000000000000e+00 0.000000000000000000e+00 0.000000000000000000e+00 0.000000000000000000e+00
0.000000000000000000e+00 0.000000000000000000e+00 0.000000000000000000e+00 0.000000000000000000e+00 0.000000000000000000e+00
0.000000000000000000e+00 0.000000000000000000e+00 0.000000000000000000e+00 0.000000000000000000e+00 0.000000000000000000e+00
0.000000000000000000e+00 0.000000000000000000e+00 0.000000000000000000e+00 0.000000000000000000e+00 0.000000000000000000e+00
0.000000000000000000e+00 0.000000000000000000e+00 0.000000000000000000e+00 0.000000000000000000e+00 0.000000000000000000e+00
0.000000000000000000e+00 0.000000000000000000e+00 0.000000000000000000e+00 0.000000000000000000e+00 0.000000000000000000e+00
0.000000000000000000e+00 0.000000000000000000e+00 0.000000000000000000e+00 0.000000000000000000e+00 0.000000000000000000e+00
0.000000000000000000e+00 0.000000000000000000e+00 0.000000000000000000e+00 0.000000000000000000e+00 0.000000000000000000e+00
0.000000000000000000e+00 0.000000000000000000e+00 0.000000000000000000e+00 0.000000000000000000e+00 0.000000000000000000e+00
0.000000000000000000e+00 0.000000000000000000e+00 0.000000000000000000e+00 0.000000000000000000e+00 0.000000000000000000e+00
0.000000000000000000e+00 0.000000000000000000e+00 0.000000000000000000e+00 0.000000000000000000e+00 0.000000000000000000e+00
0.000000000000000000e+00 0.000000000000000000e+00 0.000000000000000000e+00 0.000000000000000000e+00 0.000000000000000000e+00
0.000000000000000000e+00 0.000000000000000000e+00 0.000000000000000000e+00 0.000000000000000000e+00 0.000000000000000000e+00
0.000000000000000000e+00 0.000000000000000000e+00 0.000000000000000000e+00 0.000000000000000000e+00 0.000000000000000000e+00
0.000000000000000000e+00 0.000000000000000000e+00 0.000000000000000000e+00 0.000000000000000000e+00 0.000000000000000000e+00
0.000000000000000000e+00 0.000000000000000000e+00 0.000000000000000000e+00 0.000000000000000000e+00 0.000000000000000000e+00
0.000000000000000000e+00 0.000000000000000000e+00 0.000000000000000000e+00 0.000000000000000000e+00 0.000000000000000000e+00
0.000000000000000000e+00 0.000000000000000000e+00 0.000000000000000000e+00 0.000000000000000000e+00 0.000000000000000000e+00
0.000000000000000000e+00 0.000000000000000000e+00 0.000000000000000000e+00 0.000000000000000000e+00 0.000000000000000000e+00
0.000000000000000000e+00 0.000000000000000000e+00 0.000000000000000000e+00 0.000000000000000000e+00 0.000000000000000000e+00
0.000000000000000000e+00 0.000000000000000000e+00 0.000000000000000000e+00 0.000000000000000000e+00 0.000000000000000000e+00
