0.000000000000000000e+00 0.000000000000000000e+00 1.000000000000000000e+00 0.000000000000000000e+00 0.000000000000000000e+00
-7.179087400436401367e-02 8.350030779838562012e-01 1.000000000000000000e+00 0.000000000000000000e+00 0.000000000000000000e+00
-8.088528364896774292e-02 2.972046434879302979e-01 0.000000000000000000e+00 1.000000000000000000e+00 0.000000000000000000e+00
6.815484762191772461e-01 -2.292881727218627930e+00 1.000000000000000000e+00 0.000000000000000000e+00 0.000000000000000000e+00
8.273174613714218140e-02 7.415827512741088867e-01 1.000000000000000000e+00 0.000000000000000000e+00 0.000000000000000000e+00
-2.083543539047241211e-01 2.060061454772949219e+00 1.000000000000000000e+00 0.000000000000000000e+00 0.000000000000000000e+00
-7.951004058122634888e-02 2.980697154998779297e-01 1.000000000000000000e+00 0.000000000000000000e+00 0.000000000000000000e+00
-9.230878949165344238e-02 7.474124431610107422e-02 0.000000000000000000e+00 1.000000000000000000e+00 0.000000000000000000e+00
3.426204919815063477e-01 -1.293715000152587891e+00 1.000000000000000000e+00 0.000000000000000000e+00 0.000000000000000000e+00
2.002764642238616943e-01 2.409020215272903442e-01 1.000000000000000000e+00 0.000000000000000000e+00 0.000000000000000000e+00
1.812030673027038574e-01 6.056350469589233398e-02 0.000000000000000000e+00 1.000000000000000000e+00 0.000000000000000000e+00
9.379439353942871094e-01 -2.266301393508911133e+00 1.000000000000000000e+00 0.000000000000000000e+00 0.000000000000000000e+00
-5.181053280830383301e-01 6.930076479911804199e-01 1.000000000000000000e+00 0.000000000000000000e+00 0.000000000000000000e+00
5.182455182075500488e-01 -1.388816684484481812e-01 1.000000000000000000e+00 0.000000000000000000e+00 0.000000000000000000e+00
1.790319383144378662e-01 4.875896126031875610e-02 1.000000000000000000e+00 0.000000000000000000e+00 0.000000000000000000e+00
-6.356825232505798340e-01 6.241009235382080078e-01 1.000000000000000000e+00 0.000000000000000000e+00 0.000000000000000000e+00
-3.397164940834045410e-01 1.906510591506958008e-01 1.000000000000000000e+00 0.000000000000000000e+00 0.000000000000000000e+00
5.083177238702774048e-02 7.527213096618652344e-01 1.000000000000000000e+00 0.000000000000000000e+00 0.000000000000000000e+00
-1.175675168633460999e-01 5.207918286323547363e-01 1.000000000000000000e+00 0.000000000000000000e+00 0.000000000000000000e+00
-8.315172046422958374e-02 1.126883924007415771e-01 0.000000000000000000e+00 1.000000000000000000e+00 0.000000000000000000e+00
4.303770959377288818e-01 -1.365088701248168945e+00 1.000000000000000000e+00 0.000000000000000000e+00 0.000000000000000000e+00
6.812717318534851074e-01 -1.605428308248519897e-01 1.000000000000000000e+00 0.000000000000000000e+00 0.000000000000000000e+00
2.162404358386993408e-01 6.992189586162567139e-02 1.000000000000000000e+00 0.000000000000000000e+00 0.000000000000000000e+00
-8.992587029933929443e-02 1.307846426963806152e+00 1.000000000000000000e+00 0.000000000000000000e+00 0.000000000000000000e+00
-7.737560570240020752e-02 2.187061011791229248e-01 1.000000000000000000e+00 0.000000000000000000e+00 0.000000000000000000e+00
-1.268659830093383789e-01 1.085167527198791504e-01 0.000000000000000000e+00 1.000000000000000000e+00 0.000000000000000000e+00
-5.111583471298217773e-01 -1.012760758399963379e+00 1.000000000000000000e+00 0.000000000000000000e+00 0.000000000000000000e+00
3.375189304351806641e-01 -5.299527943134307861e-02 1.000000000000000000e+00 0.000000000000000000e+00 0.000000000000000000e+00
-3.881341964006423950e-02 5.303380638360977173e-02 0.000000000000000000e+00 1.000000000000000000e+00 0.000000000000000000e+00
-2.551667690277099609e-01 3.073070049285888672e-01 1.000000000000000000e+00 0.000000000000000000e+00 0.000000000000000000e+00
3.861013054847717285e-01 -1.150490343570709229e-01 1.000000000000000000e+00 0.000000000000000000e+00 0.000000000000000000e+00
1.109634786844253540e-01 -1.052864789962768555e-01 0.000000000000000000e+00 1.000000000000000000e+00 0.000000000000000000e+00
-3.106553554534912109e-01 -3.842796087265014648e-01 1.000000000000000000e+00 0.000000000000000000e+00 0.000000000000000000e+00
-8.933298289775848389e-02 1.009490370750427246e+00 1.000000000000000000e+00 0.000000000000000000e+00 0.000000000000000000e+00
2.881415188312530518e-02 2.062703967094421387e-01 0.000000000000000000e+00 1.000000000000000000e+00 0.000000000000000000e+00
1.197960495948791504e+00 -2.496190309524536133e+00 1.000000000000000000e+00 0.000000000000000000e+00 0.000000000000000000e+00
5.637825727462768555e-01 -9.239676594734191895e-02 1.000000000000000000e+00 0.000000000000000000e+00 0.000000000000000000e+00
1.767842769622802734e-01 7.726408541202545166e-02 1.000000000000000000e+00 0.000000000000000000e+00 0.000000000000000000e+00
-5.413302406668663025e-02 2.751495540142059326e-01 1.000000000000000000e+00 0.000000000000000000e+00 0.000000000000000000e+00
-3.097234964370727539e-01 4.067171812057495117e-01 1.000000000000000000e+00 0.000000000000000000e+00 0.000000000000000000e+00
-1.764864772558212280e-01 1.081505492329597473e-01 1.000000000000000000e+00 0.000000000000000000e+00 0.000000000000000000e+00
-1.458530873060226440e-01 -3.371603041887283325e-02 0.000000000000000000e+00 1.000000000000000000e+00 0.000000000000000000e+00
4.452948272228240967e-02 -3.693696260452270508e-01 1.000000000000000000e+00 0.000000000000000000e+00 0.000000000000000000e+00
-4.499092698097229004e-01 7.355705499649047852e-01 1.000000000000000000e+00 0.000000000000000000e+00 0.000000000000000000e+00
5.642921924591064453e-01 -1.104539930820465088e-01 1.000000000000000000e+00 0.000000000000000000e+00 0.000000000000000000e+00
1.203466579318046570e-01 5.255931615829467773e-02 1.000000000000000000e+00 0.000000000000000000e+00 0.000000000000000000e+00
-2.598585188388824463e-02 8.976176381111145020e-02 0.000000000000000000e+00 1.000000000000000000e+00 0.000000000000000000e+00
-7.184861898422241211e-01 5.103935003280639648e-01 1.000000000000000000e+00 0.000000000000000000e+00 0.000000000000000000e+00
7.914164066314697266e-01 -9.014818072319030762e-02 1.000000000000000000e+00 0.000000000000000000e+00 0.000000000000000000e+00
3.073006868362426758e-01 -1.257200539112091064e-01 0.000000000000000000e+00 1.000000000000000000e+00 0.000000000000000000e+00
-3.606641590595245361e-01 -5.258524417877197266e-01 1.000000000000000000e+00 0.000000000000000000e+00 0.000000000000000000e+00
-1.429399549961090088e-01 1.597404241561889648e+00 1.000000000000000000e+00 0.000000000000000000e+00 0.000000000000000000e+00
-9.215473383665084839e-02 4.558288455009460449e-01 0.000000000000000000e+00 1.000000000000000000e+00 0.000000000000000000e+00
-9.064224958419799805e-01 -2.804173231124877930e+00 0.000000000000000000e+00 0.000000000000000000e+00 1.000000000000000000e+00
-4.632243812084197998e-01 8.000899553298950195e-01 0.000000000000000000e+00 0.000000000000000000e+00 1.000000000000000000e+00
-1.400131225585937500e+00 -6.046620011329650879e-01 0.000000000000000000e+00 0.000000000000000000e+00 1.000000000000000000e+00
-8.974728584289550781e-01 -2.941637039184570312e-01 0.000000000000000000e+00 0.000000000000000000e+00 1.000000000000000000e+00
-1.059002995491027832e+00 -4.595982432365417480e-01 0.000000000000000000e+00 0.000000000000000000e+00 1.000000000000000000e+00
-9.685413837432861328e-01 -4.033988118171691895e-01 0.000000000000000000e+00 0.000000000000000000e+00 1.000000000000000000e+00
-9.796789884567260742e-01 -4.337269663810729980e-01 0.000000000000000000e+00 0.000000000000000000e+00 1.000000000000000000e+00
-9.599680900573730469e-01 -4.162655472755432129e-01 0.000000000000000000e+00 0.000000000000000000e+00 1.000000000000000000e+00
-9.541658163070678711e-01 -4.075260758399963379e-01 0.000000000000000000e+00 0.000000000000000000e+00 1.000000000000000000e+00
-9.393087625503540039e-01 -3.958476185798645020e-01 0.000000000000000000e+00 0.000000000000000000e+00 1.000000000000000000e+00
-9.266946315765380859e-01 -3.924165368080139160e-01 0.000000000000000000e+00 0.000000000000000000e+00 1.000000000000000000e+00
-9.182457923889160156e-01 -3.907163739204406738e-01 0.000000000000000000e+00 0.000000000000000000e+00 1.000000000000000000e+00
-9.137295484542846680e-01 -3.911808133125305176e-01 0.000000000000000000e+00 0.000000000000000000e+00 1.000000000000000000e+00
0.000000000000000000e+00 0.000000000000000000e+00 0.000000000000000000e+00 0.000000000000000000e+00 0.000000000000000000e+00
0.000000000000000000e+00 0.000000000000000000e+00 0.000000000000000000e+00 0.000000000000000000e+00 0.000000000000000000e+00
0.000000000000000000e+00 0.000000000000000000e+00 0.000000000000000000e+00 0.000000000000000000e+00 0.000000000000000000e+00
0.000000000000000000e+00 0.000000000000000000e+00 0.000000000000000000e+00 0.000000000000000000e+00 0.000000000000000000e+00
0.000000000000000000e+00 0.000000000000000000e+00 0.000000000000000000e+00 0.000000000000000000e+00 0.000000000000000000e+00
0.000000000000000000e+00 0.000000000000000000e+00 0.000000000000000000e+00 0.000000000000000000e+00 0.000000000000000000e+00
0.000000000000000000e+00 0.000000000000000000e+00 0.000000000000000000e+00 0.000000000000000000e+00 0.000000000000000000e+00
0.000000000000000000e+00 0.000000000000000000e+00 0.000000000000000000e+00 0.000000000000000000e+00 0.000000000000000000e+00
0.000000000000000000e+00 0.000000000000000000e+00 0.000000000000000000e+00 0.000000000000000000e+00 0.000000000000000000e+00
0.000000000000000000e+00 0.000000000000000000e+00 0.000000000000000000e+00 0.000000000000000000e+00 0.000000000000000000e+00
0.000000000000000000e+00 0.000000000000000000e+00 0.000000000000000000e+00 0.000000000000000000e+00 0.000000000000000000e+00
0.000000000000000000e+00 0.000000000000000000e+00 0.000000000000000000e+00 0.000000000000000000e+00 0.000000000000000000e+00
0.000000000000000000e+00 0.000000000000000000e+00 0.000000000000000000e+00 0.000000000000000000e+00 0.000000000000000000e+00
0.000000000000000000e+00 0.000000000000000000e+00 0.000000000000000000e+00 0.000000000000000000e+00 0.000000000000000000e+00
0.000000000000000000e+00 0.000000000000000000e+00 0.000000000000000000e+00 0.000000000000000000e+00 0.000000000000000000e+00
0.000000000000000000e+00 0.000000000000000000e+00 0.000000000000000000e+00 0.000000000000000000e+00 0.000000000000000000e+00
0.000000000000000000e+00 0.000000000000000000e+00 0.000000000000000000e+00 0.000000000000000000e+00 0.000000000000000000e+00
0.000000000000000000e+00 0.000000000000000000e+00 0.000000000000000000e+00 0.000000000000000000e+00 0.000000000000000000e+00
0.000000000000000000e+00 0.000000000000000000e+00 0.000000000000000000e+00 0.000000000000000000e+00 0.000000000000000000e+00
0.000000000000000000e+00 0.000000000000000000e+00 0.000000000000000000e+00 0.000000000000000000e+00 0.000000000000000000e+00
0.000000000000000000e+00 0.000000000000000000e+00 0.000000000000000000e+00 0.000000000000000000e+00 0.000000000000000000e+00
0.000000000000000000e+00 0.000000000000000000e+00 0.000000000000000000e+00 0.000000000000000000e+00 0.000000000000000000e+00
0.000000000000000000e+00 0.000000000000000000e+00 0.000000000000000000e+00 0.000000000000000000e+00 0.000000000000000000e+00
0.000000000000000000e+00 0.000000000000000000e+00 0.000000000000000000e+00 0.000000000000000000e+00 0.000000000000000000e+00
0.000000000000000000e+00 0.000000000000000000e+00 0.000000000000000000e+00 0.000000000000000000e+00 0.000000000000000000e+00
0.000000000000000000e+00 0.000000000000000000e+00 0.000000000000000000e+00 0.000000000000000000e+00 0.000000000000000000e+00
0.000000000000000000e+00 0.000000000000000000e+00 0.000000000000000000e+00 0.000000000000000000e+00 0.000000000000000000e+00
0.000000000000000000e+00 0.000000000000000000e+00 0.000000000000000000e+00 0.000000000000000000e+00 0.000000000000000000e+00
0.000000000000000000e+00 0.000000000000000000e+00 0.000000000000000000e+00 0.000000000000000000e+00 0.000000000000000000e+00
0.000000000000000000e+00 0.000000000000000000e+00 0.000000000000000000e+00 0.000000000000000000e+00 0.000000000000000000e+00
0.000000000000000000e+00 0.000000000000000000e+00 0.000000000000000000e+00 0.000000000000000000e+00 0.000000000000000000e+00
0.000000000000000000e+00 0.000000000000000000e+00 0.000000000000000000e+00 0.000000000000000000e+00 0.000000000000000000e+00
0.000000000000000000e+00 0.000000000000000000e+00 0.000000000000000000e+00 0.000000000000000000e+00 0.000000000000000000e+00
0.000000000000000000e+00 0.000000000000000000e+00 0.000000000000000000e+00 0.000000000000000000e+00 0.000000000000000000e+00
0.000000000000000000e+00 0.000000000000000000e+00 0.000000000000000000e+00 0.000000000000000000e+00 0.000000000000000000e+00
0.000000000000000000e+00 0.000000000000000000e+00 0.000000000000000000e+00 0.000000000000000000e+00 0.000000000000000000e+00
0.000000000000000000e+00 0.000000000000000000e+00 0.000000000000000000e+00 0.000000000000000000e+00 0.000000000000000000e+00
0.000000000000000000e+00 0.000000000000000000e+00 0.000000000000000000e+00 0.000000000000000000e+00 0.000000000000000000e+00
0.000000000000000000e+00 0.000000000000000000e+00 0.000000000000000000e+00 0.000000000000000000e+00 0.000000000000000000e+00
0.000000000000000000e+00 0.000000000000000000e+00 0.000000000000000000e+00 0.000000000000000000e+00 0.000000000000000000e+00
0.000000000000000000e+00 0.000000000000000000e+00 0.000000000000000000e+00 0.000000000000000000e+00 0.000000000000000000e+00
0.000000000000000000e+00 0.000000000000000000e+00 0.000000000000000000e+00 0.000000000000000000e+00 0.000000000000000000e+00
0.000000000000000000e+00 0.000000000000000000e+00 0.000000000000000000e+00 0.000000000000000000e+00 0.000000000000000000e+00
0.000000000000000000e+00 0.000000000000000000e+00 0.000000000000000000e+00 0.000000000000000000e+00 0.000000000000000000e+00
0.000000000000000000e+00 0.000000000000000000e+00 0.000000000000000000e+00 0.000000000000000000e+00 0.000000000000000000e+00
0.000000000000000000e+00 0.000000000000000000e+00 0.000000000000000000e+00 0.000000000000000000e+00 0.000000000000000000e+00
0.000000000000000000e+00 0.000000000000000000e+00 0.000000000000000000e+00 0.000000000000000000e+00 0.000000000000000000e+00
0.000000000000000000e+00 0.000000000000000000e+00 0.000000000000000000e+00 0.000000000000000000e+00 0.000000000000000000e+00
0.000000000000000000e+00 0.000000000000000000e+00 0.000000000000000000e+00 0.000000000000000000e+00 0.000000000000000000e+00
0.000000000000000000e+00 0.000000000000000000e+00 0.000000000000000000e+00 0.000000000000000000e+00 0.000000000000000000e+00
0.000000000000000000e+00 0.000000000000000000e+00 0.000000000000000000e+00 0.000000000000000000e+00 0.000000000000000000e+00
0.000000000000000000e+00 0.000000000000000000e+00 0.000000000000000000e+00 0.000000000000000000e+00 0.000000000000000000e+00
0.000000000000000000e+00 0.000000000000000000e+00 0.000000000000000000e+00 0.000000000000000000e+00 0.000000000000000000e+00
0.000000000000000000e+00 0.000000000000000000e+00 0.000000000000000000e+00 0.000000000000000000e+00 0.000000000000000000e+00
0.000000000000000000e+00 0.000000000000000000e+00 0.000000000000000000e+00 0.000000000000000000e+00 0.000000000000000000e+00
