0.000000000000000000e+00 0.000000000000000000e+00 1.000000000000000000e+00 0.000000000000000000e+00 0.000000000000000000e+00
8.974550962448120117e-01 -2.079044878482818604e-01 1.000000000000000000e+00 0.000000000000000000e+00 0.000000000000000000e+00
4.287226796150207520e-01 -2.050896435976028442e-01 0.000000000000000000e+00 1.000000000000000000e+00 0.000000000000000000e+00
-3.537811338901519775e-01 -3.372097015380859375e-01 1.000000000000000000e+00 0.000000000000000000e+00 0.000000000000000000e+00
-1.180661767721176147e-01 7.218942791223526001e-02 1.000000000000000000e+00 0.000000000000000000e+00 0.000000000000000000e+00
-6.020107865333557129e-01 1.049677729606628418e+00 1.000000000000000000e+00 0.000000000000000000e+00 0.000000000000000000e+00
-2.510057389736175537e-01 2.842572033405303955e-01 0.000000000000000000e+00 1.000000000000000000e+00 0.000000000000000000e+00
-9.628668427467346191e-02 5.743335932493209839e-02 1.000000000000000000e+00 0.000000000000000000e+00 0.000000000000000000e+00
2.690581977367401123e-02 6.168798804283142090e-01 1.000000000000000000e+00 0.000000000000000000e+00 0.000000000000000000e+00
-5.388291180133819580e-02 1.728662252426147461e-01 0.000000000000000000e+00 1.000000000000000000e+00 0.000000000000000000e+00
4.317272305488586426e-01 -9.020514488220214844e-01 1.000000000000000000e+00 0.000000000000000000e+00 0.000000000000000000e+00
7.758865356445312500e-01 -1.380944252014160156e-01 1.000000000000000000e+00 0.000000000000000000e+00 0.000000000000000000e+00
2.416666150093078613e-01 5.774860456585884094e-02 1.000000000000000000e+00 0.000000000000000000e+00 0.000000000000000000e+00
-2.547809481620788574e-01 7.020469903945922852e-01 1.000000000000000000e+00 0.000000000000000000e+00 0.000000000000000000e+00
-1.597270667552947998e-01 2.187468856573104858e-01 0.000000000000000000e+00 1.000000000000000000e+00 0.000000000000000000e+00
-4.962993860244750977e-01 -3.679075837135314941e-01 1.000000000000000000e+00 0.000000000000000000e+00 0.000000000000000000e+00
3.710173964500427246e-01 -3.683829307556152344e-02 1.000000000000000000e+00 0.000000000000000000e+00 0.000000000000000000e+00
-4.319884628057479858e-02 5.318901687860488892e-02 0.000000000000000000e+00 1.000000000000000000e+00 0.000000000000000000e+00
-3.302337527275085449e-01 2.929654717445373535e-01 1.000000000000000000e+00 0.000000000000000000e+00 0.000000000000000000e+00
3.966643512248992920e-01 -1.715026795864105225e-02 1.000000000000000000e+00 0.000000000000000000e+00 0.000000000000000000e+00
-4.207690805196762085e-02 6.863376498222351074e-02 0.000000000000000000e+00 1.000000000000000000e+00 0.000000000000000000e+00
-9.213207960128784180e-01 6.601521968841552734e-01 1.000000000000000000e+00 0.000000000000000000e+00 0.000000000000000000e+00
9.504826664924621582e-01 -1.433843374252319336e-01 1.000000000000000000e+00 0.000000000000000000e+00 0.000000000000000000e+00
3.927423655986785889e-01 -1.496587693691253662e-01 0.000000000000000000e+00 1.000000000000000000e+00 0.000000000000000000e+00
-4.854133427143096924e-01 -1.518968343734741211e-01 1.000000000000000000e+00 0.000000000000000000e+00 0.000000000000000000e+00
-1.238406375050544739e-01 9.815362691879272461e-01 1.000000000000000000e+00 0.000000000000000000e+00 0.000000000000000000e+00
3.294990956783294678e-02 2.085845172405242920e-01 0.000000000000000000e+00 1.000000000000000000e+00 0.000000000000000000e+00
1.040046691894531250e+00 -2.051645040512084961e+00 1.000000000000000000e+00 0.000000000000000000e+00 0.000000000000000000e+00
8.792081475257873535e-01 -2.537551820278167725e-01 1.000000000000000000e+00 0.000000000000000000e+00 0.000000000000000000e+00
3.751717507839202881e-01 -2.116474509239196777e-01 0.000000000000000000e+00 1.000000000000000000e+00 0.000000000000000000e+00
-6.619432568550109863e-01 -5.276486277580261230e-01 1.000000000000000000e+00 0.000000000000000000e+00 0.000000000000000000e+00
2.225833535194396973e-01 1.544399261474609375e+00 1.000000000000000000e+00 0.000000000000000000e+00 0.000000000000000000e+00
2.636700570583343506e-01 7.443604469299316406e-01 1.000000000000000000e+00 0.000000000000000000e+00 0.000000000000000000e+00
2.490005195140838623e-01 2.809395790100097656e-01 1.000000000000000000e+00 0.000000000000000000e+00 0.000000000000000000e+00
1.614093482494354248e-01 4.302488267421722412e-02 1.000000000000000000e+00 0.000000000000000000e+00 0.000000000000000000e+00
1.182153522968292236e-01 -1.121862679719924927e-01 1.000000000000000000e+00 0.000000000000000000e+00 0.000000000000000000e+00
4.905366525053977966e-02 -2.856007218360900879e-01 0.000000000000000000e+00 1.000000000000000000e+00 0.000000000000000000e+00
-1.668343394994735718e-01 -8.624230623245239258e-01 1.000000000000000000e+00 0.000000000000000000e+00 0.000000000000000000e+00
-1.037091851234436035e+00 8.502669930458068848e-01 1.000000000000000000e+00 0.000000000000000000e+00 0.000000000000000000e+00
-2.568983435630798340e-01 1.077086403965950012e-01 1.000000000000000000e+00 0.000000000000000000e+00 0.000000000000000000e+00
-2.443896830081939697e-01 -1.009306758642196655e-01 0.000000000000000000e+00 1.000000000000000000e+00 0.000000000000000000e+00
1.366899609565734863e+00 -2.460193395614624023e+00 1.000000000000000000e+00 0.000000000000000000e+00 0.000000000000000000e+00
2.306766211986541748e-01 3.323981463909149170e-01 1.000000000000000000e+00 0.000000000000000000e+00 0.000000000000000000e+00
7.359495013952255249e-02 3.328382074832916260e-01 0.000000000000000000e+00 1.000000000000000000e+00 0.000000000000000000e+00
-1.693371653556823730e+00 -1.294175386428833008e-01 0.000000000000000000e+00 0.000000000000000000e+00 1.000000000000000000e+00
-3.576398789882659912e-01 6.856858730316162109e-03 0.000000000000000000e+00 0.000000000000000000e+00 1.000000000000000000e+00
-1.449870347976684570e+00 -4.622732996940612793e-01 0.000000000000000000e+00 0.000000000000000000e+00 1.000000000000000000e+00
-8.010233640670776367e-01 -2.302800416946411133e-01 0.000000000000000000e+00 0.000000000000000000e+00 1.000000000000000000e+00
-1.137964487075805664e+00 -3.917892575263977051e-01 0.000000000000000000e+00 0.000000000000000000e+00 1.000000000000000000e+00
-9.241012334823608398e-01 -2.733820080757141113e-01 0.000000000000000000e+00 0.000000000000000000e+00 1.000000000000000000e+00
-1.015149235725402832e+00 -3.051906824111938477e-01 0.000000000000000000e+00 0.000000000000000000e+00 1.000000000000000000e+00
-9.592398405075073242e-01 -3.021265864372253418e-01 0.000000000000000000e+00 0.000000000000000000e+00 1.000000000000000000e+00
-9.728597402572631836e-01 -3.131662011146545410e-01 0.000000000000000000e+00 0.000000000000000000e+00 1.000000000000000000e+00
-9.570997953414916992e-01 -3.154523968696594238e-01 0.000000000000000000e+00 0.000000000000000000e+00 1.000000000000000000e+00
-9.475598335266113281e-01 -3.342896103858947754e-01 0.000000000000000000e+00 0.000000000000000000e+00 1.000000000000000000e+00
-9.368845224380493164e-01 -3.190112709999084473e-01 0.000000000000000000e+00 0.000000000000000000e+00 1.000000000000000000e+00
-9.329177141189575195e-01 -3.098596930503845215e-01 0.000000000000000000e+00 0.000000000000000000e+00 1.000000000000000000e+00
-9.224245548248291016e-01 -3.024572730064392090e-01 0.000000000000000000e+00 0.000000000000000000e+00 1.000000000000000000e+00
-9.164003133773803711e-01 -3.011585474014282227e-01 0.000000000000000000e+00 0.000000000000000000e+00 1.000000000000000000e+00
0.000000000000000000e+00 0.000000000000000000e+00 0.000000000000000000e+00 0.000000000000000000e+00 0.000000000000000000e+00
0.000000000000000000e+00 0.000000000000000000e+00 0.000000000000000000e+00 0.000000000000000000e+00 0.000000000000000000e+00
0.000000000000000000e+00 0.000000000000000000e+00 0.000000000000000000e+00 0.000000000000000000e+00 0.000000000000000000e+00
0.000000000000000000e+00 0.000000000000000000e+00 0.000000000000000000e+00 0.000000000000000000e+00 0.000000000000000000e+00
0.000000000000000000e+00 0.000000000000000000e+00 0.000000000000000000e+00 0.000000000000000000e+00 0.000000000000000000e+00
0.000000000000000000e+00 0.000000000000000000e+00 0.000000000000000000e+00 0.000000000000000000e+00 0.000000000000000000e+00
0.000000000000000000e+00 0.000000000000000000e+00 0.000000000000000000e+00 0.000000000000000000e+00 0.000000000000000000e+00
0.000000000000000000e+00 0.000000000000000000e+00 0.000000000000000000e+00 0.000000000000000000e+00 0.000000000000000000e+00
0.000000000000000000e+00 0.000000000000000000e+00 0.000000000000000000e+00 0.000000000000000000e+00 0.000000000000000000e+00
0.000000000000000000e+00 0.000000000000000000e+00 0.000000000000000000e+00 0.000000000000000000e+00 0.000000000000000000e+00
0.000000000000000000e+00 0.000000000000000000e+00 0.000000000000000000e+00 0.000000000000000000e+00 0.000000000000000000e+00
0.000000000000000000e+00 0.000000000000000000e+00 0.000000000000000000e+00 0.000000000000000000e+00 0.000000000000000000e+00
0.000000000000000000e+00 0.000000000000000000e+00 0.000000000000000000e+00 0.000000000000000000e+00 0.000000000000000000e+00
0.000000000000000000e+00 0.000000000000000000e+00 0.000000000000000000e+00 0.000000000000000000e+00 0.000000000000000000e+00
0.000000000000000000e+00 0.000000000000000000e+00 0.000000000000000000e+00 0.000000000000000000e+00 0.000000000000000000e+00
0.000000000000000000e+00 0.000000000000000000e+00 0.000000000000000000e+00 0.000000000000000000e+00 0.000000000000000000e+00
0.000000000000000000e+00 0.000000000000000000e+00 0.000000000000000000e+00 0.000000000000000000e+00 0.000000000000000000e+00
0.000000000000000000e+00 0.000000000000000000e+00 0.000000000000000000e+00 0.000000000000000000e+00 0.000000000000000000e+00
0.000000000000000000e+00 0.000000000000000000e+00 0.000000000000000000e+00 0.000000000000000000e+00 0.000000000000000000e+00
0.000000000000000000e+00 0.000000000000000000e+00 0.000000000000000000e+00 0.000000000000000000e+00 0.000000000000000000e+00
0.000000000000000000e+00 0.000000000000000000e+00 0.000000000000000000e+00 0.000000000000000000e+00 0.000000000000000000e+00
0.000000000000000000e+00 0.000000000000000000e+00 0.000000000000000000e+00 0.000000000000000000e+00 0.000000000000000000e+00
0.000000000000000000e+00 0.000000000000000000e+00 0.000000000000000000e+00 0.000000000000000000e+00 0.000000000000000000e+00
0.000000000000000000e+00 0.000000000000000000e+00 0.000000000000000000e+00 0.000000000000000000e+00 0.000000000000000000e+00
0.000000000000000000e+00 0.000000000000000000e+00 0.000000000000000000e+00 0.000000000000000000e+00 0.000000000000000000e+00
0.000000000000000000e+00 0.000000000000000000e+00 0.000000000000000000e+00 0.000000000000000000e+00 0.000000000000000000e+00
0.000000000000000000e+00 0.000000000000000000e+00 0.000000000000000000e+00 0.000000000000000000e+00 0.000000000000000000e+00
0.000000000000000000e+00 0.000000000000000000e+00 0.000000000000000000e+00 0.000000000000000000e+00 0.000000000000000000e+00
0.000000000000000000e+00 0.000000000000000000e+00 0.000000000000000000e+00 0.000000000000000000e+00 0.000000000000000000e+00
0.000000000000000000e+00 0.000000000000000000e+00 0.000000000000000000e+00 0.000000000000000000e+00 0.000000000000000000e+00
0.000000000000000000e+00 0.000000000000000000e+00 0.000000000000000000e+00 0.000000000000000000e+00 0.000000000000000000e+00
0.000000000000000000e+00 0.000000000000000000e+00 0.000000000000000000e+00 0.000000000000000000e+00 0.000000000000000000e+00
0.000000000000000000e+00 0.000000000000000000e+00 0.000000000000000000e+00 0.000000000000000000e+00 0.000000000000000000e+00
0.000000000000000000e+00 0.000000000000000000e+00 0.000000000000000000e+00 0.000000000000000000e+00 0.000000000000000000e+00
0.000000000000000000e+00 0.000000000000000000e+00 0.000000000000000000e+00 0.000000000000000000e+00 0.000000000000000000e+00
0.000000000000000000e+00 0.000000000000000000e+00 0.000000000000000000e+00 0.000000000000000000e+00 0.000000000000000000e+00
0.000000000000000000e+00 0.000000000000000000e+00 0.000000000000000000e+00 0.000000000000000000e+00 0.000000000000000000e+00
0.000000000000000000e+00 0.000000000000000000e+00 0.000000000000000000e+00 0.000000000000000000e+00 0.000000000000000000e+00
0.000000000000000000e+00 0.000000000000000000e+00 0.000000000000000000e+00 0.000000000000000000e+00 0.000000000000000000e+00
0.000000000000000000e+00 0.000000000000000000e+00 0.000000000000000000e+00 0.000000000000000000e+00 0.000000000000000000e+00
0.000000000000000000e+00 0.000000000000000000e+00 0.000000000000000000e+00 0.000000000000000000e+00 0.000000000000000000e+00
0.000000000000000000e+00 0.000000000000000000e+00 0.000000000000000000e+00 0.000000000000000000e+00 0.000000000000000000e+00
0.000000000000000000e+00 0.000000000000000000e+00 0.000000000000000000e+00 0.000000000000000000e+00 0.000000000000000000e+00
0.000000000000000000e+00 0.000000000000000000e+00 0.000000000000000000e+00 0.000000000000000000e+00 0.000000000000000000e+00
0.000000000000000000e+00 0.000000000000000000e+00 0.000000000000000000e+00 0.000000000000000000e+00 0.000000000000000000e+00
0.000000000000000000e+00 0.000000000000000000e+00 0.000000000000000000e+00 0.000000000000000000e+00 0.000000000000000000e+00
0.000000000000000000e+00 0.000000000000000000e+00 0.000000000000000000e+00 0.000000000000000000e+00 0.000000000000000000e+00
0.000000000000000000e+00 0.000000000000000000e+00 0.000000000000000000e+00 0.000000000000000000e+00 0.000000000000000000e+00
0.000000000000000000e+00 0.000000000000000000e+00 0.000000000000000000e+00 0.000000000000000000e+00 0.000000000000000000e+00
0.000000000000000000e+00 0.000000000000000000e+00 0.000000000000000000e+00 0.000000000000000000e+00 0.000000000000000000e+00
0.000000000000000000e+00 0.000000000000000000e+00 0.000000000000000000e+00 0.000000000000000000e+00 0.000000000000000000e+00
0.000000000000000000e+00 0.000000000000000000e+00 0.000000000000000000e+00 0.000000000000000000e+00 0.000000000000000000e+00
0.000000000000000000e+00 0.000000000000000000e+00 0.000000000000000000e+00 0.000000000000000000e+00 0.000000000000000000e+00
0.000000000000000000e+00 0.000000000000000000e+00 0.000000000000000000e+00 0.000000000000000000e+00 0.000000000000000000e+00
0.000000000000000000e+00 0.000000000000000000e+00 0.000000000000000000e+00 0.000000000000000000e+00 0.000000000000000000e+00
0.000000000000000000e+00 0.000000000000000000e+00 0.000000000000000000e+00 0.000000000000000000e+00 0.000000000000000000e+00
0.000000000000000000e+00 0.000000000000000000e+00 0.000000000000000000e+00 0.000000000000000000e+00 0.000000000000000000e+00
0.000000000000000000e+00 0.000000000000000000e+00 0.000000000000000000e+00 0.000000000000000000e+00 0.000000000000000000e+00
0.000000000000000000e+00 0.000000000000000000e+00 0.000000000000000000e+00 0.000000000000000000e+00 0.000000000000000000e+00
0.000000000000000000e+00 0.000000000000000000e+00 0.000000000000000000e+00 0.000000000000000000e+00 0.000000000000000000e+00
0.000000000000000000e+00 0.000000000000000000e+00 0.000000000000000000e+00 0.000000000000000000e+00 0.000000000000000000e+00
0.000000000000000000e+00 0.000000000000000000e+00 0.000000000000000000e+00 0.000000000000000000e+00 0.000000000000000000e+00
