0.000000000000000000e+00 0.000000000000000000e+00 1.000000000000000000e+00 0.000000000000000000e+00 0.000000000000000000e+00
2.078011035919189453e-01 7.102334499359130859e-02 1.000000000000000000e+00 0.000000000000000000e+00 0.000000000000000000e+00
3.094314411282539368e-02 3.147463202476501465e-01 0.000000000000000000e+00 1.000000000000000000e+00 0.000000000000000000e+00
-8.075810074806213379e-01 5.770676136016845703e-01 1.000000000000000000e+00 0.000000000000000000e+00 0.000000000000000000e+00
1.265386581420898438e+00 -1.911320835351943970e-01 1.000000000000000000e+00 0.000000000000000000e+00 0.000000000000000000e+00
4.073112308979034424e-01 8.483285456895828247e-02 1.000000000000000000e+00 0.000000000000000000e+00 0.000000000000000000e+00
-1.017696857452392578e+00 9.545730352401733398e-01 1.000000000000000000e+00 0.000000000000000000e+00 0.000000000000000000e+00
-4.732869863510131836e-01 2.516702115535736084e-01 1.000000000000000000e+00 0.000000000000000000e+00 0.000000000000000000e+00
8.698823451995849609e-01 -2.621949911117553711e-01 1.000000000000000000e+00 0.000000000000000000e+00 0.000000000000000000e+00
2.675333619117736816e-01 -2.150549590587615967e-01 0.000000000000000000e+00 1.000000000000000000e+00 0.000000000000000000e+00
-1.184705018997192383e+00 -7.784671336412429810e-02 1.000000000000000000e+00 0.000000000000000000e+00 0.000000000000000000e+00
-1.807045340538024902e-01 1.720536798238754272e-01 1.000000000000000000e+00 0.000000000000000000e+00 0.000000000000000000e+00
-3.556862175464630127e-01 1.197581171989440918e+00 1.000000000000000000e+00 0.000000000000000000e+00 0.000000000000000000e+00
-7.106071710586547852e-01 1.388183593750000000e+00 1.000000000000000000e+00 0.000000000000000000e+00 0.000000000000000000e+00
-7.695603966712951660e-01 9.342342615127563477e-01 1.000000000000000000e+00 0.000000000000000000e+00 0.000000000000000000e+00
-5.181655287742614746e-01 3.498195707798004150e-01 0.000000000000000000e+00 1.000000000000000000e+00 0.000000000000000000e+00
2.795152187347412109e+00 -2.821512699127197266e+00 1.000000000000000000e+00 0.000000000000000000e+00 0.000000000000000000e+00
1.857311427593231201e-01 5.855296179652214050e-02 1.000000000000000000e+00 0.000000000000000000e+00 0.000000000000000000e+00
2.326349169015884399e-02 1.302887648344039917e-01 0.000000000000000000e+00 1.000000000000000000e+00 0.000000000000000000e+00
-6.593514084815979004e-01 4.989492297172546387e-01 1.000000000000000000e+00 0.000000000000000000e+00 0.000000000000000000e+00
8.409290909767150879e-01 -1.356700360774993896e-01 1.000000000000000000e+00 0.000000000000000000e+00 0.000000000000000000e+00
-9.710749387741088867e-01 1.193176507949829102e+00 1.000000000000000000e+00 0.000000000000000000e+00 0.000000000000000000e+00
9.403297305107116699e-01 -3.473492264747619629e-01 1.000000000000000000e+00 0.000000000000000000e+00 0.000000000000000000e+00
4.851208329200744629e-01 7.054969668388366699e-03 1.000000000000000000e+00 0.000000000000000000e+00 0.000000000000000000e+00
2.677391171455383301e-01 1.678895205259323120e-01 1.000000000000000000e+00 0.000000000000000000e+00 0.000000000000000000e+00
2.321004401892423630e-03 4.248812198638916016e-01 1.000000000000000000e+00 0.000000000000000000e+00 0.000000000000000000e+00
-4.365038573741912842e-01 5.332359075546264648e-01 1.000000000000000000e+00 0.000000000000000000e+00 0.000000000000000000e+00
-7.058833241462707520e-01 3.154438138008117676e-01 1.000000000000000000e+00 0.000000000000000000e+00 0.000000000000000000e+00
-3.691799044609069824e-01 -2.085312083363533020e-02 1.000000000000000000e+00 0.000000000000000000e+00 0.000000000000000000e+00
-2.943916022777557373e-01 -2.043518126010894775e-01 0.000000000000000000e+00 1.000000000000000000e+00 0.000000000000000000e+00
8.970850706100463867e-02 -3.192296028137207031e+00 0.000000000000000000e+00 0.000000000000000000e+00 1.000000000000000000e+00
-3.888785839080810547e-01 1.178416609764099121e-01 0.000000000000000000e+00 0.000000000000000000e+00 1.000000000000000000e+00
-1.374402880668640137e+00 -7.067301869392395020e-01 0.000000000000000000e+00 0.000000000000000000e+00 1.000000000000000000e+00
-8.981814384460449219e-01 -3.798964619636535645e-01 0.000000000000000000e+00 0.000000000000000000e+00 1.000000000000000000e+00
-1.025080919265747070e+00 -4.713671803474426270e-01 0.000000000000000000e+00 0.000000000000000000e+00 1.000000000000000000e+00
-9.570026397705078125e-01 -4.134443402290344238e-01 0.000000000000000000e+00 0.000000000000000000e+00 1.000000000000000000e+00
-9.463307857513427734e-01 -4.063487648963928223e-01 0.000000000000000000e+00 0.000000000000000000e+00 1.000000000000000000e+00
-9.235618114471435547e-01 -3.798704743385314941e-01 0.000000000000000000e+00 0.000000000000000000e+00 1.000000000000000000e+00
-9.126492738723754883e-01 -3.391678929328918457e-01 0.000000000000000000e+00 0.000000000000000000e+00 1.000000000000000000e+00
-9.077932834625244141e-01 -3.050572872161865234e-01 0.000000000000000000e+00 0.000000000000000000e+00 1.000000000000000000e+00
-9.006717205047607422e-01 -2.791441679000854492e-01 0.000000000000000000e+00 0.000000000000000000e+00 1.000000000000000000e+00
-8.939454555511474609e-01 -2.626269459724426270e-01 0.000000000000000000e+00 0.000000000000000000e+00 1.000000000000000000e+00
-8.873084783554077148e-01 -2.496400475502014160e-01 0.000000000000000000e+00 0.000000000000000000e+00 1.000000000000000000e+00
-8.735365867614746094e-01 -2.447140216827392578e-01 0.000000000000000000e+00 0.000000000000000000e+00 1.000000000000000000e+00
-8.591854572296142578e-01 -2.462230324745178223e-01 0.000000000000000000e+00 0.000000000000000000e+00 1.000000000000000000e+00
-8.467639684677124023e-01 -2.516307830810546875e-01 0.000000000000000000e+00 0.000000000000000000e+00 1.000000000000000000e+00
-8.370021581649780273e-01 -2.584108710289001465e-01 0.000000000000000000e+00 0.000000000000000000e+00 1.000000000000000000e+00
-8.290687799453735352e-01 -2.619640827178955078e-01 0.000000000000000000e+00 0.000000000000000000e+00 1.000000000000000000e+00
-8.254083395004272461e-01 -2.595756649971008301e-01 0.000000000000000000e+00 0.000000000000000000e+00 1.000000000000000000e+00
-8.215367794036865234e-01 -2.557671666145324707e-01 0.000000000000000000e+00 0.000000000000000000e+00 1.000000000000000000e+00
-8.152699470520019531e-01 -2.522116899490356445e-01 0.000000000000000000e+00 0.000000000000000000e+00 1.000000000000000000e+00
-8.064719438552856445e-01 -2.521253824234008789e-01 0.000000000000000000e+00 0.000000000000000000e+00 1.000000000000000000e+00
-7.986274957656860352e-01 -2.574883699417114258e-01 0.000000000000000000e+00 0.000000000000000000e+00 1.000000000000000000e+00
-7.929141521453857422e-01 -2.654549479484558105e-01 0.000000000000000000e+00 0.000000000000000000e+00 1.000000000000000000e+00
-7.890934944152832031e-01 -2.716701626777648926e-01 0.000000000000000000e+00 0.000000000000000000e+00 1.000000000000000000e+00
-7.873774766921997070e-01 -2.728576660156250000e-01 0.000000000000000000e+00 0.000000000000000000e+00 1.000000000000000000e+00
-7.831399440765380859e-01 -2.713199257850646973e-01 0.000000000000000000e+00 0.000000000000000000e+00 1.000000000000000000e+00
-7.751709222793579102e-01 -2.695182561874389648e-01 0.000000000000000000e+00 0.000000000000000000e+00 1.000000000000000000e+00
-7.684824466705322266e-01 -2.699705362319946289e-01 0.000000000000000000e+00 0.000000000000000000e+00 1.000000000000000000e+00
0.000000000000000000e+00 0.000000000000000000e+00 0.000000000000000000e+00 0.000000000000000000e+00 0.000000000000000000e+00
0.000000000000000000e+00 0.000000000000000000e+00 0.000000000000000000e+00 0.000000000000000000e+00 0.000000000000000000e+00
0.000000000000000000e+00 0.000000000000000000e+00 0.000000000000000000e+00 0.000000000000000000e+00 0.000000000000000000e+00
0.000000000000000000e+00 0.000000000000000000e+00 0.000000000000000000e+00 0.000000000000000000e+00 0.000000000000000000e+00
0.000000000000000000e+00 0.000000000000000000e+00 0.000000000000000000e+00 0.000000000000000000e+00 0.000000000000000000e+00
0.000000000000000000e+00 0.000000000000000000e+00 0.000000000000000000e+00 0.000000000000000000e+00 0.000000000000000000e+00
0.000000000000000000e+00 0.000000000000000000e+00 0.000000000000000000e+00 0.000000000000000000e+00 0.000000000000000000e+00
0.000000000000000000e+00 0.000000000000000000e+00 0.000000000000000000e+00 0.000000000000000000e+00 0.000000000000000000e+00
0.000000000000000000e+00 0.000000000000000000e+00 0.000000000000000000e+00 0.000000000000000000e+00 0.000000000000000000e+00
0.000000000000000000e+00 0.000000000000000000e+00 0.000000000000000000e+00 0.000000000000000000e+00 0.000000000000000000e+00
0.000000000000000000e+00 0.000000000000000000e+00 0.000000000000000000e+00 0.000000000000000000e+00 0.000000000000000000e+00
0.000000000000000000e+00 0.000000000000000000e+00 0.000000000000000000e+00 0.000000000000000000e+00 0.000000000000000000e+00
0.000000000000000000e+00 0.000000000000000000e+00 0.000000000000000000e+00 0.000000000000000000e+00 0.000000000000000000e+00
0.000000000000000000e+00 0.000000000000000000e+00 0.000000000000000000e+00 0.000000000000000000e+00 0.000000000000000000e+00
0.000000000000000000e+00 0.000000000000000000e+00 0.000000000000000000e+00 0.000000000000000000e+00 0.000000000000000000e+00
0.000000000000000000e+00 0.000000000000000000e+00 0.000000000000000000e+00 0.000000000000000000e+00 0.000000000000000000e+00
0.000000000000000000e+00 0.000000000000000000e+00 0.000000000000000000e+00 0.000000000000000000e+00 0.000000000000000000e+00
0.000000000000000000e+00 0.000000000000000000e+00 0.000000000000000000e+00 0.000000000000000000e+00 0.000000000000000000e+00
0.000000000000000000e+00 0.000000000000000000e+00 0.000000000000000000e+00 0.000000000000000000e+00 0.000000000000000000e+00
0.000000000000000000e+00 0.000000000000000000e+00 0.000000000000000000e+00 0.000000000000000000e+00 0.000000000000000000e+00
0.000000000000000000e+00 0.000000000000000000e+00 0.000000000000000000e+00 0.000000000000000000e+00 0.000000000000000000e+00
0.000000000000000000e+00 0.000000000000000000e+00 0.000000000000000000e+00 0.000000000000000000e+00 0.000000000000000000e+00
0.000000000000000000e+00 0.000000000000000000e+00 0.000000000000000000e+00 0.000000000000000000e+00 0.000000000000000000e+00
0.000000000000000000e+00 0.000000000000000000e+00 0.000000000000000000e+00 0.000000000000000000e+00 0.000000000000000000e+00
0.000000000000000000e+00 0.000000000000000000e+00 0.000000000000000000e+00 0.000000000000000000e+00 0.000000000000000000e+00
0.000000000000000000e+00 0.000000000000000000e+00 0.000000000000000000e+00 0.000000000000000000e+00 0.000000000000000000e+00
0.000000000000000000e+00 0.000000000000000000e+00 0.000000000000000000e+00 0.000000000000000000e+00 0.000000000000000000e+00
0.000000000000000000e+00 0.000000000000000000e+00 0.000000000000000000e+00 0.000000000000000000e+00 0.000000000000000000e+00
0.000000000000000000e+00 0.000000000000000000e+00 0.000000000000000000e+00 0.000000000000000000e+00 0.000000000000000000e+00
0.000000000000000000e+00 0.000000000000000000e+00 0.000000000000000000e+00 0.000000000000000000e+00 0.000000000000000000e+00
0.000000000000000000e+00 0.000000000000000000e+00 0.000000000000000000e+00 0.000000000000000000e+00 0.000000000000000000e+00
0.000000000000000000e+00 0.000000000000000000e+00 0.000000000000000000e+00 0.000000000000000000e+00 0.000000000000000000e+00
0.000000000000000000e+00 0.000000000000000000e+00 0.000000000000000000e+00 0.000000000000000000e+00 0.000000000000000000e+00
0.000000000000000000e+00 0.000000000000000000e+00 0.000000000000000000e+00 0.000000000000000000e+00 0.000000000000000000e+00
0.000000000000000000e+00 0.000000000000000000e+00 0.000000000000000000e+00 0.000000000000000000e+00 0.000000000000000000e+00
0.000000000000000000e+00 0.000000000000000000e+00 0.000000000000000000e+00 0.000000000000000000e+00 0.000000000000000000e+00
0.000000000000000000e+00 0.000000000000000000e+00 0.000000000000000000e+00 0.000000000000000000e+00 0.000000000000000000e+00
0.000000000000000000e+00 0.000000000000000000e+00 0.000000000000000000e+00 0.000000000000000000e+00 0.000000000000000000e+00
0.000000000000000000e+00 0.000000000000000000e+00 0.000000000000000000e+00 0.000000000000000000e+00 0.000000000000000000e+00
0.000000000000000000e+00 0.000000000000000000e+00 0.000000000000000000e+00 0.000000000000000000e+00 0.000000000000000000e+00
0.000000000000000000e+00 0.000000000000000000e+00 0.000000000000000000e+00 0.000000000000000000e+00 0.000000000000000000e+00
0.000000000000000000e+00 0.000000000000000000e+00 0.000000000000000000e+00 0.000000000000000000e+00 0.000000000000000000e+00
0.000000000000000000e+00 0.000000000000000000e+00 0.000000000000000000e+00 0.000000000000000000e+00 0.000000000000000000e+00
0.000000000000000000e+00 0.000000000000000000e+00 0.000000000000000000e+00 0.000000000000000000e+00 0.000000000000000000e+00
0.000000000000000000e+00 0.000000000000000000e+00 0.000000000000000000e+00 0.000000000000000000e+00 0.000000000000000000e+00
0.000000000000000000e+00 0.000000000000000000e+00 0.000000000000000000e+00 0.000000000000000000e+00 0.000000000000000000e+00
0.000000000000000000e+00 0.000000000000000000e+00 0.000000000000000000e+00 0.000000000000000000e+00 0.000000000000000000e+00
0.000000000000000000e+00 0.000000000000000000e+00 0.000000000000000000e+00 0.000000000000000000e+00 0.000000000000000000e+00
0.000000000000000000e+00 0.000000000000000000e+00 0.000000000000000000e+00 0.000000000000000000e+00 0.000000000000000000e+00
0.000000000000000000e+00 0.000000000000000000e+00 0.000000000000000000e+00 0.000000000000000000e+00 0.000000000000000000e+00
0.000000000000000000e+00 0.000000000000000000e+00 0.000000000000000000e+00 0.000000000000000000e+00 0.000000000000000000e+00
0.000000000000000000e+00 0.000000000000000000e+00 0.000000000000000000e+00 0.000000000000000000e+00 0.000000000000000000e+00
0.000000000000000000e+00 0.000000000000000000e+00 0.000000000000000000e+00 0.000000000000000000e+00 0.000000000000000000e+00
0.000000000000000000e+00 0.000000000000000000e+00 0.000000000000000000e+00 0.000000000000000000e+00 0.000000000000000000e+00
0.000000000000000000e+00 0.000000000000000000e+00 0.000000000000000000e+00 0.000000000000000000e+00 0.000000000000000000e+00
0.000000000000000000e+00 0.000000000000000000e+00 0.000000000000000000e+00 0.000000000000000000e+00 0.000000000000000000e+00
0.000000000000000000e+00 0.000000000000000000e+00 0.000000000000000000e+00 0.000000000000000000e+00 0.000000000000000000e+00
0.000000000000000000e+00 0.000000000000000000e+00 0.000000000000000000e+00 0.000000000000000000e+00 0.000000000000000000e+00
0.000000000000000000e+00 0.000000000000000000e+00 0.000000000000000000e+00 0.000000000000000000e+00 0.000000000000000000e+00
0.000000000000000000e+00 0.000000000000000000e+00 0.000000000000000000e+00 0.000000000000000000e+00 0.000000000000000000e+00
0.000000000000000000e+00 0.000000000000000000e+00 0.000000000000000000e+00 0.000000000000000000e+00 0.000000000000000000e+00
0.000000000000000000e+00 0.000000000000000000e+00 0.000000000000000000e+00 0.000000000000000000e+00 0.000000000000000000e+00
