0.000000000000000000e+00 0.000000000000000000e+00 1.000000000000000000e+00 0.000000000000000000e+00 0.000000000000000000e+00
8.719254136085510254e-01 -2.097006887197494507e-01 1.000000000000000000e+00 0.000000000000000000e+00 0.000000000000000000e+00
4.609299302101135254e-01 -2.389956116676330566e-01 1.000000000000000000e+00 0.000000000000000000e+00 0.000000000000000000e+00
1.193609833717346191e-01 -1.679632663726806641e-01 0.000000000000000000e+00 1.000000000000000000e+00 0.000000000000000000e+00
-5.701685547828674316e-01 -3.740448951721191406e-01 1.000000000000000000e+00 0.000000000000000000e+00 0.000000000000000000e+00
5.976846069097518921e-02 1.548342943191528320e+00 1.000000000000000000e+00 0.000000000000000000e+00 0.000000000000000000e+00
-9.784955531358718872e-02 9.333215951919555664e-01 1.000000000000000000e+00 0.000000000000000000e+00 0.000000000000000000e+00
-1.059180498123168945e-01 2.075319439172744751e-01 1.000000000000000000e+00 0.000000000000000000e+00 0.000000000000000000e+00
-1.395685672760009766e-01 6.582868099212646484e-02 1.000000000000000000e+00 0.000000000000000000e+00 0.000000000000000000e+00
-2.002489417791366577e-01 -5.547047406435012817e-02 1.000000000000000000e+00 0.000000000000000000e+00 0.000000000000000000e+00
-3.110277056694030762e-01 -3.699834942817687988e-01 1.000000000000000000e+00 0.000000000000000000e+00 0.000000000000000000e+00
1.847498491406440735e-02 -3.039347231388092041e-01 1.000000000000000000e+00 0.000000000000000000e+00 0.000000000000000000e+00
8.018174171447753906e-01 -5.915989279747009277e-01 1.000000000000000000e+00 0.000000000000000000e+00 0.000000000000000000e+00
2.479280978441238403e-01 -3.135900497436523438e-01 0.000000000000000000e+00 1.000000000000000000e+00 0.000000000000000000e+00
8.479323387145996094e-01 -1.081242203712463379e+00 1.000000000000000000e+00 0.000000000000000000e+00 0.000000000000000000e+00
8.048919439315795898e-01 -1.446628868579864502e-01 1.000000000000000000e+00 0.000000000000000000e+00 0.000000000000000000e+00
2.569241225719451904e-01 7.895308732986450195e-02 1.000000000000000000e+00 0.000000000000000000e+00 0.000000000000000000e+00
-2.949208021163940430e-01 4.906965494155883789e-01 1.000000000000000000e+00 0.000000000000000000e+00 0.000000000000000000e+00
-5.919532775878906250e-01 4.818522930145263672e-01 1.000000000000000000e+00 0.000000000000000000e+00 0.000000000000000000e+00
-3.444597125053405762e-01 6.953792273998260498e-02 1.000000000000000000e+00 0.000000000000000000e+00 0.000000000000000000e+00
-1.936883032321929932e-01 -9.427365660667419434e-02 1.000000000000000000e+00 0.000000000000000000e+00 0.000000000000000000e+00
-3.567608073353767395e-02 -1.536991298198699951e-01 1.000000000000000000e+00 0.000000000000000000e+00 0.000000000000000000e+00
1.262425035238265991e-01 -8.260212838649749756e-03 1.000000000000000000e+00 0.000000000000000000e+00 0.000000000000000000e+00
8.441610634326934814e-02 3.551971316337585449e-01 1.000000000000000000e+00 0.000000000000000000e+00 0.000000000000000000e+00
-2.824718356132507324e-01 1.321788787841796875e+00 1.000000000000000000e+00 0.000000000000000000e+00 0.000000000000000000e+00
-1.252048760652542114e-01 2.933124005794525146e-01 1.000000000000000000e+00 0.000000000000000000e+00 0.000000000000000000e+00
-1.190729513764381409e-01 7.774233818054199219e-02 0.000000000000000000e+00 1.000000000000000000e+00 0.000000000000000000e+00
7.268509864807128906e-01 -1.281076192855834961e+00 1.000000000000000000e+00 0.000000000000000000e+00 0.000000000000000000e+00
8.174015879631042480e-01 -6.658695638179779053e-02 1.000000000000000000e+00 0.000000000000000000e+00 0.000000000000000000e+00
2.703405022621154785e-01 9.933895617723464966e-02 1.000000000000000000e+00 0.000000000000000000e+00 0.000000000000000000e+00
-7.963903546333312988e-01 1.011620998382568359e+00 1.000000000000000000e+00 0.000000000000000000e+00 0.000000000000000000e+00
-3.563181161880493164e-01 2.748022973537445068e-01 1.000000000000000000e+00 0.000000000000000000e+00 0.000000000000000000e+00
-2.870228886604309082e-01 8.918924629688262939e-02 1.000000000000000000e+00 0.000000000000000000e+00 0.000000000000000000e+00
-1.906409114599227905e-01 -1.217843592166900635e-01 0.000000000000000000e+00 1.000000000000000000e+00 0.000000000000000000e+00
3.858371376991271973e-01 -5.316555500030517578e-01 1.000000000000000000e+00 0.000000000000000000e+00 0.000000000000000000e+00
1.145079851150512695e+00 6.356322169303894043e-01 1.000000000000000000e+00 0.000000000000000000e+00 0.000000000000000000e+00
6.247952580451965332e-01 1.694300025701522827e-01 1.000000000000000000e+00 0.000000000000000000e+00 0.000000000000000000e+00
7.130105495452880859e-01 -5.431547760963439941e-03 0.000000000000000000e+00 1.000000000000000000e+00 0.000000000000000000e+00
-2.593817949295043945e+00 -2.991945266723632812e+00 0.000000000000000000e+00 0.000000000000000000e+00 1.000000000000000000e+00
-1.375818997621536255e-01 1.507783174514770508e+00 0.000000000000000000e+00 0.000000000000000000e+00 1.000000000000000000e+00
-1.525486469268798828e+00 -2.028058767318725586e-01 0.000000000000000000e+00 0.000000000000000000e+00 1.000000000000000000e+00
-1.047255635261535645e+00 -3.455031514167785645e-01 0.000000000000000000e+00 0.000000000000000000e+00 1.000000000000000000e+00
-1.105791687965393066e+00 -2.165475487709045410e-01 0.000000000000000000e+00 0.000000000000000000e+00 1.000000000000000000e+00
-1.048489809036254883e+00 -1.780684590339660645e-01 0.000000000000000000e+00 0.000000000000000000e+00 1.000000000000000000e+00
-1.029079556465148926e+00 -1.819303631782531738e-01 0.000000000000000000e+00 0.000000000000000000e+00 1.000000000000000000e+00
-1.006122350692749023e+00 -1.940510272979736328e-01 0.000000000000000000e+00 0.000000000000000000e+00 1.000000000000000000e+00
-9.906728267669677734e-01 -2.107092142105102539e-01 0.000000000000000000e+00 0.000000000000000000e+00 1.000000000000000000e+00
-9.793283939361572266e-01 -2.234410047531127930e-01 0.000000000000000000e+00 0.000000000000000000e+00 1.000000000000000000e+00
-9.688675403594970703e-01 -2.306604981422424316e-01 0.000000000000000000e+00 0.000000000000000000e+00 1.000000000000000000e+00
-9.604333639144897461e-01 -2.254311442375183105e-01 0.000000000000000000e+00 0.000000000000000000e+00 1.000000000000000000e+00
-9.524192810058593750e-01 -2.190247774124145508e-01 0.000000000000000000e+00 0.000000000000000000e+00 1.000000000000000000e+00
-9.445309638977050781e-01 -2.169154882431030273e-01 0.000000000000000000e+00 0.000000000000000000e+00 1.000000000000000000e+00
-9.364125728607177734e-01 -2.213442921638488770e-01 0.000000000000000000e+00 0.000000000000000000e+00 1.000000000000000000e+00
-9.302620887756347656e-01 -2.254003882408142090e-01 0.000000000000000000e+00 0.000000000000000000e+00 1.000000000000000000e+00
-9.250695705413818359e-01 -2.273699641227722168e-01 0.000000000000000000e+00 0.000000000000000000e+00 1.000000000000000000e+00
-9.193725585937500000e-01 -2.286081910133361816e-01 0.000000000000000000e+00 0.000000000000000000e+00 1.000000000000000000e+00
-9.151481389999389648e-01 -2.259201407432556152e-01 0.000000000000000000e+00 0.000000000000000000e+00 1.000000000000000000e+00
-9.118032455444335938e-01 -2.215120196342468262e-01 0.000000000000000000e+00 0.000000000000000000e+00 1.000000000000000000e+00
-9.057469367980957031e-01 -2.215926051139831543e-01 0.000000000000000000e+00 0.000000000000000000e+00 1.000000000000000000e+00
-8.960049152374267578e-01 -2.290613055229187012e-01 0.000000000000000000e+00 0.000000000000000000e+00 1.000000000000000000e+00
-8.878704309463500977e-01 -2.333573698997497559e-01 0.000000000000000000e+00 0.000000000000000000e+00 1.000000000000000000e+00
-8.816957473754882812e-01 -2.310456633567810059e-01 0.000000000000000000e+00 0.000000000000000000e+00 1.000000000000000000e+00
-8.755899667739868164e-01 -2.291262745857238770e-01 0.000000000000000000e+00 0.000000000000000000e+00 1.000000000000000000e+00
-8.702615499496459961e-01 -2.273520231246948242e-01 0.000000000000000000e+00 0.000000000000000000e+00 1.000000000000000000e+00
-8.660631179809570312e-01 -2.279548048973083496e-01 0.000000000000000000e+00 0.000000000000000000e+00 1.000000000000000000e+00
-8.610104322433471680e-01 -2.324542403221130371e-01 0.000000000000000000e+00 0.000000000000000000e+00 1.000000000000000000e+00
-8.565049171447753906e-01 -2.359250783920288086e-01 0.000000000000000000e+00 0.000000000000000000e+00 1.000000000000000000e+00
-8.519700765609741211e-01 -2.383214831352233887e-01 0.000000000000000000e+00 0.000000000000000000e+00 1.000000000000000000e+00
0.000000000000000000e+00 0.000000000000000000e+00 0.000000000000000000e+00 0.000000000000000000e+00 0.000000000000000000e+00
0.000000000000000000e+00 0.000000000000000000e+00 0.000000000000000000e+00 0.000000000000000000e+00 0.000000000000000000e+00
0.000000000000000000e+00 0.000000000000000000e+00 0.000000000000000000e+00 0.000000000000000000e+00 0.000000000000000000e+00
0.000000000000000000e+00 0.000000000000000000e+00 0.000000000000000000e+00 0.000000000000000000e+00 0.000000000000000000e+00
0.000000000000000000e+00 0.000000000000000000e+00 0.000000000000000000e+00 0.000000000000000000e+00 0.000000000000000000e+00
0.000000000000000000e+00 0.000000000000000000e+00 0.000000000000000000e+00 0.000000000000000000e+00 0.000000000000000000e+00
0.000000000000000000e+00 0.000000000000000000e+00 0.000000000000000000e+00 0.000000000000000000e+00 0.000000000000000000e+00
0.000000000000000000e+00 0.000000000000000000e+00 0.000000000000000000e+00 0.000000000000000000e+00 0.000000000000000000e+00
0.000000000000000000e+00 0.000000000000000000e+00 0.000000000000000000e+00 0.000000000000000000e+00 0.000000000000000000e+00
0.000000000000000000e+00 0.000000000000000000e+00 0.000000000000000000e+00 0.000000000000000000e+00 0.000000000000000000e+00
0.000000000000000000e+00 0.000000000000000000e+00 0.000000000000000000e+00 0.000000000000000000e+00 0.000000000000000000e+00
0.000000000000000000e+00 0.000000000000000000e+00 0.000000000000000000e+00 0.000000000000000000e+00 0.000000000000000000e+00
0.000000000000000000e+00 0.000000000000000000e+00 0.000000000000000000e+00 0.000000000000000000e+00 0.000000000000000000e+00
0.000000000000000000e+00 0.000000000000000000e+00 0.000000000000000000e+00 0.000000000000000000e+00 0.000000000000000000e+00
0.000000000000000000e+00 0.000000000000000000e+00 0.000000000000000000e+00 0.000000000000000000e+00 0.000000000000000000e+00
0.000000000000000000e+00 0.000000000000000000e+00 0.000000000000000000e+00 0.000000000000000000e+00 0.000000000000000000e+00
0.000000000000000000e+00 0.000000000000000000e+00 0.000000000000000000e+00 0.000000000000000000e+00 0.000000000000000000e+00
0.000000000000000000e+00 0.000000000000000000e+00 0.000000000000000000e+00 0.000000000000000000e+00 0.000000000000000000e+00
0.000000000000000000e+00 0.000000000000000000e+00 0.000000000000000000e+00 0.000000000000000000e+00 0.000000000000000000e+00
0.000000000000000000e+00 0.000000000000000000e+00 0.000000000000000000e+00 0.000000000000000000e+00 0.000000000000000000e+00
0.000000000000000000e+00 0.000000000000000000e+00 0.000000000000000000e+00 0.000000000000000000e+00 0.000000000000000000e+00
0.000000000000000000e+00 0.000000000000000000e+00 0.000000000000000000e+00 0.000000000000000000e+00 0.000000000000000000e+00
0.000000000000000000e+00 0.000000000000000000e+00 0.000000000000000000e+00 0.000000000000000000e+00 0.000000000000000000e+00
0.000000000000000000e+00 0.000000000000000000e+00 0.000000000000000000e+00 0.000000000000000000e+00 0.000000000000000000e+00
0.000000000000000000e+00 0.000000000000000000e+00 0.000000000000000000e+00 0.000000000000000000e+00 0.000000000000000000e+00
0.000000000000000000e+00 0.000000000000000000e+00 0.000000000000000000e+00 0.000000000000000000e+00 0.000000000000000000e+00
0.000000000000000000e+00 0.000000000000000000e+00 0.000000000000000000e+00 0.000000000000000000e+00 0.000000000000000000e+00
0.000000000000000000e+00 0.000000000000000000e+00 0.000000000000000000e+00 0.000000000000000000e+00 0.000000000000000000e+00
0.000000000000000000e+00 0.000000000000000000e+00 0.000000000000000000e+00 0.000000000000000000e+00 0.000000000000000000e+00
0.000000000000000000e+00 0.000000000000000000e+00 0.000000000000000000e+00 0.000000000000000000e+00 0.000000000000000000e+00
0.000000000000000000e+00 0.000000000000000000e+00 0.000000000000000000e+00 0.000000000000000000e+00 0.000000000000000000e+00
0.000000000000000000e+00 0.000000000000000000e+00 0.000000000000000000e+00 0.000000000000000000e+00 0.000000000000000000e+00
0.000000000000000000e+00 0.000000000000000000e+00 0.000000000000000000e+00 0.000000000000000000e+00 0.000000000000000000e+00
0.000000000000000000e+00 0.000000000000000000e+00 0.000000000000000000e+00 0.000000000000000000e+00 0.000000000000000000e+00
0.000000000000000000e+00 0.000000000000000000e+00 0.000000000000000000e+00 0.000000000000000000e+00 0.000000000000000000e+00
0.000000000000000000e+00 0.000000000000000000e+00 0.000000000000000000e+00 0.000000000000000000e+00 0.000000000000000000e+00
0.000000000000000000e+00 0.000000000000000000e+00 0.000000000000000000e+00 0.000000000000000000e+00 0.000000000000000000e+00
0.000000000000000000e+00 0.000000000000000000e+00 0.000000000000000000e+00 0.000000000000000000e+00 0.000000000000000000e+00
0.000000000000000000e+00 0.000000000000000000e+00 0.000000000000000000e+00 0.000000000000000000e+00 0.000000000000000000e+00
0.000000000000000000e+00 0.000000000000000000e+00 0.000000000000000000e+00 0.000000000000000000e+00 0.000000000000000000e+00
0.000000000000000000e+00 0.000000000000000000e+00 0.000000000000000000e+00 0.000000000000000000e+00 0.000000000000000000e+00
0.000000000000000000e+00 0.000000000000000000e+00 0.000000000000000000e+00 0.000000000000000000e+00 0.000000000000000000e+00
0.000000000000000000e+00 0.000000000000000000e+00 0.000000000000000000e+00 0.000000000000000000e+00 0.000000000000000000e+00
0.000000000000000000e+00 0.000000000000000000e+00 0.000000000000000000e+00 0.000000000000000000e+00 0.000000000000000000e+00
0.000000000000000000e+00 0.000000000000000000e+00 0.000000000000000000e+00 0.000000000000000000e+00 0.000000000000000000e+00
0.000000000000000000e+00 0.000000000000000000e+00 0.000000000000000000e+00 0.000000000000000000e+00 0.000000000000000000e+00
0.000000000000000000e+00 0.000000000000000000e+00 0.000000000000000000e+00 0.000000000000000000e+00 0.000000000000000000e+00
0.000000000000000000e+00 0.000000000000000000e+00 0.000000000000000000e+00 0.000000000000000000e+00 0.000000000000000000e+00
0.000000000000000000e+00 0.000000000000000000e+00 0.000000000000000000e+00 0.000000000000000000e+00 0.000000000000000000e+00
0.000000000000000000e+00 0.000000000000000000e+00 0.000000000000000000e+00 0.000000000000000000e+00 0.000000000000000000e+00
0.000000000000000000e+00 0.000000000000000000e+00 0.000000000000000000e+00 0.000000000000000000e+00 0.000000000000000000e+00
0.000000000000000000e+00 0.000000000000000000e+00 0.000000000000000000e+00 0.000000000000000000e+00 0.000000000000000000e+00
0.000000000000000000e+00 0.000000000000000000e+00 0.000000000000000000e+00 0.000000000000000000e+00 0.000000000000000000e+00
