0.000000000000000000e+00 0.000000000000000000e+00 1.000000000000000000e+00 0.000000000000000000e+00 0.000000000000000000e+00
8.201264739036560059e-01 -2.022336721420288086e-01 1.000000000000000000e+00 0.000000000000000000e+00 0.000000000000000000e+00
4.116717576980590820e-01 -2.107982635498046875e-01 1.000000000000000000e+00 0.000000000000000000e+00 0.000000000000000000e+00
1.057936996221542358e-01 -1.512520909309387207e-01 0.000000000000000000e+00 1.000000000000000000e+00 0.000000000000000000e+00
-5.499198436737060547e-01 -3.685200810432434082e-01 1.000000000000000000e+00 0.000000000000000000e+00 0.000000000000000000e+00
1.436730772256851196e-01 6.995518207550048828e-01 1.000000000000000000e+00 0.000000000000000000e+00 0.000000000000000000e+00
-3.728063311427831650e-03 9.771105051040649414e-01 1.000000000000000000e+00 0.000000000000000000e+00 0.000000000000000000e+00
-6.848214566707611084e-02 3.262670040130615234e-01 1.000000000000000000e+00 0.000000000000000000e+00 0.000000000000000000e+00
-1.239422038197517395e-01 1.872942000627517700e-01 1.000000000000000000e+00 0.000000000000000000e+00 0.000000000000000000e+00
-1.518029868602752686e-01 6.791853904724121094e-02 1.000000000000000000e+00 0.000000000000000000e+00 0.000000000000000000e+00
-1.830052435398101807e-01 -5.260217562317848206e-02 1.000000000000000000e+00 0.000000000000000000e+00 0.000000000000000000e+00
-1.518970578908920288e-01 -1.814105212688446045e-01 1.000000000000000000e+00 0.000000000000000000e+00 0.000000000000000000e+00
-3.418720886111259460e-02 -2.247655242681503296e-01 1.000000000000000000e+00 0.000000000000000000e+00 0.000000000000000000e+00
8.517251908779144287e-02 -2.080257833003997803e-01 1.000000000000000000e+00 0.000000000000000000e+00 0.000000000000000000e+00
7.472265958786010742e-01 -6.438962817192077637e-01 0.000000000000000000e+00 1.000000000000000000e+00 0.000000000000000000e+00
1.216461658477783203e+00 -1.531073689460754395e+00 1.000000000000000000e+00 0.000000000000000000e+00 0.000000000000000000e+00
-5.633597373962402344e-01 9.669397473335266113e-01 1.000000000000000000e+00 0.000000000000000000e+00 0.000000000000000000e+00
-4.698931574821472168e-01 5.687685012817382812e-01 1.000000000000000000e+00 0.000000000000000000e+00 0.000000000000000000e+00
-2.891871035099029541e-01 1.900459527969360352e-01 0.000000000000000000e+00 1.000000000000000000e+00 0.000000000000000000e+00
8.539533615112304688e-01 -8.055924177169799805e-01 1.000000000000000000e+00 0.000000000000000000e+00 0.000000000000000000e+00
8.204528689384460449e-01 -1.644400358200073242e-01 1.000000000000000000e+00 0.000000000000000000e+00 0.000000000000000000e+00
3.151474595069885254e-01 5.255724489688873291e-02 1.000000000000000000e+00 0.000000000000000000e+00 0.000000000000000000e+00
3.125890716910362244e-02 2.996968328952789307e-01 1.000000000000000000e+00 0.000000000000000000e+00 0.000000000000000000e+00
-1.644840836524963379e-01 5.397681593894958496e-01 1.000000000000000000e+00 0.000000000000000000e+00 0.000000000000000000e+00
-1.515235900878906250e-01 2.629068493843078613e-01 1.000000000000000000e+00 0.000000000000000000e+00 0.000000000000000000e+00
-1.958656609058380127e-01 1.811241060495376587e-01 0.000000000000000000e+00 1.000000000000000000e+00 0.000000000000000000e+00
-3.797527253627777100e-01 -6.406199932098388672e-01 1.000000000000000000e+00 0.000000000000000000e+00 0.000000000000000000e+00
3.144454658031463623e-01 1.846903562545776367e-02 1.000000000000000000e+00 0.000000000000000000e+00 0.000000000000000000e+00
-3.642580211162567139e-01 5.089777112007141113e-01 1.000000000000000000e+00 0.000000000000000000e+00 0.000000000000000000e+00
2.633558511734008789e-01 -8.139687776565551758e-02 1.000000000000000000e+00 0.000000000000000000e+00 0.000000000000000000e+00
8.229562640190124512e-02 -1.020908132195472717e-01 0.000000000000000000e+00 1.000000000000000000e+00 0.000000000000000000e+00
-4.929669499397277832e-01 -1.592674851417541504e-01 1.000000000000000000e+00 0.000000000000000000e+00 0.000000000000000000e+00
-1.140384376049041748e-01 8.825162053108215332e-01 1.000000000000000000e+00 0.000000000000000000e+00 0.000000000000000000e+00
5.827249586582183838e-02 2.102615535259246826e-01 1.000000000000000000e+00 0.000000000000000000e+00 0.000000000000000000e+00
1.473545432090759277e-01 1.346223354339599609e-01 1.000000000000000000e+00 0.000000000000000000e+00 0.000000000000000000e+00
3.975942730903625488e-01 1.041335090994834900e-01 1.000000000000000000e+00 0.000000000000000000e+00 0.000000000000000000e+00
1.135493278503417969e+00 -9.097105264663696289e-02 1.000000000000000000e+00 0.000000000000000000e+00 0.000000000000000000e+00
4.222490787506103516e-01 -1.363825500011444092e-01 1.000000000000000000e+00 0.000000000000000000e+00 0.000000000000000000e+00
-4.333917498588562012e-01 -1.016441822052001953e+00 1.000000000000000000e+00 0.000000000000000000e+00 0.000000000000000000e+00
-3.489671349525451660e-01 -5.012073516845703125e-01 0.000000000000000000e+00 1.000000000000000000e+00 0.000000000000000000e+00
-1.479431867599487305e+00 -6.749179959297180176e-01 0.000000000000000000e+00 0.000000000000000000e+00 1.000000000000000000e+00
-6.250028610229492188e-01 4.969325661659240723e-01 0.000000000000000000e+00 0.000000000000000000e+00 1.000000000000000000e+00
-1.430332183837890625e+00 -2.511543631553649902e-01 0.000000000000000000e+00 0.000000000000000000e+00 1.000000000000000000e+00
-9.509268999099731445e-01 -7.021236419677734375e-02 0.000000000000000000e+00 0.000000000000000000e+00 1.000000000000000000e+00
-1.130217432975769043e+00 -2.203272581100463867e-01 0.000000000000000000e+00 0.000000000000000000e+00 1.000000000000000000e+00
-1.012227654457092285e+00 -2.140780091285705566e-01 0.000000000000000000e+00 0.000000000000000000e+00 1.000000000000000000e+00
-1.021994113922119141e+00 -2.708638310432434082e-01 0.000000000000000000e+00 0.000000000000000000e+00 1.000000000000000000e+00
-9.890131950378417969e-01 -2.589183449745178223e-01 0.000000000000000000e+00 0.000000000000000000e+00 1.000000000000000000e+00
-9.858844280242919922e-01 -2.573325037956237793e-01 0.000000000000000000e+00 0.000000000000000000e+00 1.000000000000000000e+00
-9.792610406875610352e-01 -2.430151700973510742e-01 0.000000000000000000e+00 0.000000000000000000e+00 1.000000000000000000e+00
-9.728100299835205078e-01 -2.332286834716796875e-01 0.000000000000000000e+00 0.000000000000000000e+00 1.000000000000000000e+00
-9.647904634475708008e-01 -2.278479933738708496e-01 0.000000000000000000e+00 0.000000000000000000e+00 1.000000000000000000e+00
-9.574273824691772461e-01 -2.267351150512695312e-01 0.000000000000000000e+00 0.000000000000000000e+00 1.000000000000000000e+00
-9.503120183944702148e-01 -2.252836823463439941e-01 0.000000000000000000e+00 0.000000000000000000e+00 1.000000000000000000e+00
-9.448602199554443359e-01 -2.232705950736999512e-01 0.000000000000000000e+00 0.000000000000000000e+00 1.000000000000000000e+00
-9.394782781600952148e-01 -2.219366431236267090e-01 0.000000000000000000e+00 0.000000000000000000e+00 1.000000000000000000e+00
-9.335519075393676758e-01 -2.197419404983520508e-01 0.000000000000000000e+00 0.000000000000000000e+00 1.000000000000000000e+00
-9.264993667602539062e-01 -2.177382111549377441e-01 0.000000000000000000e+00 0.000000000000000000e+00 1.000000000000000000e+00
-9.181399345397949219e-01 -2.157490849494934082e-01 0.000000000000000000e+00 0.000000000000000000e+00 1.000000000000000000e+00
-9.107394218444824219e-01 -2.156926989555358887e-01 0.000000000000000000e+00 0.000000000000000000e+00 1.000000000000000000e+00
-9.052772521972656250e-01 -2.149429321289062500e-01 0.000000000000000000e+00 0.000000000000000000e+00 1.000000000000000000e+00
-9.005162715911865234e-01 -2.136557698249816895e-01 0.000000000000000000e+00 0.000000000000000000e+00 1.000000000000000000e+00
-8.950520753860473633e-01 -2.099888920783996582e-01 0.000000000000000000e+00 0.000000000000000000e+00 1.000000000000000000e+00
-8.902949094772338867e-01 -2.059183716773986816e-01 0.000000000000000000e+00 0.000000000000000000e+00 1.000000000000000000e+00
-8.871746063232421875e-01 -2.021719813346862793e-01 0.000000000000000000e+00 0.000000000000000000e+00 1.000000000000000000e+00
-8.826478719711303711e-01 -2.029820084571838379e-01 0.000000000000000000e+00 0.000000000000000000e+00 1.000000000000000000e+00
-8.773708343505859375e-01 -2.066166996955871582e-01 0.000000000000000000e+00 0.000000000000000000e+00 1.000000000000000000e+00
-8.727154731750488281e-01 -2.093676924705505371e-01 0.000000000000000000e+00 0.000000000000000000e+00 1.000000000000000000e+00
-8.683640956878662109e-01 -2.079966664314270020e-01 0.000000000000000000e+00 0.000000000000000000e+00 1.000000000000000000e+00
-8.646942377090454102e-01 -2.041634917259216309e-01 0.000000000000000000e+00 0.000000000000000000e+00 1.000000000000000000e+00
0.000000000000000000e+00 0.000000000000000000e+00 0.000000000000000000e+00 0.000000000000000000e+00 0.000000000000000000e+00
0.000000000000000000e+00 0.000000000000000000e+00 0.000000000000000000e+00 0.000000000000000000e+00 0.000000000000000000e+00
0.000000000000000000e+00 0.000000000000000000e+00 0.000000000000000000e+00 0.000000000000000000e+00 0.000000000000000000e+00
0.000000000000000000e+00 0.000000000000000000e+00 0.000000000000000000e+00 0.000000000000000000e+00 0.000000000000000000e+00
0.000000000000000000e+00 0.000000000000000000e+00 0.000000000000000000e+00 0.000000000000000000e+00 0.000000000000000000e+00
0.000000000000000000e+00 0.000000000000000000e+00 0.000000000000000000e+00 0.000000000000000000e+00 0.000000000000000000e+00
0.000000000000000000e+00 0.000000000000000000e+00 0.000000000000000000e+00 0.000000000000000000e+00 0.000000000000000000e+00
0.000000000000000000e+00 0.000000000000000000e+00 0.000000000000000000e+00 0.000000000000000000e+00 0.000000000000000000e+00
0.000000000000000000e+00 0.000000000000000000e+00 0.000000000000000000e+00 0.000000000000000000e+00 0.000000000000000000e+00
0.000000000000000000e+00 0.000000000000000000e+00 0.000000000000000000e+00 0.000000000000000000e+00 0.000000000000000000e+00
0.000000000000000000e+00 0.000000000000000000e+00 0.000000000000000000e+00 0.000000000000000000e+00 0.000000000000000000e+00
0.000000000000000000e+00 0.000000000000000000e+00 0.000000000000000000e+00 0.000000000000000000e+00 0.000000000000000000e+00
0.000000000000000000e+00 0.000000000000000000e+00 0.000000000000000000e+00 0.000000000000000000e+00 0.000000000000000000e+00
0.000000000000000000e+00 0.000000000000000000e+00 0.000000000000000000e+00 0.000000000000000000e+00 0.000000000000000000e+00
0.000000000000000000e+00 0.000000000000000000e+00 0.000000000000000000e+00 0.000000000000000000e+00 0.000000000000000000e+00
0.000000000000000000e+00 0.000000000000000000e+00 0.000000000000000000e+00 0.000000000000000000e+00 0.000000000000000000e+00
0.000000000000000000e+00 0.000000000000000000e+00 0.000000000000000000e+00 0.000000000000000000e+00 0.000000000000000000e+00
0.000000000000000000e+00 0.000000000000000000e+00 0.000000000000000000e+00 0.000000000000000000e+00 0.000000000000000000e+00
0.000000000000000000e+00 0.000000000000000000e+00 0.000000000000000000e+00 0.000000000000000000e+00 0.000000000000000000e+00
0.000000000000000000e+00 0.000000000000000000e+00 0.000000000000000000e+00 0.000000000000000000e+00 0.000000000000000000e+00
0.000000000000000000e+00 0.000000000000000000e+00 0.000000000000000000e+00 0.000000000000000000e+00 0.000000000000000000e+00
0.000000000000000000e+00 0.000000000000000000e+00 0.000000000000000000e+00 0.000000000000000000e+00 0.000000000000000000e+00
0.000000000000000000e+00 0.000000000000000000e+00 0.000000000000000000e+00 0.000000000000000000e+00 0.000000000000000000e+00
0.000000000000000000e+00 0.000000000000000000e+00 0.000000000000000000e+00 0.000000000000000000e+00 0.000000000000000000e+00
0.000000000000000000e+00 0.000000000000000000e+00 0.000000000000000000e+00 0.000000000000000000e+00 0.000000000000000000e+00
0.000000000000000000e+00 0.000000000000000000e+00 0.000000000000000000e+00 0.000000000000000000e+00 0.000000000000000000e+00
0.000000000000000000e+00 0.000000000000000000e+00 0.000000000000000000e+00 0.000000000000000000e+00 0.000000000000000000e+00
0.000000000000000000e+00 0.000000000000000000e+00 0.000000000000000000e+00 0.000000000000000000e+00 0.000000000000000000e+00
0.000000000000000000e+00 0.000000000000000000e+00 0.000000000000000000e+00 0.000000000000000000e+00 0.000000000000000000e+00
0.000000000000000000e+00 0.000000000000000000e+00 0.000000000000000000e+00 0.000000000000000000e+00 0.000000000000000000e+00
0.000000000000000000e+00 0.000000000000000000e+00 0.000000000000000000e+00 0.000000000000000000e+00 0.000000000000000000e+00
0.000000000000000000e+00 0.000000000000000000e+00 0.000000000000000000e+00 0.000000000000000000e+00 0.000000000000000000e+00
0.000000000000000000e+00 0.000000000000000000e+00 0.000000000000000000e+00 0.000000000000000000e+00 0.000000000000000000e+00
0.000000000000000000e+00 0.000000000000000000e+00 0.000000000000000000e+00 0.000000000000000000e+00 0.000000000000000000e+00
0.000000000000000000e+00 0.000000000000000000e+00 0.000000000000000000e+00 0.000000000000000000e+00 0.000000000000000000e+00
0.000000000000000000e+00 0.000000000000000000e+00 0.000000000000000000e+00 0.000000000000000000e+00 0.000000000000000000e+00
0.000000000000000000e+00 0.000000000000000000e+00 0.000000000000000000e+00 0.000000000000000000e+00 0.000000000000000000e+00
0.000000000000000000e+00 0.000000000000000000e+00 0.000000000000000000e+00 0.000000000000000000e+00 0.000000000000000000e+00
0.000000000000000000e+00 0.000000000000000000e+00 0.000000000000000000e+00 0.000000000000000000e+00 0.000000000000000000e+00
0.000000000000000000e+00 0.000000000000000000e+00 0.000000000000000000e+00 0.000000000000000000e+00 0.000000000000000000e+00
0.000000000000000000e+00 0.000000000000000000e+00 0.000000000000000000e+00 0.000000000000000000e+00 0.000000000000000000e+00
0.000000000000000000e+00 0.000000000000000000e+00 0.000000000000000000e+00 0.000000000000000000e+00 0.000000000000000000e+00
0.000000000000000000e+00 0.000000000000000000e+00 0.000000000000000000e+00 0.000000000000000000e+00 0.000000000000000000e+00
0.000000000000000000e+00 0.000000000000000000e+00 0.000000000000000000e+00 0.000000000000000000e+00 0.000000000000000000e+00
0.000000000000000000e+00 0.000000000000000000e+00 0.000000000000000000e+00 0.000000000000000000e+00 0.000000000000000000e+00
0.000000000000000000e+00 0.000000000000000000e+00 0.000000000000000000e+00 0.000000000000000000e+00 0.000000000000000000e+00
0.000000000000000000e+00 0.000000000000000000e+00 0.000000000000000000e+00 0.000000000000000000e+00 0.000000000000000000e+00
0.000000000000000000e+00 0.000000000000000000e+00 0.000000000000000000e+00 0.000000000000000000e+00 0.000000000000000000e+00
0.000000000000000000e+00 0.000000000000000000e+00 0.000000000000000000e+00 0.000000000000000000e+00 0.000000000000000000e+00
0.000000000000000000e+00 0.000000000000000000e+00 0.000000000000000000e+00 0.000000000000000000e+00 0.000000000000000000e+00
0.000000000000000000e+00 0.000000000000000000e+00 0.000000000000000000e+00 0.000000000000000000e+00 0.000000000000000000e+00
