0.000000000000000000e+00 0.000000000000000000e+00 1.000000000000000000e+00 0.000000000000000000e+00 0.000000000000000000e+00
7.437996864318847656e-01 -1.783143877983093262e-01 1.000000000000000000e+00 0.000000000000000000e+00 0.000000000000000000e+00
3.666308820247650146e-01 -1.833812892436981201e-01 1.000000000000000000e+00 0.000000000000000000e+00 0.000000000000000000e+00
8.886474370956420898e-02 -1.319450139999389648e-01 0.000000000000000000e+00 1.000000000000000000e+00 0.000000000000000000e+00
-5.196005105972290039e-01 -3.995924592018127441e-01 1.000000000000000000e+00 0.000000000000000000e+00 0.000000000000000000e+00
1.423540115356445312e-01 6.537919640541076660e-01 1.000000000000000000e+00 0.000000000000000000e+00 0.000000000000000000e+00
5.993998143821954727e-03 9.247380495071411133e-01 1.000000000000000000e+00 0.000000000000000000e+00 0.000000000000000000e+00
-1.160665377974510193e-01 5.953563451766967773e-01 1.000000000000000000e+00 0.000000000000000000e+00 0.000000000000000000e+00
-1.078717038035392761e-01 1.232153475284576416e-01 1.000000000000000000e+00 0.000000000000000000e+00 0.000000000000000000e+00
-1.313211768865585327e-01 2.150380797684192657e-02 1.000000000000000000e+00 0.000000000000000000e+00 0.000000000000000000e+00
-3.023481369018554688e-01 -2.060563117265701294e-01 1.000000000000000000e+00 0.000000000000000000e+00 0.000000000000000000e+00
-8.937077224254608154e-02 -3.136057853698730469e-01 1.000000000000000000e+00 0.000000000000000000e+00 0.000000000000000000e+00
6.391222476959228516e-01 -3.890207409858703613e-01 1.000000000000000000e+00 0.000000000000000000e+00 0.000000000000000000e+00
2.319371998310089111e-01 -2.564783096313476562e-01 0.000000000000000000e+00 1.000000000000000000e+00 0.000000000000000000e+00
8.380399942398071289e-01 -8.130717277526855469e-01 1.000000000000000000e+00 0.000000000000000000e+00 0.000000000000000000e+00
6.155683398246765137e-01 -1.691526323556900024e-01 1.000000000000000000e+00 0.000000000000000000e+00 0.000000000000000000e+00
5.534704923629760742e-01 -2.699383795261383057e-01 0.000000000000000000e+00 1.000000000000000000e+00 0.000000000000000000e+00
-3.553728163242340088e-01 -3.302513659000396729e-01 1.000000000000000000e+00 0.000000000000000000e+00 0.000000000000000000e+00
1.558597683906555176e-01 6.566818952560424805e-01 1.000000000000000000e+00 0.000000000000000000e+00 0.000000000000000000e+00
5.074186716228723526e-03 8.587962388992309570e-01 1.000000000000000000e+00 0.000000000000000000e+00 0.000000000000000000e+00
-1.179748326539993286e-01 6.261610984802246094e-01 1.000000000000000000e+00 0.000000000000000000e+00 0.000000000000000000e+00
-1.014918833971023560e-01 1.151678562164306641e-01 1.000000000000000000e+00 0.000000000000000000e+00 0.000000000000000000e+00
-1.293691098690032959e-01 1.492301933467388153e-02 1.000000000000000000e+00 0.000000000000000000e+00 0.000000000000000000e+00
-1.780417412519454956e-01 -1.013155207037925720e-01 1.000000000000000000e+00 0.000000000000000000e+00 0.000000000000000000e+00
-1.487311571836471558e-01 -2.491609454154968262e-01 1.000000000000000000e+00 0.000000000000000000e+00 0.000000000000000000e+00
-1.357679720968008041e-02 -2.385157495737075806e-01 1.000000000000000000e+00 0.000000000000000000e+00 0.000000000000000000e+00
9.353761374950408936e-02 -1.504393368959426880e-01 1.000000000000000000e+00 0.000000000000000000e+00 0.000000000000000000e+00
3.592601418495178223e-01 -1.272508054971694946e-01 0.000000000000000000e+00 1.000000000000000000e+00 0.000000000000000000e+00
-1.212593197822570801e+00 -1.136061787605285645e+00 1.000000000000000000e+00 0.000000000000000000e+00 0.000000000000000000e+00
1.416210681200027466e-01 9.134747087955474854e-02 1.000000000000000000e+00 0.000000000000000000e+00 0.000000000000000000e+00
3.024162352085113525e-02 1.469108462333679199e-01 0.000000000000000000e+00 1.000000000000000000e+00 0.000000000000000000e+00
-2.263340353965759277e-01 4.476032555103302002e-01 1.000000000000000000e+00 0.000000000000000000e+00 0.000000000000000000e+00
1.737578511238098145e-01 8.507708460092544556e-02 1.000000000000000000e+00 0.000000000000000000e+00 0.000000000000000000e+00
2.560395933687686920e-02 2.471137344837188721e-01 1.000000000000000000e+00 0.000000000000000000e+00 0.000000000000000000e+00
-2.083436846733093262e-01 4.792128205299377441e-01 1.000000000000000000e+00 0.000000000000000000e+00 0.000000000000000000e+00
3.257390558719635010e-01 3.458734154701232910e-01 1.000000000000000000e+00 0.000000000000000000e+00 0.000000000000000000e+00
2.434511482715606689e-02 1.621395647525787354e-01 1.000000000000000000e+00 0.000000000000000000e+00 0.000000000000000000e+00
-2.720767557621002197e-01 3.229761123657226562e-01 1.000000000000000000e+00 0.000000000000000000e+00 0.000000000000000000e+00
-3.031852841377258301e-01 1.252070069313049316e-01 1.000000000000000000e+00 0.000000000000000000e+00 0.000000000000000000e+00
2.281265974044799805e+00 1.458418816328048706e-01 1.000000000000000000e+00 0.000000000000000000e+00 0.000000000000000000e+00
6.896493434906005859e-01 -2.635338902473449707e-02 1.000000000000000000e+00 0.000000000000000000e+00 0.000000000000000000e+00
6.229174137115478516e-01 -1.159900650382041931e-01 0.000000000000000000e+00 1.000000000000000000e+00 0.000000000000000000e+00
-2.771625757217407227e+00 -2.474625110626220703e+00 0.000000000000000000e+00 0.000000000000000000e+00 1.000000000000000000e+00
4.430118501186370850e-01 6.079136133193969727e-01 0.000000000000000000e+00 0.000000000000000000e+00 1.000000000000000000e+00
-1.449019432067871094e+00 2.507269382476806641e-02 0.000000000000000000e+00 0.000000000000000000e+00 1.000000000000000000e+00
-8.472868204116821289e-01 -2.414084076881408691e-01 0.000000000000000000e+00 0.000000000000000000e+00 1.000000000000000000e+00
-1.013267874717712402e+00 -2.994411587715148926e-01 0.000000000000000000e+00 0.000000000000000000e+00 1.000000000000000000e+00
-9.327992200851440430e-01 -3.628062605857849121e-01 0.000000000000000000e+00 0.000000000000000000e+00 1.000000000000000000e+00
-9.331645965576171875e-01 -4.071791768074035645e-01 0.000000000000000000e+00 0.000000000000000000e+00 1.000000000000000000e+00
-9.112384319305419922e-01 -4.089717268943786621e-01 0.000000000000000000e+00 0.000000000000000000e+00 1.000000000000000000e+00
-8.966028690338134766e-01 -3.946961760520935059e-01 0.000000000000000000e+00 0.000000000000000000e+00 1.000000000000000000e+00
-8.846669197082519531e-01 -3.855760693550109863e-01 0.000000000000000000e+00 0.000000000000000000e+00 1.000000000000000000e+00
-8.763158321380615234e-01 -3.856728672981262207e-01 0.000000000000000000e+00 0.000000000000000000e+00 1.000000000000000000e+00
-8.719359636306762695e-01 -3.814857602119445801e-01 0.000000000000000000e+00 0.000000000000000000e+00 1.000000000000000000e+00
-8.728038072586059570e-01 -3.762418627738952637e-01 0.000000000000000000e+00 0.000000000000000000e+00 1.000000000000000000e+00
-8.723925352096557617e-01 -3.688413500785827637e-01 0.000000000000000000e+00 0.000000000000000000e+00 1.000000000000000000e+00
-8.644626140594482422e-01 -3.611825108528137207e-01 0.000000000000000000e+00 0.000000000000000000e+00 1.000000000000000000e+00
0.000000000000000000e+00 0.000000000000000000e+00 0.000000000000000000e+00 0.000000000000000000e+00 0.000000000000000000e+00
0.000000000000000000e+00 0.000000000000000000e+00 0.000000000000000000e+00 0.000000000000000000e+00 0.000000000000000000e+00
0.000000000000000000e+00 0.000000000000000000e+00 0.000000000000000000e+00 0.000000000000000000e+00 0.000000000000000000e+00
0.000000000000000000e+00 0.000000000000000000e+00 0.000000000000000000e+00 0.000000000000000000e+00 0.000000000000000000e+00
0.000000000000000000e+00 0.000000000000000000e+00 0.000000000000000000e+00 0.000000000000000000e+00 0.000000000000000000e+00
0.000000000000000000e+00 0.000000000000000000e+00 0.000000000000000000e+00 0.000000000000000000e+00 0.000000000000000000e+00
0.000000000000000000e+00 0.000000000000000000e+00 0.000000000000000000e+00 0.000000000000000000e+00 0.000000000000000000e+00
0.000000000000000000e+00 0.000000000000000000e+00 0.000000000000000000e+00 0.000000000000000000e+00 0.000000000000000000e+00
0.000000000000000000e+00 0.000000000000000000e+00 0.000000000000000000e+00 0.000000000000000000e+00 0.000000000000000000e+00
0.000000000000000000e+00 0.000000000000000000e+00 0.000000000000000000e+00 0.000000000000000000e+00 0.000000000000000000e+00
0.000000000000000000e+00 0.000000000000000000e+00 0.000000000000000000e+00 0.000000000000000000e+00 0.000000000000000000e+00
0.000000000000000000e+00 0.000000000000000000e+00 0.000000000000000000e+00 0.000000000000000000e+00 0.000000000000000000e+00
0.000000000000000000e+00 0.000000000000000000e+00 0.000000000000000000e+00 0.000000000000000000e+00 0.000000000000000000e+00
0.000000000000000000e+00 0.000000000000000000e+00 0.000000000000000000e+00 0.000000000000000000e+00 0.000000000000000000e+00
0.000000000000000000e+00 0.000000000000000000e+00 0.000000000000000000e+00 0.000000000000000000e+00 0.000000000000000000e+00
0.000000000000000000e+00 0.000000000000000000e+00 0.000000000000000000e+00 0.000000000000000000e+00 0.000000000000000000e+00
0.000000000000000000e+00 0.000000000000000000e+00 0.000000000000000000e+00 0.000000000000000000e+00 0.000000000000000000e+00
0.000000000000000000e+00 0.000000000000000000e+00 0.000000000000000000e+00 0.000000000000000000e+00 0.000000000000000000e+00
0.000000000000000000e+00 0.000000000000000000e+00 0.000000000000000000e+00 0.000000000000000000e+00 0.000000000000000000e+00
0.000000000000000000e+00 0.000000000000000000e+00 0.000000000000000000e+00 0.000000000000000000e+00 0.000000000000000000e+00
0.000000000000000000e+00 0.000000000000000000e+00 0.000000000000000000e+00 0.000000000000000000e+00 0.000000000000000000e+00
0.000000000000000000e+00 0.000000000000000000e+00 0.000000000000000000e+00 0.000000000000000000e+00 0.000000000000000000e+00
0.000000000000000000e+00 0.000000000000000000e+00 0.000000000000000000e+00 0.000000000000000000e+00 0.000000000000000000e+00
0.000000000000000000e+00 0.000000000000000000e+00 0.000000000000000000e+00 0.000000000000000000e+00 0.000000000000000000e+00
0.000000000000000000e+00 0.000000000000000000e+00 0.000000000000000000e+00 0.000000000000000000e+00 0.000000000000000000e+00
0.000000000000000000e+00 0.000000000000000000e+00 0.000000000000000000e+00 0.000000000000000000e+00 0.000000000000000000e+00
0.000000000000000000e+00 0.000000000000000000e+00 0.000000000000000000e+00 0.000000000000000000e+00 0.000000000000000000e+00
0.000000000000000000e+00 0.000000000000000000e+00 0.000000000000000000e+00 0.000000000000000000e+00 0.000000000000000000e+00
0.000000000000000000e+00 0.000000000000000000e+00 0.000000000000000000e+00 0.000000000000000000e+00 0.000000000000000000e+00
0.000000000000000000e+00 0.000000000000000000e+00 0.000000000000000000e+00 0.000000000000000000e+00 0.000000000000000000e+00
0.000000000000000000e+00 0.000000000000000000e+00 0.000000000000000000e+00 0.000000000000000000e+00 0.000000000000000000e+00
0.000000000000000000e+00 0.000000000000000000e+00 0.000000000000000000e+00 0.000000000000000000e+00 0.000000000000000000e+00
0.000000000000000000e+00 0.000000000000000000e+00 0.000000000000000000e+00 0.000000000000000000e+00 0.000000000000000000e+00
0.000000000000000000e+00 0.000000000000000000e+00 0.000000000000000000e+00 0.000000000000000000e+00 0.000000000000000000e+00
0.000000000000000000e+00 0.000000000000000000e+00 0.000000000000000000e+00 0.000000000000000000e+00 0.000000000000000000e+00
0.000000000000000000e+00 0.000000000000000000e+00 0.000000000000000000e+00 0.000000000000000000e+00 0.000000000000000000e+00
0.000000000000000000e+00 0.000000000000000000e+00 0.000000000000000000e+00 0.000000000000000000e+00 0.000000000000000000e+00
0.000000000000000000e+00 0.000000000000000000e+00 0.000000000000000000e+00 0.000000000000000000e+00 0.000000000000000000e+00
0.000000000000000000e+00 0.000000000000000000e+00 0.000000000000000000e+00 0.000000000000000000e+00 0.000000000000000000e+00
0.000000000000000000e+00 0.000000000000000000e+00 0.000000000000000000e+00 0.000000000000000000e+00 0.000000000000000000e+00
0.000000000000000000e+00 0.000000000000000000e+00 0.000000000000000000e+00 0.000000000000000000e+00 0.000000000000000000e+00
0.000000000000000000e+00 0.000000000000000000e+00 0.000000000000000000e+00 0.000000000000000000e+00 0.000000000000000000e+00
0.000000000000000000e+00 0.000000000000000000e+00 0.000000000000000000e+00 0.000000000000000000e+00 0.000000000000000000e+00
0.000000000000000000e+00 0.000000000000000000e+00 0.000000000000000000e+00 0.000000000000000000e+00 0.000000000000000000e+00
0.000000000000000000e+00 0.000000000000000000e+00 0.000000000000000000e+00 0.000000000000000000e+00 0.000000000000000000e+00
0.000000000000000000e+00 0.000000000000000000e+00 0.000000000000000000e+00 0.000000000000000000e+00 0.000000000000000000e+00
0.000000000000000000e+00 0.000000000000000000e+00 0.000000000000000000e+00 0.000000000000000000e+00 0.000000000000000000e+00
0.000000000000000000e+00 0.000000000000000000e+00 0.000000000000000000e+00 0.000000000000000000e+00 0.000000000000000000e+00
0.000000000000000000e+00 0.000000000000000000e+00 0.000000000000000000e+00 0.000000000000000000e+00 0.000000000000000000e+00
0.000000000000000000e+00 0.000000000000000000e+00 0.000000000000000000e+00 0.000000000000000000e+00 0.000000000000000000e+00
0.000000000000000000e+00 0.000000000000000000e+00 0.000000000000000000e+00 0.000000000000000000e+00 0.000000000000000000e+00
0.000000000000000000e+00 0.000000000000000000e+00 0.000000000000000000e+00 0.000000000000000000e+00 0.000000000000000000e+00
0.000000000000000000e+00 0.000000000000000000e+00 0.000000000000000000e+00 0.000000000000000000e+00 0.000000000000000000e+00
0.000000000000000000e+00 0.000000000000000000e+00 0.000000000000000000e+00 0.000000000000000000e+00 0.000000000000000000e+00
0.000000000000000000e+00 0.000000000000000000e+00 0.000000000000000000e+00 0.000000000000000000e+00 0.000000000000000000e+00
0.000000000000000000e+00 0.000000000000000000e+00 0.000000000000000000e+00 0.000000000000000000e+00 0.000000000000000000e+00
0.000000000000000000e+00 0.000000000000000000e+00 0.000000000000000000e+00 0.000000000000000000e+00 0.000000000000000000e+00
0.000000000000000000e+00 0.000000000000000000e+00 0.000000000000000000e+00 0.000000000000000000e+00 0.000000000000000000e+00
0.000000000000000000e+00 0.000000000000000000e+00 0.000000000000000000e+00 0.000000000000000000e+00 0.000000000000000000e+00
0.000000000000000000e+00 0.000000000000000000e+00 0.000000000000000000e+00 0.000000000000000000e+00 0.000000000000000000e+00
0.000000000000000000e+00 0.000000000000000000e+00 0.000000000000000000e+00 0.000000000000000000e+00 0.000000000000000000e+00
0.000000000000000000e+00 0.000000000000000000e+00 0.000000000000000000e+00 0.000000000000000000e+00 0.000000000000000000e+00
0.000000000000000000e+00 0.000000000000000000e+00 0.000000000000000000e+00 0.000000000000000000e+00 0.000000000000000000e+00
0.000000000000000000e+00 0.000000000000000000e+00 0.000000000000000000e+00 0.000000000000000000e+00 0.000000000000000000e+00
