0.000000000000000000e+00 0.000000000000000000e+00 1.000000000000000000e+00 0.000000000000000000e+00 0.000000000000000000e+00
9.600973129272460938e-01 -2.287241965532302856e-01 1.000000000000000000e+00 0.000000000000000000e+00 0.000000000000000000e+00
4.681174755096435547e-01 -2.303018271923065186e-01 1.000000000000000000e+00 0.000000000000000000e+00 0.000000000000000000e+00
1.317151933908462524e-01 -1.729076057672500610e-01 0.000000000000000000e+00 1.000000000000000000e+00 0.000000000000000000e+00
-6.247540712356567383e-01 -4.227311611175537109e-01 1.000000000000000000e+00 0.000000000000000000e+00 0.000000000000000000e+00
1.567305326461791992e-01 7.492501735687255859e-01 1.000000000000000000e+00 0.000000000000000000e+00 0.000000000000000000e+00
-7.273488212376832962e-03 1.088829755783081055e+00 1.000000000000000000e+00 0.000000000000000000e+00 0.000000000000000000e+00
-1.576008498668670654e-01 7.305759191513061523e-01 1.000000000000000000e+00 0.000000000000000000e+00 0.000000000000000000e+00
-1.306149959564208984e-01 1.611597537994384766e-01 1.000000000000000000e+00 0.000000000000000000e+00 0.000000000000000000e+00
-1.536660790443420410e-01 3.416097536683082581e-02 1.000000000000000000e+00 0.000000000000000000e+00 0.000000000000000000e+00
-3.381984233856201172e-01 -2.273787856101989746e-01 1.000000000000000000e+00 0.000000000000000000e+00 0.000000000000000000e+00
-1.025662720203399658e-01 -3.778868317604064941e-01 1.000000000000000000e+00 0.000000000000000000e+00 0.000000000000000000e+00
6.738458573818206787e-02 -2.502501010894775391e-01 1.000000000000000000e+00 0.000000000000000000e+00 0.000000000000000000e+00
7.605834007263183594e-01 -5.656706094741821289e-01 0.000000000000000000e+00 1.000000000000000000e+00 0.000000000000000000e+00
1.700803995132446289e+00 -2.120013952255249023e+00 1.000000000000000000e+00 0.000000000000000000e+00 0.000000000000000000e+00
-3.294672369956970215e-01 6.920620203018188477e-01 1.000000000000000000e+00 0.000000000000000000e+00 0.000000000000000000e+00
-2.474238723516464233e-01 3.173032104969024658e-01 0.000000000000000000e+00 1.000000000000000000e+00 0.000000000000000000e+00
-1.668543666601181030e-01 9.520369768142700195e-02 1.000000000000000000e+00 0.000000000000000000e+00 0.000000000000000000e+00
8.586795330047607422e-01 -1.768515408039093018e-01 1.000000000000000000e+00 0.000000000000000000e+00 0.000000000000000000e+00
2.478101253509521484e-01 7.165731489658355713e-02 1.000000000000000000e+00 0.000000000000000000e+00 0.000000000000000000e+00
-1.063104987144470215e+00 1.105679035186767578e+00 1.000000000000000000e+00 0.000000000000000000e+00 0.000000000000000000e+00
-8.387133479118347168e-01 5.630646944046020508e-01 1.000000000000000000e+00 0.000000000000000000e+00 0.000000000000000000e+00
-4.059062302112579346e-01 1.018184497952461243e-01 0.000000000000000000e+00 1.000000000000000000e+00 0.000000000000000000e+00
8.682730197906494141e-01 -8.162111043930053711e-01 1.000000000000000000e+00 0.000000000000000000e+00 0.000000000000000000e+00
5.271757841110229492e-01 3.922931104898452759e-02 1.000000000000000000e+00 0.000000000000000000e+00 0.000000000000000000e+00
1.206593513488769531e+00 4.835751056671142578e-01 1.000000000000000000e+00 0.000000000000000000e+00 0.000000000000000000e+00
3.248701244592666626e-02 9.307771921157836914e-02 0.000000000000000000e+00 1.000000000000000000e+00 0.000000000000000000e+00
-1.443038463592529297e+00 1.563284993171691895e-01 1.000000000000000000e+00 0.000000000000000000e+00 0.000000000000000000e+00
-1.737458407878875732e-01 8.311745524406433105e-01 1.000000000000000000e+00 0.000000000000000000e+00 0.000000000000000000e+00
3.193855285644531250e-02 1.123847663402557373e-01 0.000000000000000000e+00 1.000000000000000000e+00 0.000000000000000000e+00
8.669774532318115234e-01 -8.343929648399353027e-01 1.000000000000000000e+00 0.000000000000000000e+00 0.000000000000000000e+00
-2.586081251502037048e-02 1.445969223976135254e+00 1.000000000000000000e+00 0.000000000000000000e+00 0.000000000000000000e+00
-8.250360190868377686e-02 4.505951404571533203e-01 0.000000000000000000e+00 1.000000000000000000e+00 0.000000000000000000e+00
-9.390355348587036133e-01 -3.747841835021972656e+00 0.000000000000000000e+00 0.000000000000000000e+00 1.000000000000000000e+00
1.451121866703033447e-01 4.586362242698669434e-01 0.000000000000000000e+00 0.000000000000000000e+00 1.000000000000000000e+00
-1.434954404830932617e+00 -3.352940678596496582e-01 0.000000000000000000e+00 0.000000000000000000e+00 1.000000000000000000e+00
-9.446625709533691406e-01 -3.870044350624084473e-01 0.000000000000000000e+00 0.000000000000000000e+00 1.000000000000000000e+00
-1.013044714927673340e+00 -4.263077378273010254e-01 0.000000000000000000e+00 0.000000000000000000e+00 1.000000000000000000e+00
-9.623053073883056641e-01 -4.044068455696105957e-01 0.000000000000000000e+00 0.000000000000000000e+00 1.000000000000000000e+00
-9.530229568481445312e-01 -3.763212561607360840e-01 0.000000000000000000e+00 0.000000000000000000e+00 1.000000000000000000e+00
-9.348419904708862305e-01 -3.621855378150939941e-01 0.000000000000000000e+00 0.000000000000000000e+00 1.000000000000000000e+00
-9.273741245269775391e-01 -3.467889428138732910e-01 0.000000000000000000e+00 0.000000000000000000e+00 1.000000000000000000e+00
-9.164563417434692383e-01 -3.338657021522521973e-01 0.000000000000000000e+00 0.000000000000000000e+00 1.000000000000000000e+00
-9.021353721618652344e-01 -3.235362172126770020e-01 0.000000000000000000e+00 0.000000000000000000e+00 1.000000000000000000e+00
-8.902597427368164062e-01 -3.157282471656799316e-01 0.000000000000000000e+00 0.000000000000000000e+00 1.000000000000000000e+00
-8.818753957748413086e-01 -3.116185069084167480e-01 0.000000000000000000e+00 0.000000000000000000e+00 1.000000000000000000e+00
-8.751910924911499023e-01 -3.133381009101867676e-01 0.000000000000000000e+00 0.000000000000000000e+00 1.000000000000000000e+00
-8.696323633193969727e-01 -3.137360215187072754e-01 0.000000000000000000e+00 0.000000000000000000e+00 1.000000000000000000e+00
-8.643171787261962891e-01 -3.117489814758300781e-01 0.000000000000000000e+00 0.000000000000000000e+00 1.000000000000000000e+00
-8.569328784942626953e-01 -3.095242381095886230e-01 0.000000000000000000e+00 0.000000000000000000e+00 1.000000000000000000e+00
-8.480787277221679688e-01 -3.087431788444519043e-01 0.000000000000000000e+00 0.000000000000000000e+00 1.000000000000000000e+00
-8.395698070526123047e-01 -3.090230822563171387e-01 0.000000000000000000e+00 0.000000000000000000e+00 1.000000000000000000e+00
-8.333045244216918945e-01 -3.096736073493957520e-01 0.000000000000000000e+00 0.000000000000000000e+00 1.000000000000000000e+00
-8.266297578811645508e-01 -3.121550083160400391e-01 0.000000000000000000e+00 0.000000000000000000e+00 1.000000000000000000e+00
-8.198438882827758789e-01 -3.140235543251037598e-01 0.000000000000000000e+00 0.000000000000000000e+00 1.000000000000000000e+00
-8.134098052978515625e-01 -3.142939209938049316e-01 0.000000000000000000e+00 0.000000000000000000e+00 1.000000000000000000e+00
-8.070688247680664062e-01 -3.151887059211730957e-01 0.000000000000000000e+00 0.000000000000000000e+00 1.000000000000000000e+00
0.000000000000000000e+00 0.000000000000000000e+00 0.000000000000000000e+00 0.000000000000000000e+00 0.000000000000000000e+00
0.000000000000000000e+00 0.000000000000000000e+00 0.000000000000000000e+00 0.000000000000000000e+00 0.000000000000000000e+00
0.000000000000000000e+00 0.000000000000000000e+00 0.000000000000000000e+00 0.000000000000000000e+00 0.000000000000000000e+00
0.000000000000000000e+00 0.000000000000000000e+00 0.000000000000000000e+00 0.000000000000000000e+00 0.000000000000000000e+00
0.000000000000000000e+00 0.000000000000000000e+00 0.000000000000000000e+00 0.000000000000000000e+00 0.000000000000000000e+00
0.000000000000000000e+00 0.000000000000000000e+00 0.000000000000000000e+00 0.000000000000000000e+00 0.000000000000000000e+00
0.000000000000000000e+00 0.000000000000000000e+00 0.000000000000000000e+00 0.000000000000000000e+00 0.000000000000000000e+00
0.000000000000000000e+00 0.000000000000000000e+00 0.000000000000000000e+00 0.000000000000000000e+00 0.000000000000000000e+00
0.000000000000000000e+00 0.000000000000000000e+00 0.000000000000000000e+00 0.000000000000000000e+00 0.000000000000000000e+00
0.000000000000000000e+00 0.000000000000000000e+00 0.000000000000000000e+00 0.000000000000000000e+00 0.000000000000000000e+00
0.000000000000000000e+00 0.000000000000000000e+00 0.000000000000000000e+00 0.000000000000000000e+00 0.000000000000000000e+00
0.000000000000000000e+00 0.000000000000000000e+00 0.000000000000000000e+00 0.000000000000000000e+00 0.000000000000000000e+00
0.000000000000000000e+00 0.000000000000000000e+00 0.000000000000000000e+00 0.000000000000000000e+00 0.000000000000000000e+00
0.000000000000000000e+00 0.000000000000000000e+00 0.000000000000000000e+00 0.000000000000000000e+00 0.000000000000000000e+00
0.000000000000000000e+00 0.000000000000000000e+00 0.000000000000000000e+00 0.000000000000000000e+00 0.000000000000000000e+00
0.000000000000000000e+00 0.000000000000000000e+00 0.000000000000000000e+00 0.000000000000000000e+00 0.000000000000000000e+00
0.000000000000000000e+00 0.000000000000000000e+00 0.000000000000000000e+00 0.000000000000000000e+00 0.000000000000000000e+00
0.000000000000000000e+00 0.000000000000000000e+00 0.000000000000000000e+00 0.000000000000000000e+00 0.000000000000000000e+00
0.000000000000000000e+00 0.000000000000000000e+00 0.000000000000000000e+00 0.000000000000000000e+00 0.000000000000000000e+00
0.000000000000000000e+00 0.000000000000000000e+00 0.000000000000000000e+00 0.000000000000000000e+00 0.000000000000000000e+00
0.000000000000000000e+00 0.000000000000000000e+00 0.000000000000000000e+00 0.000000000000000000e+00 0.000000000000000000e+00
0.000000000000000000e+00 0.000000000000000000e+00 0.000000000000000000e+00 0.000000000000000000e+00 0.000000000000000000e+00
0.000000000000000000e+00 0.000000000000000000e+00 0.000000000000000000e+00 0.000000000000000000e+00 0.000000000000000000e+00
0.000000000000000000e+00 0.000000000000000000e+00 0.000000000000000000e+00 0.000000000000000000e+00 0.000000000000000000e+00
0.000000000000000000e+00 0.000000000000000000e+00 0.000000000000000000e+00 0.000000000000000000e+00 0.000000000000000000e+00
0.000000000000000000e+00 0.000000000000000000e+00 0.000000000000000000e+00 0.000000000000000000e+00 0.000000000000000000e+00
0.000000000000000000e+00 0.000000000000000000e+00 0.000000000000000000e+00 0.000000000000000000e+00 0.000000000000000000e+00
0.000000000000000000e+00 0.000000000000000000e+00 0.000000000000000000e+00 0.000000000000000000e+00 0.000000000000000000e+00
0.000000000000000000e+00 0.000000000000000000e+00 0.000000000000000000e+00 0.000000000000000000e+00 0.000000000000000000e+00
0.000000000000000000e+00 0.000000000000000000e+00 0.000000000000000000e+00 0.000000000000000000e+00 0.000000000000000000e+00
0.000000000000000000e+00 0.000000000000000000e+00 0.000000000000000000e+00 0.000000000000000000e+00 0.000000000000000000e+00
0.000000000000000000e+00 0.000000000000000000e+00 0.000000000000000000e+00 0.000000000000000000e+00 0.000000000000000000e+00
0.000000000000000000e+00 0.000000000000000000e+00 0.000000000000000000e+00 0.000000000000000000e+00 0.000000000000000000e+00
0.000000000000000000e+00 0.000000000000000000e+00 0.000000000000000000e+00 0.000000000000000000e+00 0.000000000000000000e+00
0.000000000000000000e+00 0.000000000000000000e+00 0.000000000000000000e+00 0.000000000000000000e+00 0.000000000000000000e+00
0.000000000000000000e+00 0.000000000000000000e+00 0.000000000000000000e+00 0.000000000000000000e+00 0.000000000000000000e+00
0.000000000000000000e+00 0.000000000000000000e+00 0.000000000000000000e+00 0.000000000000000000e+00 0.000000000000000000e+00
0.000000000000000000e+00 0.000000000000000000e+00 0.000000000000000000e+00 0.000000000000000000e+00 0.000000000000000000e+00
0.000000000000000000e+00 0.000000000000000000e+00 0.000000000000000000e+00 0.000000000000000000e+00 0.000000000000000000e+00
0.000000000000000000e+00 0.000000000000000000e+00 0.000000000000000000e+00 0.000000000000000000e+00 0.000000000000000000e+00
0.000000000000000000e+00 0.000000000000000000e+00 0.000000000000000000e+00 0.000000000000000000e+00 0.000000000000000000e+00
0.000000000000000000e+00 0.000000000000000000e+00 0.000000000000000000e+00 0.000000000000000000e+00 0.000000000000000000e+00
0.000000000000000000e+00 0.000000000000000000e+00 0.000000000000000000e+00 0.000000000000000000e+00 0.000000000000000000e+00
0.000000000000000000e+00 0.000000000000000000e+00 0.000000000000000000e+00 0.000000000000000000e+00 0.000000000000000000e+00
0.000000000000000000e+00 0.000000000000000000e+00 0.000000000000000000e+00 0.000000000000000000e+00 0.000000000000000000e+00
0.000000000000000000e+00 0.000000000000000000e+00 0.000000000000000000e+00 0.000000000000000000e+00 0.000000000000000000e+00
0.000000000000000000e+00 0.000000000000000000e+00 0.000000000000000000e+00 0.000000000000000000e+00 0.000000000000000000e+00
0.000000000000000000e+00 0.000000000000000000e+00 0.000000000000000000e+00 0.000000000000000000e+00 0.000000000000000000e+00
0.000000000000000000e+00 0.000000000000000000e+00 0.000000000000000000e+00 0.000000000000000000e+00 0.000000000000000000e+00
0.000000000000000000e+00 0.000000000000000000e+00 0.000000000000000000e+00 0.000000000000000000e+00 0.000000000000000000e+00
0.000000000000000000e+00 0.000000000000000000e+00 0.000000000000000000e+00 0.000000000000000000e+00 0.000000000000000000e+00
0.000000000000000000e+00 0.000000000000000000e+00 0.000000000000000000e+00 0.000000000000000000e+00 0.000000000000000000e+00
0.000000000000000000e+00 0.000000000000000000e+00 0.000000000000000000e+00 0.000000000000000000e+00 0.000000000000000000e+00
0.000000000000000000e+00 0.000000000000000000e+00 0.000000000000000000e+00 0.000000000000000000e+00 0.000000000000000000e+00
0.000000000000000000e+00 0.000000000000000000e+00 0.000000000000000000e+00 0.000000000000000000e+00 0.000000000000000000e+00
0.000000000000000000e+00 0.000000000000000000e+00 0.000000000000000000e+00 0.000000000000000000e+00 0.000000000000000000e+00
0.000000000000000000e+00 0.000000000000000000e+00 0.000000000000000000e+00 0.000000000000000000e+00 0.000000000000000000e+00
0.000000000000000000e+00 0.000000000000000000e+00 0.000000000000000000e+00 0.000000000000000000e+00 0.000000000000000000e+00
0.000000000000000000e+00 0.000000000000000000e+00 0.000000000000000000e+00 0.000000000000000000e+00 0.000000000000000000e+00
0.000000000000000000e+00 0.000000000000000000e+00 0.000000000000000000e+00 0.000000000000000000e+00 0.000000000000000000e+00
0.000000000000000000e+00 0.000000000000000000e+00 0.000000000000000000e+00 0.000000000000000000e+00 0.000000000000000000e+00
0.000000000000000000e+00 0.000000000000000000e+00 0.000000000000000000e+00 0.000000000000000000e+00 0.000000000000000000e+00
0.000000000000000000e+00 0.000000000000000000e+00 0.000000000000000000e+00 0.000000000000000000e+00 0.000000000000000000e+00
0.000000000000000000e+00 0.000000000000000000e+00 0.000000000000000000e+00 0.000000000000000000e+00 0.000000000000000000e+00
