0.000000000000000000e+00 0.000000000000000000e+00 1.000000000000000000e+00 0.000000000000000000e+00 0.000000000000000000e+00
8.920800685882568359e-01 -2.189029455184936523e-01 1.000000000000000000e+00 0.000000000000000000e+00 0.000000000000000000e+00
4.261544644832611084e-01 -2.200460135936737061e-01 1.000000000000000000e+00 0.000000000000000000e+00 0.000000000000000000e+00
1.165297776460647583e-01 -1.592510938644409180e-01 0.000000000000000000e+00 1.000000000000000000e+00 0.000000000000000000e+00
-5.858287215232849121e-01 -3.988176584243774414e-01 1.000000000000000000e+00 0.000000000000000000e+00 0.000000000000000000e+00
1.583323031663894653e-01 7.086039781570434570e-01 1.000000000000000000e+00 0.000000000000000000e+00 0.000000000000000000e+00
7.941437885165214539e-03 1.044237136840820312e+00 1.000000000000000000e+00 0.000000000000000000e+00 0.000000000000000000e+00
-1.338534057140350342e-01 7.035431861877441406e-01 1.000000000000000000e+00 0.000000000000000000e+00 0.000000000000000000e+00
-1.201209872961044312e-01 1.515469104051589966e-01 1.000000000000000000e+00 0.000000000000000000e+00 0.000000000000000000e+00
-1.441369801759719849e-01 3.218029811978340149e-02 1.000000000000000000e+00 0.000000000000000000e+00 0.000000000000000000e+00
-3.355951309204101562e-01 -2.130873501300811768e-01 1.000000000000000000e+00 0.000000000000000000e+00 0.000000000000000000e+00
-1.311733424663543701e-01 -3.730739355087280273e-01 1.000000000000000000e+00 0.000000000000000000e+00 0.000000000000000000e+00
5.156240239739418030e-02 -2.184087038040161133e-01 1.000000000000000000e+00 0.000000000000000000e+00 0.000000000000000000e+00
7.606642246246337891e-01 -5.183763504028320312e-01 1.000000000000000000e+00 0.000000000000000000e+00 0.000000000000000000e+00
2.888790369033813477e-01 -3.318382203578948975e-01 0.000000000000000000e+00 1.000000000000000000e+00 0.000000000000000000e+00
1.128248691558837891e+00 -1.529613852500915527e+00 1.000000000000000000e+00 0.000000000000000000e+00 0.000000000000000000e+00
-1.689493656158447266e-02 6.832945346832275391e-01 1.000000000000000000e+00 0.000000000000000000e+00 0.000000000000000000e+00
-8.235215395689010620e-02 2.196116149425506592e-01 0.000000000000000000e+00 1.000000000000000000e+00 0.000000000000000000e+00
-5.179545879364013672e-01 -2.098031640052795410e-01 1.000000000000000000e+00 0.000000000000000000e+00 0.000000000000000000e+00
3.605788350105285645e-01 1.288228332996368408e-01 1.000000000000000000e+00 0.000000000000000000e+00 0.000000000000000000e+00
2.559633255004882812e-01 -4.283761978149414062e-02 1.000000000000000000e+00 0.000000000000000000e+00 0.000000000000000000e+00
7.051956653594970703e-01 -4.373150467872619629e-01 1.000000000000000000e+00 0.000000000000000000e+00 0.000000000000000000e+00
-1.091526031494140625e+00 9.720357060432434082e-01 1.000000000000000000e+00 0.000000000000000000e+00 0.000000000000000000e+00
-3.917326033115386963e-01 2.138989567756652832e-01 1.000000000000000000e+00 0.000000000000000000e+00 0.000000000000000000e+00
1.708694249391555786e-01 2.127114310860633850e-02 1.000000000000000000e+00 0.000000000000000000e+00 0.000000000000000000e+00
9.960687905550003052e-02 3.317816555500030518e-01 1.000000000000000000e+00 0.000000000000000000e+00 0.000000000000000000e+00
-1.760897636413574219e-01 9.614962339401245117e-01 1.000000000000000000e+00 0.000000000000000000e+00 0.000000000000000000e+00
-8.987026661634445190e-02 1.721283793449401855e-01 0.000000000000000000e+00 1.000000000000000000e+00 0.000000000000000000e+00
5.314549803733825684e-01 -1.587744951248168945e+00 1.000000000000000000e+00 0.000000000000000000e+00 0.000000000000000000e+00
8.439874053001403809e-01 -2.038086801767349243e-01 1.000000000000000000e+00 0.000000000000000000e+00 0.000000000000000000e+00
2.964615225791931152e-01 6.056615710258483887e-02 1.000000000000000000e+00 0.000000000000000000e+00 0.000000000000000000e+00
-1.571068540215492249e-02 1.632162809371948242e+00 1.000000000000000000e+00 0.000000000000000000e+00 0.000000000000000000e+00
-6.904226541519165039e-02 2.688894867897033691e-01 1.000000000000000000e+00 0.000000000000000000e+00 0.000000000000000000e+00
-1.191896796226501465e-01 1.353870034217834473e-01 0.000000000000000000e+00 1.000000000000000000e+00 0.000000000000000000e+00
-6.571862697601318359e-01 -1.277029156684875488e+00 1.000000000000000000e+00 0.000000000000000000e+00 0.000000000000000000e+00
3.703484237194061279e-01 -2.848878502845764160e-02 1.000000000000000000e+00 0.000000000000000000e+00 0.000000000000000000e+00
4.371383041143417358e-02 5.434613302350044250e-02 0.000000000000000000e+00 1.000000000000000000e+00 0.000000000000000000e+00
-3.240391314029693604e-01 3.889302313327789307e-01 1.000000000000000000e+00 0.000000000000000000e+00 0.000000000000000000e+00
5.892372131347656250e-01 -9.863948822021484375e-02 1.000000000000000000e+00 0.000000000000000000e+00 0.000000000000000000e+00
4.051292836666107178e-01 -1.872473359107971191e-01 0.000000000000000000e+00 1.000000000000000000e+00 0.000000000000000000e+00
-1.484812736511230469e+00 -1.972689151763916016e+00 0.000000000000000000e+00 0.000000000000000000e+00 1.000000000000000000e+00
-2.549184262752532959e-01 1.358353495597839355e+00 0.000000000000000000e+00 0.000000000000000000e+00 1.000000000000000000e+00
-1.508280038833618164e+00 -2.590286731719970703e-01 0.000000000000000000e+00 0.000000000000000000e+00 1.000000000000000000e+00
-8.973529338836669922e-01 -3.576248288154602051e-01 0.000000000000000000e+00 0.000000000000000000e+00 1.000000000000000000e+00
-1.036131620407104492e+00 -4.321931004524230957e-01 0.000000000000000000e+00 0.000000000000000000e+00 1.000000000000000000e+00
-9.586787223815917969e-01 -3.880767226219177246e-01 0.000000000000000000e+00 0.000000000000000000e+00 1.000000000000000000e+00
-9.585536718368530273e-01 -3.949609398841857910e-01 0.000000000000000000e+00 0.000000000000000000e+00 1.000000000000000000e+00
-9.367820024490356445e-01 -3.764219880104064941e-01 0.000000000000000000e+00 0.000000000000000000e+00 1.000000000000000000e+00
-9.268450736999511719e-01 -3.689251542091369629e-01 0.000000000000000000e+00 0.000000000000000000e+00 1.000000000000000000e+00
-9.106816053390502930e-01 -3.571774363517761230e-01 0.000000000000000000e+00 0.000000000000000000e+00 1.000000000000000000e+00
-8.961722850799560547e-01 -3.418433070182800293e-01 0.000000000000000000e+00 0.000000000000000000e+00 1.000000000000000000e+00
-8.925184011459350586e-01 -3.275358080863952637e-01 0.000000000000000000e+00 0.000000000000000000e+00 1.000000000000000000e+00
-8.928159475326538086e-01 -3.190235495567321777e-01 0.000000000000000000e+00 0.000000000000000000e+00 1.000000000000000000e+00
-8.904820680618286133e-01 -3.186560273170471191e-01 0.000000000000000000e+00 0.000000000000000000e+00 1.000000000000000000e+00
-8.863215446472167969e-01 -3.200864195823669434e-01 0.000000000000000000e+00 0.000000000000000000e+00 1.000000000000000000e+00
-8.803105354309082031e-01 -3.199306130409240723e-01 0.000000000000000000e+00 0.000000000000000000e+00 1.000000000000000000e+00
-8.730466365814208984e-01 -3.144215941429138184e-01 0.000000000000000000e+00 0.000000000000000000e+00 1.000000000000000000e+00
-8.647680282592773438e-01 -3.092868328094482422e-01 0.000000000000000000e+00 0.000000000000000000e+00 1.000000000000000000e+00
-8.552342653274536133e-01 -3.130636811256408691e-01 0.000000000000000000e+00 0.000000000000000000e+00 1.000000000000000000e+00
-8.475036621093750000e-01 -3.185363411903381348e-01 0.000000000000000000e+00 0.000000000000000000e+00 1.000000000000000000e+00
-8.404906988143920898e-01 -3.211260437965393066e-01 0.000000000000000000e+00 0.000000000000000000e+00 1.000000000000000000e+00
-8.335127830505371094e-01 -3.184555172920227051e-01 0.000000000000000000e+00 0.000000000000000000e+00 1.000000000000000000e+00
-8.278135061264038086e-01 -3.110476136207580566e-01 0.000000000000000000e+00 0.000000000000000000e+00 1.000000000000000000e+00
-8.230640888214111328e-01 -3.027723431587219238e-01 0.000000000000000000e+00 0.000000000000000000e+00 1.000000000000000000e+00
-8.196403980255126953e-01 -2.976613044738769531e-01 0.000000000000000000e+00 0.000000000000000000e+00 1.000000000000000000e+00
-8.157678842544555664e-01 -2.987518906593322754e-01 0.000000000000000000e+00 0.000000000000000000e+00 1.000000000000000000e+00
-8.124969005584716797e-01 -3.021746277809143066e-01 0.000000000000000000e+00 0.000000000000000000e+00 1.000000000000000000e+00
-8.084036111831665039e-01 -3.015946745872497559e-01 0.000000000000000000e+00 0.000000000000000000e+00 1.000000000000000000e+00
-8.054152727127075195e-01 -2.962650656700134277e-01 0.000000000000000000e+00 0.000000000000000000e+00 1.000000000000000000e+00
-8.039282560348510742e-01 -2.855927348136901855e-01 0.000000000000000000e+00 0.000000000000000000e+00 1.000000000000000000e+00
-8.022524118423461914e-01 -2.762460112571716309e-01 0.000000000000000000e+00 0.000000000000000000e+00 1.000000000000000000e+00
-8.006384372711181641e-01 -2.725790143013000488e-01 0.000000000000000000e+00 0.000000000000000000e+00 1.000000000000000000e+00
-7.984637022018432617e-01 -2.741587758064270020e-01 0.000000000000000000e+00 0.000000000000000000e+00 1.000000000000000000e+00
-7.936955690383911133e-01 -2.805784940719604492e-01 0.000000000000000000e+00 0.000000000000000000e+00 1.000000000000000000e+00
-7.859601974487304688e-01 -2.872245907783508301e-01 0.000000000000000000e+00 0.000000000000000000e+00 1.000000000000000000e+00
-7.787301540374755859e-01 -2.892143130302429199e-01 0.000000000000000000e+00 0.000000000000000000e+00 1.000000000000000000e+00
-7.723287343978881836e-01 -2.858614921569824219e-01 0.000000000000000000e+00 0.000000000000000000e+00 1.000000000000000000e+00
-7.683025598526000977e-01 -2.793378233909606934e-01 0.000000000000000000e+00 0.000000000000000000e+00 1.000000000000000000e+00
0.000000000000000000e+00 0.000000000000000000e+00 0.000000000000000000e+00 0.000000000000000000e+00 0.000000000000000000e+00
0.000000000000000000e+00 0.000000000000000000e+00 0.000000000000000000e+00 0.000000000000000000e+00 0.000000000000000000e+00
0.000000000000000000e+00 0.000000000000000000e+00 0.000000000000000000e+00 0.000000000000000000e+00 0.000000000000000000e+00
0.000000000000000000e+00 0.000000000000000000e+00 0.000000000000000000e+00 0.000000000000000000e+00 0.000000000000000000e+00
0.000000000000000000e+00 0.000000000000000000e+00 0.000000000000000000e+00 0.000000000000000000e+00 0.000000000000000000e+00
0.000000000000000000e+00 0.000000000000000000e+00 0.000000000000000000e+00 0.000000000000000000e+00 0.000000000000000000e+00
0.000000000000000000e+00 0.000000000000000000e+00 0.000000000000000000e+00 0.000000000000000000e+00 0.000000000000000000e+00
0.000000000000000000e+00 0.000000000000000000e+00 0.000000000000000000e+00 0.000000000000000000e+00 0.000000000000000000e+00
0.000000000000000000e+00 0.000000000000000000e+00 0.000000000000000000e+00 0.000000000000000000e+00 0.000000000000000000e+00
0.000000000000000000e+00 0.000000000000000000e+00 0.000000000000000000e+00 0.000000000000000000e+00 0.000000000000000000e+00
0.000000000000000000e+00 0.000000000000000000e+00 0.000000000000000000e+00 0.000000000000000000e+00 0.000000000000000000e+00
0.000000000000000000e+00 0.000000000000000000e+00 0.000000000000000000e+00 0.000000000000000000e+00 0.000000000000000000e+00
0.000000000000000000e+00 0.000000000000000000e+00 0.000000000000000000e+00 0.000000000000000000e+00 0.000000000000000000e+00
0.000000000000000000e+00 0.000000000000000000e+00 0.000000000000000000e+00 0.000000000000000000e+00 0.000000000000000000e+00
0.000000000000000000e+00 0.000000000000000000e+00 0.000000000000000000e+00 0.000000000000000000e+00 0.000000000000000000e+00
0.000000000000000000e+00 0.000000000000000000e+00 0.000000000000000000e+00 0.000000000000000000e+00 0.000000000000000000e+00
0.000000000000000000e+00 0.000000000000000000e+00 0.000000000000000000e+00 0.000000000000000000e+00 0.000000000000000000e+00
0.000000000000000000e+00 0.000000000000000000e+00 0.000000000000000000e+00 0.000000000000000000e+00 0.000000000000000000e+00
0.000000000000000000e+00 0.000000000000000000e+00 0.000000000000000000e+00 0.000000000000000000e+00 0.000000000000000000e+00
0.000000000000000000e+00 0.000000000000000000e+00 0.000000000000000000e+00 0.000000000000000000e+00 0.000000000000000000e+00
0.000000000000000000e+00 0.000000000000000000e+00 0.000000000000000000e+00 0.000000000000000000e+00 0.000000000000000000e+00
0.000000000000000000e+00 0.000000000000000000e+00 0.000000000000000000e+00 0.000000000000000000e+00 0.000000000000000000e+00
0.000000000000000000e+00 0.000000000000000000e+00 0.000000000000000000e+00 0.000000000000000000e+00 0.000000000000000000e+00
0.000000000000000000e+00 0.000000000000000000e+00 0.000000000000000000e+00 0.000000000000000000e+00 0.000000000000000000e+00
0.000000000000000000e+00 0.000000000000000000e+00 0.000000000000000000e+00 0.000000000000000000e+00 0.000000000000000000e+00
0.000000000000000000e+00 0.000000000000000000e+00 0.000000000000000000e+00 0.000000000000000000e+00 0.000000000000000000e+00
0.000000000000000000e+00 0.000000000000000000e+00 0.000000000000000000e+00 0.000000000000000000e+00 0.000000000000000000e+00
0.000000000000000000e+00 0.000000000000000000e+00 0.000000000000000000e+00 0.000000000000000000e+00 0.000000000000000000e+00
0.000000000000000000e+00 0.000000000000000000e+00 0.000000000000000000e+00 0.000000000000000000e+00 0.000000000000000000e+00
0.000000000000000000e+00 0.000000000000000000e+00 0.000000000000000000e+00 0.000000000000000000e+00 0.000000000000000000e+00
0.000000000000000000e+00 0.000000000000000000e+00 0.000000000000000000e+00 0.000000000000000000e+00 0.000000000000000000e+00
0.000000000000000000e+00 0.000000000000000000e+00 0.000000000000000000e+00 0.000000000000000000e+00 0.000000000000000000e+00
0.000000000000000000e+00 0.000000000000000000e+00 0.000000000000000000e+00 0.000000000000000000e+00 0.000000000000000000e+00
0.000000000000000000e+00 0.000000000000000000e+00 0.000000000000000000e+00 0.000000000000000000e+00 0.000000000000000000e+00
0.000000000000000000e+00 0.000000000000000000e+00 0.000000000000000000e+00 0.000000000000000000e+00 0.000000000000000000e+00
0.000000000000000000e+00 0.000000000000000000e+00 0.000000000000000000e+00 0.000000000000000000e+00 0.000000000000000000e+00
0.000000000000000000e+00 0.000000000000000000e+00 0.000000000000000000e+00 0.000000000000000000e+00 0.000000000000000000e+00
0.000000000000000000e+00 0.000000000000000000e+00 0.000000000000000000e+00 0.000000000000000000e+00 0.000000000000000000e+00
0.000000000000000000e+00 0.000000000000000000e+00 0.000000000000000000e+00 0.000000000000000000e+00 0.000000000000000000e+00
0.000000000000000000e+00 0.000000000000000000e+00 0.000000000000000000e+00 0.000000000000000000e+00 0.000000000000000000e+00
0.000000000000000000e+00 0.000000000000000000e+00 0.000000000000000000e+00 0.000000000000000000e+00 0.000000000000000000e+00
0.000000000000000000e+00 0.000000000000000000e+00 0.000000000000000000e+00 0.000000000000000000e+00 0.000000000000000000e+00
0.000000000000000000e+00 0.000000000000000000e+00 0.000000000000000000e+00 0.000000000000000000e+00 0.000000000000000000e+00
