0.000000000000000000e+00 0.000000000000000000e+00 1.000000000000000000e+00 0.000000000000000000e+00 0.000000000000000000e+00
9.915583729743957520e-01 -2.676128149032592773e-01 1.000000000000000000e+00 0.000000000000000000e+00 0.000000000000000000e+00
4.720591604709625244e-01 -2.545982003211975098e-01 1.000000000000000000e+00 0.000000000000000000e+00 0.000000000000000000e+00
1.074764281511306763e-01 -1.724349707365036011e-01 0.000000000000000000e+00 1.000000000000000000e+00 0.000000000000000000e+00
-6.347925066947937012e-01 -4.289411902427673340e-01 1.000000000000000000e+00 0.000000000000000000e+00 0.000000000000000000e+00
1.712795794010162354e-01 7.535887956619262695e-01 1.000000000000000000e+00 0.000000000000000000e+00 0.000000000000000000e+00
6.940152030438184738e-03 1.123400211334228516e+00 1.000000000000000000e+00 0.000000000000000000e+00 0.000000000000000000e+00
-1.493700891733169556e-01 7.773923873901367188e-01 1.000000000000000000e+00 0.000000000000000000e+00 0.000000000000000000e+00
-1.295866966247558594e-01 1.713378429412841797e-01 1.000000000000000000e+00 0.000000000000000000e+00 0.000000000000000000e+00
-1.558570861816406250e-01 3.917366266250610352e-02 1.000000000000000000e+00 0.000000000000000000e+00 0.000000000000000000e+00
-3.569222390651702881e-01 -2.218922972679138184e-01 1.000000000000000000e+00 0.000000000000000000e+00 0.000000000000000000e+00
-1.315287798643112183e-01 -3.929035365581512451e-01 1.000000000000000000e+00 0.000000000000000000e+00 0.000000000000000000e+00
5.931445956230163574e-02 -2.472838163375854492e-01 1.000000000000000000e+00 0.000000000000000000e+00 0.000000000000000000e+00
8.356648683547973633e-01 -6.110488176345825195e-01 1.000000000000000000e+00 0.000000000000000000e+00 0.000000000000000000e+00
3.261508941650390625e-01 -3.930872082710266113e-01 0.000000000000000000e+00 1.000000000000000000e+00 0.000000000000000000e+00
1.579960465431213379e+00 -1.796375155448913574e+00 1.000000000000000000e+00 0.000000000000000000e+00 0.000000000000000000e+00
-1.023996591567993164e+00 1.359274148941040039e+00 1.000000000000000000e+00 0.000000000000000000e+00 0.000000000000000000e+00
-7.623199820518493652e-01 7.339107990264892578e-01 1.000000000000000000e+00 0.000000000000000000e+00 0.000000000000000000e+00
-4.377264082431793213e-01 2.297692596912384033e-01 0.000000000000000000e+00 1.000000000000000000e+00 0.000000000000000000e+00
1.612936854362487793e+00 -1.291294097900390625e+00 1.000000000000000000e+00 0.000000000000000000e+00 0.000000000000000000e+00
3.630809485912322998e-01 6.141180545091629028e-02 1.000000000000000000e+00 0.000000000000000000e+00 0.000000000000000000e+00
2.393577545881271362e-01 1.928877681493759155e-01 1.000000000000000000e+00 0.000000000000000000e+00 0.000000000000000000e+00
4.966221749782562256e-02 1.525175273418426514e-01 0.000000000000000000e+00 1.000000000000000000e+00 0.000000000000000000e+00
-1.263927459716796875e+00 5.216240286827087402e-01 1.000000000000000000e+00 0.000000000000000000e+00 0.000000000000000000e+00
8.379175066947937012e-01 -1.567066162824630737e-01 1.000000000000000000e+00 0.000000000000000000e+00 0.000000000000000000e+00
2.024495303630828857e-01 3.968910872936248779e-02 0.000000000000000000e+00 1.000000000000000000e+00 0.000000000000000000e+00
-1.024874448776245117e+00 7.108216881752014160e-01 1.000000000000000000e+00 0.000000000000000000e+00 0.000000000000000000e+00
-4.912612587213516235e-02 1.113660559058189392e-01 1.000000000000000000e+00 0.000000000000000000e+00 0.000000000000000000e+00
1.308696866035461426e-01 1.648644506931304932e-01 1.000000000000000000e+00 0.000000000000000000e+00 0.000000000000000000e+00
2.405209839344024658e-01 6.343290209770202637e-02 0.000000000000000000e+00 1.000000000000000000e+00 0.000000000000000000e+00
5.458385944366455078e-01 -3.783984184265136719e-01 1.000000000000000000e+00 0.000000000000000000e+00 0.000000000000000000e+00
-9.539261460304260254e-02 1.145613119006156921e-01 1.000000000000000000e+00 0.000000000000000000e+00 0.000000000000000000e+00
5.017146095633506775e-02 2.354488074779510498e-01 1.000000000000000000e+00 0.000000000000000000e+00 0.000000000000000000e+00
1.957493871450424194e-01 7.005832344293594360e-02 1.000000000000000000e+00 0.000000000000000000e+00 0.000000000000000000e+00
5.766186118125915527e-01 -2.462558150291442871e-01 1.000000000000000000e+00 0.000000000000000000e+00 0.000000000000000000e+00
-1.118531465530395508e+00 8.663877844810485840e-01 1.000000000000000000e+00 0.000000000000000000e+00 0.000000000000000000e+00
-4.459931850433349609e-01 1.874994933605194092e-01 1.000000000000000000e+00 0.000000000000000000e+00 0.000000000000000000e+00
1.262911319732666016e+00 -1.430144011974334717e-01 1.000000000000000000e+00 0.000000000000000000e+00 0.000000000000000000e+00
9.796841144561767578e-01 6.837860494852066040e-02 0.000000000000000000e+00 1.000000000000000000e+00 0.000000000000000000e+00
-2.243803739547729492e+00 -2.245458126068115234e+00 0.000000000000000000e+00 0.000000000000000000e+00 1.000000000000000000e+00
-2.398996055126190186e-01 1.434052944183349609e+00 0.000000000000000000e+00 0.000000000000000000e+00 1.000000000000000000e+00
-1.648326277732849121e+00 -2.598268389701843262e-01 0.000000000000000000e+00 0.000000000000000000e+00 1.000000000000000000e+00
-1.052080154418945312e+00 -1.708320379257202148e-01 0.000000000000000000e+00 0.000000000000000000e+00 1.000000000000000000e+00
-1.215234756469726562e+00 -3.117544054985046387e-01 0.000000000000000000e+00 0.000000000000000000e+00 1.000000000000000000e+00
-1.078323006629943848e+00 -1.861257553100585938e-01 0.000000000000000000e+00 0.000000000000000000e+00 1.000000000000000000e+00
-1.104186773300170898e+00 -2.129848003387451172e-01 0.000000000000000000e+00 0.000000000000000000e+00 1.000000000000000000e+00
-1.070269465446472168e+00 -1.697019934654235840e-01 0.000000000000000000e+00 0.000000000000000000e+00 1.000000000000000000e+00
-1.072895407676696777e+00 -1.895011663436889648e-01 0.000000000000000000e+00 0.000000000000000000e+00 1.000000000000000000e+00
-1.055942654609680176e+00 -1.902972459793090820e-01 0.000000000000000000e+00 0.000000000000000000e+00 1.000000000000000000e+00
-1.045650601387023926e+00 -1.981123089790344238e-01 0.000000000000000000e+00 0.000000000000000000e+00 1.000000000000000000e+00
-1.033907413482666016e+00 -2.046225070953369141e-01 0.000000000000000000e+00 0.000000000000000000e+00 1.000000000000000000e+00
-1.021709680557250977e+00 -2.148486375808715820e-01 0.000000000000000000e+00 0.000000000000000000e+00 1.000000000000000000e+00
-1.010906934738159180e+00 -2.254217863082885742e-01 0.000000000000000000e+00 0.000000000000000000e+00 1.000000000000000000e+00
-1.005601048469543457e+00 -2.346969246864318848e-01 0.000000000000000000e+00 0.000000000000000000e+00 1.000000000000000000e+00
-9.994082450866699219e-01 -2.416689991950988770e-01 0.000000000000000000e+00 0.000000000000000000e+00 1.000000000000000000e+00
-9.923638105392456055e-01 -2.478296160697937012e-01 0.000000000000000000e+00 0.000000000000000000e+00 1.000000000000000000e+00
-9.858998060226440430e-01 -2.478297352790832520e-01 0.000000000000000000e+00 0.000000000000000000e+00 1.000000000000000000e+00
-9.801038503646850586e-01 -2.477328181266784668e-01 0.000000000000000000e+00 0.000000000000000000e+00 1.000000000000000000e+00
-9.713060855865478516e-01 -2.515996694564819336e-01 0.000000000000000000e+00 0.000000000000000000e+00 1.000000000000000000e+00
-9.625438451766967773e-01 -2.571681141853332520e-01 0.000000000000000000e+00 0.000000000000000000e+00 1.000000000000000000e+00
-9.552593231201171875e-01 -2.606834769248962402e-01 0.000000000000000000e+00 0.000000000000000000e+00 1.000000000000000000e+00
-9.487267732620239258e-01 -2.613654732704162598e-01 0.000000000000000000e+00 0.000000000000000000e+00 1.000000000000000000e+00
-9.419605731964111328e-01 -2.596040368080139160e-01 0.000000000000000000e+00 0.000000000000000000e+00 1.000000000000000000e+00
-9.352034330368041992e-01 -2.588377594947814941e-01 0.000000000000000000e+00 0.000000000000000000e+00 1.000000000000000000e+00
-9.299397468566894531e-01 -2.594640254974365234e-01 0.000000000000000000e+00 0.000000000000000000e+00 1.000000000000000000e+00
-9.228619337081909180e-01 -2.656531929969787598e-01 0.000000000000000000e+00 0.000000000000000000e+00 1.000000000000000000e+00
-9.159405231475830078e-01 -2.742503881454467773e-01 0.000000000000000000e+00 0.000000000000000000e+00 1.000000000000000000e+00
-9.097918272018432617e-01 -2.793900370597839355e-01 0.000000000000000000e+00 0.000000000000000000e+00 1.000000000000000000e+00
-9.036254882812500000e-01 -2.800309062004089355e-01 0.000000000000000000e+00 0.000000000000000000e+00 1.000000000000000000e+00
-8.994960784912109375e-01 -2.763445377349853516e-01 0.000000000000000000e+00 0.000000000000000000e+00 1.000000000000000000e+00
-8.971778154373168945e-01 -2.723907828330993652e-01 0.000000000000000000e+00 0.000000000000000000e+00 1.000000000000000000e+00
-8.951447010040283203e-01 -2.715219855308532715e-01 0.000000000000000000e+00 0.000000000000000000e+00 1.000000000000000000e+00
-8.914860486984252930e-01 -2.745000123977661133e-01 0.000000000000000000e+00 0.000000000000000000e+00 1.000000000000000000e+00
-8.854870796203613281e-01 -2.807539105415344238e-01 0.000000000000000000e+00 0.000000000000000000e+00 1.000000000000000000e+00
-8.771983385086059570e-01 -2.875370383262634277e-01 0.000000000000000000e+00 0.000000000000000000e+00 1.000000000000000000e+00
-8.665503263473510742e-01 -2.912497520446777344e-01 0.000000000000000000e+00 0.000000000000000000e+00 1.000000000000000000e+00
-8.589048385620117188e-01 -2.911042571067810059e-01 0.000000000000000000e+00 0.000000000000000000e+00 1.000000000000000000e+00
-8.553397655487060547e-01 -2.904468178749084473e-01 0.000000000000000000e+00 0.000000000000000000e+00 1.000000000000000000e+00
-8.522334098815917969e-01 -2.918336987495422363e-01 0.000000000000000000e+00 0.000000000000000000e+00 1.000000000000000000e+00
0.000000000000000000e+00 0.000000000000000000e+00 0.000000000000000000e+00 0.000000000000000000e+00 0.000000000000000000e+00
0.000000000000000000e+00 0.000000000000000000e+00 0.000000000000000000e+00 0.000000000000000000e+00 0.000000000000000000e+00
0.000000000000000000e+00 0.000000000000000000e+00 0.000000000000000000e+00 0.000000000000000000e+00 0.000000000000000000e+00
0.000000000000000000e+00 0.000000000000000000e+00 0.000000000000000000e+00 0.000000000000000000e+00 0.000000000000000000e+00
0.000000000000000000e+00 0.000000000000000000e+00 0.000000000000000000e+00 0.000000000000000000e+00 0.000000000000000000e+00
0.000000000000000000e+00 0.000000000000000000e+00 0.000000000000000000e+00 0.000000000000000000e+00 0.000000000000000000e+00
0.000000000000000000e+00 0.000000000000000000e+00 0.000000000000000000e+00 0.000000000000000000e+00 0.000000000000000000e+00
0.000000000000000000e+00 0.000000000000000000e+00 0.000000000000000000e+00 0.000000000000000000e+00 0.000000000000000000e+00
0.000000000000000000e+00 0.000000000000000000e+00 0.000000000000000000e+00 0.000000000000000000e+00 0.000000000000000000e+00
0.000000000000000000e+00 0.000000000000000000e+00 0.000000000000000000e+00 0.000000000000000000e+00 0.000000000000000000e+00
0.000000000000000000e+00 0.000000000000000000e+00 0.000000000000000000e+00 0.000000000000000000e+00 0.000000000000000000e+00
0.000000000000000000e+00 0.000000000000000000e+00 0.000000000000000000e+00 0.000000000000000000e+00 0.000000000000000000e+00
0.000000000000000000e+00 0.000000000000000000e+00 0.000000000000000000e+00 0.000000000000000000e+00 0.000000000000000000e+00
0.000000000000000000e+00 0.000000000000000000e+00 0.000000000000000000e+00 0.000000000000000000e+00 0.000000000000000000e+00
0.000000000000000000e+00 0.000000000000000000e+00 0.000000000000000000e+00 0.000000000000000000e+00 0.000000000000000000e+00
0.000000000000000000e+00 0.000000000000000000e+00 0.000000000000000000e+00 0.000000000000000000e+00 0.000000000000000000e+00
0.000000000000000000e+00 0.000000000000000000e+00 0.000000000000000000e+00 0.000000000000000000e+00 0.000000000000000000e+00
0.000000000000000000e+00 0.000000000000000000e+00 0.000000000000000000e+00 0.000000000000000000e+00 0.000000000000000000e+00
0.000000000000000000e+00 0.000000000000000000e+00 0.000000000000000000e+00 0.000000000000000000e+00 0.000000000000000000e+00
0.000000000000000000e+00 0.000000000000000000e+00 0.000000000000000000e+00 0.000000000000000000e+00 0.000000000000000000e+00
0.000000000000000000e+00 0.000000000000000000e+00 0.000000000000000000e+00 0.000000000000000000e+00 0.000000000000000000e+00
0.000000000000000000e+00 0.000000000000000000e+00 0.000000000000000000e+00 0.000000000000000000e+00 0.000000000000000000e+00
0.000000000000000000e+00 0.000000000000000000e+00 0.000000000000000000e+00 0.000000000000000000e+00 0.000000000000000000e+00
0.000000000000000000e+00 0.000000000000000000e+00 0.000000000000000000e+00 0.000000000000000000e+00 0.000000000000000000e+00
0.000000000000000000e+00 0.000000000000000000e+00 0.000000000000000000e+00 0.000000000000000000e+00 0.000000000000000000e+00
0.000000000000000000e+00 0.000000000000000000e+00 0.000000000000000000e+00 0.000000000000000000e+00 0.000000000000000000e+00
0.000000000000000000e+00 0.000000000000000000e+00 0.000000000000000000e+00 0.000000000000000000e+00 0.000000000000000000e+00
0.000000000000000000e+00 0.000000000000000000e+00 0.000000000000000000e+00 0.000000000000000000e+00 0.000000000000000000e+00
0.000000000000000000e+00 0.000000000000000000e+00 0.000000000000000000e+00 0.000000000000000000e+00 0.000000000000000000e+00
0.000000000000000000e+00 0.000000000000000000e+00 0.000000000000000000e+00 0.000000000000000000e+00 0.000000000000000000e+00
0.000000000000000000e+00 0.000000000000000000e+00 0.000000000000000000e+00 0.000000000000000000e+00 0.000000000000000000e+00
0.000000000000000000e+00 0.000000000000000000e+00 0.000000000000000000e+00 0.000000000000000000e+00 0.000000000000000000e+00
0.000000000000000000e+00 0.000000000000000000e+00 0.000000000000000000e+00 0.000000000000000000e+00 0.000000000000000000e+00
0.000000000000000000e+00 0.000000000000000000e+00 0.000000000000000000e+00 0.000000000000000000e+00 0.000000000000000000e+00
0.000000000000000000e+00 0.000000000000000000e+00 0.000000000000000000e+00 0.000000000000000000e+00 0.000000000000000000e+00
0.000000000000000000e+00 0.000000000000000000e+00 0.000000000000000000e+00 0.000000000000000000e+00 0.000000000000000000e+00
0.000000000000000000e+00 0.000000000000000000e+00 0.000000000000000000e+00 0.000000000000000000e+00 0.000000000000000000e+00
0.000000000000000000e+00 0.000000000000000000e+00 0.000000000000000000e+00 0.000000000000000000e+00 0.000000000000000000e+00
0.000000000000000000e+00 0.000000000000000000e+00 0.000000000000000000e+00 0.000000000000000000e+00 0.000000000000000000e+00
0.000000000000000000e+00 0.000000000000000000e+00 0.000000000000000000e+00 0.000000000000000000e+00 0.000000000000000000e+00
0.000000000000000000e+00 0.000000000000000000e+00 0.000000000000000000e+00 0.000000000000000000e+00 0.000000000000000000e+00
0.000000000000000000e+00 0.000000000000000000e+00 0.000000000000000000e+00 0.000000000000000000e+00 0.000000000000000000e+00
