0.000000000000000000e+00 0.000000000000000000e+00 1.000000000000000000e+00 0.000000000000000000e+00 0.000000000000000000e+00
9.671316742897033691e-01 -2.423651218414306641e-01 1.000000000000000000e+00 0.000000000000000000e+00 0.000000000000000000e+00
4.641903936862945557e-01 -2.372349649667739868e-01 1.000000000000000000e+00 0.000000000000000000e+00 0.000000000000000000e+00
1.203118860721588135e-01 -1.751438379287719727e-01 0.000000000000000000e+00 1.000000000000000000e+00 0.000000000000000000e+00
-6.327512860298156738e-01 -4.002615213394165039e-01 1.000000000000000000e+00 0.000000000000000000e+00 0.000000000000000000e+00
1.632337272167205811e-01 7.484037876129150391e-01 1.000000000000000000e+00 0.000000000000000000e+00 0.000000000000000000e+00
-2.369096968322992325e-03 1.101051568984985352e+00 1.000000000000000000e+00 0.000000000000000000e+00 0.000000000000000000e+00
-7.650667428970336914e-02 4.025207757949829102e-01 1.000000000000000000e+00 0.000000000000000000e+00 0.000000000000000000e+00
-1.395981013774871826e-01 2.476360499858856201e-01 1.000000000000000000e+00 0.000000000000000000e+00 0.000000000000000000e+00
-1.721876114606857300e-01 1.008265540003776550e-01 1.000000000000000000e+00 0.000000000000000000e+00 0.000000000000000000e+00
-2.080009132623672485e-01 -3.996858745813369751e-02 1.000000000000000000e+00 0.000000000000000000e+00 0.000000000000000000e+00
-1.874613314867019653e-01 -1.900255382061004639e-01 1.000000000000000000e+00 0.000000000000000000e+00 0.000000000000000000e+00
-6.469127535820007324e-02 -2.622254490852355957e-01 1.000000000000000000e+00 0.000000000000000000e+00 0.000000000000000000e+00
7.626563310623168945e-02 -2.426518499851226807e-01 1.000000000000000000e+00 0.000000000000000000e+00 0.000000000000000000e+00
8.740935921669006348e-01 -7.365961074829101562e-01 1.000000000000000000e+00 0.000000000000000000e+00 0.000000000000000000e+00
3.233925104141235352e-01 -4.174241721630096436e-01 0.000000000000000000e+00 1.000000000000000000e+00 0.000000000000000000e+00
1.247943997383117676e+00 -1.500378370285034180e+00 1.000000000000000000e+00 0.000000000000000000e+00 0.000000000000000000e+00
-6.485246419906616211e-01 8.566424250602722168e-01 1.000000000000000000e+00 0.000000000000000000e+00 0.000000000000000000e+00
6.379184722900390625e-01 -1.864137202501296997e-01 1.000000000000000000e+00 0.000000000000000000e+00 0.000000000000000000e+00
2.150765359401702881e-01 4.701107740402221680e-02 1.000000000000000000e+00 0.000000000000000000e+00 0.000000000000000000e+00
-7.590203285217285156e-01 7.134488821029663086e-01 1.000000000000000000e+00 0.000000000000000000e+00 0.000000000000000000e+00
-4.420774579048156738e-01 2.517181932926177979e-01 1.000000000000000000e+00 0.000000000000000000e+00 0.000000000000000000e+00
-3.346580266952514648e-01 7.404528558254241943e-02 1.000000000000000000e+00 0.000000000000000000e+00 0.000000000000000000e+00
2.784405648708343506e-01 3.243300318717956543e-01 1.000000000000000000e+00 0.000000000000000000e+00 0.000000000000000000e+00
1.565545983612537384e-02 3.238288462162017822e-01 0.000000000000000000e+00 1.000000000000000000e+00 0.000000000000000000e+00
4.929152727127075195e-01 -7.994695901870727539e-01 1.000000000000000000e+00 0.000000000000000000e+00 0.000000000000000000e+00
9.210828542709350586e-01 -1.120076775550842285e-01 1.000000000000000000e+00 0.000000000000000000e+00 0.000000000000000000e+00
2.723186016082763672e-01 7.166783511638641357e-02 1.000000000000000000e+00 0.000000000000000000e+00 0.000000000000000000e+00
-9.535622596740722656e-01 8.626986742019653320e-01 1.000000000000000000e+00 0.000000000000000000e+00 0.000000000000000000e+00
-9.074369668960571289e-01 4.903594553470611572e-01 1.000000000000000000e+00 0.000000000000000000e+00 0.000000000000000000e+00
1.245380997657775879e+00 -3.297340869903564453e-01 1.000000000000000000e+00 0.000000000000000000e+00 0.000000000000000000e+00
5.029973983764648438e-01 -2.439249753952026367e-01 1.000000000000000000e+00 0.000000000000000000e+00 0.000000000000000000e+00
8.961716294288635254e-02 -1.401519030332565308e-01 0.000000000000000000e+00 1.000000000000000000e+00 0.000000000000000000e+00
-6.594368219375610352e-01 -2.805673778057098389e-01 1.000000000000000000e+00 0.000000000000000000e+00 0.000000000000000000e+00
-1.585837751626968384e-01 1.056173220276832581e-01 1.000000000000000000e+00 0.000000000000000000e+00 0.000000000000000000e+00
-8.091949224472045898e-01 1.357967138290405273e+00 1.000000000000000000e+00 0.000000000000000000e+00 0.000000000000000000e+00
-2.233989685773849487e-01 2.429826706647872925e-01 1.000000000000000000e+00 0.000000000000000000e+00 0.000000000000000000e+00
-1.291857361793518066e-01 3.725777193903923035e-02 0.000000000000000000e+00 1.000000000000000000e+00 0.000000000000000000e+00
8.078397512435913086e-01 -5.482361316680908203e-01 1.000000000000000000e+00 0.000000000000000000e+00 0.000000000000000000e+00
1.111935377120971680e+00 5.559300184249877930e-01 1.000000000000000000e+00 0.000000000000000000e+00 0.000000000000000000e+00
6.141302585601806641e-01 1.322791874408721924e-01 1.000000000000000000e+00 0.000000000000000000e+00 0.000000000000000000e+00
7.329171299934387207e-01 -1.696352660655975342e-02 0.000000000000000000e+00 1.000000000000000000e+00 0.000000000000000000e+00
-2.577960491180419922e+00 -2.823518276214599609e+00 0.000000000000000000e+00 0.000000000000000000e+00 1.000000000000000000e+00
3.142964839935302734e-01 6.030552983283996582e-01 0.000000000000000000e+00 0.000000000000000000e+00 1.000000000000000000e+00
-1.724083662033081055e+00 2.525591850280761719e-02 0.000000000000000000e+00 0.000000000000000000e+00 1.000000000000000000e+00
-1.061731576919555664e+00 -1.749213933944702148e-01 0.000000000000000000e+00 0.000000000000000000e+00 1.000000000000000000e+00
-1.213840126991271973e+00 -2.393866777420043945e-01 0.000000000000000000e+00 0.000000000000000000e+00 1.000000000000000000e+00
-1.113453745841979980e+00 -1.643664836883544922e-01 0.000000000000000000e+00 0.000000000000000000e+00 1.000000000000000000e+00
-1.121358156204223633e+00 -1.354236006736755371e-01 0.000000000000000000e+00 0.000000000000000000e+00 1.000000000000000000e+00
-1.101713895797729492e+00 -1.058525443077087402e-01 0.000000000000000000e+00 0.000000000000000000e+00 1.000000000000000000e+00
-1.091483831405639648e+00 -1.183007359504699707e-01 0.000000000000000000e+00 0.000000000000000000e+00 1.000000000000000000e+00
-1.073247432708740234e+00 -1.341122984886169434e-01 0.000000000000000000e+00 0.000000000000000000e+00 1.000000000000000000e+00
-1.049997329711914062e+00 -1.746416091918945312e-01 0.000000000000000000e+00 0.000000000000000000e+00 1.000000000000000000e+00
-1.032804608345031738e+00 -1.945708394050598145e-01 0.000000000000000000e+00 0.000000000000000000e+00 1.000000000000000000e+00
-1.021519899368286133e+00 -2.052477598190307617e-01 0.000000000000000000e+00 0.000000000000000000e+00 1.000000000000000000e+00
-1.010684609413146973e+00 -2.107343673706054688e-01 0.000000000000000000e+00 0.000000000000000000e+00 1.000000000000000000e+00
-1.002766251564025879e+00 -2.100704908370971680e-01 0.000000000000000000e+00 0.000000000000000000e+00 1.000000000000000000e+00
-9.975011348724365234e-01 -2.071390748023986816e-01 0.000000000000000000e+00 0.000000000000000000e+00 1.000000000000000000e+00
-9.859852790832519531e-01 -2.182547450065612793e-01 0.000000000000000000e+00 0.000000000000000000e+00 1.000000000000000000e+00
-9.700099229812622070e-01 -2.371367812156677246e-01 0.000000000000000000e+00 0.000000000000000000e+00 1.000000000000000000e+00
-9.577568769454956055e-01 -2.436023354530334473e-01 0.000000000000000000e+00 0.000000000000000000e+00 1.000000000000000000e+00
-9.484266042709350586e-01 -2.465085387229919434e-01 0.000000000000000000e+00 0.000000000000000000e+00 1.000000000000000000e+00
0.000000000000000000e+00 0.000000000000000000e+00 0.000000000000000000e+00 0.000000000000000000e+00 0.000000000000000000e+00
0.000000000000000000e+00 0.000000000000000000e+00 0.000000000000000000e+00 0.000000000000000000e+00 0.000000000000000000e+00
0.000000000000000000e+00 0.000000000000000000e+00 0.000000000000000000e+00 0.000000000000000000e+00 0.000000000000000000e+00
0.000000000000000000e+00 0.000000000000000000e+00 0.000000000000000000e+00 0.000000000000000000e+00 0.000000000000000000e+00
0.000000000000000000e+00 0.000000000000000000e+00 0.000000000000000000e+00 0.000000000000000000e+00 0.000000000000000000e+00
0.000000000000000000e+00 0.000000000000000000e+00 0.000000000000000000e+00 0.000000000000000000e+00 0.000000000000000000e+00
0.000000000000000000e+00 0.000000000000000000e+00 0.000000000000000000e+00 0.000000000000000000e+00 0.000000000000000000e+00
0.000000000000000000e+00 0.000000000000000000e+00 0.000000000000000000e+00 0.000000000000000000e+00 0.000000000000000000e+00
0.000000000000000000e+00 0.000000000000000000e+00 0.000000000000000000e+00 0.000000000000000000e+00 0.000000000000000000e+00
0.000000000000000000e+00 0.000000000000000000e+00 0.000000000000000000e+00 0.000000000000000000e+00 0.000000000000000000e+00
0.000000000000000000e+00 0.000000000000000000e+00 0.000000000000000000e+00 0.000000000000000000e+00 0.000000000000000000e+00
0.000000000000000000e+00 0.000000000000000000e+00 0.000000000000000000e+00 0.000000000000000000e+00 0.000000000000000000e+00
0.000000000000000000e+00 0.000000000000000000e+00 0.000000000000000000e+00 0.000000000000000000e+00 0.000000000000000000e+00
0.000000000000000000e+00 0.000000000000000000e+00 0.000000000000000000e+00 0.000000000000000000e+00 0.000000000000000000e+00
0.000000000000000000e+00 0.000000000000000000e+00 0.000000000000000000e+00 0.000000000000000000e+00 0.000000000000000000e+00
0.000000000000000000e+00 0.000000000000000000e+00 0.000000000000000000e+00 0.000000000000000000e+00 0.000000000000000000e+00
0.000000000000000000e+00 0.000000000000000000e+00 0.000000000000000000e+00 0.000000000000000000e+00 0.000000000000000000e+00
0.000000000000000000e+00 0.000000000000000000e+00 0.000000000000000000e+00 0.000000000000000000e+00 0.000000000000000000e+00
0.000000000000000000e+00 0.000000000000000000e+00 0.000000000000000000e+00 0.000000000000000000e+00 0.000000000000000000e+00
0.000000000000000000e+00 0.000000000000000000e+00 0.000000000000000000e+00 0.000000000000000000e+00 0.000000000000000000e+00
0.000000000000000000e+00 0.000000000000000000e+00 0.000000000000000000e+00 0.000000000000000000e+00 0.000000000000000000e+00
0.000000000000000000e+00 0.000000000000000000e+00 0.000000000000000000e+00 0.000000000000000000e+00 0.000000000000000000e+00
0.000000000000000000e+00 0.000000000000000000e+00 0.000000000000000000e+00 0.000000000000000000e+00 0.000000000000000000e+00
0.000000000000000000e+00 0.000000000000000000e+00 0.000000000000000000e+00 0.000000000000000000e+00 0.000000000000000000e+00
0.000000000000000000e+00 0.000000000000000000e+00 0.000000000000000000e+00 0.000000000000000000e+00 0.000000000000000000e+00
0.000000000000000000e+00 0.000000000000000000e+00 0.000000000000000000e+00 0.000000000000000000e+00 0.000000000000000000e+00
0.000000000000000000e+00 0.000000000000000000e+00 0.000000000000000000e+00 0.000000000000000000e+00 0.000000000000000000e+00
0.000000000000000000e+00 0.000000000000000000e+00 0.000000000000000000e+00 0.000000000000000000e+00 0.000000000000000000e+00
0.000000000000000000e+00 0.000000000000000000e+00 0.000000000000000000e+00 0.000000000000000000e+00 0.000000000000000000e+00
0.000000000000000000e+00 0.000000000000000000e+00 0.000000000000000000e+00 0.000000000000000000e+00 0.000000000000000000e+00
0.000000000000000000e+00 0.000000000000000000e+00 0.000000000000000000e+00 0.000000000000000000e+00 0.000000000000000000e+00
0.000000000000000000e+00 0.000000000000000000e+00 0.000000000000000000e+00 0.000000000000000000e+00 0.000000000000000000e+00
0.000000000000000000e+00 0.000000000000000000e+00 0.000000000000000000e+00 0.000000000000000000e+00 0.000000000000000000e+00
0.000000000000000000e+00 0.000000000000000000e+00 0.000000000000000000e+00 0.000000000000000000e+00 0.000000000000000000e+00
0.000000000000000000e+00 0.000000000000000000e+00 0.000000000000000000e+00 0.000000000000000000e+00 0.000000000000000000e+00
0.000000000000000000e+00 0.000000000000000000e+00 0.000000000000000000e+00 0.000000000000000000e+00 0.000000000000000000e+00
0.000000000000000000e+00 0.000000000000000000e+00 0.000000000000000000e+00 0.000000000000000000e+00 0.000000000000000000e+00
0.000000000000000000e+00 0.000000000000000000e+00 0.000000000000000000e+00 0.000000000000000000e+00 0.000000000000000000e+00
0.000000000000000000e+00 0.000000000000000000e+00 0.000000000000000000e+00 0.000000000000000000e+00 0.000000000000000000e+00
0.000000000000000000e+00 0.000000000000000000e+00 0.000000000000000000e+00 0.000000000000000000e+00 0.000000000000000000e+00
0.000000000000000000e+00 0.000000000000000000e+00 0.000000000000000000e+00 0.000000000000000000e+00 0.000000000000000000e+00
0.000000000000000000e+00 0.000000000000000000e+00 0.000000000000000000e+00 0.000000000000000000e+00 0.000000000000000000e+00
0.000000000000000000e+00 0.000000000000000000e+00 0.000000000000000000e+00 0.000000000000000000e+00 0.000000000000000000e+00
0.000000000000000000e+00 0.000000000000000000e+00 0.000000000000000000e+00 0.000000000000000000e+00 0.000000000000000000e+00
0.000000000000000000e+00 0.000000000000000000e+00 0.000000000000000000e+00 0.000000000000000000e+00 0.000000000000000000e+00
0.000000000000000000e+00 0.000000000000000000e+00 0.000000000000000000e+00 0.000000000000000000e+00 0.000000000000000000e+00
0.000000000000000000e+00 0.000000000000000000e+00 0.000000000000000000e+00 0.000000000000000000e+00 0.000000000000000000e+00
0.000000000000000000e+00 0.000000000000000000e+00 0.000000000000000000e+00 0.000000000000000000e+00 0.000000000000000000e+00
0.000000000000000000e+00 0.000000000000000000e+00 0.000000000000000000e+00 0.000000000000000000e+00 0.000000000000000000e+00
0.000000000000000000e+00 0.000000000000000000e+00 0.000000000000000000e+00 0.000000000000000000e+00 0.000000000000000000e+00
0.000000000000000000e+00 0.000000000000000000e+00 0.000000000000000000e+00 0.000000000000000000e+00 0.000000000000000000e+00
0.000000000000000000e+00 0.000000000000000000e+00 0.000000000000000000e+00 0.000000000000000000e+00 0.000000000000000000e+00
0.000000000000000000e+00 0.000000000000000000e+00 0.000000000000000000e+00 0.000000000000000000e+00 0.000000000000000000e+00
0.000000000000000000e+00 0.000000000000000000e+00 0.000000000000000000e+00 0.000000000000000000e+00 0.000000000000000000e+00
0.000000000000000000e+00 0.000000000000000000e+00 0.000000000000000000e+00 0.000000000000000000e+00 0.000000000000000000e+00
0.000000000000000000e+00 0.000000000000000000e+00 0.000000000000000000e+00 0.000000000000000000e+00 0.000000000000000000e+00
0.000000000000000000e+00 0.000000000000000000e+00 0.000000000000000000e+00 0.000000000000000000e+00 0.000000000000000000e+00
0.000000000000000000e+00 0.000000000000000000e+00 0.000000000000000000e+00 0.000000000000000000e+00 0.000000000000000000e+00
0.000000000000000000e+00 0.000000000000000000e+00 0.000000000000000000e+00 0.000000000000000000e+00 0.000000000000000000e+00
