0.000000000000000000e+00 0.000000000000000000e+00 1.000000000000000000e+00 0.000000000000000000e+00 0.000000000000000000e+00
9.155478477478027344e-01 -2.283004671335220337e-01 1.000000000000000000e+00 0.000000000000000000e+00 0.000000000000000000e+00
4.063460230827331543e-01 -2.123235166072845459e-01 1.000000000000000000e+00 0.000000000000000000e+00 0.000000000000000000e+00
1.136523187160491943e-01 -1.687297224998474121e-01 0.000000000000000000e+00 1.000000000000000000e+00 0.000000000000000000e+00
-6.063787937164306641e-01 -3.795063197612762451e-01 1.000000000000000000e+00 0.000000000000000000e+00 0.000000000000000000e+00
1.561011075973510742e-01 7.277987599372863770e-01 1.000000000000000000e+00 0.000000000000000000e+00 0.000000000000000000e+00
9.034411050379276276e-04 1.058369755744934082e+00 1.000000000000000000e+00 0.000000000000000000e+00 0.000000000000000000e+00
-1.436890661716461182e-01 7.186037302017211914e-01 1.000000000000000000e+00 0.000000000000000000e+00 0.000000000000000000e+00
-1.263350844383239746e-01 1.525190174579620361e-01 1.000000000000000000e+00 0.000000000000000000e+00 0.000000000000000000e+00
-1.551229655742645264e-01 2.887642383575439453e-02 1.000000000000000000e+00 0.000000000000000000e+00 0.000000000000000000e+00
-3.504023253917694092e-01 -2.393992245197296143e-01 1.000000000000000000e+00 0.000000000000000000e+00 0.000000000000000000e+00
-9.663455188274383545e-02 -3.553982675075531006e-01 1.000000000000000000e+00 0.000000000000000000e+00 0.000000000000000000e+00
7.015607953071594238e-01 -4.846418499946594238e-01 1.000000000000000000e+00 0.000000000000000000e+00 0.000000000000000000e+00
2.815823256969451904e-01 -3.408816158771514893e-01 0.000000000000000000e+00 1.000000000000000000e+00 0.000000000000000000e+00
1.158694863319396973e+00 -1.514185905456542969e+00 1.000000000000000000e+00 0.000000000000000000e+00 0.000000000000000000e+00
8.140748143196105957e-01 -1.496956348419189453e-01 1.000000000000000000e+00 0.000000000000000000e+00 0.000000000000000000e+00
2.324517518281936646e-01 6.815263628959655762e-02 1.000000000000000000e+00 0.000000000000000000e+00 0.000000000000000000e+00
-7.802016139030456543e-01 7.943143844604492188e-01 1.000000000000000000e+00 0.000000000000000000e+00 0.000000000000000000e+00
-3.310966193675994873e-01 1.727834641933441162e-01 1.000000000000000000e+00 0.000000000000000000e+00 0.000000000000000000e+00
5.795007944107055664e-01 -2.252659350633621216e-01 1.000000000000000000e+00 0.000000000000000000e+00 0.000000000000000000e+00
1.133068352937698364e-01 -1.196241229772567749e-01 0.000000000000000000e+00 1.000000000000000000e+00 0.000000000000000000e+00
-7.987032532691955566e-01 -9.581969678401947021e-02 1.000000000000000000e+00 0.000000000000000000e+00 0.000000000000000000e+00
-4.879897832870483398e-02 7.595704197883605957e-01 1.000000000000000000e+00 0.000000000000000000e+00 0.000000000000000000e+00
-1.339894533157348633e-01 5.278705358505249023e-01 1.000000000000000000e+00 0.000000000000000000e+00 0.000000000000000000e+00
-4.914250671863555908e-01 1.167262077331542969e+00 1.000000000000000000e+00 0.000000000000000000e+00 0.000000000000000000e+00
-2.154594361782073975e-01 3.086498379707336426e-01 1.000000000000000000e+00 0.000000000000000000e+00 0.000000000000000000e+00
-1.564550548791885376e-01 9.242776036262512207e-02 0.000000000000000000e+00 1.000000000000000000e+00 0.000000000000000000e+00
1.313499093055725098e+00 -1.782427310943603516e+00 1.000000000000000000e+00 0.000000000000000000e+00 0.000000000000000000e+00
-5.666438490152359009e-02 6.702194213867187500e-01 1.000000000000000000e+00 0.000000000000000000e+00 0.000000000000000000e+00
7.189740240573883057e-02 1.000617295503616333e-01 1.000000000000000000e+00 0.000000000000000000e+00 0.000000000000000000e+00
4.029331803321838379e-01 -2.350166253745555878e-02 1.000000000000000000e+00 0.000000000000000000e+00 0.000000000000000000e+00
6.487274765968322754e-01 -3.677696585655212402e-01 1.000000000000000000e+00 0.000000000000000000e+00 0.000000000000000000e+00
-1.716760098934173584e-01 5.198932290077209473e-01 1.000000000000000000e+00 0.000000000000000000e+00 0.000000000000000000e+00
-9.965909272432327271e-02 8.609184622764587402e-02 0.000000000000000000e+00 1.000000000000000000e+00 0.000000000000000000e+00
-2.026209235191345215e-01 -1.352792859077453613e+00 1.000000000000000000e+00 0.000000000000000000e+00 0.000000000000000000e+00
-1.496161222457885742e-01 1.277735471725463867e+00 1.000000000000000000e+00 0.000000000000000000e+00 0.000000000000000000e+00
-9.871266037225723267e-02 3.177628517150878906e-01 1.000000000000000000e+00 0.000000000000000000e+00 0.000000000000000000e+00
-1.398312151432037354e-01 1.741027534008026123e-01 0.000000000000000000e+00 1.000000000000000000e+00 0.000000000000000000e+00
-3.564604818820953369e-01 -2.563396692276000977e-01 1.000000000000000000e+00 0.000000000000000000e+00 0.000000000000000000e+00
-5.113274604082107544e-02 5.828120112419128418e-01 1.000000000000000000e+00 0.000000000000000000e+00 0.000000000000000000e+00
8.546975255012512207e-02 1.271266937255859375e-01 1.000000000000000000e+00 0.000000000000000000e+00 0.000000000000000000e+00
2.868365645408630371e-01 5.950230732560157776e-02 1.000000000000000000e+00 0.000000000000000000e+00 0.000000000000000000e+00
7.861869335174560547e-01 -2.794579863548278809e-01 1.000000000000000000e+00 0.000000000000000000e+00 0.000000000000000000e+00
1.986508816480636597e-02 5.295522212982177734e-01 1.000000000000000000e+00 0.000000000000000000e+00 0.000000000000000000e+00
-1.075793877243995667e-01 2.332403957843780518e-01 0.000000000000000000e+00 1.000000000000000000e+00 0.000000000000000000e+00
-1.205672383308410645e+00 -2.993066787719726562e+00 0.000000000000000000e+00 0.000000000000000000e+00 1.000000000000000000e+00
-4.746640026569366455e-01 1.074200391769409180e+00 0.000000000000000000e+00 0.000000000000000000e+00 1.000000000000000000e+00
-1.414184808731079102e+00 -5.640885233879089355e-01 0.000000000000000000e+00 0.000000000000000000e+00 1.000000000000000000e+00
-9.787237644195556641e-01 -1.058336496353149414e-01 0.000000000000000000e+00 0.000000000000000000e+00 1.000000000000000000e+00
-1.083482503890991211e+00 -4.138062596321105957e-01 0.000000000000000000e+00 0.000000000000000000e+00 1.000000000000000000e+00
-9.945837259292602539e-01 -3.497186303138732910e-01 0.000000000000000000e+00 0.000000000000000000e+00 1.000000000000000000e+00
-1.003752231597900391e+00 -4.030500054359436035e-01 0.000000000000000000e+00 0.000000000000000000e+00 1.000000000000000000e+00
-9.828139543533325195e-01 -3.952968716621398926e-01 0.000000000000000000e+00 0.000000000000000000e+00 1.000000000000000000e+00
-9.794641733169555664e-01 -3.903476595878601074e-01 0.000000000000000000e+00 0.000000000000000000e+00 1.000000000000000000e+00
-9.736162424087524414e-01 -3.788807988166809082e-01 0.000000000000000000e+00 0.000000000000000000e+00 1.000000000000000000e+00
-9.611012935638427734e-01 -3.812292218208312988e-01 0.000000000000000000e+00 0.000000000000000000e+00 1.000000000000000000e+00
-9.556890726089477539e-01 -3.676859736442565918e-01 0.000000000000000000e+00 0.000000000000000000e+00 1.000000000000000000e+00
-9.520124197006225586e-01 -3.557139039039611816e-01 0.000000000000000000e+00 0.000000000000000000e+00 1.000000000000000000e+00
-9.466569423675537109e-01 -3.467183709144592285e-01 0.000000000000000000e+00 0.000000000000000000e+00 1.000000000000000000e+00
-9.414011240005493164e-01 -3.445909619331359863e-01 0.000000000000000000e+00 0.000000000000000000e+00 1.000000000000000000e+00
-9.349831342697143555e-01 -3.411868214607238770e-01 0.000000000000000000e+00 0.000000000000000000e+00 1.000000000000000000e+00
-9.285693168640136719e-01 -3.377465605735778809e-01 0.000000000000000000e+00 0.000000000000000000e+00 1.000000000000000000e+00
-9.209557771682739258e-01 -3.356444239616394043e-01 0.000000000000000000e+00 0.000000000000000000e+00 1.000000000000000000e+00
-9.160312414169311523e-01 -3.311644196510314941e-01 0.000000000000000000e+00 0.000000000000000000e+00 1.000000000000000000e+00
-9.135133028030395508e-01 -3.272235989570617676e-01 0.000000000000000000e+00 0.000000000000000000e+00 1.000000000000000000e+00
-9.105371236801147461e-01 -3.269737362861633301e-01 0.000000000000000000e+00 0.000000000000000000e+00 1.000000000000000000e+00
-9.061458110809326172e-01 -3.269873261451721191e-01 0.000000000000000000e+00 0.000000000000000000e+00 1.000000000000000000e+00
-9.015130996704101562e-01 -3.261588215827941895e-01 0.000000000000000000e+00 0.000000000000000000e+00 1.000000000000000000e+00
-8.954002857208251953e-01 -3.232775330543518066e-01 0.000000000000000000e+00 0.000000000000000000e+00 1.000000000000000000e+00
-8.911515474319458008e-01 -3.170509934425354004e-01 0.000000000000000000e+00 0.000000000000000000e+00 1.000000000000000000e+00
-8.867149353027343750e-01 -3.123053908348083496e-01 0.000000000000000000e+00 0.000000000000000000e+00 1.000000000000000000e+00
-8.830910921096801758e-01 -3.109506368637084961e-01 0.000000000000000000e+00 0.000000000000000000e+00 1.000000000000000000e+00
-8.800836801528930664e-01 -3.142488598823547363e-01 0.000000000000000000e+00 0.000000000000000000e+00 1.000000000000000000e+00
0.000000000000000000e+00 0.000000000000000000e+00 0.000000000000000000e+00 0.000000000000000000e+00 0.000000000000000000e+00
0.000000000000000000e+00 0.000000000000000000e+00 0.000000000000000000e+00 0.000000000000000000e+00 0.000000000000000000e+00
0.000000000000000000e+00 0.000000000000000000e+00 0.000000000000000000e+00 0.000000000000000000e+00 0.000000000000000000e+00
0.000000000000000000e+00 0.000000000000000000e+00 0.000000000000000000e+00 0.000000000000000000e+00 0.000000000000000000e+00
0.000000000000000000e+00 0.000000000000000000e+00 0.000000000000000000e+00 0.000000000000000000e+00 0.000000000000000000e+00
0.000000000000000000e+00 0.000000000000000000e+00 0.000000000000000000e+00 0.000000000000000000e+00 0.000000000000000000e+00
0.000000000000000000e+00 0.000000000000000000e+00 0.000000000000000000e+00 0.000000000000000000e+00 0.000000000000000000e+00
0.000000000000000000e+00 0.000000000000000000e+00 0.000000000000000000e+00 0.000000000000000000e+00 0.000000000000000000e+00
0.000000000000000000e+00 0.000000000000000000e+00 0.000000000000000000e+00 0.000000000000000000e+00 0.000000000000000000e+00
0.000000000000000000e+00 0.000000000000000000e+00 0.000000000000000000e+00 0.000000000000000000e+00 0.000000000000000000e+00
0.000000000000000000e+00 0.000000000000000000e+00 0.000000000000000000e+00 0.000000000000000000e+00 0.000000000000000000e+00
0.000000000000000000e+00 0.000000000000000000e+00 0.000000000000000000e+00 0.000000000000000000e+00 0.000000000000000000e+00
0.000000000000000000e+00 0.000000000000000000e+00 0.000000000000000000e+00 0.000000000000000000e+00 0.000000000000000000e+00
0.000000000000000000e+00 0.000000000000000000e+00 0.000000000000000000e+00 0.000000000000000000e+00 0.000000000000000000e+00
0.000000000000000000e+00 0.000000000000000000e+00 0.000000000000000000e+00 0.000000000000000000e+00 0.000000000000000000e+00
0.000000000000000000e+00 0.000000000000000000e+00 0.000000000000000000e+00 0.000000000000000000e+00 0.000000000000000000e+00
0.000000000000000000e+00 0.000000000000000000e+00 0.000000000000000000e+00 0.000000000000000000e+00 0.000000000000000000e+00
0.000000000000000000e+00 0.000000000000000000e+00 0.000000000000000000e+00 0.000000000000000000e+00 0.000000000000000000e+00
0.000000000000000000e+00 0.000000000000000000e+00 0.000000000000000000e+00 0.000000000000000000e+00 0.000000000000000000e+00
0.000000000000000000e+00 0.000000000000000000e+00 0.000000000000000000e+00 0.000000000000000000e+00 0.000000000000000000e+00
0.000000000000000000e+00 0.000000000000000000e+00 0.000000000000000000e+00 0.000000000000000000e+00 0.000000000000000000e+00
0.000000000000000000e+00 0.000000000000000000e+00 0.000000000000000000e+00 0.000000000000000000e+00 0.000000000000000000e+00
0.000000000000000000e+00 0.000000000000000000e+00 0.000000000000000000e+00 0.000000000000000000e+00 0.000000000000000000e+00
0.000000000000000000e+00 0.000000000000000000e+00 0.000000000000000000e+00 0.000000000000000000e+00 0.000000000000000000e+00
0.000000000000000000e+00 0.000000000000000000e+00 0.000000000000000000e+00 0.000000000000000000e+00 0.000000000000000000e+00
0.000000000000000000e+00 0.000000000000000000e+00 0.000000000000000000e+00 0.000000000000000000e+00 0.000000000000000000e+00
0.000000000000000000e+00 0.000000000000000000e+00 0.000000000000000000e+00 0.000000000000000000e+00 0.000000000000000000e+00
0.000000000000000000e+00 0.000000000000000000e+00 0.000000000000000000e+00 0.000000000000000000e+00 0.000000000000000000e+00
0.000000000000000000e+00 0.000000000000000000e+00 0.000000000000000000e+00 0.000000000000000000e+00 0.000000000000000000e+00
0.000000000000000000e+00 0.000000000000000000e+00 0.000000000000000000e+00 0.000000000000000000e+00 0.000000000000000000e+00
0.000000000000000000e+00 0.000000000000000000e+00 0.000000000000000000e+00 0.000000000000000000e+00 0.000000000000000000e+00
0.000000000000000000e+00 0.000000000000000000e+00 0.000000000000000000e+00 0.000000000000000000e+00 0.000000000000000000e+00
0.000000000000000000e+00 0.000000000000000000e+00 0.000000000000000000e+00 0.000000000000000000e+00 0.000000000000000000e+00
0.000000000000000000e+00 0.000000000000000000e+00 0.000000000000000000e+00 0.000000000000000000e+00 0.000000000000000000e+00
0.000000000000000000e+00 0.000000000000000000e+00 0.000000000000000000e+00 0.000000000000000000e+00 0.000000000000000000e+00
0.000000000000000000e+00 0.000000000000000000e+00 0.000000000000000000e+00 0.000000000000000000e+00 0.000000000000000000e+00
0.000000000000000000e+00 0.000000000000000000e+00 0.000000000000000000e+00 0.000000000000000000e+00 0.000000000000000000e+00
0.000000000000000000e+00 0.000000000000000000e+00 0.000000000000000000e+00 0.000000000000000000e+00 0.000000000000000000e+00
0.000000000000000000e+00 0.000000000000000000e+00 0.000000000000000000e+00 0.000000000000000000e+00 0.000000000000000000e+00
0.000000000000000000e+00 0.000000000000000000e+00 0.000000000000000000e+00 0.000000000000000000e+00 0.000000000000000000e+00
0.000000000000000000e+00 0.000000000000000000e+00 0.000000000000000000e+00 0.000000000000000000e+00 0.000000000000000000e+00
0.000000000000000000e+00 0.000000000000000000e+00 0.000000000000000000e+00 0.000000000000000000e+00 0.000000000000000000e+00
0.000000000000000000e+00 0.000000000000000000e+00 0.000000000000000000e+00 0.000000000000000000e+00 0.000000000000000000e+00
0.000000000000000000e+00 0.000000000000000000e+00 0.000000000000000000e+00 0.000000000000000000e+00 0.000000000000000000e+00
0.000000000000000000e+00 0.000000000000000000e+00 0.000000000000000000e+00 0.000000000000000000e+00 0.000000000000000000e+00
0.000000000000000000e+00 0.000000000000000000e+00 0.000000000000000000e+00 0.000000000000000000e+00 0.000000000000000000e+00
0.000000000000000000e+00 0.000000000000000000e+00 0.000000000000000000e+00 0.000000000000000000e+00 0.000000000000000000e+00
0.000000000000000000e+00 0.000000000000000000e+00 0.000000000000000000e+00 0.000000000000000000e+00 0.000000000000000000e+00
