0.000000000000000000e+00 0.000000000000000000e+00 1.000000000000000000e+00 0.000000000000000000e+00 0.000000000000000000e+00
9.707235097885131836e-01 -2.541512548923492432e-01 1.000000000000000000e+00 0.000000000000000000e+00 0.000000000000000000e+00
4.736840724945068359e-01 -2.495316267013549805e-01 1.000000000000000000e+00 0.000000000000000000e+00 0.000000000000000000e+00
1.166906654834747314e-01 -1.743309944868087769e-01 0.000000000000000000e+00 1.000000000000000000e+00 0.000000000000000000e+00
-6.346436738967895508e-01 -4.568232893943786621e-01 1.000000000000000000e+00 0.000000000000000000e+00 0.000000000000000000e+00
1.755610108375549316e-01 7.558355331420898438e-01 1.000000000000000000e+00 0.000000000000000000e+00 0.000000000000000000e+00
1.348150894045829773e-02 1.153673648834228516e+00 1.000000000000000000e+00 0.000000000000000000e+00 0.000000000000000000e+00
-1.446200609207153320e-01 8.283373117446899414e-01 1.000000000000000000e+00 0.000000000000000000e+00 0.000000000000000000e+00
-1.246716231107711792e-01 1.731026023626327515e-01 1.000000000000000000e+00 0.000000000000000000e+00 0.000000000000000000e+00
-1.513898372650146484e-01 4.315675795078277588e-02 1.000000000000000000e+00 0.000000000000000000e+00 0.000000000000000000e+00
-3.709011375904083252e-01 -2.166567444801330566e-01 1.000000000000000000e+00 0.000000000000000000e+00 0.000000000000000000e+00
-1.760694533586502075e-01 -4.153586030006408691e-01 1.000000000000000000e+00 0.000000000000000000e+00 0.000000000000000000e+00
3.958732262253761292e-02 -2.300795316696166992e-01 1.000000000000000000e+00 0.000000000000000000e+00 0.000000000000000000e+00
7.613093256950378418e-01 -5.049652457237243652e-01 0.000000000000000000e+00 1.000000000000000000e+00 0.000000000000000000e+00
1.413161993026733398e+00 -1.666568517684936523e+00 1.000000000000000000e+00 0.000000000000000000e+00 0.000000000000000000e+00
8.020977973937988281e-01 -2.336863279342651367e-01 1.000000000000000000e+00 0.000000000000000000e+00 0.000000000000000000e+00
-5.348537862300872803e-02 5.153086036443710327e-02 0.000000000000000000e+00 1.000000000000000000e+00 0.000000000000000000e+00
-7.127654552459716797e-01 5.849653482437133789e-01 1.000000000000000000e+00 0.000000000000000000e+00 0.000000000000000000e+00
6.104074120521545410e-01 -6.074318289756774902e-02 1.000000000000000000e+00 0.000000000000000000e+00 0.000000000000000000e+00
-5.673221498727798462e-02 6.037405878305435181e-02 0.000000000000000000e+00 1.000000000000000000e+00 0.000000000000000000e+00
-8.598111867904663086e-01 5.623173713684082031e-01 1.000000000000000000e+00 0.000000000000000000e+00 0.000000000000000000e+00
8.684649467468261719e-01 -1.592881977558135986e-01 1.000000000000000000e+00 0.000000000000000000e+00 0.000000000000000000e+00
4.508493244647979736e-01 -2.192552387714385986e-01 1.000000000000000000e+00 0.000000000000000000e+00 0.000000000000000000e+00
1.678905487060546875e-01 -2.023282647132873535e-01 0.000000000000000000e+00 1.000000000000000000e+00 0.000000000000000000e+00
-4.556914269924163818e-01 -1.171468973159790039e+00 1.000000000000000000e+00 0.000000000000000000e+00 0.000000000000000000e+00
-8.668936043977737427e-02 6.010680198669433594e-01 1.000000000000000000e+00 0.000000000000000000e+00 0.000000000000000000e+00
-5.293895006179809570e-01 1.165824770927429199e+00 1.000000000000000000e+00 0.000000000000000000e+00 0.000000000000000000e+00
-7.298393249511718750e-01 9.791733026504516602e-01 1.000000000000000000e+00 0.000000000000000000e+00 0.000000000000000000e+00
-2.548187971115112305e-01 1.995281577110290527e-01 0.000000000000000000e+00 1.000000000000000000e+00 0.000000000000000000e+00
1.300135493278503418e+00 -9.460746645927429199e-01 1.000000000000000000e+00 0.000000000000000000e+00 0.000000000000000000e+00
3.389687538146972656e-01 7.560476660728454590e-02 1.000000000000000000e+00 0.000000000000000000e+00 0.000000000000000000e+00
2.215780913829803467e-01 1.873904466629028320e-01 0.000000000000000000e+00 1.000000000000000000e+00 0.000000000000000000e+00
-6.864339709281921387e-01 1.007002294063568115e-01 1.000000000000000000e+00 0.000000000000000000e+00 0.000000000000000000e+00
-8.291579484939575195e-01 7.602924704551696777e-01 1.000000000000000000e+00 0.000000000000000000e+00 0.000000000000000000e+00
9.107306599617004395e-01 -1.240709498524665833e-01 1.000000000000000000e+00 0.000000000000000000e+00 0.000000000000000000e+00
3.977149724960327148e-01 -1.693878322839736938e-01 0.000000000000000000e+00 1.000000000000000000e+00 0.000000000000000000e+00
-3.060841560363769531e-01 -1.523332595825195312e-01 1.000000000000000000e+00 0.000000000000000000e+00 0.000000000000000000e+00
-7.253741025924682617e-01 1.007641077041625977e+00 1.000000000000000000e+00 0.000000000000000000e+00 0.000000000000000000e+00
-3.046792447566986084e-01 2.477162480354309082e-01 1.000000000000000000e+00 0.000000000000000000e+00 0.000000000000000000e+00
-2.819190919399261475e-01 8.272832632064819336e-02 0.000000000000000000e+00 1.000000000000000000e+00 0.000000000000000000e+00
1.115807414054870605e+00 -5.535826683044433594e-01 1.000000000000000000e+00 0.000000000000000000e+00 0.000000000000000000e+00
8.584477901458740234e-01 5.472480058670043945e-01 1.000000000000000000e+00 0.000000000000000000e+00 0.000000000000000000e+00
4.915639460086822510e-01 1.383432745933532715e-01 0.000000000000000000e+00 1.000000000000000000e+00 0.000000000000000000e+00
-1.894578456878662109e+00 -2.820934295654296875e+00 0.000000000000000000e+00 0.000000000000000000e+00 1.000000000000000000e+00
2.929983735084533691e-01 6.216595172882080078e-01 0.000000000000000000e+00 0.000000000000000000e+00 1.000000000000000000e+00
-1.647447586059570312e+00 -5.443948507308959961e-02 0.000000000000000000e+00 0.000000000000000000e+00 1.000000000000000000e+00
-9.749903678894042969e-01 -2.422568798065185547e-01 0.000000000000000000e+00 0.000000000000000000e+00 1.000000000000000000e+00
-1.104188442230224609e+00 -3.544861674308776855e-01 0.000000000000000000e+00 0.000000000000000000e+00 1.000000000000000000e+00
-1.004649043083190918e+00 -2.881082296371459961e-01 0.000000000000000000e+00 0.000000000000000000e+00 1.000000000000000000e+00
-1.013338327407836914e+00 -2.629380822181701660e-01 0.000000000000000000e+00 0.000000000000000000e+00 1.000000000000000000e+00
-9.948346614837646484e-01 -2.467902302742004395e-01 0.000000000000000000e+00 0.000000000000000000e+00 1.000000000000000000e+00
-9.900190830230712891e-01 -2.018069028854370117e-01 0.000000000000000000e+00 0.000000000000000000e+00 1.000000000000000000e+00
-9.782813787460327148e-01 -2.056663632392883301e-01 0.000000000000000000e+00 0.000000000000000000e+00 1.000000000000000000e+00
-9.489915370941162109e-01 -2.721570730209350586e-01 0.000000000000000000e+00 0.000000000000000000e+00 1.000000000000000000e+00
-9.260815382003784180e-01 -3.017509579658508301e-01 0.000000000000000000e+00 0.000000000000000000e+00 1.000000000000000000e+00
-9.121876955032348633e-01 -3.036837577819824219e-01 0.000000000000000000e+00 0.000000000000000000e+00 1.000000000000000000e+00
-9.020482301712036133e-01 -3.002672791481018066e-01 0.000000000000000000e+00 0.000000000000000000e+00 1.000000000000000000e+00
-8.957934379577636719e-01 -2.930150032043457031e-01 0.000000000000000000e+00 0.000000000000000000e+00 1.000000000000000000e+00
-8.923307657241821289e-01 -2.796580195426940918e-01 0.000000000000000000e+00 0.000000000000000000e+00 1.000000000000000000e+00
-8.838411569595336914e-01 -2.839909791946411133e-01 0.000000000000000000e+00 0.000000000000000000e+00 1.000000000000000000e+00
-8.696445226669311523e-01 -3.018705248832702637e-01 0.000000000000000000e+00 0.000000000000000000e+00 1.000000000000000000e+00
-8.588154315948486328e-01 -3.116869926452636719e-01 0.000000000000000000e+00 0.000000000000000000e+00 1.000000000000000000e+00
-8.513573408126831055e-01 -3.079500198364257812e-01 0.000000000000000000e+00 0.000000000000000000e+00 1.000000000000000000e+00
-8.447614908218383789e-01 -3.065257072448730469e-01 0.000000000000000000e+00 0.000000000000000000e+00 1.000000000000000000e+00
-8.416776657104492188e-01 -3.031730651855468750e-01 0.000000000000000000e+00 0.000000000000000000e+00 1.000000000000000000e+00
-8.394136428833007812e-01 -3.046988844871520996e-01 0.000000000000000000e+00 0.000000000000000000e+00 1.000000000000000000e+00
-8.340283632278442383e-01 -3.151027560234069824e-01 0.000000000000000000e+00 0.000000000000000000e+00 1.000000000000000000e+00
-8.243488073348999023e-01 -3.277798295021057129e-01 0.000000000000000000e+00 0.000000000000000000e+00 1.000000000000000000e+00
-8.143619298934936523e-01 -3.333579897880554199e-01 0.000000000000000000e+00 0.000000000000000000e+00 1.000000000000000000e+00
-8.085722923278808594e-01 -3.288281559944152832e-01 0.000000000000000000e+00 0.000000000000000000e+00 1.000000000000000000e+00
-8.060400485992431641e-01 -3.236772418022155762e-01 0.000000000000000000e+00 0.000000000000000000e+00 1.000000000000000000e+00
0.000000000000000000e+00 0.000000000000000000e+00 0.000000000000000000e+00 0.000000000000000000e+00 0.000000000000000000e+00
0.000000000000000000e+00 0.000000000000000000e+00 0.000000000000000000e+00 0.000000000000000000e+00 0.000000000000000000e+00
0.000000000000000000e+00 0.000000000000000000e+00 0.000000000000000000e+00 0.000000000000000000e+00 0.000000000000000000e+00
0.000000000000000000e+00 0.000000000000000000e+00 0.000000000000000000e+00 0.000000000000000000e+00 0.000000000000000000e+00
0.000000000000000000e+00 0.000000000000000000e+00 0.000000000000000000e+00 0.000000000000000000e+00 0.000000000000000000e+00
0.000000000000000000e+00 0.000000000000000000e+00 0.000000000000000000e+00 0.000000000000000000e+00 0.000000000000000000e+00
0.000000000000000000e+00 0.000000000000000000e+00 0.000000000000000000e+00 0.000000000000000000e+00 0.000000000000000000e+00
0.000000000000000000e+00 0.000000000000000000e+00 0.000000000000000000e+00 0.000000000000000000e+00 0.000000000000000000e+00
0.000000000000000000e+00 0.000000000000000000e+00 0.000000000000000000e+00 0.000000000000000000e+00 0.000000000000000000e+00
0.000000000000000000e+00 0.000000000000000000e+00 0.000000000000000000e+00 0.000000000000000000e+00 0.000000000000000000e+00
0.000000000000000000e+00 0.000000000000000000e+00 0.000000000000000000e+00 0.000000000000000000e+00 0.000000000000000000e+00
0.000000000000000000e+00 0.000000000000000000e+00 0.000000000000000000e+00 0.000000000000000000e+00 0.000000000000000000e+00
0.000000000000000000e+00 0.000000000000000000e+00 0.000000000000000000e+00 0.000000000000000000e+00 0.000000000000000000e+00
0.000000000000000000e+00 0.000000000000000000e+00 0.000000000000000000e+00 0.000000000000000000e+00 0.000000000000000000e+00
0.000000000000000000e+00 0.000000000000000000e+00 0.000000000000000000e+00 0.000000000000000000e+00 0.000000000000000000e+00
0.000000000000000000e+00 0.000000000000000000e+00 0.000000000000000000e+00 0.000000000000000000e+00 0.000000000000000000e+00
0.000000000000000000e+00 0.000000000000000000e+00 0.000000000000000000e+00 0.000000000000000000e+00 0.000000000000000000e+00
0.000000000000000000e+00 0.000000000000000000e+00 0.000000000000000000e+00 0.000000000000000000e+00 0.000000000000000000e+00
0.000000000000000000e+00 0.000000000000000000e+00 0.000000000000000000e+00 0.000000000000000000e+00 0.000000000000000000e+00
0.000000000000000000e+00 0.000000000000000000e+00 0.000000000000000000e+00 0.000000000000000000e+00 0.000000000000000000e+00
0.000000000000000000e+00 0.000000000000000000e+00 0.000000000000000000e+00 0.000000000000000000e+00 0.000000000000000000e+00
0.000000000000000000e+00 0.000000000000000000e+00 0.000000000000000000e+00 0.000000000000000000e+00 0.000000000000000000e+00
0.000000000000000000e+00 0.000000000000000000e+00 0.000000000000000000e+00 0.000000000000000000e+00 0.000000000000000000e+00
0.000000000000000000e+00 0.000000000000000000e+00 0.000000000000000000e+00 0.000000000000000000e+00 0.000000000000000000e+00
0.000000000000000000e+00 0.000000000000000000e+00 0.000000000000000000e+00 0.000000000000000000e+00 0.000000000000000000e+00
0.000000000000000000e+00 0.000000000000000000e+00 0.000000000000000000e+00 0.000000000000000000e+00 0.000000000000000000e+00
0.000000000000000000e+00 0.000000000000000000e+00 0.000000000000000000e+00 0.000000000000000000e+00 0.000000000000000000e+00
0.000000000000000000e+00 0.000000000000000000e+00 0.000000000000000000e+00 0.000000000000000000e+00 0.000000000000000000e+00
0.000000000000000000e+00 0.000000000000000000e+00 0.000000000000000000e+00 0.000000000000000000e+00 0.000000000000000000e+00
0.000000000000000000e+00 0.000000000000000000e+00 0.000000000000000000e+00 0.000000000000000000e+00 0.000000000000000000e+00
0.000000000000000000e+00 0.000000000000000000e+00 0.000000000000000000e+00 0.000000000000000000e+00 0.000000000000000000e+00
0.000000000000000000e+00 0.000000000000000000e+00 0.000000000000000000e+00 0.000000000000000000e+00 0.000000000000000000e+00
0.000000000000000000e+00 0.000000000000000000e+00 0.000000000000000000e+00 0.000000000000000000e+00 0.000000000000000000e+00
0.000000000000000000e+00 0.000000000000000000e+00 0.000000000000000000e+00 0.000000000000000000e+00 0.000000000000000000e+00
0.000000000000000000e+00 0.000000000000000000e+00 0.000000000000000000e+00 0.000000000000000000e+00 0.000000000000000000e+00
0.000000000000000000e+00 0.000000000000000000e+00 0.000000000000000000e+00 0.000000000000000000e+00 0.000000000000000000e+00
0.000000000000000000e+00 0.000000000000000000e+00 0.000000000000000000e+00 0.000000000000000000e+00 0.000000000000000000e+00
0.000000000000000000e+00 0.000000000000000000e+00 0.000000000000000000e+00 0.000000000000000000e+00 0.000000000000000000e+00
0.000000000000000000e+00 0.000000000000000000e+00 0.000000000000000000e+00 0.000000000000000000e+00 0.000000000000000000e+00
0.000000000000000000e+00 0.000000000000000000e+00 0.000000000000000000e+00 0.000000000000000000e+00 0.000000000000000000e+00
0.000000000000000000e+00 0.000000000000000000e+00 0.000000000000000000e+00 0.000000000000000000e+00 0.000000000000000000e+00
0.000000000000000000e+00 0.000000000000000000e+00 0.000000000000000000e+00 0.000000000000000000e+00 0.000000000000000000e+00
0.000000000000000000e+00 0.000000000000000000e+00 0.000000000000000000e+00 0.000000000000000000e+00 0.000000000000000000e+00
0.000000000000000000e+00 0.000000000000000000e+00 0.000000000000000000e+00 0.000000000000000000e+00 0.000000000000000000e+00
0.000000000000000000e+00 0.000000000000000000e+00 0.000000000000000000e+00 0.000000000000000000e+00 0.000000000000000000e+00
0.000000000000000000e+00 0.000000000000000000e+00 0.000000000000000000e+00 0.000000000000000000e+00 0.000000000000000000e+00
0.000000000000000000e+00 0.000000000000000000e+00 0.000000000000000000e+00 0.000000000000000000e+00 0.000000000000000000e+00
0.000000000000000000e+00 0.000000000000000000e+00 0.000000000000000000e+00 0.000000000000000000e+00 0.000000000000000000e+00
0.000000000000000000e+00 0.000000000000000000e+00 0.000000000000000000e+00 0.000000000000000000e+00 0.000000000000000000e+00
0.000000000000000000e+00 0.000000000000000000e+00 0.000000000000000000e+00 0.000000000000000000e+00 0.000000000000000000e+00
