0.000000000000000000e+00 0.000000000000000000e+00 1.000000000000000000e+00 0.000000000000000000e+00 0.000000000000000000e+00
9.258567094802856445e-01 -2.389088869094848633e-01 1.000000000000000000e+00 0.000000000000000000e+00 0.000000000000000000e+00
4.548809528350830078e-01 -2.472235560417175293e-01 0.000000000000000000e+00 1.000000000000000000e+00 0.000000000000000000e+00
-5.910201072692871094e-01 -5.197846293449401855e-01 1.000000000000000000e+00 0.000000000000000000e+00 0.000000000000000000e+00
1.769000887870788574e-01 7.308425903320312500e-01 1.000000000000000000e+00 0.000000000000000000e+00 0.000000000000000000e+00
1.306181587278842926e-02 1.108726620674133301e+00 1.000000000000000000e+00 0.000000000000000000e+00 0.000000000000000000e+00
-1.395645886659622192e-01 7.608393430709838867e-01 1.000000000000000000e+00 0.000000000000000000e+00 0.000000000000000000e+00
-1.263836622238159180e-01 1.631279587745666504e-01 1.000000000000000000e+00 0.000000000000000000e+00 0.000000000000000000e+00
-1.525314152240753174e-01 3.120442666113376617e-02 1.000000000000000000e+00 0.000000000000000000e+00 0.000000000000000000e+00
-3.598223924636840820e-01 -2.432683110237121582e-01 1.000000000000000000e+00 0.000000000000000000e+00 0.000000000000000000e+00
-1.176645010709762573e-01 -3.755749762058258057e-01 1.000000000000000000e+00 0.000000000000000000e+00 0.000000000000000000e+00
6.246734037995338440e-02 -2.388707697391510010e-01 1.000000000000000000e+00 0.000000000000000000e+00 0.000000000000000000e+00
7.474800944328308105e-01 -4.969128370285034180e-01 0.000000000000000000e+00 1.000000000000000000e+00 0.000000000000000000e+00
1.522093415260314941e+00 -1.777538299560546875e+00 1.000000000000000000e+00 0.000000000000000000e+00 0.000000000000000000e+00
7.840203046798706055e-01 -1.696047484874725342e-01 1.000000000000000000e+00 0.000000000000000000e+00 0.000000000000000000e+00
-6.937630176544189453e-01 8.141695261001586914e-01 1.000000000000000000e+00 0.000000000000000000e+00 0.000000000000000000e+00
3.313405513763427734e-01 -1.551924496889114380e-01 1.000000000000000000e+00 0.000000000000000000e+00 0.000000000000000000e+00
9.779885411262512207e-02 -1.334334015846252441e-01 0.000000000000000000e+00 1.000000000000000000e+00 0.000000000000000000e+00
-6.904977560043334961e-01 -6.336936354637145996e-02 1.000000000000000000e+00 0.000000000000000000e+00 0.000000000000000000e+00
-3.511086702346801758e-01 1.528155803680419922e+00 1.000000000000000000e+00 0.000000000000000000e+00 0.000000000000000000e+00
-4.960395097732543945e-01 1.165458917617797852e+00 1.000000000000000000e+00 0.000000000000000000e+00 0.000000000000000000e+00
-2.022509276866912842e-01 2.796198129653930664e-01 1.000000000000000000e+00 0.000000000000000000e+00 0.000000000000000000e+00
-1.529343128204345703e-01 6.802751123905181885e-02 0.000000000000000000e+00 1.000000000000000000e+00 0.000000000000000000e+00
1.196162223815917969e+00 -1.850595355033874512e+00 1.000000000000000000e+00 0.000000000000000000e+00 0.000000000000000000e+00
7.378595471382141113e-01 -2.161002755165100098e-01 1.000000000000000000e+00 0.000000000000000000e+00 0.000000000000000000e+00
-6.683892011642456055e-01 7.871066331863403320e-01 1.000000000000000000e+00 0.000000000000000000e+00 0.000000000000000000e+00
6.270290613174438477e-01 -1.364283859729766846e-01 1.000000000000000000e+00 0.000000000000000000e+00 0.000000000000000000e+00
-4.346566200256347656e-01 5.445831418037414551e-01 1.000000000000000000e+00 0.000000000000000000e+00 0.000000000000000000e+00
4.207189083099365234e-01 -8.118831366300582886e-02 1.000000000000000000e+00 0.000000000000000000e+00 0.000000000000000000e+00
2.394324839115142822e-01 -1.749327778816223145e-01 1.000000000000000000e+00 0.000000000000000000e+00 0.000000000000000000e+00
-9.591104090213775635e-02 8.045814931392669678e-03 1.000000000000000000e+00 0.000000000000000000e+00 0.000000000000000000e+00
-1.857616007328033447e-01 6.681876182556152344e-01 1.000000000000000000e+00 0.000000000000000000e+00 0.000000000000000000e+00
-2.155975699424743652e-01 2.708963155746459961e-01 1.000000000000000000e+00 0.000000000000000000e+00 0.000000000000000000e+00
-2.667685747146606445e-01 1.389173716306686401e-01 1.000000000000000000e+00 0.000000000000000000e+00 0.000000000000000000e+00
8.939281702041625977e-01 -1.251433342695236206e-01 1.000000000000000000e+00 0.000000000000000000e+00 0.000000000000000000e+00
7.491696476936340332e-01 5.806942284107208252e-02 0.000000000000000000e+00 1.000000000000000000e+00 0.000000000000000000e+00
-2.095693588256835938e+00 -2.293333768844604492e+00 0.000000000000000000e+00 0.000000000000000000e+00 1.000000000000000000e+00
-1.516655534505844116e-01 1.407138347625732422e+00 0.000000000000000000e+00 0.000000000000000000e+00 1.000000000000000000e+00
-1.651331782341003418e+00 -2.538070678710937500e-01 0.000000000000000000e+00 0.000000000000000000e+00 1.000000000000000000e+00
-1.050910592079162598e+00 -3.245760798454284668e-01 0.000000000000000000e+00 0.000000000000000000e+00 1.000000000000000000e+00
-1.164076089859008789e+00 -3.566456437110900879e-01 0.000000000000000000e+00 0.000000000000000000e+00 1.000000000000000000e+00
-1.069803953170776367e+00 -2.779192328453063965e-01 0.000000000000000000e+00 0.000000000000000000e+00 1.000000000000000000e+00
-1.076183438301086426e+00 -2.881278395652770996e-01 0.000000000000000000e+00 0.000000000000000000e+00 1.000000000000000000e+00
-1.044328212738037109e+00 -2.738568782806396484e-01 0.000000000000000000e+00 0.000000000000000000e+00 1.000000000000000000e+00
-1.029957413673400879e+00 -2.752605080604553223e-01 0.000000000000000000e+00 0.000000000000000000e+00 1.000000000000000000e+00
-1.010817527770996094e+00 -2.802289724349975586e-01 0.000000000000000000e+00 0.000000000000000000e+00 1.000000000000000000e+00
-9.932572841644287109e-01 -2.997472882270812988e-01 0.000000000000000000e+00 0.000000000000000000e+00 1.000000000000000000e+00
-9.806302785873413086e-01 -3.104403614997863770e-01 0.000000000000000000e+00 0.000000000000000000e+00 1.000000000000000000e+00
-9.724251031875610352e-01 -3.120638728141784668e-01 0.000000000000000000e+00 0.000000000000000000e+00 1.000000000000000000e+00
-9.631702899932861328e-01 -3.082048296928405762e-01 0.000000000000000000e+00 0.000000000000000000e+00 1.000000000000000000e+00
-9.535725116729736328e-01 -3.037041425704956055e-01 0.000000000000000000e+00 0.000000000000000000e+00 1.000000000000000000e+00
-9.455647468566894531e-01 -2.983759641647338867e-01 0.000000000000000000e+00 0.000000000000000000e+00 1.000000000000000000e+00
-9.379618167877197266e-01 -2.967051863670349121e-01 0.000000000000000000e+00 0.000000000000000000e+00 1.000000000000000000e+00
-9.309177398681640625e-01 -3.013120293617248535e-01 0.000000000000000000e+00 0.000000000000000000e+00 1.000000000000000000e+00
-9.274646043777465820e-01 -3.025644421577453613e-01 0.000000000000000000e+00 0.000000000000000000e+00 1.000000000000000000e+00
-9.246376752853393555e-01 -2.983006834983825684e-01 0.000000000000000000e+00 0.000000000000000000e+00 1.000000000000000000e+00
-9.175819158554077148e-01 -2.960243821144104004e-01 0.000000000000000000e+00 0.000000000000000000e+00 1.000000000000000000e+00
-9.054669141769409180e-01 -3.007174134254455566e-01 0.000000000000000000e+00 0.000000000000000000e+00 1.000000000000000000e+00
-8.977520465850830078e-01 -3.034691810607910156e-01 0.000000000000000000e+00 0.000000000000000000e+00 1.000000000000000000e+00
-8.910366296768188477e-01 -3.069167137145996094e-01 0.000000000000000000e+00 0.000000000000000000e+00 1.000000000000000000e+00
-8.846372365951538086e-01 -3.107239603996276855e-01 0.000000000000000000e+00 0.000000000000000000e+00 1.000000000000000000e+00
-8.789081573486328125e-01 -3.113106489181518555e-01 0.000000000000000000e+00 0.000000000000000000e+00 1.000000000000000000e+00
-8.732781410217285156e-01 -3.101275563240051270e-01 0.000000000000000000e+00 0.000000000000000000e+00 1.000000000000000000e+00
-8.667964935302734375e-01 -3.096788525581359863e-01 0.000000000000000000e+00 0.000000000000000000e+00 1.000000000000000000e+00
-8.597040176391601562e-01 -3.129379153251647949e-01 0.000000000000000000e+00 0.000000000000000000e+00 1.000000000000000000e+00
-8.539754152297973633e-01 -3.181241154670715332e-01 0.000000000000000000e+00 0.000000000000000000e+00 1.000000000000000000e+00
-8.505234718322753906e-01 -3.228624463081359863e-01 0.000000000000000000e+00 0.000000000000000000e+00 1.000000000000000000e+00
-8.476388454437255859e-01 -3.247018456459045410e-01 0.000000000000000000e+00 0.000000000000000000e+00 1.000000000000000000e+00
-8.449765443801879883e-01 -3.232875466346740723e-01 0.000000000000000000e+00 0.000000000000000000e+00 1.000000000000000000e+00
-8.412529230117797852e-01 -3.200152516365051270e-01 0.000000000000000000e+00 0.000000000000000000e+00 1.000000000000000000e+00
-8.364868164062500000e-01 -3.184247612953186035e-01 0.000000000000000000e+00 0.000000000000000000e+00 1.000000000000000000e+00
-8.316968679428100586e-01 -3.209210038185119629e-01 0.000000000000000000e+00 0.000000000000000000e+00 1.000000000000000000e+00
-8.259494304656982422e-01 -3.276639580726623535e-01 0.000000000000000000e+00 0.000000000000000000e+00 1.000000000000000000e+00
-8.199256658554077148e-01 -3.346315026283264160e-01 0.000000000000000000e+00 0.000000000000000000e+00 1.000000000000000000e+00
-8.146399259567260742e-01 -3.370018601417541504e-01 0.000000000000000000e+00 0.000000000000000000e+00 1.000000000000000000e+00
0.000000000000000000e+00 0.000000000000000000e+00 0.000000000000000000e+00 0.000000000000000000e+00 0.000000000000000000e+00
0.000000000000000000e+00 0.000000000000000000e+00 0.000000000000000000e+00 0.000000000000000000e+00 0.000000000000000000e+00
0.000000000000000000e+00 0.000000000000000000e+00 0.000000000000000000e+00 0.000000000000000000e+00 0.000000000000000000e+00
0.000000000000000000e+00 0.000000000000000000e+00 0.000000000000000000e+00 0.000000000000000000e+00 0.000000000000000000e+00
0.000000000000000000e+00 0.000000000000000000e+00 0.000000000000000000e+00 0.000000000000000000e+00 0.000000000000000000e+00
0.000000000000000000e+00 0.000000000000000000e+00 0.000000000000000000e+00 0.000000000000000000e+00 0.000000000000000000e+00
0.000000000000000000e+00 0.000000000000000000e+00 0.000000000000000000e+00 0.000000000000000000e+00 0.000000000000000000e+00
0.000000000000000000e+00 0.000000000000000000e+00 0.000000000000000000e+00 0.000000000000000000e+00 0.000000000000000000e+00
0.000000000000000000e+00 0.000000000000000000e+00 0.000000000000000000e+00 0.000000000000000000e+00 0.000000000000000000e+00
0.000000000000000000e+00 0.000000000000000000e+00 0.000000000000000000e+00 0.000000000000000000e+00 0.000000000000000000e+00
0.000000000000000000e+00 0.000000000000000000e+00 0.000000000000000000e+00 0.000000000000000000e+00 0.000000000000000000e+00
0.000000000000000000e+00 0.000000000000000000e+00 0.000000000000000000e+00 0.000000000000000000e+00 0.000000000000000000e+00
0.000000000000000000e+00 0.000000000000000000e+00 0.000000000000000000e+00 0.000000000000000000e+00 0.000000000000000000e+00
0.000000000000000000e+00 0.000000000000000000e+00 0.000000000000000000e+00 0.000000000000000000e+00 0.000000000000000000e+00
0.000000000000000000e+00 0.000000000000000000e+00 0.000000000000000000e+00 0.000000000000000000e+00 0.000000000000000000e+00
0.000000000000000000e+00 0.000000000000000000e+00 0.000000000000000000e+00 0.000000000000000000e+00 0.000000000000000000e+00
0.000000000000000000e+00 0.000000000000000000e+00 0.000000000000000000e+00 0.000000000000000000e+00 0.000000000000000000e+00
0.000000000000000000e+00 0.000000000000000000e+00 0.000000000000000000e+00 0.000000000000000000e+00 0.000000000000000000e+00
0.000000000000000000e+00 0.000000000000000000e+00 0.000000000000000000e+00 0.000000000000000000e+00 0.000000000000000000e+00
0.000000000000000000e+00 0.000000000000000000e+00 0.000000000000000000e+00 0.000000000000000000e+00 0.000000000000000000e+00
0.000000000000000000e+00 0.000000000000000000e+00 0.000000000000000000e+00 0.000000000000000000e+00 0.000000000000000000e+00
0.000000000000000000e+00 0.000000000000000000e+00 0.000000000000000000e+00 0.000000000000000000e+00 0.000000000000000000e+00
0.000000000000000000e+00 0.000000000000000000e+00 0.000000000000000000e+00 0.000000000000000000e+00 0.000000000000000000e+00
0.000000000000000000e+00 0.000000000000000000e+00 0.000000000000000000e+00 0.000000000000000000e+00 0.000000000000000000e+00
0.000000000000000000e+00 0.000000000000000000e+00 0.000000000000000000e+00 0.000000000000000000e+00 0.000000000000000000e+00
0.000000000000000000e+00 0.000000000000000000e+00 0.000000000000000000e+00 0.000000000000000000e+00 0.000000000000000000e+00
0.000000000000000000e+00 0.000000000000000000e+00 0.000000000000000000e+00 0.000000000000000000e+00 0.000000000000000000e+00
0.000000000000000000e+00 0.000000000000000000e+00 0.000000000000000000e+00 0.000000000000000000e+00 0.000000000000000000e+00
0.000000000000000000e+00 0.000000000000000000e+00 0.000000000000000000e+00 0.000000000000000000e+00 0.000000000000000000e+00
0.000000000000000000e+00 0.000000000000000000e+00 0.000000000000000000e+00 0.000000000000000000e+00 0.000000000000000000e+00
0.000000000000000000e+00 0.000000000000000000e+00 0.000000000000000000e+00 0.000000000000000000e+00 0.000000000000000000e+00
0.000000000000000000e+00 0.000000000000000000e+00 0.000000000000000000e+00 0.000000000000000000e+00 0.000000000000000000e+00
0.000000000000000000e+00 0.000000000000000000e+00 0.000000000000000000e+00 0.000000000000000000e+00 0.000000000000000000e+00
0.000000000000000000e+00 0.000000000000000000e+00 0.000000000000000000e+00 0.000000000000000000e+00 0.000000000000000000e+00
0.000000000000000000e+00 0.000000000000000000e+00 0.000000000000000000e+00 0.000000000000000000e+00 0.000000000000000000e+00
0.000000000000000000e+00 0.000000000000000000e+00 0.000000000000000000e+00 0.000000000000000000e+00 0.000000000000000000e+00
0.000000000000000000e+00 0.000000000000000000e+00 0.000000000000000000e+00 0.000000000000000000e+00 0.000000000000000000e+00
0.000000000000000000e+00 0.000000000000000000e+00 0.000000000000000000e+00 0.000000000000000000e+00 0.000000000000000000e+00
0.000000000000000000e+00 0.000000000000000000e+00 0.000000000000000000e+00 0.000000000000000000e+00 0.000000000000000000e+00
0.000000000000000000e+00 0.000000000000000000e+00 0.000000000000000000e+00 0.000000000000000000e+00 0.000000000000000000e+00
0.000000000000000000e+00 0.000000000000000000e+00 0.000000000000000000e+00 0.000000000000000000e+00 0.000000000000000000e+00
0.000000000000000000e+00 0.000000000000000000e+00 0.000000000000000000e+00 0.000000000000000000e+00 0.000000000000000000e+00
0.000000000000000000e+00 0.000000000000000000e+00 0.000000000000000000e+00 0.000000000000000000e+00 0.000000000000000000e+00
0.000000000000000000e+00 0.000000000000000000e+00 0.000000000000000000e+00 0.000000000000000000e+00 0.000000000000000000e+00
0.000000000000000000e+00 0.000000000000000000e+00 0.000000000000000000e+00 0.000000000000000000e+00 0.000000000000000000e+00
0.000000000000000000e+00 0.000000000000000000e+00 0.000000000000000000e+00 0.000000000000000000e+00 0.000000000000000000e+00
