0.000000000000000000e+00 0.000000000000000000e+00 1.000000000000000000e+00 0.000000000000000000e+00 0.000000000000000000e+00
2.034889310598373413e-01 7.473430037498474121e-02 1.000000000000000000e+00 0.000000000000000000e+00 0.000000000000000000e+00
5.279761180281639099e-02 3.407897949218750000e-01 0.000000000000000000e+00 1.000000000000000000e+00 0.000000000000000000e+00
-2.157696485519409180e+00 9.756618738174438477e-01 1.000000000000000000e+00 0.000000000000000000e+00 0.000000000000000000e+00
-1.102574914693832397e-01 1.120535373687744141e+00 1.000000000000000000e+00 0.000000000000000000e+00 0.000000000000000000e+00
-1.391511112451553345e-01 3.491958975791931152e-01 0.000000000000000000e+00 1.000000000000000000e+00 0.000000000000000000e+00
9.572158455848693848e-01 -1.457994341850280762e+00 1.000000000000000000e+00 0.000000000000000000e+00 0.000000000000000000e+00
1.838533759117126465e+00 -3.366670608520507812e-01 1.000000000000000000e+00 0.000000000000000000e+00 0.000000000000000000e+00
1.413342356681823730e+00 2.801837213337421417e-02 1.000000000000000000e+00 0.000000000000000000e+00 0.000000000000000000e+00
-1.049095273017883301e+00 8.834981918334960938e-01 1.000000000000000000e+00 0.000000000000000000e+00 0.000000000000000000e+00
-8.093352317810058594e-01 4.233707785606384277e-01 0.000000000000000000e+00 1.000000000000000000e+00 0.000000000000000000e+00
-1.069664120674133301e+00 -4.134301841259002686e-02 1.000000000000000000e+00 0.000000000000000000e+00 0.000000000000000000e+00
1.075125336647033691e+00 -1.937575936317443848e-01 1.000000000000000000e+00 0.000000000000000000e+00 0.000000000000000000e+00
4.537431299686431885e-01 -2.013594806194305420e-01 0.000000000000000000e+00 1.000000000000000000e+00 0.000000000000000000e+00
-1.920468807220458984e+00 1.103258013725280762e+00 1.000000000000000000e+00 0.000000000000000000e+00 0.000000000000000000e+00
1.371045827865600586e+00 -1.987458467483520508e-01 1.000000000000000000e+00 0.000000000000000000e+00 0.000000000000000000e+00
6.739047765731811523e-01 -2.442768216133117676e-01 0.000000000000000000e+00 1.000000000000000000e+00 0.000000000000000000e+00
-1.120163679122924805e+00 -9.627977609634399414e-01 1.000000000000000000e+00 0.000000000000000000e+00 0.000000000000000000e+00
-1.827248930931091309e-01 1.324643254280090332e+00 1.000000000000000000e+00 0.000000000000000000e+00 0.000000000000000000e+00
3.312280774116516113e-02 2.669104635715484619e-01 0.000000000000000000e+00 1.000000000000000000e+00 0.000000000000000000e+00
9.825107455253601074e-01 -1.505471825599670410e+00 1.000000000000000000e+00 0.000000000000000000e+00 0.000000000000000000e+00
-3.724061250686645508e-01 1.140319228172302246e+00 1.000000000000000000e+00 0.000000000000000000e+00 0.000000000000000000e+00
-2.486919015645980835e-01 3.799667954444885254e-01 0.000000000000000000e+00 1.000000000000000000e+00 0.000000000000000000e+00
-1.136899471282958984e+00 1.573626101016998291e-01 1.000000000000000000e+00 0.000000000000000000e+00 0.000000000000000000e+00
1.357804417610168457e+00 -2.037113755941390991e-01 1.000000000000000000e+00 0.000000000000000000e+00 0.000000000000000000e+00
6.297056674957275391e-01 -2.364605069160461426e-01 1.000000000000000000e+00 0.000000000000000000e+00 0.000000000000000000e+00
-1.946307301521301270e+00 1.332102775573730469e+00 1.000000000000000000e+00 0.000000000000000000e+00 0.000000000000000000e+00
-6.407769918441772461e-01 2.929176390171051025e-01 1.000000000000000000e+00 0.000000000000000000e+00 0.000000000000000000e+00
-4.469306170940399170e-01 5.510675162076950073e-02 0.000000000000000000e+00 1.000000000000000000e+00 0.000000000000000000e+00
2.530063867568969727e+00 -1.104148268699645996e+00 1.000000000000000000e+00 0.000000000000000000e+00 0.000000000000000000e+00
1.149761915206909180e+00 4.775429666042327881e-01 1.000000000000000000e+00 0.000000000000000000e+00 0.000000000000000000e+00
4.773094356060028076e-01 7.436908781528472900e-02 0.000000000000000000e+00 1.000000000000000000e+00 0.000000000000000000e+00
-1.534795522689819336e+00 -2.632232010364532471e-02 1.000000000000000000e+00 0.000000000000000000e+00 0.000000000000000000e+00
-9.741739034652709961e-01 7.113109827041625977e-01 1.000000000000000000e+00 0.000000000000000000e+00 0.000000000000000000e+00
9.294770956039428711e-01 -6.556864082813262939e-02 1.000000000000000000e+00 0.000000000000000000e+00 0.000000000000000000e+00
-6.173130869865417480e-02 7.615327090024948120e-02 0.000000000000000000e+00 1.000000000000000000e+00 0.000000000000000000e+00
-8.918983936309814453e-01 5.295993089675903320e-01 1.000000000000000000e+00 0.000000000000000000e+00 0.000000000000000000e+00
1.025883555412292480e+00 -1.139311194419860840e-01 1.000000000000000000e+00 0.000000000000000000e+00 0.000000000000000000e+00
5.061299204826354980e-01 -2.017567902803421021e-01 1.000000000000000000e+00 0.000000000000000000e+00 0.000000000000000000e+00
1.036443412303924561e-01 -1.499227881431579590e-01 0.000000000000000000e+00 1.000000000000000000e+00 0.000000000000000000e+00
-5.388641357421875000e-01 -2.105294764041900635e-01 1.000000000000000000e+00 0.000000000000000000e+00 0.000000000000000000e+00
5.650636553764343262e-02 1.417622327804565430e+00 1.000000000000000000e+00 0.000000000000000000e+00 0.000000000000000000e+00
-8.643576502799987793e-02 3.428165912628173828e-01 1.000000000000000000e+00 0.000000000000000000e+00 0.000000000000000000e+00
-1.679937839508056641e-01 2.029939591884613037e-01 1.000000000000000000e+00 0.000000000000000000e+00 0.000000000000000000e+00
-3.961086571216583252e-01 9.355372190475463867e-02 1.000000000000000000e+00 0.000000000000000000e+00 0.000000000000000000e+00
-4.318738877773284912e-01 -8.895518630743026733e-02 1.000000000000000000e+00 0.000000000000000000e+00 0.000000000000000000e+00
-5.071341395378112793e-01 -3.127958774566650391e-01 1.000000000000000000e+00 0.000000000000000000e+00 0.000000000000000000e+00
-4.837808012962341309e-01 -5.895226001739501953e-01 0.000000000000000000e+00 1.000000000000000000e+00 0.000000000000000000e+00
7.951704263687133789e-01 -3.183125019073486328e+00 0.000000000000000000e+00 0.000000000000000000e+00 1.000000000000000000e+00
-8.155277967453002930e-01 2.248091101646423340e-01 0.000000000000000000e+00 0.000000000000000000e+00 1.000000000000000000e+00
-1.437973260879516602e+00 -4.774681925773620605e-01 0.000000000000000000e+00 0.000000000000000000e+00 1.000000000000000000e+00
-9.991978406906127930e-01 6.632208824157714844e-02 0.000000000000000000e+00 0.000000000000000000e+00 1.000000000000000000e+00
-1.272032976150512695e+00 -4.554336667060852051e-01 0.000000000000000000e+00 0.000000000000000000e+00 1.000000000000000000e+00
-1.049384713172912598e+00 -1.309306621551513672e-01 0.000000000000000000e+00 0.000000000000000000e+00 1.000000000000000000e+00
-1.164083838462829590e+00 -4.214561581611633301e-01 0.000000000000000000e+00 0.000000000000000000e+00 1.000000000000000000e+00
-1.073235988616943359e+00 -2.090793848037719727e-01 0.000000000000000000e+00 0.000000000000000000e+00 1.000000000000000000e+00
-1.112010359764099121e+00 -3.625438809394836426e-01 0.000000000000000000e+00 0.000000000000000000e+00 1.000000000000000000e+00
-1.056553244590759277e+00 -2.632738947868347168e-01 0.000000000000000000e+00 0.000000000000000000e+00 1.000000000000000000e+00
-1.063855767250061035e+00 -3.682208657264709473e-01 0.000000000000000000e+00 0.000000000000000000e+00 1.000000000000000000e+00
-1.022484183311462402e+00 -3.069031834602355957e-01 0.000000000000000000e+00 0.000000000000000000e+00 1.000000000000000000e+00
-1.021714210510253906e+00 -3.519546389579772949e-01 0.000000000000000000e+00 0.000000000000000000e+00 1.000000000000000000e+00
-9.993178844451904297e-01 -3.136345744132995605e-01 0.000000000000000000e+00 0.000000000000000000e+00 1.000000000000000000e+00
-9.957976341247558594e-01 -3.166882395744323730e-01 0.000000000000000000e+00 0.000000000000000000e+00 1.000000000000000000e+00
-9.791506528854370117e-01 -3.079326748847961426e-01 0.000000000000000000e+00 0.000000000000000000e+00 1.000000000000000000e+00
-9.656071662902832031e-01 -3.294124007225036621e-01 0.000000000000000000e+00 0.000000000000000000e+00 1.000000000000000000e+00
0.000000000000000000e+00 0.000000000000000000e+00 0.000000000000000000e+00 0.000000000000000000e+00 0.000000000000000000e+00
0.000000000000000000e+00 0.000000000000000000e+00 0.000000000000000000e+00 0.000000000000000000e+00 0.000000000000000000e+00
0.000000000000000000e+00 0.000000000000000000e+00 0.000000000000000000e+00 0.000000000000000000e+00 0.000000000000000000e+00
0.000000000000000000e+00 0.000000000000000000e+00 0.000000000000000000e+00 0.000000000000000000e+00 0.000000000000000000e+00
0.000000000000000000e+00 0.000000000000000000e+00 0.000000000000000000e+00 0.000000000000000000e+00 0.000000000000000000e+00
0.000000000000000000e+00 0.000000000000000000e+00 0.000000000000000000e+00 0.000000000000000000e+00 0.000000000000000000e+00
0.000000000000000000e+00 0.000000000000000000e+00 0.000000000000000000e+00 0.000000000000000000e+00 0.000000000000000000e+00
0.000000000000000000e+00 0.000000000000000000e+00 0.000000000000000000e+00 0.000000000000000000e+00 0.000000000000000000e+00
0.000000000000000000e+00 0.000000000000000000e+00 0.000000000000000000e+00 0.000000000000000000e+00 0.000000000000000000e+00
0.000000000000000000e+00 0.000000000000000000e+00 0.000000000000000000e+00 0.000000000000000000e+00 0.000000000000000000e+00
0.000000000000000000e+00 0.000000000000000000e+00 0.000000000000000000e+00 0.000000000000000000e+00 0.000000000000000000e+00
0.000000000000000000e+00 0.000000000000000000e+00 0.000000000000000000e+00 0.000000000000000000e+00 0.000000000000000000e+00
0.000000000000000000e+00 0.000000000000000000e+00 0.000000000000000000e+00 0.000000000000000000e+00 0.000000000000000000e+00
0.000000000000000000e+00 0.000000000000000000e+00 0.000000000000000000e+00 0.000000000000000000e+00 0.000000000000000000e+00
0.000000000000000000e+00 0.000000000000000000e+00 0.000000000000000000e+00 0.000000000000000000e+00 0.000000000000000000e+00
0.000000000000000000e+00 0.000000000000000000e+00 0.000000000000000000e+00 0.000000000000000000e+00 0.000000000000000000e+00
0.000000000000000000e+00 0.000000000000000000e+00 0.000000000000000000e+00 0.000000000000000000e+00 0.000000000000000000e+00
0.000000000000000000e+00 0.000000000000000000e+00 0.000000000000000000e+00 0.000000000000000000e+00 0.000000000000000000e+00
0.000000000000000000e+00 0.000000000000000000e+00 0.000000000000000000e+00 0.000000000000000000e+00 0.000000000000000000e+00
0.000000000000000000e+00 0.000000000000000000e+00 0.000000000000000000e+00 0.000000000000000000e+00 0.000000000000000000e+00
0.000000000000000000e+00 0.000000000000000000e+00 0.000000000000000000e+00 0.000000000000000000e+00 0.000000000000000000e+00
0.000000000000000000e+00 0.000000000000000000e+00 0.000000000000000000e+00 0.000000000000000000e+00 0.000000000000000000e+00
0.000000000000000000e+00 0.000000000000000000e+00 0.000000000000000000e+00 0.000000000000000000e+00 0.000000000000000000e+00
0.000000000000000000e+00 0.000000000000000000e+00 0.000000000000000000e+00 0.000000000000000000e+00 0.000000000000000000e+00
0.000000000000000000e+00 0.000000000000000000e+00 0.000000000000000000e+00 0.000000000000000000e+00 0.000000000000000000e+00
0.000000000000000000e+00 0.000000000000000000e+00 0.000000000000000000e+00 0.000000000000000000e+00 0.000000000000000000e+00
0.000000000000000000e+00 0.000000000000000000e+00 0.000000000000000000e+00 0.000000000000000000e+00 0.000000000000000000e+00
0.000000000000000000e+00 0.000000000000000000e+00 0.000000000000000000e+00 0.000000000000000000e+00 0.000000000000000000e+00
0.000000000000000000e+00 0.000000000000000000e+00 0.000000000000000000e+00 0.000000000000000000e+00 0.000000000000000000e+00
0.000000000000000000e+00 0.000000000000000000e+00 0.000000000000000000e+00 0.000000000000000000e+00 0.000000000000000000e+00
0.000000000000000000e+00 0.000000000000000000e+00 0.000000000000000000e+00 0.000000000000000000e+00 0.000000000000000000e+00
0.000000000000000000e+00 0.000000000000000000e+00 0.000000000000000000e+00 0.000000000000000000e+00 0.000000000000000000e+00
0.000000000000000000e+00 0.000000000000000000e+00 0.000000000000000000e+00 0.000000000000000000e+00 0.000000000000000000e+00
0.000000000000000000e+00 0.000000000000000000e+00 0.000000000000000000e+00 0.000000000000000000e+00 0.000000000000000000e+00
0.000000000000000000e+00 0.000000000000000000e+00 0.000000000000000000e+00 0.000000000000000000e+00 0.000000000000000000e+00
0.000000000000000000e+00 0.000000000000000000e+00 0.000000000000000000e+00 0.000000000000000000e+00 0.000000000000000000e+00
0.000000000000000000e+00 0.000000000000000000e+00 0.000000000000000000e+00 0.000000000000000000e+00 0.000000000000000000e+00
0.000000000000000000e+00 0.000000000000000000e+00 0.000000000000000000e+00 0.000000000000000000e+00 0.000000000000000000e+00
0.000000000000000000e+00 0.000000000000000000e+00 0.000000000000000000e+00 0.000000000000000000e+00 0.000000000000000000e+00
0.000000000000000000e+00 0.000000000000000000e+00 0.000000000000000000e+00 0.000000000000000000e+00 0.000000000000000000e+00
0.000000000000000000e+00 0.000000000000000000e+00 0.000000000000000000e+00 0.000000000000000000e+00 0.000000000000000000e+00
0.000000000000000000e+00 0.000000000000000000e+00 0.000000000000000000e+00 0.000000000000000000e+00 0.000000000000000000e+00
0.000000000000000000e+00 0.000000000000000000e+00 0.000000000000000000e+00 0.000000000000000000e+00 0.000000000000000000e+00
0.000000000000000000e+00 0.000000000000000000e+00 0.000000000000000000e+00 0.000000000000000000e+00 0.000000000000000000e+00
0.000000000000000000e+00 0.000000000000000000e+00 0.000000000000000000e+00 0.000000000000000000e+00 0.000000000000000000e+00
0.000000000000000000e+00 0.000000000000000000e+00 0.000000000000000000e+00 0.000000000000000000e+00 0.000000000000000000e+00
0.000000000000000000e+00 0.000000000000000000e+00 0.000000000000000000e+00 0.000000000000000000e+00 0.000000000000000000e+00
0.000000000000000000e+00 0.000000000000000000e+00 0.000000000000000000e+00 0.000000000000000000e+00 0.000000000000000000e+00
0.000000000000000000e+00 0.000000000000000000e+00 0.000000000000000000e+00 0.000000000000000000e+00 0.000000000000000000e+00
0.000000000000000000e+00 0.000000000000000000e+00 0.000000000000000000e+00 0.000000000000000000e+00 0.000000000000000000e+00
0.000000000000000000e+00 0.000000000000000000e+00 0.000000000000000000e+00 0.000000000000000000e+00 0.000000000000000000e+00
0.000000000000000000e+00 0.000000000000000000e+00 0.000000000000000000e+00 0.000000000000000000e+00 0.000000000000000000e+00
0.000000000000000000e+00 0.000000000000000000e+00 0.000000000000000000e+00 0.000000000000000000e+00 0.000000000000000000e+00
0.000000000000000000e+00 0.000000000000000000e+00 0.000000000000000000e+00 0.000000000000000000e+00 0.000000000000000000e+00
0.000000000000000000e+00 0.000000000000000000e+00 0.000000000000000000e+00 0.000000000000000000e+00 0.000000000000000000e+00
0.000000000000000000e+00 0.000000000000000000e+00 0.000000000000000000e+00 0.000000000000000000e+00 0.000000000000000000e+00
