0.000000000000000000e+00 0.000000000000000000e+00 1.000000000000000000e+00 0.000000000000000000e+00 0.000000000000000000e+00
8.619939684867858887e-01 -2.300727069377899170e-01 1.000000000000000000e+00 0.000000000000000000e+00 0.000000000000000000e+00
4.148644208908081055e-01 -2.259528338909149170e-01 0.000000000000000000e+00 1.000000000000000000e+00 0.000000000000000000e+00
-5.425409078598022461e-01 -4.703381657600402832e-01 1.000000000000000000e+00 0.000000000000000000e+00 0.000000000000000000e+00
1.565725803375244141e-01 6.954013705253601074e-01 1.000000000000000000e+00 0.000000000000000000e+00 0.000000000000000000e+00
7.595002185553312302e-03 1.030702352523803711e+00 1.000000000000000000e+00 0.000000000000000000e+00 0.000000000000000000e+00
-1.272256374359130859e-01 6.794058680534362793e-01 1.000000000000000000e+00 0.000000000000000000e+00 0.000000000000000000e+00
-1.172546520829200745e-01 1.504393517971038818e-01 1.000000000000000000e+00 0.000000000000000000e+00 0.000000000000000000e+00
-1.403014659881591797e-01 3.277930244803428650e-02 1.000000000000000000e+00 0.000000000000000000e+00 0.000000000000000000e+00
-3.275650143623352051e-01 -2.074201405048370361e-01 1.000000000000000000e+00 0.000000000000000000e+00 0.000000000000000000e+00
-1.253978163003921509e-01 -3.666660785675048828e-01 1.000000000000000000e+00 0.000000000000000000e+00 0.000000000000000000e+00
5.536411330103874207e-02 -2.129675745964050293e-01 1.000000000000000000e+00 0.000000000000000000e+00 0.000000000000000000e+00
7.130044102668762207e-01 -4.858765006065368652e-01 0.000000000000000000e+00 1.000000000000000000e+00 0.000000000000000000e+00
1.783651113510131836e+00 -2.138430595397949219e+00 1.000000000000000000e+00 0.000000000000000000e+00 0.000000000000000000e+00
-8.425562083721160889e-02 3.031965717673301697e-02 1.000000000000000000e+00 0.000000000000000000e+00 0.000000000000000000e+00
-3.593203425407409668e-02 3.988487124443054199e-01 1.000000000000000000e+00 0.000000000000000000e+00 0.000000000000000000e+00
-1.380750238895416260e-01 2.667905688285827637e-01 0.000000000000000000e+00 1.000000000000000000e+00 0.000000000000000000e+00
-4.238104224205017090e-01 2.167946249246597290e-01 1.000000000000000000e+00 0.000000000000000000e+00 0.000000000000000000e+00
9.071458578109741211e-01 -1.916419714689254761e-01 1.000000000000000000e+00 0.000000000000000000e+00 0.000000000000000000e+00
3.742414712905883789e-01 -1.615503132343292236e-01 0.000000000000000000e+00 1.000000000000000000e+00 0.000000000000000000e+00
-1.043311238288879395e+00 4.235610067844390869e-01 1.000000000000000000e+00 0.000000000000000000e+00 0.000000000000000000e+00
-1.549765914678573608e-01 2.136753797531127930e-01 1.000000000000000000e+00 0.000000000000000000e+00 0.000000000000000000e+00
-5.471864938735961914e-01 1.807658672332763672e+00 1.000000000000000000e+00 0.000000000000000000e+00 0.000000000000000000e+00
-1.803565025329589844e-01 3.884372711181640625e-01 1.000000000000000000e+00 0.000000000000000000e+00 0.000000000000000000e+00
-1.826796531677246094e-01 2.018015682697296143e-01 0.000000000000000000e+00 1.000000000000000000e+00 0.000000000000000000e+00
8.318214416503906250e-01 -1.645357370376586914e+00 1.000000000000000000e+00 0.000000000000000000e+00 0.000000000000000000e+00
9.018373489379882812e-01 -2.824511229991912842e-01 1.000000000000000000e+00 0.000000000000000000e+00 0.000000000000000000e+00
3.819003105163574219e-01 -2.197735160589218140e-01 0.000000000000000000e+00 1.000000000000000000e+00 0.000000000000000000e+00
-6.252754330635070801e-01 -1.061852946877479553e-01 1.000000000000000000e+00 0.000000000000000000e+00 0.000000000000000000e+00
-1.061024740338325500e-01 1.232376024127006531e-01 1.000000000000000000e+00 0.000000000000000000e+00 0.000000000000000000e+00
-6.345035880804061890e-02 5.502915978431701660e-01 1.000000000000000000e+00 0.000000000000000000e+00 0.000000000000000000e+00
4.243731498718261719e-02 1.115911453962326050e-01 0.000000000000000000e+00 1.000000000000000000e+00 0.000000000000000000e+00
6.452466845512390137e-01 -7.589488029479980469e-01 1.000000000000000000e+00 0.000000000000000000e+00 0.000000000000000000e+00
-5.614191293716430664e-01 8.755930662155151367e-01 1.000000000000000000e+00 0.000000000000000000e+00 0.000000000000000000e+00
3.903299570083618164e-01 -8.085055649280548096e-02 1.000000000000000000e+00 0.000000000000000000e+00 0.000000000000000000e+00
-2.759691327810287476e-02 3.834844008088111877e-02 0.000000000000000000e+00 1.000000000000000000e+00 0.000000000000000000e+00
-1.031775832176208496e+00 6.999524235725402832e-01 1.000000000000000000e+00 0.000000000000000000e+00 0.000000000000000000e+00
-1.083402410149574280e-01 1.382986307144165039e-01 1.000000000000000000e+00 0.000000000000000000e+00 0.000000000000000000e+00
6.358526647090911865e-03 3.555202484130859375e-01 1.000000000000000000e+00 0.000000000000000000e+00 0.000000000000000000e+00
6.309043616056442261e-02 5.524119734764099121e-02 0.000000000000000000e+00 1.000000000000000000e+00 0.000000000000000000e+00
6.643034219741821289e-01 -4.704596400260925293e-01 1.000000000000000000e+00 0.000000000000000000e+00 0.000000000000000000e+00
1.632915884256362915e-01 2.645626068115234375e-01 1.000000000000000000e+00 0.000000000000000000e+00 0.000000000000000000e+00
7.998517155647277832e-02 1.724661886692047119e-02 0.000000000000000000e+00 1.000000000000000000e+00 0.000000000000000000e+00
5.444912910461425781e-01 -3.305863440036773682e-01 1.000000000000000000e+00 0.000000000000000000e+00 0.000000000000000000e+00
4.617043584585189819e-02 3.266604244709014893e-01 1.000000000000000000e+00 0.000000000000000000e+00 0.000000000000000000e+00
7.029101997613906860e-02 5.921135842800140381e-02 0.000000000000000000e+00 1.000000000000000000e+00 0.000000000000000000e+00
7.305028438568115234e-01 -3.537411093711853027e-01 0.000000000000000000e+00 0.000000000000000000e+00 1.000000000000000000e+00
-1.723909497261047363e+00 -9.793151021003723145e-01 0.000000000000000000e+00 0.000000000000000000e+00 1.000000000000000000e+00
-9.312661886215209961e-01 2.905271649360656738e-01 0.000000000000000000e+00 0.000000000000000000e+00 1.000000000000000000e+00
-1.179829120635986328e+00 -6.078651547431945801e-01 0.000000000000000000e+00 0.000000000000000000e+00 1.000000000000000000e+00
-1.009175777435302734e+00 -1.624637246131896973e-01 0.000000000000000000e+00 0.000000000000000000e+00 1.000000000000000000e+00
-1.027768135070800781e+00 -4.007561802864074707e-01 0.000000000000000000e+00 0.000000000000000000e+00 1.000000000000000000e+00
-9.868791103363037109e-01 -3.231706023216247559e-01 0.000000000000000000e+00 0.000000000000000000e+00 1.000000000000000000e+00
-9.766283035278320312e-01 -3.653274178504943848e-01 0.000000000000000000e+00 0.000000000000000000e+00 1.000000000000000000e+00
-9.726202487945556641e-01 -3.374411463737487793e-01 0.000000000000000000e+00 0.000000000000000000e+00 1.000000000000000000e+00
-9.742877483367919922e-01 -3.139215111732482910e-01 0.000000000000000000e+00 0.000000000000000000e+00 1.000000000000000000e+00
-9.626219272613525391e-01 -3.054977655410766602e-01 0.000000000000000000e+00 0.000000000000000000e+00 1.000000000000000000e+00
-9.507123231887817383e-01 -3.017303943634033203e-01 0.000000000000000000e+00 0.000000000000000000e+00 1.000000000000000000e+00
-9.462037086486816406e-01 -2.954065203666687012e-01 0.000000000000000000e+00 0.000000000000000000e+00 1.000000000000000000e+00
-9.388469457626342773e-01 -2.958739399909973145e-01 0.000000000000000000e+00 0.000000000000000000e+00 1.000000000000000000e+00
-9.294972419738769531e-01 -2.991731166839599609e-01 0.000000000000000000e+00 0.000000000000000000e+00 1.000000000000000000e+00
-9.254282712936401367e-01 -2.915530800819396973e-01 0.000000000000000000e+00 0.000000000000000000e+00 1.000000000000000000e+00
0.000000000000000000e+00 0.000000000000000000e+00 0.000000000000000000e+00 0.000000000000000000e+00 0.000000000000000000e+00
0.000000000000000000e+00 0.000000000000000000e+00 0.000000000000000000e+00 0.000000000000000000e+00 0.000000000000000000e+00
0.000000000000000000e+00 0.000000000000000000e+00 0.000000000000000000e+00 0.000000000000000000e+00 0.000000000000000000e+00
0.000000000000000000e+00 0.000000000000000000e+00 0.000000000000000000e+00 0.000000000000000000e+00 0.000000000000000000e+00
0.000000000000000000e+00 0.000000000000000000e+00 0.000000000000000000e+00 0.000000000000000000e+00 0.000000000000000000e+00
0.000000000000000000e+00 0.000000000000000000e+00 0.000000000000000000e+00 0.000000000000000000e+00 0.000000000000000000e+00
0.000000000000000000e+00 0.000000000000000000e+00 0.000000000000000000e+00 0.000000000000000000e+00 0.000000000000000000e+00
0.000000000000000000e+00 0.000000000000000000e+00 0.000000000000000000e+00 0.000000000000000000e+00 0.000000000000000000e+00
0.000000000000000000e+00 0.000000000000000000e+00 0.000000000000000000e+00 0.000000000000000000e+00 0.000000000000000000e+00
0.000000000000000000e+00 0.000000000000000000e+00 0.000000000000000000e+00 0.000000000000000000e+00 0.000000000000000000e+00
0.000000000000000000e+00 0.000000000000000000e+00 0.000000000000000000e+00 0.000000000000000000e+00 0.000000000000000000e+00
0.000000000000000000e+00 0.000000000000000000e+00 0.000000000000000000e+00 0.000000000000000000e+00 0.000000000000000000e+00
0.000000000000000000e+00 0.000000000000000000e+00 0.000000000000000000e+00 0.000000000000000000e+00 0.000000000000000000e+00
0.000000000000000000e+00 0.000000000000000000e+00 0.000000000000000000e+00 0.000000000000000000e+00 0.000000000000000000e+00
0.000000000000000000e+00 0.000000000000000000e+00 0.000000000000000000e+00 0.000000000000000000e+00 0.000000000000000000e+00
0.000000000000000000e+00 0.000000000000000000e+00 0.000000000000000000e+00 0.000000000000000000e+00 0.000000000000000000e+00
0.000000000000000000e+00 0.000000000000000000e+00 0.000000000000000000e+00 0.000000000000000000e+00 0.000000000000000000e+00
0.000000000000000000e+00 0.000000000000000000e+00 0.000000000000000000e+00 0.000000000000000000e+00 0.000000000000000000e+00
0.000000000000000000e+00 0.000000000000000000e+00 0.000000000000000000e+00 0.000000000000000000e+00 0.000000000000000000e+00
0.000000000000000000e+00 0.000000000000000000e+00 0.000000000000000000e+00 0.000000000000000000e+00 0.000000000000000000e+00
0.000000000000000000e+00 0.000000000000000000e+00 0.000000000000000000e+00 0.000000000000000000e+00 0.000000000000000000e+00
0.000000000000000000e+00 0.000000000000000000e+00 0.000000000000000000e+00 0.000000000000000000e+00 0.000000000000000000e+00
0.000000000000000000e+00 0.000000000000000000e+00 0.000000000000000000e+00 0.000000000000000000e+00 0.000000000000000000e+00
0.000000000000000000e+00 0.000000000000000000e+00 0.000000000000000000e+00 0.000000000000000000e+00 0.000000000000000000e+00
0.000000000000000000e+00 0.000000000000000000e+00 0.000000000000000000e+00 0.000000000000000000e+00 0.000000000000000000e+00
0.000000000000000000e+00 0.000000000000000000e+00 0.000000000000000000e+00 0.000000000000000000e+00 0.000000000000000000e+00
0.000000000000000000e+00 0.000000000000000000e+00 0.000000000000000000e+00 0.000000000000000000e+00 0.000000000000000000e+00
0.000000000000000000e+00 0.000000000000000000e+00 0.000000000000000000e+00 0.000000000000000000e+00 0.000000000000000000e+00
0.000000000000000000e+00 0.000000000000000000e+00 0.000000000000000000e+00 0.000000000000000000e+00 0.000000000000000000e+00
0.000000000000000000e+00 0.000000000000000000e+00 0.000000000000000000e+00 0.000000000000000000e+00 0.000000000000000000e+00
0.000000000000000000e+00 0.000000000000000000e+00 0.000000000000000000e+00 0.000000000000000000e+00 0.000000000000000000e+00
0.000000000000000000e+00 0.000000000000000000e+00 0.000000000000000000e+00 0.000000000000000000e+00 0.000000000000000000e+00
0.000000000000000000e+00 0.000000000000000000e+00 0.000000000000000000e+00 0.000000000000000000e+00 0.000000000000000000e+00
0.000000000000000000e+00 0.000000000000000000e+00 0.000000000000000000e+00 0.000000000000000000e+00 0.000000000000000000e+00
0.000000000000000000e+00 0.000000000000000000e+00 0.000000000000000000e+00 0.000000000000000000e+00 0.000000000000000000e+00
0.000000000000000000e+00 0.000000000000000000e+00 0.000000000000000000e+00 0.000000000000000000e+00 0.000000000000000000e+00
0.000000000000000000e+00 0.000000000000000000e+00 0.000000000000000000e+00 0.000000000000000000e+00 0.000000000000000000e+00
0.000000000000000000e+00 0.000000000000000000e+00 0.000000000000000000e+00 0.000000000000000000e+00 0.000000000000000000e+00
0.000000000000000000e+00 0.000000000000000000e+00 0.000000000000000000e+00 0.000000000000000000e+00 0.000000000000000000e+00
0.000000000000000000e+00 0.000000000000000000e+00 0.000000000000000000e+00 0.000000000000000000e+00 0.000000000000000000e+00
0.000000000000000000e+00 0.000000000000000000e+00 0.000000000000000000e+00 0.000000000000000000e+00 0.000000000000000000e+00
0.000000000000000000e+00 0.000000000000000000e+00 0.000000000000000000e+00 0.000000000000000000e+00 0.000000000000000000e+00
0.000000000000000000e+00 0.000000000000000000e+00 0.000000000000000000e+00 0.000000000000000000e+00 0.000000000000000000e+00
0.000000000000000000e+00 0.000000000000000000e+00 0.000000000000000000e+00 0.000000000000000000e+00 0.000000000000000000e+00
0.000000000000000000e+00 0.000000000000000000e+00 0.000000000000000000e+00 0.000000000000000000e+00 0.000000000000000000e+00
0.000000000000000000e+00 0.000000000000000000e+00 0.000000000000000000e+00 0.000000000000000000e+00 0.000000000000000000e+00
0.000000000000000000e+00 0.000000000000000000e+00 0.000000000000000000e+00 0.000000000000000000e+00 0.000000000000000000e+00
0.000000000000000000e+00 0.000000000000000000e+00 0.000000000000000000e+00 0.000000000000000000e+00 0.000000000000000000e+00
0.000000000000000000e+00 0.000000000000000000e+00 0.000000000000000000e+00 0.000000000000000000e+00 0.000000000000000000e+00
0.000000000000000000e+00 0.000000000000000000e+00 0.000000000000000000e+00 0.000000000000000000e+00 0.000000000000000000e+00
0.000000000000000000e+00 0.000000000000000000e+00 0.000000000000000000e+00 0.000000000000000000e+00 0.000000000000000000e+00
0.000000000000000000e+00 0.000000000000000000e+00 0.000000000000000000e+00 0.000000000000000000e+00 0.000000000000000000e+00
0.000000000000000000e+00 0.000000000000000000e+00 0.000000000000000000e+00 0.000000000000000000e+00 0.000000000000000000e+00
0.000000000000000000e+00 0.000000000000000000e+00 0.000000000000000000e+00 0.000000000000000000e+00 0.000000000000000000e+00
0.000000000000000000e+00 0.000000000000000000e+00 0.000000000000000000e+00 0.000000000000000000e+00 0.000000000000000000e+00
0.000000000000000000e+00 0.000000000000000000e+00 0.000000000000000000e+00 0.000000000000000000e+00 0.000000000000000000e+00
0.000000000000000000e+00 0.000000000000000000e+00 0.000000000000000000e+00 0.000000000000000000e+00 0.000000000000000000e+00
0.000000000000000000e+00 0.000000000000000000e+00 0.000000000000000000e+00 0.000000000000000000e+00 0.000000000000000000e+00
0.000000000000000000e+00 0.000000000000000000e+00 0.000000000000000000e+00 0.000000000000000000e+00 0.000000000000000000e+00
