0.000000000000000000e+00 0.000000000000000000e+00 1.000000000000000000e+00 0.000000000000000000e+00 0.000000000000000000e+00
7.614189386367797852e-01 -1.938413232564926147e-01 1.000000000000000000e+00 0.000000000000000000e+00 0.000000000000000000e+00
3.522771596908569336e-01 -1.893621087074279785e-01 0.000000000000000000e+00 1.000000000000000000e+00 0.000000000000000000e+00
-5.102730989456176758e-01 -3.920550346374511719e-01 1.000000000000000000e+00 0.000000000000000000e+00 0.000000000000000000e+00
1.427177488803863525e-01 6.365727186203002930e-01 1.000000000000000000e+00 0.000000000000000000e+00 0.000000000000000000e+00
4.233812447637319565e-03 9.141755104064941406e-01 1.000000000000000000e+00 0.000000000000000000e+00 0.000000000000000000e+00
-1.174397692084312439e-01 5.816828012466430664e-01 1.000000000000000000e+00 0.000000000000000000e+00 0.000000000000000000e+00
-1.088731959462165833e-01 1.263113319873809814e-01 1.000000000000000000e+00 0.000000000000000000e+00 0.000000000000000000e+00
-1.296098381280899048e-01 2.324075438082218170e-02 1.000000000000000000e+00 0.000000000000000000e+00 0.000000000000000000e+00
-1.716862469911575317e-01 -9.282383322715759277e-02 1.000000000000000000e+00 0.000000000000000000e+00 0.000000000000000000e+00
-2.027388960123062134e-01 -3.824695348739624023e-01 1.000000000000000000e+00 0.000000000000000000e+00 0.000000000000000000e+00
2.777275815606117249e-02 -1.708401441574096680e-01 1.000000000000000000e+00 0.000000000000000000e+00 0.000000000000000000e+00
6.086037158966064453e-01 -3.873955011367797852e-01 0.000000000000000000e+00 1.000000000000000000e+00 0.000000000000000000e+00
1.003002882003784180e+00 -1.378858447074890137e+00 1.000000000000000000e+00 0.000000000000000000e+00 0.000000000000000000e+00
5.770459175109863281e-01 -9.644635021686553955e-02 1.000000000000000000e+00 0.000000000000000000e+00 0.000000000000000000e+00
-6.439454555511474609e-01 6.875870823860168457e-01 1.000000000000000000e+00 0.000000000000000000e+00 0.000000000000000000e+00
4.600890874862670898e-01 -1.004610583186149597e-01 1.000000000000000000e+00 0.000000000000000000e+00 0.000000000000000000e+00
2.821607589721679688e-01 -1.432282328605651855e-01 0.000000000000000000e+00 1.000000000000000000e+00 0.000000000000000000e+00
-5.467624664306640625e-01 3.310657143592834473e-01 1.000000000000000000e+00 0.000000000000000000e+00 0.000000000000000000e+00
-2.203475534915924072e-01 1.019693255424499512e+00 1.000000000000000000e+00 0.000000000000000000e+00 0.000000000000000000e+00
1.576327532529830933e-02 1.222189217805862427e-01 0.000000000000000000e+00 1.000000000000000000e+00 0.000000000000000000e+00
6.397111415863037109e-01 -1.111154675483703613e+00 1.000000000000000000e+00 0.000000000000000000e+00 0.000000000000000000e+00
-6.892354786396026611e-02 1.369674682617187500e+00 1.000000000000000000e+00 0.000000000000000000e+00 0.000000000000000000e+00
-6.767629832029342651e-02 2.716345191001892090e-01 1.000000000000000000e+00 0.000000000000000000e+00 0.000000000000000000e+00
-1.099686101078987122e-01 1.341383755207061768e-01 0.000000000000000000e+00 1.000000000000000000e+00 0.000000000000000000e+00
-2.102354913949966431e-01 -1.301856160163879395e+00 1.000000000000000000e+00 0.000000000000000000e+00 0.000000000000000000e+00
2.553431093692779541e-01 -4.182101786136627197e-02 1.000000000000000000e+00 0.000000000000000000e+00 0.000000000000000000e+00
3.536375239491462708e-02 4.835523664951324463e-02 0.000000000000000000e+00 1.000000000000000000e+00 0.000000000000000000e+00
-2.576979100704193115e-01 3.276804089546203613e-01 1.000000000000000000e+00 0.000000000000000000e+00 0.000000000000000000e+00
3.256762623786926270e-01 -1.087122559547424316e-01 1.000000000000000000e+00 0.000000000000000000e+00 0.000000000000000000e+00
-2.899206429719924927e-02 5.695985257625579834e-02 0.000000000000000000e+00 1.000000000000000000e+00 0.000000000000000000e+00
-4.390209913253784180e-01 4.345709681510925293e-01 1.000000000000000000e+00 0.000000000000000000e+00 0.000000000000000000e+00
5.732516646385192871e-01 -3.196356594562530518e-01 1.000000000000000000e+00 0.000000000000000000e+00 0.000000000000000000e+00
2.396767735481262207e-01 -2.445330917835235596e-01 0.000000000000000000e+00 1.000000000000000000e+00 0.000000000000000000e+00
8.129922151565551758e-01 -1.398038744926452637e+00 1.000000000000000000e+00 0.000000000000000000e+00 0.000000000000000000e+00
-4.886577725410461426e-01 8.631039261817932129e-01 1.000000000000000000e+00 0.000000000000000000e+00 0.000000000000000000e+00
5.477733016014099121e-01 -2.156127095222473145e-01 1.000000000000000000e+00 0.000000000000000000e+00 0.000000000000000000e+00
2.277185320854187012e-01 3.412020951509475708e-02 1.000000000000000000e+00 0.000000000000000000e+00 0.000000000000000000e+00
-4.295997321605682373e-02 2.688101530075073242e-01 1.000000000000000000e+00 0.000000000000000000e+00 0.000000000000000000e+00
-4.115460515022277832e-01 6.139822006225585938e-01 1.000000000000000000e+00 0.000000000000000000e+00 0.000000000000000000e+00
-5.272673368453979492e-01 4.675219357013702393e-01 1.000000000000000000e+00 0.000000000000000000e+00 0.000000000000000000e+00
-2.757949531078338623e-01 8.941634744405746460e-02 0.000000000000000000e+00 1.000000000000000000e+00 0.000000000000000000e+00
4.092490971088409424e-01 -7.196050882339477539e-01 1.000000000000000000e+00 0.000000000000000000e+00 0.000000000000000000e+00
8.221532106399536133e-01 6.709038019180297852e-01 1.000000000000000000e+00 0.000000000000000000e+00 0.000000000000000000e+00
4.619989991188049316e-01 1.978283822536468506e-01 1.000000000000000000e+00 0.000000000000000000e+00 0.000000000000000000e+00
5.561617016792297363e-01 7.904419302940368652e-02 0.000000000000000000e+00 1.000000000000000000e+00 0.000000000000000000e+00
-2.358469247817993164e+00 -2.506095886230468750e+00 0.000000000000000000e+00 0.000000000000000000e+00 1.000000000000000000e+00
-1.744995117187500000e-01 1.206977128982543945e+00 0.000000000000000000e+00 0.000000000000000000e+00 1.000000000000000000e+00
-1.497459411621093750e+00 -3.420385718345642090e-01 0.000000000000000000e+00 0.000000000000000000e+00 1.000000000000000000e+00
-1.006835937500000000e+00 -1.725003123283386230e-01 0.000000000000000000e+00 0.000000000000000000e+00 1.000000000000000000e+00
-1.144618034362792969e+00 -3.509597182273864746e-01 0.000000000000000000e+00 0.000000000000000000e+00 1.000000000000000000e+00
-1.027727007865905762e+00 -2.812446355819702148e-01 0.000000000000000000e+00 0.000000000000000000e+00 1.000000000000000000e+00
-1.036161065101623535e+00 -3.578739762306213379e-01 0.000000000000000000e+00 0.000000000000000000e+00 1.000000000000000000e+00
-1.006549239158630371e+00 -3.435397744178771973e-01 0.000000000000000000e+00 0.000000000000000000e+00 1.000000000000000000e+00
-1.001648783683776855e+00 -3.437783122062683105e-01 0.000000000000000000e+00 0.000000000000000000e+00 1.000000000000000000e+00
0.000000000000000000e+00 0.000000000000000000e+00 0.000000000000000000e+00 0.000000000000000000e+00 0.000000000000000000e+00
0.000000000000000000e+00 0.000000000000000000e+00 0.000000000000000000e+00 0.000000000000000000e+00 0.000000000000000000e+00
0.000000000000000000e+00 0.000000000000000000e+00 0.000000000000000000e+00 0.000000000000000000e+00 0.000000000000000000e+00
0.000000000000000000e+00 0.000000000000000000e+00 0.000000000000000000e+00 0.000000000000000000e+00 0.000000000000000000e+00
0.000000000000000000e+00 0.000000000000000000e+00 0.000000000000000000e+00 0.000000000000000000e+00 0.000000000000000000e+00
0.000000000000000000e+00 0.000000000000000000e+00 0.000000000000000000e+00 0.000000000000000000e+00 0.000000000000000000e+00
0.000000000000000000e+00 0.000000000000000000e+00 0.000000000000000000e+00 0.000000000000000000e+00 0.000000000000000000e+00
0.000000000000000000e+00 0.000000000000000000e+00 0.000000000000000000e+00 0.000000000000000000e+00 0.000000000000000000e+00
0.000000000000000000e+00 0.000000000000000000e+00 0.000000000000000000e+00 0.000000000000000000e+00 0.000000000000000000e+00
0.000000000000000000e+00 0.000000000000000000e+00 0.000000000000000000e+00 0.000000000000000000e+00 0.000000000000000000e+00
0.000000000000000000e+00 0.000000000000000000e+00 0.000000000000000000e+00 0.000000000000000000e+00 0.000000000000000000e+00
0.000000000000000000e+00 0.000000000000000000e+00 0.000000000000000000e+00 0.000000000000000000e+00 0.000000000000000000e+00
0.000000000000000000e+00 0.000000000000000000e+00 0.000000000000000000e+00 0.000000000000000000e+00 0.000000000000000000e+00
0.000000000000000000e+00 0.000000000000000000e+00 0.000000000000000000e+00 0.000000000000000000e+00 0.000000000000000000e+00
0.000000000000000000e+00 0.000000000000000000e+00 0.000000000000000000e+00 0.000000000000000000e+00 0.000000000000000000e+00
0.000000000000000000e+00 0.000000000000000000e+00 0.000000000000000000e+00 0.000000000000000000e+00 0.000000000000000000e+00
0.000000000000000000e+00 0.000000000000000000e+00 0.000000000000000000e+00 0.000000000000000000e+00 0.000000000000000000e+00
0.000000000000000000e+00 0.000000000000000000e+00 0.000000000000000000e+00 0.000000000000000000e+00 0.000000000000000000e+00
0.000000000000000000e+00 0.000000000000000000e+00 0.000000000000000000e+00 0.000000000000000000e+00 0.000000000000000000e+00
0.000000000000000000e+00 0.000000000000000000e+00 0.000000000000000000e+00 0.000000000000000000e+00 0.000000000000000000e+00
0.000000000000000000e+00 0.000000000000000000e+00 0.000000000000000000e+00 0.000000000000000000e+00 0.000000000000000000e+00
0.000000000000000000e+00 0.000000000000000000e+00 0.000000000000000000e+00 0.000000000000000000e+00 0.000000000000000000e+00
0.000000000000000000e+00 0.000000000000000000e+00 0.000000000000000000e+00 0.000000000000000000e+00 0.000000000000000000e+00
0.000000000000000000e+00 0.000000000000000000e+00 0.000000000000000000e+00 0.000000000000000000e+00 0.000000000000000000e+00
0.000000000000000000e+00 0.000000000000000000e+00 0.000000000000000000e+00 0.000000000000000000e+00 0.000000000000000000e+00
0.000000000000000000e+00 0.000000000000000000e+00 0.000000000000000000e+00 0.000000000000000000e+00 0.000000000000000000e+00
0.000000000000000000e+00 0.000000000000000000e+00 0.000000000000000000e+00 0.000000000000000000e+00 0.000000000000000000e+00
0.000000000000000000e+00 0.000000000000000000e+00 0.000000000000000000e+00 0.000000000000000000e+00 0.000000000000000000e+00
0.000000000000000000e+00 0.000000000000000000e+00 0.000000000000000000e+00 0.000000000000000000e+00 0.000000000000000000e+00
0.000000000000000000e+00 0.000000000000000000e+00 0.000000000000000000e+00 0.000000000000000000e+00 0.000000000000000000e+00
0.000000000000000000e+00 0.000000000000000000e+00 0.000000000000000000e+00 0.000000000000000000e+00 0.000000000000000000e+00
0.000000000000000000e+00 0.000000000000000000e+00 0.000000000000000000e+00 0.000000000000000000e+00 0.000000000000000000e+00
0.000000000000000000e+00 0.000000000000000000e+00 0.000000000000000000e+00 0.000000000000000000e+00 0.000000000000000000e+00
0.000000000000000000e+00 0.000000000000000000e+00 0.000000000000000000e+00 0.000000000000000000e+00 0.000000000000000000e+00
0.000000000000000000e+00 0.000000000000000000e+00 0.000000000000000000e+00 0.000000000000000000e+00 0.000000000000000000e+00
0.000000000000000000e+00 0.000000000000000000e+00 0.000000000000000000e+00 0.000000000000000000e+00 0.000000000000000000e+00
0.000000000000000000e+00 0.000000000000000000e+00 0.000000000000000000e+00 0.000000000000000000e+00 0.000000000000000000e+00
0.000000000000000000e+00 0.000000000000000000e+00 0.000000000000000000e+00 0.000000000000000000e+00 0.000000000000000000e+00
0.000000000000000000e+00 0.000000000000000000e+00 0.000000000000000000e+00 0.000000000000000000e+00 0.000000000000000000e+00
0.000000000000000000e+00 0.000000000000000000e+00 0.000000000000000000e+00 0.000000000000000000e+00 0.000000000000000000e+00
0.000000000000000000e+00 0.000000000000000000e+00 0.000000000000000000e+00 0.000000000000000000e+00 0.000000000000000000e+00
0.000000000000000000e+00 0.000000000000000000e+00 0.000000000000000000e+00 0.000000000000000000e+00 0.000000000000000000e+00
0.000000000000000000e+00 0.000000000000000000e+00 0.000000000000000000e+00 0.000000000000000000e+00 0.000000000000000000e+00
0.000000000000000000e+00 0.000000000000000000e+00 0.000000000000000000e+00 0.000000000000000000e+00 0.000000000000000000e+00
0.000000000000000000e+00 0.000000000000000000e+00 0.000000000000000000e+00 0.000000000000000000e+00 0.000000000000000000e+00
0.000000000000000000e+00 0.000000000000000000e+00 0.000000000000000000e+00 0.000000000000000000e+00 0.000000000000000000e+00
0.000000000000000000e+00 0.000000000000000000e+00 0.000000000000000000e+00 0.000000000000000000e+00 0.000000000000000000e+00
0.000000000000000000e+00 0.000000000000000000e+00 0.000000000000000000e+00 0.000000000000000000e+00 0.000000000000000000e+00
0.000000000000000000e+00 0.000000000000000000e+00 0.000000000000000000e+00 0.000000000000000000e+00 0.000000000000000000e+00
0.000000000000000000e+00 0.000000000000000000e+00 0.000000000000000000e+00 0.000000000000000000e+00 0.000000000000000000e+00
0.000000000000000000e+00 0.000000000000000000e+00 0.000000000000000000e+00 0.000000000000000000e+00 0.000000000000000000e+00
0.000000000000000000e+00 0.000000000000000000e+00 0.000000000000000000e+00 0.000000000000000000e+00 0.000000000000000000e+00
0.000000000000000000e+00 0.000000000000000000e+00 0.000000000000000000e+00 0.000000000000000000e+00 0.000000000000000000e+00
0.000000000000000000e+00 0.000000000000000000e+00 0.000000000000000000e+00 0.000000000000000000e+00 0.000000000000000000e+00
0.000000000000000000e+00 0.000000000000000000e+00 0.000000000000000000e+00 0.000000000000000000e+00 0.000000000000000000e+00
0.000000000000000000e+00 0.000000000000000000e+00 0.000000000000000000e+00 0.000000000000000000e+00 0.000000000000000000e+00
0.000000000000000000e+00 0.000000000000000000e+00 0.000000000000000000e+00 0.000000000000000000e+00 0.000000000000000000e+00
0.000000000000000000e+00 0.000000000000000000e+00 0.000000000000000000e+00 0.000000000000000000e+00 0.000000000000000000e+00
0.000000000000000000e+00 0.000000000000000000e+00 0.000000000000000000e+00 0.000000000000000000e+00 0.000000000000000000e+00
0.000000000000000000e+00 0.000000000000000000e+00 0.000000000000000000e+00 0.000000000000000000e+00 0.000000000000000000e+00
0.000000000000000000e+00 0.000000000000000000e+00 0.000000000000000000e+00 0.000000000000000000e+00 0.000000000000000000e+00
0.000000000000000000e+00 0.000000000000000000e+00 0.000000000000000000e+00 0.000000000000000000e+00 0.000000000000000000e+00
0.000000000000000000e+00 0.000000000000000000e+00 0.000000000000000000e+00 0.000000000000000000e+00 0.000000000000000000e+00
0.000000000000000000e+00 0.000000000000000000e+00 0.000000000000000000e+00 0.000000000000000000e+00 0.000000000000000000e+00
0.000000000000000000e+00 0.000000000000000000e+00 0.000000000000000000e+00 0.000000000000000000e+00 0.000000000000000000e+00
0.000000000000000000e+00 0.000000000000000000e+00 0.000000000000000000e+00 0.000000000000000000e+00 0.000000000000000000e+00
