0.000000000000000000e+00 0.000000000000000000e+00 1.000000000000000000e+00 0.000000000000000000e+00 0.000000000000000000e+00
9.131898880004882812e-01 -2.501018643379211426e-01 1.000000000000000000e+00 0.000000000000000000e+00 0.000000000000000000e+00
3.918337523937225342e-01 -2.145955562591552734e-01 0.000000000000000000e+00 1.000000000000000000e+00 0.000000000000000000e+00
-5.625576972961425781e-01 -5.317918062210083008e-01 1.000000000000000000e+00 0.000000000000000000e+00 0.000000000000000000e+00
1.802266240119934082e-01 7.069790363311767578e-01 1.000000000000000000e+00 0.000000000000000000e+00 0.000000000000000000e+00
4.032466188073158264e-02 1.092767834663391113e+00 1.000000000000000000e+00 0.000000000000000000e+00 0.000000000000000000e+00
-1.007784679532051086e-01 7.990822792053222656e-01 1.000000000000000000e+00 0.000000000000000000e+00 0.000000000000000000e+00
-1.033764630556106567e-01 1.672749519348144531e-01 1.000000000000000000e+00 0.000000000000000000e+00 0.000000000000000000e+00
-1.298007220029830933e-01 4.790055751800537109e-02 1.000000000000000000e+00 0.000000000000000000e+00 0.000000000000000000e+00
-3.603067994117736816e-01 -1.744241118431091309e-01 1.000000000000000000e+00 0.000000000000000000e+00 0.000000000000000000e+00
-2.607878148555755615e-01 -4.103334546089172363e-01 1.000000000000000000e+00 0.000000000000000000e+00 0.000000000000000000e+00
5.125198885798454285e-02 -2.705961167812347412e-01 1.000000000000000000e+00 0.000000000000000000e+00 0.000000000000000000e+00
7.074796557426452637e-01 -4.687781333923339844e-01 0.000000000000000000e+00 1.000000000000000000e+00 0.000000000000000000e+00
1.367567658424377441e+00 -1.821324229240417480e+00 1.000000000000000000e+00 0.000000000000000000e+00 0.000000000000000000e+00
8.174389600753784180e-01 -1.919317692518234253e-01 1.000000000000000000e+00 0.000000000000000000e+00 0.000000000000000000e+00
3.472657799720764160e-01 -1.570084393024444580e-01 0.000000000000000000e+00 1.000000000000000000e+00 0.000000000000000000e+00
-1.234866857528686523e+00 7.410738468170166016e-01 1.000000000000000000e+00 0.000000000000000000e+00 0.000000000000000000e+00
-1.718112081289291382e-02 3.825749158859252930e-01 1.000000000000000000e+00 0.000000000000000000e+00 0.000000000000000000e+00
-8.494787663221359253e-02 1.513511538505554199e-01 0.000000000000000000e+00 1.000000000000000000e+00 0.000000000000000000e+00
4.693287014961242676e-01 -5.926669836044311523e-01 1.000000000000000000e+00 0.000000000000000000e+00 0.000000000000000000e+00
6.539705991744995117e-01 -5.042468011379241943e-02 1.000000000000000000e+00 0.000000000000000000e+00 0.000000000000000000e+00
-5.981871485710144043e-01 4.727055728435516357e-01 1.000000000000000000e+00 0.000000000000000000e+00 0.000000000000000000e+00
3.622230291366577148e-01 -1.604299992322921753e-01 1.000000000000000000e+00 0.000000000000000000e+00 0.000000000000000000e+00
1.378720849752426147e-01 -1.454912871122360229e-01 0.000000000000000000e+00 1.000000000000000000e+00 0.000000000000000000e+00
-2.438303530216217041e-01 -1.087119698524475098e+00 1.000000000000000000e+00 0.000000000000000000e+00 0.000000000000000000e+00
-1.029853224754333496e-01 1.066191673278808594e+00 1.000000000000000000e+00 0.000000000000000000e+00 0.000000000000000000e+00
-1.084576547145843506e-01 3.678665161132812500e-01 0.000000000000000000e+00 1.000000000000000000e+00 0.000000000000000000e+00
-1.035810470581054688e+00 3.184850513935089111e-01 1.000000000000000000e+00 0.000000000000000000e+00 0.000000000000000000e+00
4.917888343334197998e-02 4.497557878494262695e-01 1.000000000000000000e+00 0.000000000000000000e+00 0.000000000000000000e+00
-4.660634696483612061e-02 1.290538161993026733e-01 0.000000000000000000e+00 1.000000000000000000e+00 0.000000000000000000e+00
4.400500953197479248e-01 -6.262482404708862305e-01 1.000000000000000000e+00 0.000000000000000000e+00 0.000000000000000000e+00
1.234730958938598633e+00 -1.991385221481323242e-01 1.000000000000000000e+00 0.000000000000000000e+00 0.000000000000000000e+00
6.391553282737731934e-01 5.436575412750244141e-02 1.000000000000000000e+00 0.000000000000000000e+00 0.000000000000000000e+00
-6.972349882125854492e-01 5.012177228927612305e-01 1.000000000000000000e+00 0.000000000000000000e+00 0.000000000000000000e+00
-5.130911469459533691e-01 1.902838051319122314e-01 0.000000000000000000e+00 1.000000000000000000e+00 0.000000000000000000e+00
-7.064417600631713867e-01 -7.394828647375106812e-02 1.000000000000000000e+00 0.000000000000000000e+00 0.000000000000000000e+00
1.310031861066818237e-02 2.815481424331665039e-01 1.000000000000000000e+00 0.000000000000000000e+00 0.000000000000000000e+00
-7.691327482461929321e-02 1.497687101364135742e-01 0.000000000000000000e+00 1.000000000000000000e+00 0.000000000000000000e+00
3.517106175422668457e-01 -4.025429487228393555e-01 1.000000000000000000e+00 0.000000000000000000e+00 0.000000000000000000e+00
1.841456890106201172e-01 1.489286124706268311e-02 1.000000000000000000e+00 0.000000000000000000e+00 0.000000000000000000e+00
-3.266451060771942139e-01 4.377282857894897461e-01 1.000000000000000000e+00 0.000000000000000000e+00 0.000000000000000000e+00
4.725759923458099365e-01 -3.242432475090026855e-01 0.000000000000000000e+00 1.000000000000000000e+00 0.000000000000000000e+00
4.371310174465179443e-01 -3.046272993087768555e-01 1.000000000000000000e+00 0.000000000000000000e+00 0.000000000000000000e+00
-1.397130787372589111e-01 4.095151126384735107e-01 1.000000000000000000e+00 0.000000000000000000e+00 0.000000000000000000e+00
3.473022580146789551e-01 -3.155586421489715576e-01 0.000000000000000000e+00 1.000000000000000000e+00 0.000000000000000000e+00
3.003797531127929688e-01 -1.968614757061004639e-01 1.000000000000000000e+00 0.000000000000000000e+00 0.000000000000000000e+00
-4.219662249088287354e-01 4.863942265510559082e-01 1.000000000000000000e+00 0.000000000000000000e+00 0.000000000000000000e+00
-2.353804409503936768e-01 1.261288374662399292e-01 0.000000000000000000e+00 1.000000000000000000e+00 0.000000000000000000e+00
-4.984974861145019531e-01 1.618275046348571777e-01 1.000000000000000000e+00 0.000000000000000000e+00 0.000000000000000000e+00
6.635324954986572266e-01 -1.439353227615356445e-01 1.000000000000000000e+00 0.000000000000000000e+00 0.000000000000000000e+00
-4.430246353149414062e-02 4.139284044504165649e-02 0.000000000000000000e+00 1.000000000000000000e+00 0.000000000000000000e+00
-7.553129792213439941e-01 4.122108817100524902e-01 1.000000000000000000e+00 0.000000000000000000e+00 0.000000000000000000e+00
6.166656017303466797e-01 -1.000820547342300415e-01 1.000000000000000000e+00 0.000000000000000000e+00 0.000000000000000000e+00
2.792347669601440430e-01 -1.345925927162170410e-01 0.000000000000000000e+00 1.000000000000000000e+00 0.000000000000000000e+00
-5.317614078521728516e-01 -2.746676504611968994e-01 1.000000000000000000e+00 0.000000000000000000e+00 0.000000000000000000e+00
-1.274119317531585693e-01 6.835749149322509766e-01 1.000000000000000000e+00 0.000000000000000000e+00 0.000000000000000000e+00
2.677156031131744385e-02 8.839684724807739258e-02 0.000000000000000000e+00 1.000000000000000000e+00 0.000000000000000000e+00
6.056476235389709473e-01 -8.420717716217041016e-01 1.000000000000000000e+00 0.000000000000000000e+00 0.000000000000000000e+00
-5.629463195800781250e-01 7.599447965621948242e-01 1.000000000000000000e+00 0.000000000000000000e+00 0.000000000000000000e+00
-2.997719943523406982e-01 2.149727046489715576e-01 1.000000000000000000e+00 0.000000000000000000e+00 0.000000000000000000e+00
6.918691396713256836e-01 -2.531824409961700439e-01 1.000000000000000000e+00 0.000000000000000000e+00 0.000000000000000000e+00
-9.858272075653076172e-01 8.198330402374267578e-01 1.000000000000000000e+00 0.000000000000000000e+00 0.000000000000000000e+00
5.631280541419982910e-01 -2.821449637413024902e-01 1.000000000000000000e+00 0.000000000000000000e+00 0.000000000000000000e+00
7.386324554681777954e-02 5.054705142974853516e-01 1.000000000000000000e+00 0.000000000000000000e+00 0.000000000000000000e+00
9.640359133481979370e-02 5.142946541309356689e-02 1.000000000000000000e+00 0.000000000000000000e+00 0.000000000000000000e+00
7.599464058876037598e-01 -6.667754054069519043e-01 1.000000000000000000e+00 0.000000000000000000e+00 0.000000000000000000e+00
-5.991423726081848145e-01 1.483621001243591309e-01 1.000000000000000000e+00 0.000000000000000000e+00 0.000000000000000000e+00
8.648731708526611328e-01 3.907125592231750488e-01 1.000000000000000000e+00 0.000000000000000000e+00 0.000000000000000000e+00
4.937547743320465088e-01 1.031582728028297424e-01 1.000000000000000000e+00 0.000000000000000000e+00 0.000000000000000000e+00
5.780297517776489258e-01 -2.053257822990417480e-02 0.000000000000000000e+00 1.000000000000000000e+00 0.000000000000000000e+00
-2.431276559829711914e+00 -2.456559658050537109e+00 0.000000000000000000e+00 0.000000000000000000e+00 1.000000000000000000e+00
0.000000000000000000e+00 0.000000000000000000e+00 0.000000000000000000e+00 0.000000000000000000e+00 0.000000000000000000e+00
0.000000000000000000e+00 0.000000000000000000e+00 0.000000000000000000e+00 0.000000000000000000e+00 0.000000000000000000e+00
0.000000000000000000e+00 0.000000000000000000e+00 0.000000000000000000e+00 0.000000000000000000e+00 0.000000000000000000e+00
0.000000000000000000e+00 0.000000000000000000e+00 0.000000000000000000e+00 0.000000000000000000e+00 0.000000000000000000e+00
0.000000000000000000e+00 0.000000000000000000e+00 0.000000000000000000e+00 0.000000000000000000e+00 0.000000000000000000e+00
0.000000000000000000e+00 0.000000000000000000e+00 0.000000000000000000e+00 0.000000000000000000e+00 0.000000000000000000e+00
0.000000000000000000e+00 0.000000000000000000e+00 0.000000000000000000e+00 0.000000000000000000e+00 0.000000000000000000e+00
0.000000000000000000e+00 0.000000000000000000e+00 0.000000000000000000e+00 0.000000000000000000e+00 0.000000000000000000e+00
0.000000000000000000e+00 0.000000000000000000e+00 0.000000000000000000e+00 0.000000000000000000e+00 0.000000000000000000e+00
0.000000000000000000e+00 0.000000000000000000e+00 0.000000000000000000e+00 0.000000000000000000e+00 0.000000000000000000e+00
0.000000000000000000e+00 0.000000000000000000e+00 0.000000000000000000e+00 0.000000000000000000e+00 0.000000000000000000e+00
0.000000000000000000e+00 0.000000000000000000e+00 0.000000000000000000e+00 0.000000000000000000e+00 0.000000000000000000e+00
0.000000000000000000e+00 0.000000000000000000e+00 0.000000000000000000e+00 0.000000000000000000e+00 0.000000000000000000e+00
0.000000000000000000e+00 0.000000000000000000e+00 0.000000000000000000e+00 0.000000000000000000e+00 0.000000000000000000e+00
0.000000000000000000e+00 0.000000000000000000e+00 0.000000000000000000e+00 0.000000000000000000e+00 0.000000000000000000e+00
0.000000000000000000e+00 0.000000000000000000e+00 0.000000000000000000e+00 0.000000000000000000e+00 0.000000000000000000e+00
0.000000000000000000e+00 0.000000000000000000e+00 0.000000000000000000e+00 0.000000000000000000e+00 0.000000000000000000e+00
0.000000000000000000e+00 0.000000000000000000e+00 0.000000000000000000e+00 0.000000000000000000e+00 0.000000000000000000e+00
0.000000000000000000e+00 0.000000000000000000e+00 0.000000000000000000e+00 0.000000000000000000e+00 0.000000000000000000e+00
0.000000000000000000e+00 0.000000000000000000e+00 0.000000000000000000e+00 0.000000000000000000e+00 0.000000000000000000e+00
0.000000000000000000e+00 0.000000000000000000e+00 0.000000000000000000e+00 0.000000000000000000e+00 0.000000000000000000e+00
0.000000000000000000e+00 0.000000000000000000e+00 0.000000000000000000e+00 0.000000000000000000e+00 0.000000000000000000e+00
0.000000000000000000e+00 0.000000000000000000e+00 0.000000000000000000e+00 0.000000000000000000e+00 0.000000000000000000e+00
0.000000000000000000e+00 0.000000000000000000e+00 0.000000000000000000e+00 0.000000000000000000e+00 0.000000000000000000e+00
0.000000000000000000e+00 0.000000000000000000e+00 0.000000000000000000e+00 0.000000000000000000e+00 0.000000000000000000e+00
0.000000000000000000e+00 0.000000000000000000e+00 0.000000000000000000e+00 0.000000000000000000e+00 0.000000000000000000e+00
0.000000000000000000e+00 0.000000000000000000e+00 0.000000000000000000e+00 0.000000000000000000e+00 0.000000000000000000e+00
0.000000000000000000e+00 0.000000000000000000e+00 0.000000000000000000e+00 0.000000000000000000e+00 0.000000000000000000e+00
0.000000000000000000e+00 0.000000000000000000e+00 0.000000000000000000e+00 0.000000000000000000e+00 0.000000000000000000e+00
0.000000000000000000e+00 0.000000000000000000e+00 0.000000000000000000e+00 0.000000000000000000e+00 0.000000000000000000e+00
0.000000000000000000e+00 0.000000000000000000e+00 0.000000000000000000e+00 0.000000000000000000e+00 0.000000000000000000e+00
0.000000000000000000e+00 0.000000000000000000e+00 0.000000000000000000e+00 0.000000000000000000e+00 0.000000000000000000e+00
0.000000000000000000e+00 0.000000000000000000e+00 0.000000000000000000e+00 0.000000000000000000e+00 0.000000000000000000e+00
0.000000000000000000e+00 0.000000000000000000e+00 0.000000000000000000e+00 0.000000000000000000e+00 0.000000000000000000e+00
0.000000000000000000e+00 0.000000000000000000e+00 0.000000000000000000e+00 0.000000000000000000e+00 0.000000000000000000e+00
0.000000000000000000e+00 0.000000000000000000e+00 0.000000000000000000e+00 0.000000000000000000e+00 0.000000000000000000e+00
0.000000000000000000e+00 0.000000000000000000e+00 0.000000000000000000e+00 0.000000000000000000e+00 0.000000000000000000e+00
0.000000000000000000e+00 0.000000000000000000e+00 0.000000000000000000e+00 0.000000000000000000e+00 0.000000000000000000e+00
0.000000000000000000e+00 0.000000000000000000e+00 0.000000000000000000e+00 0.000000000000000000e+00 0.000000000000000000e+00
0.000000000000000000e+00 0.000000000000000000e+00 0.000000000000000000e+00 0.000000000000000000e+00 0.000000000000000000e+00
0.000000000000000000e+00 0.000000000000000000e+00 0.000000000000000000e+00 0.000000000000000000e+00 0.000000000000000000e+00
0.000000000000000000e+00 0.000000000000000000e+00 0.000000000000000000e+00 0.000000000000000000e+00 0.000000000000000000e+00
0.000000000000000000e+00 0.000000000000000000e+00 0.000000000000000000e+00 0.000000000000000000e+00 0.000000000000000000e+00
0.000000000000000000e+00 0.000000000000000000e+00 0.000000000000000000e+00 0.000000000000000000e+00 0.000000000000000000e+00
0.000000000000000000e+00 0.000000000000000000e+00 0.000000000000000000e+00 0.000000000000000000e+00 0.000000000000000000e+00
0.000000000000000000e+00 0.000000000000000000e+00 0.000000000000000000e+00 0.000000000000000000e+00 0.000000000000000000e+00
0.000000000000000000e+00 0.000000000000000000e+00 0.000000000000000000e+00 0.000000000000000000e+00 0.000000000000000000e+00
0.000000000000000000e+00 0.000000000000000000e+00 0.000000000000000000e+00 0.000000000000000000e+00 0.000000000000000000e+00
0.000000000000000000e+00 0.000000000000000000e+00 0.000000000000000000e+00 0.000000000000000000e+00 0.000000000000000000e+00
0.000000000000000000e+00 0.000000000000000000e+00 0.000000000000000000e+00 0.000000000000000000e+00 0.000000000000000000e+00
