0.000000000000000000e+00 0.000000000000000000e+00 1.000000000000000000e+00 0.000000000000000000e+00 0.000000000000000000e+00
1.225723147392272949e+00 -2.133090794086456299e-01 1.000000000000000000e+00 0.000000000000000000e+00 0.000000000000000000e+00
6.797242760658264160e-01 -3.014254868030548096e-01 0.000000000000000000e+00 1.000000000000000000e+00 0.000000000000000000e+00
-1.399419069290161133e+00 -7.390263676643371582e-01 1.000000000000000000e+00 0.000000000000000000e+00 0.000000000000000000e+00
-9.072935581207275391e-02 1.554892778396606445e+00 1.000000000000000000e+00 0.000000000000000000e+00 0.000000000000000000e+00
-1.740439534187316895e-01 6.381486058235168457e-01 0.000000000000000000e+00 1.000000000000000000e+00 0.000000000000000000e+00
-6.138612031936645508e-01 3.807342052459716797e-01 1.000000000000000000e+00 0.000000000000000000e+00 0.000000000000000000e+00
1.345585584640502930e+00 -1.964426636695861816e-01 1.000000000000000000e+00 0.000000000000000000e+00 0.000000000000000000e+00
4.745619893074035645e-01 1.006857901811599731e-01 1.000000000000000000e+00 0.000000000000000000e+00 0.000000000000000000e+00
-1.130836248397827148e+00 1.349661111831665039e+00 1.000000000000000000e+00 0.000000000000000000e+00 0.000000000000000000e+00
-1.117724299430847168e+00 8.179469108581542969e-01 1.000000000000000000e+00 0.000000000000000000e+00 0.000000000000000000e+00
-6.702671647071838379e-01 2.204218804836273193e-01 1.000000000000000000e+00 0.000000000000000000e+00 0.000000000000000000e+00
-5.092508792877197266e-01 -9.429892897605895996e-02 0.000000000000000000e+00 1.000000000000000000e+00 0.000000000000000000e+00
1.010926604270935059e+00 -1.289810657501220703e+00 1.000000000000000000e+00 0.000000000000000000e+00 0.000000000000000000e+00
1.796503663063049316e+00 9.095587730407714844e-01 1.000000000000000000e+00 0.000000000000000000e+00 0.000000000000000000e+00
1.509780526161193848e+00 5.142974257469177246e-01 1.000000000000000000e+00 0.000000000000000000e+00 0.000000000000000000e+00
8.940632343292236328e-01 1.032058000564575195e-01 0.000000000000000000e+00 1.000000000000000000e+00 0.000000000000000000e+00
-2.445231199264526367e+00 -3.621482849121093750e+00 0.000000000000000000e+00 0.000000000000000000e+00 1.000000000000000000e+00
-3.447479605674743652e-01 1.771102666854858398e+00 0.000000000000000000e+00 0.000000000000000000e+00 1.000000000000000000e+00
-1.143175363540649414e+00 -4.769156575202941895e-01 0.000000000000000000e+00 0.000000000000000000e+00 1.000000000000000000e+00
-9.473600387573242188e-01 -3.630917668342590332e-01 0.000000000000000000e+00 0.000000000000000000e+00 1.000000000000000000e+00
-9.404613971710205078e-01 -1.421531438827514648e-01 0.000000000000000000e+00 0.000000000000000000e+00 1.000000000000000000e+00
-9.525748491287231445e-01 -5.294388532638549805e-02 0.000000000000000000e+00 0.000000000000000000e+00 1.000000000000000000e+00
-9.485436677932739258e-01 -2.443712949752807617e-02 0.000000000000000000e+00 0.000000000000000000e+00 1.000000000000000000e+00
-9.427430629730224609e-01 -1.314121484756469727e-02 0.000000000000000000e+00 0.000000000000000000e+00 1.000000000000000000e+00
-9.189553260803222656e-01 -2.456915378570556641e-02 0.000000000000000000e+00 0.000000000000000000e+00 1.000000000000000000e+00
-8.933069705963134766e-01 -4.351633787155151367e-02 0.000000000000000000e+00 0.000000000000000000e+00 1.000000000000000000e+00
-8.735954761505126953e-01 -6.419354677200317383e-02 0.000000000000000000e+00 0.000000000000000000e+00 1.000000000000000000e+00
-8.600957393646240234e-01 -7.986706495285034180e-02 0.000000000000000000e+00 0.000000000000000000e+00 1.000000000000000000e+00
-8.496230840682983398e-01 -9.367763996124267578e-02 0.000000000000000000e+00 0.000000000000000000e+00 1.000000000000000000e+00
-8.382346630096435547e-01 -1.049982905387878418e-01 0.000000000000000000e+00 0.000000000000000000e+00 1.000000000000000000e+00
-8.252319097518920898e-01 -1.129257082939147949e-01 0.000000000000000000e+00 0.000000000000000000e+00 1.000000000000000000e+00
-8.142409324645996094e-01 -1.199623942375183105e-01 0.000000000000000000e+00 0.000000000000000000e+00 1.000000000000000000e+00
-8.060836791992187500e-01 -1.221137046813964844e-01 0.000000000000000000e+00 0.000000000000000000e+00 1.000000000000000000e+00
-7.980211973190307617e-01 -1.227180361747741699e-01 0.000000000000000000e+00 0.000000000000000000e+00 1.000000000000000000e+00
-7.897444963455200195e-01 -1.248201131820678711e-01 0.000000000000000000e+00 0.000000000000000000e+00 1.000000000000000000e+00
-7.796561717987060547e-01 -1.298716664314270020e-01 0.000000000000000000e+00 0.000000000000000000e+00 1.000000000000000000e+00
-7.678619623184204102e-01 -1.378561258316040039e-01 0.000000000000000000e+00 0.000000000000000000e+00 1.000000000000000000e+00
-7.603598833084106445e-01 -1.432120203971862793e-01 0.000000000000000000e+00 0.000000000000000000e+00 1.000000000000000000e+00
-7.601128816604614258e-01 -1.398007273674011230e-01 0.000000000000000000e+00 0.000000000000000000e+00 1.000000000000000000e+00
-7.618991136550903320e-01 -1.332665085792541504e-01 0.000000000000000000e+00 0.000000000000000000e+00 1.000000000000000000e+00
-7.608361244201660156e-01 -1.284965276718139648e-01 0.000000000000000000e+00 0.000000000000000000e+00 1.000000000000000000e+00
-7.559725046157836914e-01 -1.278118491172790527e-01 0.000000000000000000e+00 0.000000000000000000e+00 1.000000000000000000e+00
-7.456867694854736328e-01 -1.326896548271179199e-01 0.000000000000000000e+00 0.000000000000000000e+00 1.000000000000000000e+00
-7.344670295715332031e-01 -1.414808034896850586e-01 0.000000000000000000e+00 0.000000000000000000e+00 1.000000000000000000e+00
-7.283822298049926758e-01 -1.487834453582763672e-01 0.000000000000000000e+00 0.000000000000000000e+00 1.000000000000000000e+00
-7.273663282394409180e-01 -1.548344492912292480e-01 0.000000000000000000e+00 0.000000000000000000e+00 1.000000000000000000e+00
-7.259942293167114258e-01 -1.581042408943176270e-01 0.000000000000000000e+00 0.000000000000000000e+00 1.000000000000000000e+00
-7.240092754364013672e-01 -1.596583724021911621e-01 0.000000000000000000e+00 0.000000000000000000e+00 1.000000000000000000e+00
-7.188802957534790039e-01 -1.592522859573364258e-01 0.000000000000000000e+00 0.000000000000000000e+00 1.000000000000000000e+00
-7.125488519668579102e-01 -1.559210419654846191e-01 0.000000000000000000e+00 0.000000000000000000e+00 1.000000000000000000e+00
-7.106820344924926758e-01 -1.508683562278747559e-01 0.000000000000000000e+00 0.000000000000000000e+00 1.000000000000000000e+00
-7.147613763809204102e-01 -1.478220820426940918e-01 0.000000000000000000e+00 0.000000000000000000e+00 1.000000000000000000e+00
-7.143263816833496094e-01 -1.492146849632263184e-01 0.000000000000000000e+00 0.000000000000000000e+00 1.000000000000000000e+00
-7.137458324432373047e-01 -1.471976637840270996e-01 0.000000000000000000e+00 0.000000000000000000e+00 1.000000000000000000e+00
-7.117402553558349609e-01 -1.508062481880187988e-01 0.000000000000000000e+00 0.000000000000000000e+00 1.000000000000000000e+00
-6.999181509017944336e-01 -1.595751047134399414e-01 0.000000000000000000e+00 0.000000000000000000e+00 1.000000000000000000e+00
-6.877373456954956055e-01 -1.653774380683898926e-01 0.000000000000000000e+00 0.000000000000000000e+00 1.000000000000000000e+00
-6.839385628700256348e-01 -1.664425134658813477e-01 0.000000000000000000e+00 0.000000000000000000e+00 1.000000000000000000e+00
-6.879100799560546875e-01 -1.650533080101013184e-01 0.000000000000000000e+00 0.000000000000000000e+00 1.000000000000000000e+00
-6.912515163421630859e-01 -1.669220328330993652e-01 0.000000000000000000e+00 0.000000000000000000e+00 1.000000000000000000e+00
-6.887743473052978516e-01 -1.648243069648742676e-01 0.000000000000000000e+00 0.000000000000000000e+00 1.000000000000000000e+00
-6.850874423980712891e-01 -1.620113253593444824e-01 0.000000000000000000e+00 0.000000000000000000e+00 1.000000000000000000e+00
-6.767131686210632324e-01 -1.633820533752441406e-01 0.000000000000000000e+00 0.000000000000000000e+00 1.000000000000000000e+00
-6.684128046035766602e-01 -1.651033759117126465e-01 0.000000000000000000e+00 0.000000000000000000e+00 1.000000000000000000e+00
-6.675726175308227539e-01 -1.649852991104125977e-01 0.000000000000000000e+00 0.000000000000000000e+00 1.000000000000000000e+00
-6.706579923629760742e-01 -1.641604900360107422e-01 0.000000000000000000e+00 0.000000000000000000e+00 1.000000000000000000e+00
-6.733253002166748047e-01 -1.634270548820495605e-01 0.000000000000000000e+00 0.000000000000000000e+00 1.000000000000000000e+00
-6.746823191642761230e-01 -1.621103882789611816e-01 0.000000000000000000e+00 0.000000000000000000e+00 1.000000000000000000e+00
0.000000000000000000e+00 0.000000000000000000e+00 0.000000000000000000e+00 0.000000000000000000e+00 0.000000000000000000e+00
0.000000000000000000e+00 0.000000000000000000e+00 0.000000000000000000e+00 0.000000000000000000e+00 0.000000000000000000e+00
0.000000000000000000e+00 0.000000000000000000e+00 0.000000000000000000e+00 0.000000000000000000e+00 0.000000000000000000e+00
0.000000000000000000e+00 0.000000000000000000e+00 0.000000000000000000e+00 0.000000000000000000e+00 0.000000000000000000e+00
0.000000000000000000e+00 0.000000000000000000e+00 0.000000000000000000e+00 0.000000000000000000e+00 0.000000000000000000e+00
0.000000000000000000e+00 0.000000000000000000e+00 0.000000000000000000e+00 0.000000000000000000e+00 0.000000000000000000e+00
0.000000000000000000e+00 0.000000000000000000e+00 0.000000000000000000e+00 0.000000000000000000e+00 0.000000000000000000e+00
0.000000000000000000e+00 0.000000000000000000e+00 0.000000000000000000e+00 0.000000000000000000e+00 0.000000000000000000e+00
0.000000000000000000e+00 0.000000000000000000e+00 0.000000000000000000e+00 0.000000000000000000e+00 0.000000000000000000e+00
0.000000000000000000e+00 0.000000000000000000e+00 0.000000000000000000e+00 0.000000000000000000e+00 0.000000000000000000e+00
0.000000000000000000e+00 0.000000000000000000e+00 0.000000000000000000e+00 0.000000000000000000e+00 0.000000000000000000e+00
0.000000000000000000e+00 0.000000000000000000e+00 0.000000000000000000e+00 0.000000000000000000e+00 0.000000000000000000e+00
0.000000000000000000e+00 0.000000000000000000e+00 0.000000000000000000e+00 0.000000000000000000e+00 0.000000000000000000e+00
0.000000000000000000e+00 0.000000000000000000e+00 0.000000000000000000e+00 0.000000000000000000e+00 0.000000000000000000e+00
0.000000000000000000e+00 0.000000000000000000e+00 0.000000000000000000e+00 0.000000000000000000e+00 0.000000000000000000e+00
0.000000000000000000e+00 0.000000000000000000e+00 0.000000000000000000e+00 0.000000000000000000e+00 0.000000000000000000e+00
0.000000000000000000e+00 0.000000000000000000e+00 0.000000000000000000e+00 0.000000000000000000e+00 0.000000000000000000e+00
0.000000000000000000e+00 0.000000000000000000e+00 0.000000000000000000e+00 0.000000000000000000e+00 0.000000000000000000e+00
0.000000000000000000e+00 0.000000000000000000e+00 0.000000000000000000e+00 0.000000000000000000e+00 0.000000000000000000e+00
0.000000000000000000e+00 0.000000000000000000e+00 0.000000000000000000e+00 0.000000000000000000e+00 0.000000000000000000e+00
0.000000000000000000e+00 0.000000000000000000e+00 0.000000000000000000e+00 0.000000000000000000e+00 0.000000000000000000e+00
0.000000000000000000e+00 0.000000000000000000e+00 0.000000000000000000e+00 0.000000000000000000e+00 0.000000000000000000e+00
0.000000000000000000e+00 0.000000000000000000e+00 0.000000000000000000e+00 0.000000000000000000e+00 0.000000000000000000e+00
0.000000000000000000e+00 0.000000000000000000e+00 0.000000000000000000e+00 0.000000000000000000e+00 0.000000000000000000e+00
0.000000000000000000e+00 0.000000000000000000e+00 0.000000000000000000e+00 0.000000000000000000e+00 0.000000000000000000e+00
0.000000000000000000e+00 0.000000000000000000e+00 0.000000000000000000e+00 0.000000000000000000e+00 0.000000000000000000e+00
0.000000000000000000e+00 0.000000000000000000e+00 0.000000000000000000e+00 0.000000000000000000e+00 0.000000000000000000e+00
0.000000000000000000e+00 0.000000000000000000e+00 0.000000000000000000e+00 0.000000000000000000e+00 0.000000000000000000e+00
0.000000000000000000e+00 0.000000000000000000e+00 0.000000000000000000e+00 0.000000000000000000e+00 0.000000000000000000e+00
0.000000000000000000e+00 0.000000000000000000e+00 0.000000000000000000e+00 0.000000000000000000e+00 0.000000000000000000e+00
0.000000000000000000e+00 0.000000000000000000e+00 0.000000000000000000e+00 0.000000000000000000e+00 0.000000000000000000e+00
0.000000000000000000e+00 0.000000000000000000e+00 0.000000000000000000e+00 0.000000000000000000e+00 0.000000000000000000e+00
0.000000000000000000e+00 0.000000000000000000e+00 0.000000000000000000e+00 0.000000000000000000e+00 0.000000000000000000e+00
0.000000000000000000e+00 0.000000000000000000e+00 0.000000000000000000e+00 0.000000000000000000e+00 0.000000000000000000e+00
0.000000000000000000e+00 0.000000000000000000e+00 0.000000000000000000e+00 0.000000000000000000e+00 0.000000000000000000e+00
0.000000000000000000e+00 0.000000000000000000e+00 0.000000000000000000e+00 0.000000000000000000e+00 0.000000000000000000e+00
0.000000000000000000e+00 0.000000000000000000e+00 0.000000000000000000e+00 0.000000000000000000e+00 0.000000000000000000e+00
0.000000000000000000e+00 0.000000000000000000e+00 0.000000000000000000e+00 0.000000000000000000e+00 0.000000000000000000e+00
0.000000000000000000e+00 0.000000000000000000e+00 0.000000000000000000e+00 0.000000000000000000e+00 0.000000000000000000e+00
0.000000000000000000e+00 0.000000000000000000e+00 0.000000000000000000e+00 0.000000000000000000e+00 0.000000000000000000e+00
0.000000000000000000e+00 0.000000000000000000e+00 0.000000000000000000e+00 0.000000000000000000e+00 0.000000000000000000e+00
0.000000000000000000e+00 0.000000000000000000e+00 0.000000000000000000e+00 0.000000000000000000e+00 0.000000000000000000e+00
0.000000000000000000e+00 0.000000000000000000e+00 0.000000000000000000e+00 0.000000000000000000e+00 0.000000000000000000e+00
0.000000000000000000e+00 0.000000000000000000e+00 0.000000000000000000e+00 0.000000000000000000e+00 0.000000000000000000e+00
0.000000000000000000e+00 0.000000000000000000e+00 0.000000000000000000e+00 0.000000000000000000e+00 0.000000000000000000e+00
0.000000000000000000e+00 0.000000000000000000e+00 0.000000000000000000e+00 0.000000000000000000e+00 0.000000000000000000e+00
0.000000000000000000e+00 0.000000000000000000e+00 0.000000000000000000e+00 0.000000000000000000e+00 0.000000000000000000e+00
0.000000000000000000e+00 0.000000000000000000e+00 0.000000000000000000e+00 0.000000000000000000e+00 0.000000000000000000e+00
0.000000000000000000e+00 0.000000000000000000e+00 0.000000000000000000e+00 0.000000000000000000e+00 0.000000000000000000e+00
0.000000000000000000e+00 0.000000000000000000e+00 0.000000000000000000e+00 0.000000000000000000e+00 0.000000000000000000e+00
0.000000000000000000e+00 0.000000000000000000e+00 0.000000000000000000e+00 0.000000000000000000e+00 0.000000000000000000e+00
0.000000000000000000e+00 0.000000000000000000e+00 0.000000000000000000e+00 0.000000000000000000e+00 0.000000000000000000e+00
