0.000000000000000000e+00 0.000000000000000000e+00 1.000000000000000000e+00 0.000000000000000000e+00 0.000000000000000000e+00
-1.200572371482849121e+00 1.713818430900573730e+00 1.000000000000000000e+00 0.000000000000000000e+00 0.000000000000000000e+00
-1.047082543373107910e+00 1.086834073066711426e+00 1.000000000000000000e+00 0.000000000000000000e+00 0.000000000000000000e+00
-5.185607671737670898e-01 3.446905910968780518e-01 0.000000000000000000e+00 1.000000000000000000e+00 0.000000000000000000e+00
1.547367215156555176e+00 -1.101840257644653320e+00 1.000000000000000000e+00 0.000000000000000000e+00 0.000000000000000000e+00
1.278670430183410645e+00 -2.223159968852996826e-01 1.000000000000000000e+00 0.000000000000000000e+00 0.000000000000000000e+00
4.544580280780792236e-01 8.211934566497802734e-02 1.000000000000000000e+00 0.000000000000000000e+00 0.000000000000000000e+00
-1.174506425857543945e+00 1.518923640251159668e+00 1.000000000000000000e+00 0.000000000000000000e+00 0.000000000000000000e+00
-1.144499778747558594e+00 9.592941999435424805e-01 1.000000000000000000e+00 0.000000000000000000e+00 0.000000000000000000e+00
-6.933748722076416016e-01 3.324623405933380127e-01 1.000000000000000000e+00 0.000000000000000000e+00 0.000000000000000000e+00
-5.406056642532348633e-01 3.815516829490661621e-03 0.000000000000000000e+00 1.000000000000000000e+00 0.000000000000000000e+00
1.250680565834045410e+00 -1.382007122039794922e+00 1.000000000000000000e+00 0.000000000000000000e+00 0.000000000000000000e+00
1.645862579345703125e+00 9.805444478988647461e-01 1.000000000000000000e+00 0.000000000000000000e+00 0.000000000000000000e+00
1.354936480522155762e+00 5.257797837257385254e-01 1.000000000000000000e+00 0.000000000000000000e+00 0.000000000000000000e+00
7.970055341720581055e-01 9.940070658922195435e-02 0.000000000000000000e+00 1.000000000000000000e+00 0.000000000000000000e+00
-2.325641632080078125e+00 -3.517962455749511719e+00 0.000000000000000000e+00 0.000000000000000000e+00 1.000000000000000000e+00
-5.419124364852905273e-01 1.492734193801879883e+00 0.000000000000000000e+00 0.000000000000000000e+00 1.000000000000000000e+00
-8.975127935409545898e-01 -5.704135298728942871e-01 0.000000000000000000e+00 0.000000000000000000e+00 1.000000000000000000e+00
-7.410478591918945312e-01 -3.648973107337951660e-01 0.000000000000000000e+00 0.000000000000000000e+00 1.000000000000000000e+00
-7.557042837142944336e-01 -1.992813944816589355e-01 0.000000000000000000e+00 0.000000000000000000e+00 1.000000000000000000e+00
-7.446892261505126953e-01 -1.423851251602172852e-01 0.000000000000000000e+00 0.000000000000000000e+00 1.000000000000000000e+00
-7.251124382019042969e-01 -1.358869075775146484e-01 0.000000000000000000e+00 0.000000000000000000e+00 1.000000000000000000e+00
-7.148616313934326172e-01 -1.560342907905578613e-01 0.000000000000000000e+00 0.000000000000000000e+00 1.000000000000000000e+00
-7.071665525436401367e-01 -1.782703995704650879e-01 0.000000000000000000e+00 0.000000000000000000e+00 1.000000000000000000e+00
-6.868058443069458008e-01 -1.972240805625915527e-01 0.000000000000000000e+00 0.000000000000000000e+00 1.000000000000000000e+00
-6.635218858718872070e-01 -2.122450470924377441e-01 0.000000000000000000e+00 0.000000000000000000e+00 1.000000000000000000e+00
-6.536418795585632324e-01 -2.104784846305847168e-01 0.000000000000000000e+00 0.000000000000000000e+00 1.000000000000000000e+00
-6.489499807357788086e-01 -2.055366635322570801e-01 0.000000000000000000e+00 0.000000000000000000e+00 1.000000000000000000e+00
-6.459206342697143555e-01 -2.032443881034851074e-01 0.000000000000000000e+00 0.000000000000000000e+00 1.000000000000000000e+00
-6.415345668792724609e-01 -2.075611352920532227e-01 0.000000000000000000e+00 0.000000000000000000e+00 1.000000000000000000e+00
-6.347476243972778320e-01 -2.130298018455505371e-01 0.000000000000000000e+00 0.000000000000000000e+00 1.000000000000000000e+00
-6.254891157150268555e-01 -2.166235446929931641e-01 0.000000000000000000e+00 0.000000000000000000e+00 1.000000000000000000e+00
-6.181354522705078125e-01 -2.161895632743835449e-01 0.000000000000000000e+00 0.000000000000000000e+00 1.000000000000000000e+00
-6.135870218276977539e-01 -2.117925286293029785e-01 0.000000000000000000e+00 0.000000000000000000e+00 1.000000000000000000e+00
-6.112148761749267578e-01 -2.106898427009582520e-01 0.000000000000000000e+00 0.000000000000000000e+00 1.000000000000000000e+00
-6.088804006576538086e-01 -2.138726115226745605e-01 0.000000000000000000e+00 0.000000000000000000e+00 1.000000000000000000e+00
-6.057355403900146484e-01 -2.173296213150024414e-01 0.000000000000000000e+00 0.000000000000000000e+00 1.000000000000000000e+00
-6.021806001663208008e-01 -2.168777585029602051e-01 0.000000000000000000e+00 0.000000000000000000e+00 1.000000000000000000e+00
-5.989785194396972656e-01 -2.124303579330444336e-01 0.000000000000000000e+00 0.000000000000000000e+00 1.000000000000000000e+00
-5.955306291580200195e-01 -2.054281830787658691e-01 0.000000000000000000e+00 0.000000000000000000e+00 1.000000000000000000e+00
-5.917044878005981445e-01 -2.027142047882080078e-01 0.000000000000000000e+00 0.000000000000000000e+00 1.000000000000000000e+00
-5.873734951019287109e-01 -2.056205868721008301e-01 0.000000000000000000e+00 0.000000000000000000e+00 1.000000000000000000e+00
-5.824583768844604492e-01 -2.104448676109313965e-01 0.000000000000000000e+00 0.000000000000000000e+00 1.000000000000000000e+00
-5.778495073318481445e-01 -2.132394313812255859e-01 0.000000000000000000e+00 0.000000000000000000e+00 1.000000000000000000e+00
-5.748895406723022461e-01 -2.130928039550781250e-01 0.000000000000000000e+00 0.000000000000000000e+00 1.000000000000000000e+00
-5.736399888992309570e-01 -2.117008566856384277e-01 0.000000000000000000e+00 0.000000000000000000e+00 1.000000000000000000e+00
-5.702028274536132812e-01 -2.165375351905822754e-01 0.000000000000000000e+00 0.000000000000000000e+00 1.000000000000000000e+00
-5.656970739364624023e-01 -2.282100319862365723e-01 0.000000000000000000e+00 0.000000000000000000e+00 1.000000000000000000e+00
-5.613714456558227539e-01 -2.396011948585510254e-01 0.000000000000000000e+00 0.000000000000000000e+00 1.000000000000000000e+00
-5.584732294082641602e-01 -2.415884733200073242e-01 0.000000000000000000e+00 0.000000000000000000e+00 1.000000000000000000e+00
-5.570833683013916016e-01 -2.338854670524597168e-01 0.000000000000000000e+00 0.000000000000000000e+00 1.000000000000000000e+00
-5.578141212463378906e-01 -2.201554775238037109e-01 0.000000000000000000e+00 0.000000000000000000e+00 1.000000000000000000e+00
-5.592640042304992676e-01 -2.108271718025207520e-01 0.000000000000000000e+00 0.000000000000000000e+00 1.000000000000000000e+00
-5.519364476203918457e-01 -2.226340770721435547e-01 0.000000000000000000e+00 0.000000000000000000e+00 1.000000000000000000e+00
-5.446748137474060059e-01 -2.403972744941711426e-01 0.000000000000000000e+00 0.000000000000000000e+00 1.000000000000000000e+00
-5.417927503585815430e-01 -2.497269511222839355e-01 0.000000000000000000e+00 0.000000000000000000e+00 1.000000000000000000e+00
-5.417124032974243164e-01 -2.493035793304443359e-01 0.000000000000000000e+00 0.000000000000000000e+00 1.000000000000000000e+00
-5.435209274291992188e-01 -2.389959096908569336e-01 0.000000000000000000e+00 0.000000000000000000e+00 1.000000000000000000e+00
0.000000000000000000e+00 0.000000000000000000e+00 0.000000000000000000e+00 0.000000000000000000e+00 0.000000000000000000e+00
0.000000000000000000e+00 0.000000000000000000e+00 0.000000000000000000e+00 0.000000000000000000e+00 0.000000000000000000e+00
0.000000000000000000e+00 0.000000000000000000e+00 0.000000000000000000e+00 0.000000000000000000e+00 0.000000000000000000e+00
0.000000000000000000e+00 0.000000000000000000e+00 0.000000000000000000e+00 0.000000000000000000e+00 0.000000000000000000e+00
0.000000000000000000e+00 0.000000000000000000e+00 0.000000000000000000e+00 0.000000000000000000e+00 0.000000000000000000e+00
0.000000000000000000e+00 0.000000000000000000e+00 0.000000000000000000e+00 0.000000000000000000e+00 0.000000000000000000e+00
0.000000000000000000e+00 0.000000000000000000e+00 0.000000000000000000e+00 0.000000000000000000e+00 0.000000000000000000e+00
0.000000000000000000e+00 0.000000000000000000e+00 0.000000000000000000e+00 0.000000000000000000e+00 0.000000000000000000e+00
0.000000000000000000e+00 0.000000000000000000e+00 0.000000000000000000e+00 0.000000000000000000e+00 0.000000000000000000e+00
0.000000000000000000e+00 0.000000000000000000e+00 0.000000000000000000e+00 0.000000000000000000e+00 0.000000000000000000e+00
0.000000000000000000e+00 0.000000000000000000e+00 0.000000000000000000e+00 0.000000000000000000e+00 0.000000000000000000e+00
0.000000000000000000e+00 0.000000000000000000e+00 0.000000000000000000e+00 0.000000000000000000e+00 0.000000000000000000e+00
0.000000000000000000e+00 0.000000000000000000e+00 0.000000000000000000e+00 0.000000000000000000e+00 0.000000000000000000e+00
0.000000000000000000e+00 0.000000000000000000e+00 0.000000000000000000e+00 0.000000000000000000e+00 0.000000000000000000e+00
0.000000000000000000e+00 0.000000000000000000e+00 0.000000000000000000e+00 0.000000000000000000e+00 0.000000000000000000e+00
0.000000000000000000e+00 0.000000000000000000e+00 0.000000000000000000e+00 0.000000000000000000e+00 0.000000000000000000e+00
0.000000000000000000e+00 0.000000000000000000e+00 0.000000000000000000e+00 0.000000000000000000e+00 0.000000000000000000e+00
0.000000000000000000e+00 0.000000000000000000e+00 0.000000000000000000e+00 0.000000000000000000e+00 0.000000000000000000e+00
0.000000000000000000e+00 0.000000000000000000e+00 0.000000000000000000e+00 0.000000000000000000e+00 0.000000000000000000e+00
0.000000000000000000e+00 0.000000000000000000e+00 0.000000000000000000e+00 0.000000000000000000e+00 0.000000000000000000e+00
0.000000000000000000e+00 0.000000000000000000e+00 0.000000000000000000e+00 0.000000000000000000e+00 0.000000000000000000e+00
0.000000000000000000e+00 0.000000000000000000e+00 0.000000000000000000e+00 0.000000000000000000e+00 0.000000000000000000e+00
0.000000000000000000e+00 0.000000000000000000e+00 0.000000000000000000e+00 0.000000000000000000e+00 0.000000000000000000e+00
0.000000000000000000e+00 0.000000000000000000e+00 0.000000000000000000e+00 0.000000000000000000e+00 0.000000000000000000e+00
0.000000000000000000e+00 0.000000000000000000e+00 0.000000000000000000e+00 0.000000000000000000e+00 0.000000000000000000e+00
0.000000000000000000e+00 0.000000000000000000e+00 0.000000000000000000e+00 0.000000000000000000e+00 0.000000000000000000e+00
0.000000000000000000e+00 0.000000000000000000e+00 0.000000000000000000e+00 0.000000000000000000e+00 0.000000000000000000e+00
0.000000000000000000e+00 0.000000000000000000e+00 0.000000000000000000e+00 0.000000000000000000e+00 0.000000000000000000e+00
0.000000000000000000e+00 0.000000000000000000e+00 0.000000000000000000e+00 0.000000000000000000e+00 0.000000000000000000e+00
0.000000000000000000e+00 0.000000000000000000e+00 0.000000000000000000e+00 0.000000000000000000e+00 0.000000000000000000e+00
0.000000000000000000e+00 0.000000000000000000e+00 0.000000000000000000e+00 0.000000000000000000e+00 0.000000000000000000e+00
0.000000000000000000e+00 0.000000000000000000e+00 0.000000000000000000e+00 0.000000000000000000e+00 0.000000000000000000e+00
0.000000000000000000e+00 0.000000000000000000e+00 0.000000000000000000e+00 0.000000000000000000e+00 0.000000000000000000e+00
0.000000000000000000e+00 0.000000000000000000e+00 0.000000000000000000e+00 0.000000000000000000e+00 0.000000000000000000e+00
0.000000000000000000e+00 0.000000000000000000e+00 0.000000000000000000e+00 0.000000000000000000e+00 0.000000000000000000e+00
0.000000000000000000e+00 0.000000000000000000e+00 0.000000000000000000e+00 0.000000000000000000e+00 0.000000000000000000e+00
0.000000000000000000e+00 0.000000000000000000e+00 0.000000000000000000e+00 0.000000000000000000e+00 0.000000000000000000e+00
0.000000000000000000e+00 0.000000000000000000e+00 0.000000000000000000e+00 0.000000000000000000e+00 0.000000000000000000e+00
0.000000000000000000e+00 0.000000000000000000e+00 0.000000000000000000e+00 0.000000000000000000e+00 0.000000000000000000e+00
0.000000000000000000e+00 0.000000000000000000e+00 0.000000000000000000e+00 0.000000000000000000e+00 0.000000000000000000e+00
0.000000000000000000e+00 0.000000000000000000e+00 0.000000000000000000e+00 0.000000000000000000e+00 0.000000000000000000e+00
0.000000000000000000e+00 0.000000000000000000e+00 0.000000000000000000e+00 0.000000000000000000e+00 0.000000000000000000e+00
0.000000000000000000e+00 0.000000000000000000e+00 0.000000000000000000e+00 0.000000000000000000e+00 0.000000000000000000e+00
0.000000000000000000e+00 0.000000000000000000e+00 0.000000000000000000e+00 0.000000000000000000e+00 0.000000000000000000e+00
0.000000000000000000e+00 0.000000000000000000e+00 0.000000000000000000e+00 0.000000000000000000e+00 0.000000000000000000e+00
0.000000000000000000e+00 0.000000000000000000e+00 0.000000000000000000e+00 0.000000000000000000e+00 0.000000000000000000e+00
0.000000000000000000e+00 0.000000000000000000e+00 0.000000000000000000e+00 0.000000000000000000e+00 0.000000000000000000e+00
0.000000000000000000e+00 0.000000000000000000e+00 0.000000000000000000e+00 0.000000000000000000e+00 0.000000000000000000e+00
0.000000000000000000e+00 0.000000000000000000e+00 0.000000000000000000e+00 0.000000000000000000e+00 0.000000000000000000e+00
0.000000000000000000e+00 0.000000000000000000e+00 0.000000000000000000e+00 0.000000000000000000e+00 0.000000000000000000e+00
0.000000000000000000e+00 0.000000000000000000e+00 0.000000000000000000e+00 0.000000000000000000e+00 0.000000000000000000e+00
0.000000000000000000e+00 0.000000000000000000e+00 0.000000000000000000e+00 0.000000000000000000e+00 0.000000000000000000e+00
0.000000000000000000e+00 0.000000000000000000e+00 0.000000000000000000e+00 0.000000000000000000e+00 0.000000000000000000e+00
0.000000000000000000e+00 0.000000000000000000e+00 0.000000000000000000e+00 0.000000000000000000e+00 0.000000000000000000e+00
0.000000000000000000e+00 0.000000000000000000e+00 0.000000000000000000e+00 0.000000000000000000e+00 0.000000000000000000e+00
0.000000000000000000e+00 0.000000000000000000e+00 0.000000000000000000e+00 0.000000000000000000e+00 0.000000000000000000e+00
0.000000000000000000e+00 0.000000000000000000e+00 0.000000000000000000e+00 0.000000000000000000e+00 0.000000000000000000e+00
0.000000000000000000e+00 0.000000000000000000e+00 0.000000000000000000e+00 0.000000000000000000e+00 0.000000000000000000e+00
0.000000000000000000e+00 0.000000000000000000e+00 0.000000000000000000e+00 0.000000000000000000e+00 0.000000000000000000e+00
0.000000000000000000e+00 0.000000000000000000e+00 0.000000000000000000e+00 0.000000000000000000e+00 0.000000000000000000e+00
0.000000000000000000e+00 0.000000000000000000e+00 0.000000000000000000e+00 0.000000000000000000e+00 0.000000000000000000e+00
0.000000000000000000e+00 0.000000000000000000e+00 0.000000000000000000e+00 0.000000000000000000e+00 0.000000000000000000e+00
0.000000000000000000e+00 0.000000000000000000e+00 0.000000000000000000e+00 0.000000000000000000e+00 0.000000000000000000e+00
