0.000000000000000000e+00 0.000000000000000000e+00 1.000000000000000000e+00 0.000000000000000000e+00 0.000000000000000000e+00
1.126061797142028809e+00 -2.549331784248352051e-01 1.000000000000000000e+00 0.000000000000000000e+00 0.000000000000000000e+00
4.622790217399597168e-01 -1.919027715921401978e-01 1.000000000000000000e+00 0.000000000000000000e+00 0.000000000000000000e+00
-1.123694181442260742e-01 2.319576591253280640e-02 0.000000000000000000e+00 1.000000000000000000e+00 0.000000000000000000e+00
-8.959594964981079102e-01 -3.431652188301086426e-01 1.000000000000000000e+00 0.000000000000000000e+00 0.000000000000000000e+00
-9.538286179304122925e-02 1.219391822814941406e+00 1.000000000000000000e+00 0.000000000000000000e+00 0.000000000000000000e+00
2.984061837196350098e-02 2.258921861648559570e-01 0.000000000000000000e+00 1.000000000000000000e+00 0.000000000000000000e+00
7.986974716186523438e-01 -1.716443181037902832e+00 1.000000000000000000e+00 0.000000000000000000e+00 0.000000000000000000e+00
-6.553266197443008423e-02 1.350159883499145508e+00 1.000000000000000000e+00 0.000000000000000000e+00 0.000000000000000000e+00
-7.137772440910339355e-02 2.718006372451782227e-01 1.000000000000000000e+00 0.000000000000000000e+00 0.000000000000000000e+00
-1.251220554113388062e-01 1.556494832038879395e-01 0.000000000000000000e+00 1.000000000000000000e+00 0.000000000000000000e+00
-1.836658418178558350e-01 -6.122438907623291016e-01 1.000000000000000000e+00 0.000000000000000000e+00 0.000000000000000000e+00
2.399139702320098877e-01 1.740142703056335449e-03 1.000000000000000000e+00 0.000000000000000000e+00 0.000000000000000000e+00
-3.936732560396194458e-02 7.312747836112976074e-02 0.000000000000000000e+00 1.000000000000000000e+00 0.000000000000000000e+00
-2.865564227104187012e-01 2.759876549243927002e-01 1.000000000000000000e+00 0.000000000000000000e+00 0.000000000000000000e+00
3.401512503623962402e-01 -6.559476256370544434e-03 1.000000000000000000e+00 0.000000000000000000e+00 0.000000000000000000e+00
-4.714835435152053833e-02 6.264718621969223022e-02 0.000000000000000000e+00 1.000000000000000000e+00 0.000000000000000000e+00
-1.036748051643371582e+00 6.042006611824035645e-01 1.000000000000000000e+00 0.000000000000000000e+00 0.000000000000000000e+00
1.016896605491638184e+00 -1.737295836210250854e-01 1.000000000000000000e+00 0.000000000000000000e+00 0.000000000000000000e+00
4.520700871944427490e-01 -1.617843806743621826e-01 1.000000000000000000e+00 0.000000000000000000e+00 0.000000000000000000e+00
-1.152561008930206299e-01 4.794846102595329285e-02 0.000000000000000000e+00 1.000000000000000000e+00 0.000000000000000000e+00
-6.061795949935913086e-01 2.635201215744018555e-01 1.000000000000000000e+00 0.000000000000000000e+00 0.000000000000000000e+00
-4.355029165744781494e-01 6.942381858825683594e-01 1.000000000000000000e+00 0.000000000000000000e+00 0.000000000000000000e+00
6.825442314147949219e-01 -1.082349494099617004e-01 1.000000000000000000e+00 0.000000000000000000e+00 0.000000000000000000e+00
3.080407977104187012e-01 -1.379213631153106689e-01 0.000000000000000000e+00 1.000000000000000000e+00 0.000000000000000000e+00
-5.650275945663452148e-01 -1.968752741813659668e-01 1.000000000000000000e+00 0.000000000000000000e+00 0.000000000000000000e+00
-2.643686234951019287e-01 5.209649801254272461e-01 1.000000000000000000e+00 0.000000000000000000e+00 0.000000000000000000e+00
2.502572536468505859e-02 1.006757840514183044e-01 1.000000000000000000e+00 0.000000000000000000e+00 0.000000000000000000e+00
2.314198017120361328e-01 6.317261606454849243e-02 1.000000000000000000e+00 0.000000000000000000e+00 0.000000000000000000e+00
6.980534791946411133e-01 -1.255860030651092529e-01 1.000000000000000000e+00 0.000000000000000000e+00 0.000000000000000000e+00
2.924683392047882080e-01 -1.473036259412765503e-01 0.000000000000000000e+00 1.000000000000000000e+00 0.000000000000000000e+00
5.920866727828979492e-01 -2.065974235534667969e+00 1.000000000000000000e+00 0.000000000000000000e+00 0.000000000000000000e+00
-5.564062297344207764e-02 4.440485686063766479e-02 1.000000000000000000e+00 0.000000000000000000e+00 0.000000000000000000e+00
9.045362472534179688e-02 3.018317818641662598e-01 0.000000000000000000e+00 1.000000000000000000e+00 0.000000000000000000e+00
-2.126973867416381836e-01 3.455022275447845459e-01 1.000000000000000000e+00 0.000000000000000000e+00 0.000000000000000000e+00
1.376964896917343140e-01 7.930620014667510986e-02 1.000000000000000000e+00 0.000000000000000000e+00 0.000000000000000000e+00
1.446657627820968628e-02 1.034272909164428711e-01 0.000000000000000000e+00 1.000000000000000000e+00 0.000000000000000000e+00
-3.635105490684509277e-01 3.840056955814361572e-01 1.000000000000000000e+00 0.000000000000000000e+00 0.000000000000000000e+00
9.411613345146179199e-01 -1.013234257698059082e-01 1.000000000000000000e+00 0.000000000000000000e+00 0.000000000000000000e+00
5.198155641555786133e-01 -1.608849167823791504e-01 1.000000000000000000e+00 0.000000000000000000e+00 0.000000000000000000e+00
8.588080108165740967e-02 -9.359891712665557861e-02 0.000000000000000000e+00 1.000000000000000000e+00 0.000000000000000000e+00
-4.105658233165740967e-01 -9.445153474807739258e-01 1.000000000000000000e+00 0.000000000000000000e+00 0.000000000000000000e+00
4.507109150290489197e-02 8.387414216995239258e-01 1.000000000000000000e+00 0.000000000000000000e+00 0.000000000000000000e+00
-2.150595784187316895e-01 2.145170450210571289e+00 1.000000000000000000e+00 0.000000000000000000e+00 0.000000000000000000e+00
-1.643706262111663818e-01 5.707594156265258789e-01 0.000000000000000000e+00 1.000000000000000000e+00 0.000000000000000000e+00
-6.375037431716918945e-01 -3.653524875640869141e+00 0.000000000000000000e+00 0.000000000000000000e+00 1.000000000000000000e+00
-2.477749884128570557e-01 7.949623465538024902e-01 0.000000000000000000e+00 0.000000000000000000e+00 1.000000000000000000e+00
-1.322730779647827148e+00 -6.994726061820983887e-01 0.000000000000000000e+00 0.000000000000000000e+00 1.000000000000000000e+00
-7.930201292037963867e-01 -3.891788125038146973e-01 0.000000000000000000e+00 0.000000000000000000e+00 1.000000000000000000e+00
-9.203850030899047852e-01 -5.583217740058898926e-01 0.000000000000000000e+00 0.000000000000000000e+00 1.000000000000000000e+00
-8.162482976913452148e-01 -5.215936303138732910e-01 0.000000000000000000e+00 0.000000000000000000e+00 1.000000000000000000e+00
-8.252842426300048828e-01 -5.288521647453308105e-01 0.000000000000000000e+00 0.000000000000000000e+00 1.000000000000000000e+00
-8.128225803375244141e-01 -5.160619616508483887e-01 0.000000000000000000e+00 0.000000000000000000e+00 1.000000000000000000e+00
-8.138282299041748047e-01 -5.126760601997375488e-01 0.000000000000000000e+00 0.000000000000000000e+00 1.000000000000000000e+00
-8.044399023056030273e-01 -5.174675583839416504e-01 0.000000000000000000e+00 0.000000000000000000e+00 1.000000000000000000e+00
-7.878232002258300781e-01 -5.208185315132141113e-01 0.000000000000000000e+00 0.000000000000000000e+00 1.000000000000000000e+00
-7.772074937820434570e-01 -5.113642811775207520e-01 0.000000000000000000e+00 0.000000000000000000e+00 1.000000000000000000e+00
-7.645230293273925781e-01 -5.041655898094177246e-01 0.000000000000000000e+00 0.000000000000000000e+00 1.000000000000000000e+00
-7.554374933242797852e-01 -4.993469119071960449e-01 0.000000000000000000e+00 0.000000000000000000e+00 1.000000000000000000e+00
-7.528816461563110352e-01 -4.911264777183532715e-01 0.000000000000000000e+00 0.000000000000000000e+00 1.000000000000000000e+00
-7.513141632080078125e-01 -4.810681939125061035e-01 0.000000000000000000e+00 0.000000000000000000e+00 1.000000000000000000e+00
-7.460128068923950195e-01 -4.703450798988342285e-01 0.000000000000000000e+00 0.000000000000000000e+00 1.000000000000000000e+00
-7.379962205886840820e-01 -4.609737992286682129e-01 0.000000000000000000e+00 0.000000000000000000e+00 1.000000000000000000e+00
-7.313326597213745117e-01 -4.531137347221374512e-01 0.000000000000000000e+00 0.000000000000000000e+00 1.000000000000000000e+00
-7.258130311965942383e-01 -4.499892592430114746e-01 0.000000000000000000e+00 0.000000000000000000e+00 1.000000000000000000e+00
-7.213767766952514648e-01 -4.522568583488464355e-01 0.000000000000000000e+00 0.000000000000000000e+00 1.000000000000000000e+00
0.000000000000000000e+00 0.000000000000000000e+00 0.000000000000000000e+00 0.000000000000000000e+00 0.000000000000000000e+00
0.000000000000000000e+00 0.000000000000000000e+00 0.000000000000000000e+00 0.000000000000000000e+00 0.000000000000000000e+00
0.000000000000000000e+00 0.000000000000000000e+00 0.000000000000000000e+00 0.000000000000000000e+00 0.000000000000000000e+00
0.000000000000000000e+00 0.000000000000000000e+00 0.000000000000000000e+00 0.000000000000000000e+00 0.000000000000000000e+00
0.000000000000000000e+00 0.000000000000000000e+00 0.000000000000000000e+00 0.000000000000000000e+00 0.000000000000000000e+00
0.000000000000000000e+00 0.000000000000000000e+00 0.000000000000000000e+00 0.000000000000000000e+00 0.000000000000000000e+00
0.000000000000000000e+00 0.000000000000000000e+00 0.000000000000000000e+00 0.000000000000000000e+00 0.000000000000000000e+00
0.000000000000000000e+00 0.000000000000000000e+00 0.000000000000000000e+00 0.000000000000000000e+00 0.000000000000000000e+00
0.000000000000000000e+00 0.000000000000000000e+00 0.000000000000000000e+00 0.000000000000000000e+00 0.000000000000000000e+00
0.000000000000000000e+00 0.000000000000000000e+00 0.000000000000000000e+00 0.000000000000000000e+00 0.000000000000000000e+00
0.000000000000000000e+00 0.000000000000000000e+00 0.000000000000000000e+00 0.000000000000000000e+00 0.000000000000000000e+00
0.000000000000000000e+00 0.000000000000000000e+00 0.000000000000000000e+00 0.000000000000000000e+00 0.000000000000000000e+00
0.000000000000000000e+00 0.000000000000000000e+00 0.000000000000000000e+00 0.000000000000000000e+00 0.000000000000000000e+00
0.000000000000000000e+00 0.000000000000000000e+00 0.000000000000000000e+00 0.000000000000000000e+00 0.000000000000000000e+00
0.000000000000000000e+00 0.000000000000000000e+00 0.000000000000000000e+00 0.000000000000000000e+00 0.000000000000000000e+00
0.000000000000000000e+00 0.000000000000000000e+00 0.000000000000000000e+00 0.000000000000000000e+00 0.000000000000000000e+00
0.000000000000000000e+00 0.000000000000000000e+00 0.000000000000000000e+00 0.000000000000000000e+00 0.000000000000000000e+00
0.000000000000000000e+00 0.000000000000000000e+00 0.000000000000000000e+00 0.000000000000000000e+00 0.000000000000000000e+00
0.000000000000000000e+00 0.000000000000000000e+00 0.000000000000000000e+00 0.000000000000000000e+00 0.000000000000000000e+00
0.000000000000000000e+00 0.000000000000000000e+00 0.000000000000000000e+00 0.000000000000000000e+00 0.000000000000000000e+00
0.000000000000000000e+00 0.000000000000000000e+00 0.000000000000000000e+00 0.000000000000000000e+00 0.000000000000000000e+00
0.000000000000000000e+00 0.000000000000000000e+00 0.000000000000000000e+00 0.000000000000000000e+00 0.000000000000000000e+00
0.000000000000000000e+00 0.000000000000000000e+00 0.000000000000000000e+00 0.000000000000000000e+00 0.000000000000000000e+00
0.000000000000000000e+00 0.000000000000000000e+00 0.000000000000000000e+00 0.000000000000000000e+00 0.000000000000000000e+00
0.000000000000000000e+00 0.000000000000000000e+00 0.000000000000000000e+00 0.000000000000000000e+00 0.000000000000000000e+00
0.000000000000000000e+00 0.000000000000000000e+00 0.000000000000000000e+00 0.000000000000000000e+00 0.000000000000000000e+00
0.000000000000000000e+00 0.000000000000000000e+00 0.000000000000000000e+00 0.000000000000000000e+00 0.000000000000000000e+00
0.000000000000000000e+00 0.000000000000000000e+00 0.000000000000000000e+00 0.000000000000000000e+00 0.000000000000000000e+00
0.000000000000000000e+00 0.000000000000000000e+00 0.000000000000000000e+00 0.000000000000000000e+00 0.000000000000000000e+00
0.000000000000000000e+00 0.000000000000000000e+00 0.000000000000000000e+00 0.000000000000000000e+00 0.000000000000000000e+00
0.000000000000000000e+00 0.000000000000000000e+00 0.000000000000000000e+00 0.000000000000000000e+00 0.000000000000000000e+00
0.000000000000000000e+00 0.000000000000000000e+00 0.000000000000000000e+00 0.000000000000000000e+00 0.000000000000000000e+00
0.000000000000000000e+00 0.000000000000000000e+00 0.000000000000000000e+00 0.000000000000000000e+00 0.000000000000000000e+00
0.000000000000000000e+00 0.000000000000000000e+00 0.000000000000000000e+00 0.000000000000000000e+00 0.000000000000000000e+00
0.000000000000000000e+00 0.000000000000000000e+00 0.000000000000000000e+00 0.000000000000000000e+00 0.000000000000000000e+00
0.000000000000000000e+00 0.000000000000000000e+00 0.000000000000000000e+00 0.000000000000000000e+00 0.000000000000000000e+00
0.000000000000000000e+00 0.000000000000000000e+00 0.000000000000000000e+00 0.000000000000000000e+00 0.000000000000000000e+00
0.000000000000000000e+00 0.000000000000000000e+00 0.000000000000000000e+00 0.000000000000000000e+00 0.000000000000000000e+00
0.000000000000000000e+00 0.000000000000000000e+00 0.000000000000000000e+00 0.000000000000000000e+00 0.000000000000000000e+00
0.000000000000000000e+00 0.000000000000000000e+00 0.000000000000000000e+00 0.000000000000000000e+00 0.000000000000000000e+00
0.000000000000000000e+00 0.000000000000000000e+00 0.000000000000000000e+00 0.000000000000000000e+00 0.000000000000000000e+00
0.000000000000000000e+00 0.000000000000000000e+00 0.000000000000000000e+00 0.000000000000000000e+00 0.000000000000000000e+00
0.000000000000000000e+00 0.000000000000000000e+00 0.000000000000000000e+00 0.000000000000000000e+00 0.000000000000000000e+00
0.000000000000000000e+00 0.000000000000000000e+00 0.000000000000000000e+00 0.000000000000000000e+00 0.000000000000000000e+00
0.000000000000000000e+00 0.000000000000000000e+00 0.000000000000000000e+00 0.000000000000000000e+00 0.000000000000000000e+00
0.000000000000000000e+00 0.000000000000000000e+00 0.000000000000000000e+00 0.000000000000000000e+00 0.000000000000000000e+00
0.000000000000000000e+00 0.000000000000000000e+00 0.000000000000000000e+00 0.000000000000000000e+00 0.000000000000000000e+00
0.000000000000000000e+00 0.000000000000000000e+00 0.000000000000000000e+00 0.000000000000000000e+00 0.000000000000000000e+00
0.000000000000000000e+00 0.000000000000000000e+00 0.000000000000000000e+00 0.000000000000000000e+00 0.000000000000000000e+00
0.000000000000000000e+00 0.000000000000000000e+00 0.000000000000000000e+00 0.000000000000000000e+00 0.000000000000000000e+00
0.000000000000000000e+00 0.000000000000000000e+00 0.000000000000000000e+00 0.000000000000000000e+00 0.000000000000000000e+00
0.000000000000000000e+00 0.000000000000000000e+00 0.000000000000000000e+00 0.000000000000000000e+00 0.000000000000000000e+00
0.000000000000000000e+00 0.000000000000000000e+00 0.000000000000000000e+00 0.000000000000000000e+00 0.000000000000000000e+00
0.000000000000000000e+00 0.000000000000000000e+00 0.000000000000000000e+00 0.000000000000000000e+00 0.000000000000000000e+00
0.000000000000000000e+00 0.000000000000000000e+00 0.000000000000000000e+00 0.000000000000000000e+00 0.000000000000000000e+00
