0.000000000000000000e+00 0.000000000000000000e+00 1.000000000000000000e+00 0.000000000000000000e+00 0.000000000000000000e+00
1.181850552558898926e+00 -2.724552452564239502e-01 1.000000000000000000e+00 0.000000000000000000e+00 0.000000000000000000e+00
5.590915083885192871e-01 -2.410829067230224609e-01 1.000000000000000000e+00 0.000000000000000000e+00 0.000000000000000000e+00
-1.117422133684158325e-01 2.467856183648109436e-02 0.000000000000000000e+00 1.000000000000000000e+00 0.000000000000000000e+00
-9.936627149581909180e-01 -3.848157227039337158e-01 1.000000000000000000e+00 0.000000000000000000e+00 0.000000000000000000e+00
-1.089911311864852905e-01 1.403849124908447266e+00 1.000000000000000000e+00 0.000000000000000000e+00 0.000000000000000000e+00
3.130396455526351929e-02 2.852201163768768311e-01 0.000000000000000000e+00 1.000000000000000000e+00 0.000000000000000000e+00
8.909852504730224609e-01 -2.083527565002441406e+00 1.000000000000000000e+00 0.000000000000000000e+00 0.000000000000000000e+00
-6.217302754521369934e-02 1.557819366455078125e+00 1.000000000000000000e+00 0.000000000000000000e+00 0.000000000000000000e+00
-7.621312141418457031e-02 3.438017666339874268e-01 1.000000000000000000e+00 0.000000000000000000e+00 0.000000000000000000e+00
-1.284254342317581177e-01 1.935899257659912109e-01 0.000000000000000000e+00 1.000000000000000000e+00 0.000000000000000000e+00
-2.232748419046401978e-01 -7.446897029876708984e-01 1.000000000000000000e+00 0.000000000000000000e+00 0.000000000000000000e+00
2.539627552032470703e-01 -3.480717539787292480e-03 1.000000000000000000e+00 0.000000000000000000e+00 0.000000000000000000e+00
-3.882135450839996338e-02 7.928316295146942139e-02 0.000000000000000000e+00 1.000000000000000000e+00 0.000000000000000000e+00
-3.155982792377471924e-01 3.125157058238983154e-01 1.000000000000000000e+00 0.000000000000000000e+00 0.000000000000000000e+00
3.646090924739837646e-01 -9.077087044715881348e-03 1.000000000000000000e+00 0.000000000000000000e+00 0.000000000000000000e+00
-4.700417071580886841e-02 7.050871849060058594e-02 0.000000000000000000e+00 1.000000000000000000e+00 0.000000000000000000e+00
-1.118998765945434570e+00 6.652495861053466797e-01 1.000000000000000000e+00 0.000000000000000000e+00 0.000000000000000000e+00
1.036617994308471680e+00 -1.893605589866638184e-01 1.000000000000000000e+00 0.000000000000000000e+00 0.000000000000000000e+00
2.759606242179870605e-01 2.797676250338554382e-02 1.000000000000000000e+00 0.000000000000000000e+00 0.000000000000000000e+00
-9.099297523498535156e-01 8.294285535812377930e-01 1.000000000000000000e+00 0.000000000000000000e+00 0.000000000000000000e+00
-3.100488483905792236e-01 1.665413379669189453e-01 1.000000000000000000e+00 0.000000000000000000e+00 0.000000000000000000e+00
-1.003549844026565552e-01 -1.955600082874298096e-02 0.000000000000000000e+00 1.000000000000000000e+00 0.000000000000000000e+00
1.115834236145019531e+00 -4.958993196487426758e-01 1.000000000000000000e+00 0.000000000000000000e+00 0.000000000000000000e+00
3.640845119953155518e-01 3.303605616092681885e-01 1.000000000000000000e+00 0.000000000000000000e+00 0.000000000000000000e+00
1.517370641231536865e-01 4.292236268520355225e-02 0.000000000000000000e+00 1.000000000000000000e+00 0.000000000000000000e+00
1.358486294746398926e+00 -2.845170974731445312e+00 1.000000000000000000e+00 0.000000000000000000e+00 0.000000000000000000e+00
-7.289351224899291992e-01 6.370260119438171387e-01 1.000000000000000000e+00 0.000000000000000000e+00 0.000000000000000000e+00
4.950363188982009888e-03 8.704075813293457031e-01 1.000000000000000000e+00 0.000000000000000000e+00 0.000000000000000000e+00
-2.190871238708496094e-01 7.941354513168334961e-01 1.000000000000000000e+00 0.000000000000000000e+00 0.000000000000000000e+00
-1.084572747349739075e-01 1.669149398803710938e-01 0.000000000000000000e+00 1.000000000000000000e+00 0.000000000000000000e+00
5.867115259170532227e-01 -1.260237693786621094e+00 1.000000000000000000e+00 0.000000000000000000e+00 0.000000000000000000e+00
7.792553901672363281e-01 -2.060710638761520386e-01 1.000000000000000000e+00 0.000000000000000000e+00 0.000000000000000000e+00
1.933180242776870728e-01 5.823135748505592346e-02 1.000000000000000000e+00 0.000000000000000000e+00 0.000000000000000000e+00
-1.190321743488311768e-01 1.487305879592895508e+00 1.000000000000000000e+00 0.000000000000000000e+00 0.000000000000000000e+00
1.078450009226799011e-01 1.001114487648010254e+00 0.000000000000000000e+00 1.000000000000000000e+00 0.000000000000000000e+00
-1.162391662597656250e+00 -3.381081104278564453e+00 0.000000000000000000e+00 0.000000000000000000e+00 1.000000000000000000e+00
-5.088107585906982422e-01 9.936445951461791992e-01 0.000000000000000000e+00 0.000000000000000000e+00 1.000000000000000000e+00
-1.395742058753967285e+00 -5.854179263114929199e-01 0.000000000000000000e+00 0.000000000000000000e+00 1.000000000000000000e+00
-9.153046607971191406e-01 -4.144657254219055176e-01 0.000000000000000000e+00 0.000000000000000000e+00 1.000000000000000000e+00
-9.910966157913208008e-01 -5.056528449058532715e-01 0.000000000000000000e+00 0.000000000000000000e+00 1.000000000000000000e+00
-9.147260189056396484e-01 -4.747069478034973145e-01 0.000000000000000000e+00 0.000000000000000000e+00 1.000000000000000000e+00
-9.056837558746337891e-01 -4.554167389869689941e-01 0.000000000000000000e+00 0.000000000000000000e+00 1.000000000000000000e+00
-8.849726915359497070e-01 -4.304390549659729004e-01 0.000000000000000000e+00 0.000000000000000000e+00 1.000000000000000000e+00
-8.749802112579345703e-01 -4.055349230766296387e-01 0.000000000000000000e+00 0.000000000000000000e+00 1.000000000000000000e+00
-8.573161363601684570e-01 -4.045565724372863770e-01 0.000000000000000000e+00 0.000000000000000000e+00 1.000000000000000000e+00
-8.285579681396484375e-01 -4.155996441841125488e-01 0.000000000000000000e+00 0.000000000000000000e+00 1.000000000000000000e+00
-8.126155138015747070e-01 -4.181285500526428223e-01 0.000000000000000000e+00 0.000000000000000000e+00 1.000000000000000000e+00
-8.056533336639404297e-01 -4.168149828910827637e-01 0.000000000000000000e+00 0.000000000000000000e+00 1.000000000000000000e+00
-8.003754615783691406e-01 -4.104211926460266113e-01 0.000000000000000000e+00 0.000000000000000000e+00 1.000000000000000000e+00
-7.974388599395751953e-01 -3.976319432258605957e-01 0.000000000000000000e+00 0.000000000000000000e+00 1.000000000000000000e+00
-7.958312034606933594e-01 -3.869683146476745605e-01 0.000000000000000000e+00 0.000000000000000000e+00 1.000000000000000000e+00
-7.897810935974121094e-01 -3.863218426704406738e-01 0.000000000000000000e+00 0.000000000000000000e+00 1.000000000000000000e+00
-7.781398296356201172e-01 -3.956988453865051270e-01 0.000000000000000000e+00 0.000000000000000000e+00 1.000000000000000000e+00
-7.691637277603149414e-01 -4.014831185340881348e-01 0.000000000000000000e+00 0.000000000000000000e+00 1.000000000000000000e+00
-7.650564908981323242e-01 -4.029967188835144043e-01 0.000000000000000000e+00 0.000000000000000000e+00 1.000000000000000000e+00
-7.592033147811889648e-01 -4.022637009620666504e-01 0.000000000000000000e+00 0.000000000000000000e+00 1.000000000000000000e+00
-7.490924596786499023e-01 -4.006324410438537598e-01 0.000000000000000000e+00 0.000000000000000000e+00 1.000000000000000000e+00
-7.370229959487915039e-01 -4.000201821327209473e-01 0.000000000000000000e+00 0.000000000000000000e+00 1.000000000000000000e+00
-7.287719249725341797e-01 -3.999531865119934082e-01 0.000000000000000000e+00 0.000000000000000000e+00 1.000000000000000000e+00
-7.214139699935913086e-01 -4.009025692939758301e-01 0.000000000000000000e+00 0.000000000000000000e+00 1.000000000000000000e+00
-7.158890962600708008e-01 -3.997994065284729004e-01 0.000000000000000000e+00 0.000000000000000000e+00 1.000000000000000000e+00
-7.110891342163085938e-01 -3.957088589668273926e-01 0.000000000000000000e+00 0.000000000000000000e+00 1.000000000000000000e+00
-7.054219245910644531e-01 -3.921697735786437988e-01 0.000000000000000000e+00 0.000000000000000000e+00 1.000000000000000000e+00
-6.987683773040771484e-01 -3.924587368965148926e-01 0.000000000000000000e+00 0.000000000000000000e+00 1.000000000000000000e+00
-6.923869252204895020e-01 -3.970838189125061035e-01 0.000000000000000000e+00 0.000000000000000000e+00 1.000000000000000000e+00
-6.885033249855041504e-01 -4.016960263252258301e-01 0.000000000000000000e+00 0.000000000000000000e+00 1.000000000000000000e+00
-6.855381727218627930e-01 -4.024861454963684082e-01 0.000000000000000000e+00 0.000000000000000000e+00 1.000000000000000000e+00
-6.833437085151672363e-01 -3.968499302864074707e-01 0.000000000000000000e+00 0.000000000000000000e+00 1.000000000000000000e+00
-6.800004243850708008e-01 -3.897982239723205566e-01 0.000000000000000000e+00 0.000000000000000000e+00 1.000000000000000000e+00
-6.741953492164611816e-01 -3.862152695655822754e-01 0.000000000000000000e+00 0.000000000000000000e+00 1.000000000000000000e+00
-6.675690412521362305e-01 -3.883395791053771973e-01 0.000000000000000000e+00 0.000000000000000000e+00 1.000000000000000000e+00
-6.649649143218994141e-01 -3.943875432014465332e-01 0.000000000000000000e+00 0.000000000000000000e+00 1.000000000000000000e+00
0.000000000000000000e+00 0.000000000000000000e+00 0.000000000000000000e+00 0.000000000000000000e+00 0.000000000000000000e+00
0.000000000000000000e+00 0.000000000000000000e+00 0.000000000000000000e+00 0.000000000000000000e+00 0.000000000000000000e+00
0.000000000000000000e+00 0.000000000000000000e+00 0.000000000000000000e+00 0.000000000000000000e+00 0.000000000000000000e+00
0.000000000000000000e+00 0.000000000000000000e+00 0.000000000000000000e+00 0.000000000000000000e+00 0.000000000000000000e+00
0.000000000000000000e+00 0.000000000000000000e+00 0.000000000000000000e+00 0.000000000000000000e+00 0.000000000000000000e+00
0.000000000000000000e+00 0.000000000000000000e+00 0.000000000000000000e+00 0.000000000000000000e+00 0.000000000000000000e+00
0.000000000000000000e+00 0.000000000000000000e+00 0.000000000000000000e+00 0.000000000000000000e+00 0.000000000000000000e+00
0.000000000000000000e+00 0.000000000000000000e+00 0.000000000000000000e+00 0.000000000000000000e+00 0.000000000000000000e+00
0.000000000000000000e+00 0.000000000000000000e+00 0.000000000000000000e+00 0.000000000000000000e+00 0.000000000000000000e+00
0.000000000000000000e+00 0.000000000000000000e+00 0.000000000000000000e+00 0.000000000000000000e+00 0.000000000000000000e+00
0.000000000000000000e+00 0.000000000000000000e+00 0.000000000000000000e+00 0.000000000000000000e+00 0.000000000000000000e+00
0.000000000000000000e+00 0.000000000000000000e+00 0.000000000000000000e+00 0.000000000000000000e+00 0.000000000000000000e+00
0.000000000000000000e+00 0.000000000000000000e+00 0.000000000000000000e+00 0.000000000000000000e+00 0.000000000000000000e+00
0.000000000000000000e+00 0.000000000000000000e+00 0.000000000000000000e+00 0.000000000000000000e+00 0.000000000000000000e+00
0.000000000000000000e+00 0.000000000000000000e+00 0.000000000000000000e+00 0.000000000000000000e+00 0.000000000000000000e+00
0.000000000000000000e+00 0.000000000000000000e+00 0.000000000000000000e+00 0.000000000000000000e+00 0.000000000000000000e+00
0.000000000000000000e+00 0.000000000000000000e+00 0.000000000000000000e+00 0.000000000000000000e+00 0.000000000000000000e+00
0.000000000000000000e+00 0.000000000000000000e+00 0.000000000000000000e+00 0.000000000000000000e+00 0.000000000000000000e+00
0.000000000000000000e+00 0.000000000000000000e+00 0.000000000000000000e+00 0.000000000000000000e+00 0.000000000000000000e+00
0.000000000000000000e+00 0.000000000000000000e+00 0.000000000000000000e+00 0.000000000000000000e+00 0.000000000000000000e+00
0.000000000000000000e+00 0.000000000000000000e+00 0.000000000000000000e+00 0.000000000000000000e+00 0.000000000000000000e+00
0.000000000000000000e+00 0.000000000000000000e+00 0.000000000000000000e+00 0.000000000000000000e+00 0.000000000000000000e+00
0.000000000000000000e+00 0.000000000000000000e+00 0.000000000000000000e+00 0.000000000000000000e+00 0.000000000000000000e+00
0.000000000000000000e+00 0.000000000000000000e+00 0.000000000000000000e+00 0.000000000000000000e+00 0.000000000000000000e+00
0.000000000000000000e+00 0.000000000000000000e+00 0.000000000000000000e+00 0.000000000000000000e+00 0.000000000000000000e+00
0.000000000000000000e+00 0.000000000000000000e+00 0.000000000000000000e+00 0.000000000000000000e+00 0.000000000000000000e+00
0.000000000000000000e+00 0.000000000000000000e+00 0.000000000000000000e+00 0.000000000000000000e+00 0.000000000000000000e+00
0.000000000000000000e+00 0.000000000000000000e+00 0.000000000000000000e+00 0.000000000000000000e+00 0.000000000000000000e+00
0.000000000000000000e+00 0.000000000000000000e+00 0.000000000000000000e+00 0.000000000000000000e+00 0.000000000000000000e+00
0.000000000000000000e+00 0.000000000000000000e+00 0.000000000000000000e+00 0.000000000000000000e+00 0.000000000000000000e+00
0.000000000000000000e+00 0.000000000000000000e+00 0.000000000000000000e+00 0.000000000000000000e+00 0.000000000000000000e+00
0.000000000000000000e+00 0.000000000000000000e+00 0.000000000000000000e+00 0.000000000000000000e+00 0.000000000000000000e+00
0.000000000000000000e+00 0.000000000000000000e+00 0.000000000000000000e+00 0.000000000000000000e+00 0.000000000000000000e+00
0.000000000000000000e+00 0.000000000000000000e+00 0.000000000000000000e+00 0.000000000000000000e+00 0.000000000000000000e+00
0.000000000000000000e+00 0.000000000000000000e+00 0.000000000000000000e+00 0.000000000000000000e+00 0.000000000000000000e+00
0.000000000000000000e+00 0.000000000000000000e+00 0.000000000000000000e+00 0.000000000000000000e+00 0.000000000000000000e+00
0.000000000000000000e+00 0.000000000000000000e+00 0.000000000000000000e+00 0.000000000000000000e+00 0.000000000000000000e+00
0.000000000000000000e+00 0.000000000000000000e+00 0.000000000000000000e+00 0.000000000000000000e+00 0.000000000000000000e+00
0.000000000000000000e+00 0.000000000000000000e+00 0.000000000000000000e+00 0.000000000000000000e+00 0.000000000000000000e+00
0.000000000000000000e+00 0.000000000000000000e+00 0.000000000000000000e+00 0.000000000000000000e+00 0.000000000000000000e+00
0.000000000000000000e+00 0.000000000000000000e+00 0.000000000000000000e+00 0.000000000000000000e+00 0.000000000000000000e+00
0.000000000000000000e+00 0.000000000000000000e+00 0.000000000000000000e+00 0.000000000000000000e+00 0.000000000000000000e+00
0.000000000000000000e+00 0.000000000000000000e+00 0.000000000000000000e+00 0.000000000000000000e+00 0.000000000000000000e+00
0.000000000000000000e+00 0.000000000000000000e+00 0.000000000000000000e+00 0.000000000000000000e+00 0.000000000000000000e+00
0.000000000000000000e+00 0.000000000000000000e+00 0.000000000000000000e+00 0.000000000000000000e+00 0.000000000000000000e+00
0.000000000000000000e+00 0.000000000000000000e+00 0.000000000000000000e+00 0.000000000000000000e+00 0.000000000000000000e+00
0.000000000000000000e+00 0.000000000000000000e+00 0.000000000000000000e+00 0.000000000000000000e+00 0.000000000000000000e+00
0.000000000000000000e+00 0.000000000000000000e+00 0.000000000000000000e+00 0.000000000000000000e+00 0.000000000000000000e+00
