0.000000000000000000e+00 0.000000000000000000e+00 1.000000000000000000e+00 0.000000000000000000e+00 0.000000000000000000e+00
1.402849256992340088e-01 7.813045382499694824e-02 1.000000000000000000e+00 0.000000000000000000e+00 0.000000000000000000e+00
1.975663751363754272e-02 1.362630277872085571e-01 0.000000000000000000e+00 1.000000000000000000e+00 0.000000000000000000e+00
-5.223685503005981445e-01 5.100123286247253418e-01 1.000000000000000000e+00 0.000000000000000000e+00 0.000000000000000000e+00
7.212836742401123047e-01 -1.273384243249893188e-01 1.000000000000000000e+00 0.000000000000000000e+00 0.000000000000000000e+00
1.759922653436660767e-01 6.820930540561676025e-02 1.000000000000000000e+00 0.000000000000000000e+00 0.000000000000000000e+00
-9.287518262863159180e-01 1.286936998367309570e+00 1.000000000000000000e+00 0.000000000000000000e+00 0.000000000000000000e+00
-5.182566642761230469e-01 4.809016883373260498e-01 1.000000000000000000e+00 0.000000000000000000e+00 0.000000000000000000e+00
4.466186165809631348e-01 -4.224131107330322266e-01 0.000000000000000000e+00 1.000000000000000000e+00 0.000000000000000000e+00
6.291996836662292480e-01 -3.792983889579772949e-01 1.000000000000000000e+00 0.000000000000000000e+00 0.000000000000000000e+00
2.198721170425415039e-01 1.301859319210052490e-02 1.000000000000000000e+00 0.000000000000000000e+00 0.000000000000000000e+00
1.297147125005722046e-01 1.462092101573944092e-01 1.000000000000000000e+00 0.000000000000000000e+00 0.000000000000000000e+00
-2.806486561894416809e-02 3.693540990352630615e-01 1.000000000000000000e+00 0.000000000000000000e+00 0.000000000000000000e+00
-2.837398648262023926e-01 3.696064949035644531e-01 1.000000000000000000e+00 0.000000000000000000e+00 0.000000000000000000e+00
-1.710820049047470093e-01 8.671831339597702026e-02 1.000000000000000000e+00 0.000000000000000000e+00 0.000000000000000000e+00
-1.700876802206039429e-01 -4.124466702342033386e-02 1.000000000000000000e+00 0.000000000000000000e+00 0.000000000000000000e+00
-1.371494382619857788e-01 -2.131067067384719849e-01 0.000000000000000000e+00 1.000000000000000000e+00 0.000000000000000000e+00
1.964480042457580566e+00 -2.730469942092895508e+00 1.000000000000000000e+00 0.000000000000000000e+00 0.000000000000000000e+00
-5.545980930328369141e-01 8.815330862998962402e-01 1.000000000000000000e+00 0.000000000000000000e+00 0.000000000000000000e+00
-3.275532424449920654e-01 3.633230030536651611e-01 1.000000000000000000e+00 0.000000000000000000e+00 0.000000000000000000e+00
-3.100312650203704834e-01 1.747785508632659912e-01 0.000000000000000000e+00 1.000000000000000000e+00 0.000000000000000000e+00
8.793289661407470703e-01 -7.031719088554382324e-01 1.000000000000000000e+00 0.000000000000000000e+00 0.000000000000000000e+00
8.233115673065185547e-01 -1.881696581840515137e-01 1.000000000000000000e+00 0.000000000000000000e+00 0.000000000000000000e+00
-4.923043400049209595e-02 6.583017110824584961e-02 0.000000000000000000e+00 1.000000000000000000e+00 0.000000000000000000e+00
-1.333547949790954590e+00 1.036159634590148926e+00 1.000000000000000000e+00 0.000000000000000000e+00 0.000000000000000000e+00
1.114598035812377930e+00 -1.898879706859588623e-01 1.000000000000000000e+00 0.000000000000000000e+00 0.000000000000000000e+00
3.943439424037933350e-01 -1.500343680381774902e-01 0.000000000000000000e+00 1.000000000000000000e+00 0.000000000000000000e+00
-9.443235993385314941e-01 -2.032695710659027100e-01 1.000000000000000000e+00 0.000000000000000000e+00 0.000000000000000000e+00
-1.743232905864715576e-01 1.088647723197937012e+00 1.000000000000000000e+00 0.000000000000000000e+00 0.000000000000000000e+00
2.133267372846603394e-02 1.378826946020126343e-01 0.000000000000000000e+00 1.000000000000000000e+00 0.000000000000000000e+00
8.823149204254150391e-01 -1.468683719635009766e+00 1.000000000000000000e+00 0.000000000000000000e+00 0.000000000000000000e+00
-1.107541471719741821e-01 1.308510780334472656e+00 1.000000000000000000e+00 0.000000000000000000e+00 0.000000000000000000e+00
-7.155853509902954102e-02 2.082706838846206665e-01 1.000000000000000000e+00 0.000000000000000000e+00 0.000000000000000000e+00
-1.263153851032257080e-01 9.719244390726089478e-02 0.000000000000000000e+00 1.000000000000000000e+00 0.000000000000000000e+00
-1.857059299945831299e-01 -7.041654586791992188e-01 1.000000000000000000e+00 0.000000000000000000e+00 0.000000000000000000e+00
2.494373917579650879e-01 -8.443832397460937500e-03 1.000000000000000000e+00 0.000000000000000000e+00 0.000000000000000000e+00
-4.487765580415725708e-02 6.008037552237510681e-02 0.000000000000000000e+00 1.000000000000000000e+00 0.000000000000000000e+00
-3.174744844436645508e-01 2.580068707466125488e-01 1.000000000000000000e+00 0.000000000000000000e+00 0.000000000000000000e+00
3.736919760704040527e-01 -1.174598932266235352e-02 1.000000000000000000e+00 0.000000000000000000e+00 0.000000000000000000e+00
-5.168689042329788208e-02 5.311114341020584106e-02 0.000000000000000000e+00 1.000000000000000000e+00 0.000000000000000000e+00
-1.052941441535949707e+00 5.168572664260864258e-01 1.000000000000000000e+00 0.000000000000000000e+00 0.000000000000000000e+00
1.100293397903442383e+00 -1.678282916545867920e-01 1.000000000000000000e+00 0.000000000000000000e+00 0.000000000000000000e+00
2.895486950874328613e-01 3.306737542152404785e-02 1.000000000000000000e+00 0.000000000000000000e+00 0.000000000000000000e+00
2.745770663022994995e-02 6.339153647422790527e-02 0.000000000000000000e+00 1.000000000000000000e+00 0.000000000000000000e+00
-8.769149780273437500e-01 3.320783972740173340e-01 1.000000000000000000e+00 0.000000000000000000e+00 0.000000000000000000e+00
-5.930825471878051758e-01 6.121881008148193359e-01 1.000000000000000000e+00 0.000000000000000000e+00 0.000000000000000000e+00
-6.635395810008049011e-03 -4.157140105962753296e-02 0.000000000000000000e+00 1.000000000000000000e+00 0.000000000000000000e+00
1.188557863235473633e+00 -4.290806353092193604e-01 1.000000000000000000e+00 0.000000000000000000e+00 0.000000000000000000e+00
4.239180982112884521e-01 4.039501547813415527e-01 1.000000000000000000e+00 0.000000000000000000e+00 0.000000000000000000e+00
2.826337218284606934e-01 1.192501932382583618e-01 0.000000000000000000e+00 1.000000000000000000e+00 0.000000000000000000e+00
-1.711620569229125977e+00 -2.408197879791259766e+00 0.000000000000000000e+00 0.000000000000000000e+00 1.000000000000000000e+00
-2.690337598323822021e-01 1.309818506240844727e+00 0.000000000000000000e+00 0.000000000000000000e+00 1.000000000000000000e+00
-1.536230206489562988e+00 -2.527892589569091797e-01 0.000000000000000000e+00 0.000000000000000000e+00 1.000000000000000000e+00
-9.944236278533935547e-01 -2.026643157005310059e-01 0.000000000000000000e+00 0.000000000000000000e+00 1.000000000000000000e+00
-1.157732725143432617e+00 -3.678063750267028809e-01 0.000000000000000000e+00 0.000000000000000000e+00 1.000000000000000000e+00
-1.036055326461791992e+00 -2.536642551422119141e-01 0.000000000000000000e+00 0.000000000000000000e+00 1.000000000000000000e+00
-1.061643481254577637e+00 -3.017644882202148438e-01 0.000000000000000000e+00 0.000000000000000000e+00 1.000000000000000000e+00
-1.020470619201660156e+00 -2.735749483108520508e-01 0.000000000000000000e+00 0.000000000000000000e+00 1.000000000000000000e+00
-1.006332755088806152e+00 -3.043346405029296875e-01 0.000000000000000000e+00 0.000000000000000000e+00 1.000000000000000000e+00
-9.834556579589843750e-01 -3.022766709327697754e-01 0.000000000000000000e+00 0.000000000000000000e+00 1.000000000000000000e+00
-9.684123992919921875e-01 -3.271802067756652832e-01 0.000000000000000000e+00 0.000000000000000000e+00 1.000000000000000000e+00
-9.524836540222167969e-01 -3.260154128074645996e-01 0.000000000000000000e+00 0.000000000000000000e+00 1.000000000000000000e+00
-9.422125816345214844e-01 -3.211701512336730957e-01 0.000000000000000000e+00 0.000000000000000000e+00 1.000000000000000000e+00
-9.330449104309082031e-01 -3.146954178810119629e-01 0.000000000000000000e+00 0.000000000000000000e+00 1.000000000000000000e+00
-9.250942468643188477e-01 -3.159081339836120605e-01 0.000000000000000000e+00 0.000000000000000000e+00 1.000000000000000000e+00
-9.177330732345581055e-01 -3.149290680885314941e-01 0.000000000000000000e+00 0.000000000000000000e+00 1.000000000000000000e+00
-9.108550548553466797e-01 -3.174934983253479004e-01 0.000000000000000000e+00 0.000000000000000000e+00 1.000000000000000000e+00
-9.018118381500244141e-01 -3.181607127189636230e-01 0.000000000000000000e+00 0.000000000000000000e+00 1.000000000000000000e+00
-8.947980403900146484e-01 -3.159239888191223145e-01 0.000000000000000000e+00 0.000000000000000000e+00 1.000000000000000000e+00
-8.885293006896972656e-01 -3.095821142196655273e-01 0.000000000000000000e+00 0.000000000000000000e+00 1.000000000000000000e+00
0.000000000000000000e+00 0.000000000000000000e+00 0.000000000000000000e+00 0.000000000000000000e+00 0.000000000000000000e+00
0.000000000000000000e+00 0.000000000000000000e+00 0.000000000000000000e+00 0.000000000000000000e+00 0.000000000000000000e+00
0.000000000000000000e+00 0.000000000000000000e+00 0.000000000000000000e+00 0.000000000000000000e+00 0.000000000000000000e+00
0.000000000000000000e+00 0.000000000000000000e+00 0.000000000000000000e+00 0.000000000000000000e+00 0.000000000000000000e+00
0.000000000000000000e+00 0.000000000000000000e+00 0.000000000000000000e+00 0.000000000000000000e+00 0.000000000000000000e+00
0.000000000000000000e+00 0.000000000000000000e+00 0.000000000000000000e+00 0.000000000000000000e+00 0.000000000000000000e+00
0.000000000000000000e+00 0.000000000000000000e+00 0.000000000000000000e+00 0.000000000000000000e+00 0.000000000000000000e+00
0.000000000000000000e+00 0.000000000000000000e+00 0.000000000000000000e+00 0.000000000000000000e+00 0.000000000000000000e+00
0.000000000000000000e+00 0.000000000000000000e+00 0.000000000000000000e+00 0.000000000000000000e+00 0.000000000000000000e+00
0.000000000000000000e+00 0.000000000000000000e+00 0.000000000000000000e+00 0.000000000000000000e+00 0.000000000000000000e+00
0.000000000000000000e+00 0.000000000000000000e+00 0.000000000000000000e+00 0.000000000000000000e+00 0.000000000000000000e+00
0.000000000000000000e+00 0.000000000000000000e+00 0.000000000000000000e+00 0.000000000000000000e+00 0.000000000000000000e+00
0.000000000000000000e+00 0.000000000000000000e+00 0.000000000000000000e+00 0.000000000000000000e+00 0.000000000000000000e+00
0.000000000000000000e+00 0.000000000000000000e+00 0.000000000000000000e+00 0.000000000000000000e+00 0.000000000000000000e+00
0.000000000000000000e+00 0.000000000000000000e+00 0.000000000000000000e+00 0.000000000000000000e+00 0.000000000000000000e+00
0.000000000000000000e+00 0.000000000000000000e+00 0.000000000000000000e+00 0.000000000000000000e+00 0.000000000000000000e+00
0.000000000000000000e+00 0.000000000000000000e+00 0.000000000000000000e+00 0.000000000000000000e+00 0.000000000000000000e+00
0.000000000000000000e+00 0.000000000000000000e+00 0.000000000000000000e+00 0.000000000000000000e+00 0.000000000000000000e+00
0.000000000000000000e+00 0.000000000000000000e+00 0.000000000000000000e+00 0.000000000000000000e+00 0.000000000000000000e+00
0.000000000000000000e+00 0.000000000000000000e+00 0.000000000000000000e+00 0.000000000000000000e+00 0.000000000000000000e+00
0.000000000000000000e+00 0.000000000000000000e+00 0.000000000000000000e+00 0.000000000000000000e+00 0.000000000000000000e+00
0.000000000000000000e+00 0.000000000000000000e+00 0.000000000000000000e+00 0.000000000000000000e+00 0.000000000000000000e+00
0.000000000000000000e+00 0.000000000000000000e+00 0.000000000000000000e+00 0.000000000000000000e+00 0.000000000000000000e+00
0.000000000000000000e+00 0.000000000000000000e+00 0.000000000000000000e+00 0.000000000000000000e+00 0.000000000000000000e+00
0.000000000000000000e+00 0.000000000000000000e+00 0.000000000000000000e+00 0.000000000000000000e+00 0.000000000000000000e+00
0.000000000000000000e+00 0.000000000000000000e+00 0.000000000000000000e+00 0.000000000000000000e+00 0.000000000000000000e+00
0.000000000000000000e+00 0.000000000000000000e+00 0.000000000000000000e+00 0.000000000000000000e+00 0.000000000000000000e+00
0.000000000000000000e+00 0.000000000000000000e+00 0.000000000000000000e+00 0.000000000000000000e+00 0.000000000000000000e+00
0.000000000000000000e+00 0.000000000000000000e+00 0.000000000000000000e+00 0.000000000000000000e+00 0.000000000000000000e+00
0.000000000000000000e+00 0.000000000000000000e+00 0.000000000000000000e+00 0.000000000000000000e+00 0.000000000000000000e+00
0.000000000000000000e+00 0.000000000000000000e+00 0.000000000000000000e+00 0.000000000000000000e+00 0.000000000000000000e+00
0.000000000000000000e+00 0.000000000000000000e+00 0.000000000000000000e+00 0.000000000000000000e+00 0.000000000000000000e+00
0.000000000000000000e+00 0.000000000000000000e+00 0.000000000000000000e+00 0.000000000000000000e+00 0.000000000000000000e+00
0.000000000000000000e+00 0.000000000000000000e+00 0.000000000000000000e+00 0.000000000000000000e+00 0.000000000000000000e+00
0.000000000000000000e+00 0.000000000000000000e+00 0.000000000000000000e+00 0.000000000000000000e+00 0.000000000000000000e+00
0.000000000000000000e+00 0.000000000000000000e+00 0.000000000000000000e+00 0.000000000000000000e+00 0.000000000000000000e+00
0.000000000000000000e+00 0.000000000000000000e+00 0.000000000000000000e+00 0.000000000000000000e+00 0.000000000000000000e+00
0.000000000000000000e+00 0.000000000000000000e+00 0.000000000000000000e+00 0.000000000000000000e+00 0.000000000000000000e+00
0.000000000000000000e+00 0.000000000000000000e+00 0.000000000000000000e+00 0.000000000000000000e+00 0.000000000000000000e+00
0.000000000000000000e+00 0.000000000000000000e+00 0.000000000000000000e+00 0.000000000000000000e+00 0.000000000000000000e+00
0.000000000000000000e+00 0.000000000000000000e+00 0.000000000000000000e+00 0.000000000000000000e+00 0.000000000000000000e+00
0.000000000000000000e+00 0.000000000000000000e+00 0.000000000000000000e+00 0.000000000000000000e+00 0.000000000000000000e+00
0.000000000000000000e+00 0.000000000000000000e+00 0.000000000000000000e+00 0.000000000000000000e+00 0.000000000000000000e+00
0.000000000000000000e+00 0.000000000000000000e+00 0.000000000000000000e+00 0.000000000000000000e+00 0.000000000000000000e+00
0.000000000000000000e+00 0.000000000000000000e+00 0.000000000000000000e+00 0.000000000000000000e+00 0.000000000000000000e+00
0.000000000000000000e+00 0.000000000000000000e+00 0.000000000000000000e+00 0.000000000000000000e+00 0.000000000000000000e+00
0.000000000000000000e+00 0.000000000000000000e+00 0.000000000000000000e+00 0.000000000000000000e+00 0.000000000000000000e+00
0.000000000000000000e+00 0.000000000000000000e+00 0.000000000000000000e+00 0.000000000000000000e+00 0.000000000000000000e+00
0.000000000000000000e+00 0.000000000000000000e+00 0.000000000000000000e+00 0.000000000000000000e+00 0.000000000000000000e+00
0.000000000000000000e+00 0.000000000000000000e+00 0.000000000000000000e+00 0.000000000000000000e+00 0.000000000000000000e+00
0.000000000000000000e+00 0.000000000000000000e+00 0.000000000000000000e+00 0.000000000000000000e+00 0.000000000000000000e+00
