0.000000000000000000e+00 0.000000000000000000e+00 1.000000000000000000e+00 0.000000000000000000e+00 0.000000000000000000e+00
9.040018171072006226e-02 1.000637650489807129e+00 1.000000000000000000e+00 0.000000000000000000e+00 0.000000000000000000e+00
-7.629296183586120605e-02 3.399720788002014160e-01 0.000000000000000000e+00 1.000000000000000000e+00 0.000000000000000000e+00
5.998028516769409180e-01 -1.710553884506225586e+00 1.000000000000000000e+00 0.000000000000000000e+00 0.000000000000000000e+00
1.281988501548767090e+00 -2.475598752498626709e-01 1.000000000000000000e+00 0.000000000000000000e+00 0.000000000000000000e+00
7.761099338531494141e-01 1.004794985055923462e-01 1.000000000000000000e+00 0.000000000000000000e+00 0.000000000000000000e+00
-2.828570008277893066e-01 1.122734308242797852e+00 1.000000000000000000e+00 0.000000000000000000e+00 0.000000000000000000e+00
-2.055891901254653931e-01 3.663620948791503906e-01 1.000000000000000000e+00 0.000000000000000000e+00 0.000000000000000000e+00
-2.836576104164123535e-01 2.511553466320037842e-01 0.000000000000000000e+00 1.000000000000000000e+00 0.000000000000000000e+00
-9.727895855903625488e-01 -7.005082964897155762e-01 1.000000000000000000e+00 0.000000000000000000e+00 0.000000000000000000e+00
6.171755790710449219e-01 -6.967771053314208984e-02 1.000000000000000000e+00 0.000000000000000000e+00 0.000000000000000000e+00
-4.902974516153335571e-02 9.361532330513000488e-02 0.000000000000000000e+00 1.000000000000000000e+00 0.000000000000000000e+00
-6.078559160232543945e-01 5.653542280197143555e-01 1.000000000000000000e+00 0.000000000000000000e+00 0.000000000000000000e+00
7.021526098251342773e-01 -5.053114891052246094e-02 0.000000000000000000e+00 1.000000000000000000e+00 0.000000000000000000e+00
-1.659070849418640137e+00 1.109010457992553711e+00 1.000000000000000000e+00 0.000000000000000000e+00 0.000000000000000000e+00
1.452847361564636230e+00 -1.925233155488967896e-01 1.000000000000000000e+00 0.000000000000000000e+00 0.000000000000000000e+00
7.125781774520874023e-01 -2.143442779779434204e-01 0.000000000000000000e+00 1.000000000000000000e+00 0.000000000000000000e+00
-1.557614088058471680e+00 4.773779511451721191e-01 1.000000000000000000e+00 0.000000000000000000e+00 0.000000000000000000e+00
-4.710649847984313965e-01 1.430266380310058594e+00 1.000000000000000000e+00 0.000000000000000000e+00 0.000000000000000000e+00
-6.197007894515991211e-01 1.041869997978210449e+00 1.000000000000000000e+00 0.000000000000000000e+00 0.000000000000000000e+00
-2.879477143287658691e-01 2.835149466991424561e-01 1.000000000000000000e+00 0.000000000000000000e+00 0.000000000000000000e+00
-3.193243741989135742e-01 6.430096924304962158e-02 0.000000000000000000e+00 1.000000000000000000e+00 0.000000000000000000e+00
2.904780626296997070e+00 -2.444996356964111328e+00 1.000000000000000000e+00 0.000000000000000000e+00 0.000000000000000000e+00
-9.192693233489990234e-01 1.169544458389282227e+00 1.000000000000000000e+00 0.000000000000000000e+00 0.000000000000000000e+00
-7.002292871475219727e-01 5.640258789062500000e-01 1.000000000000000000e+00 0.000000000000000000e+00 0.000000000000000000e+00
-3.609574437141418457e-01 1.085396483540534973e-01 0.000000000000000000e+00 1.000000000000000000e+00 0.000000000000000000e+00
1.177062153816223145e+00 -5.743210911750793457e-01 1.000000000000000000e+00 0.000000000000000000e+00 0.000000000000000000e+00
1.291168928146362305e+00 6.517817974090576172e-01 1.000000000000000000e+00 0.000000000000000000e+00 0.000000000000000000e+00
6.594008207321166992e-01 1.680181026458740234e-01 1.000000000000000000e+00 0.000000000000000000e+00 0.000000000000000000e+00
7.146366834640502930e-01 3.804370760917663574e-03 0.000000000000000000e+00 1.000000000000000000e+00 0.000000000000000000e+00
-2.389723539352416992e+00 -2.861148118972778320e+00 0.000000000000000000e+00 0.000000000000000000e+00 1.000000000000000000e+00
-3.288781940937042236e-01 1.419815301895141602e+00 0.000000000000000000e+00 0.000000000000000000e+00 1.000000000000000000e+00
-1.364431262016296387e+00 -6.669996380805969238e-01 0.000000000000000000e+00 0.000000000000000000e+00 1.000000000000000000e+00
-9.701342582702636719e-01 -3.420372605323791504e-01 0.000000000000000000e+00 0.000000000000000000e+00 1.000000000000000000e+00
-1.017948985099792480e+00 -3.961222767829895020e-01 0.000000000000000000e+00 0.000000000000000000e+00 1.000000000000000000e+00
-9.672392606735229492e-01 -3.002095222473144531e-01 0.000000000000000000e+00 0.000000000000000000e+00 1.000000000000000000e+00
-9.641653299331665039e-01 -2.546769380569458008e-01 0.000000000000000000e+00 0.000000000000000000e+00 1.000000000000000000e+00
-9.412404298782348633e-01 -2.624298334121704102e-01 0.000000000000000000e+00 0.000000000000000000e+00 1.000000000000000000e+00
-9.225661754608154297e-01 -2.589957118034362793e-01 0.000000000000000000e+00 0.000000000000000000e+00 1.000000000000000000e+00
-9.104025363922119141e-01 -2.500774264335632324e-01 0.000000000000000000e+00 0.000000000000000000e+00 1.000000000000000000e+00
-8.893659114837646484e-01 -2.446389794349670410e-01 0.000000000000000000e+00 0.000000000000000000e+00 1.000000000000000000e+00
-8.726537227630615234e-01 -2.446495294570922852e-01 0.000000000000000000e+00 0.000000000000000000e+00 1.000000000000000000e+00
-8.612147569656372070e-01 -2.401279807090759277e-01 0.000000000000000000e+00 0.000000000000000000e+00 1.000000000000000000e+00
-8.501132726669311523e-01 -2.333741188049316406e-01 0.000000000000000000e+00 0.000000000000000000e+00 1.000000000000000000e+00
-8.342945575714111328e-01 -2.342037558555603027e-01 0.000000000000000000e+00 0.000000000000000000e+00 1.000000000000000000e+00
-8.191579580307006836e-01 -2.381173968315124512e-01 0.000000000000000000e+00 0.000000000000000000e+00 1.000000000000000000e+00
-8.054224252700805664e-01 -2.431043386459350586e-01 0.000000000000000000e+00 0.000000000000000000e+00 1.000000000000000000e+00
-7.927565574645996094e-01 -2.503921389579772949e-01 0.000000000000000000e+00 0.000000000000000000e+00 1.000000000000000000e+00
-7.836534976959228516e-01 -2.528609633445739746e-01 0.000000000000000000e+00 0.000000000000000000e+00 1.000000000000000000e+00
-7.773722410202026367e-01 -2.491483688354492188e-01 0.000000000000000000e+00 0.000000000000000000e+00 1.000000000000000000e+00
-7.713249921798706055e-01 -2.435721755027770996e-01 0.000000000000000000e+00 0.000000000000000000e+00 1.000000000000000000e+00
-7.640186548233032227e-01 -2.437365055084228516e-01 0.000000000000000000e+00 0.000000000000000000e+00 1.000000000000000000e+00
-7.562432289123535156e-01 -2.528240084648132324e-01 0.000000000000000000e+00 0.000000000000000000e+00 1.000000000000000000e+00
-7.503315210342407227e-01 -2.592861056327819824e-01 0.000000000000000000e+00 0.000000000000000000e+00 1.000000000000000000e+00
-7.472497224807739258e-01 -2.546405792236328125e-01 0.000000000000000000e+00 0.000000000000000000e+00 1.000000000000000000e+00
-7.445000410079956055e-01 -2.502848505973815918e-01 0.000000000000000000e+00 0.000000000000000000e+00 1.000000000000000000e+00
-7.403435707092285156e-01 -2.470876574516296387e-01 0.000000000000000000e+00 0.000000000000000000e+00 1.000000000000000000e+00
-7.343045473098754883e-01 -2.462458014488220215e-01 0.000000000000000000e+00 0.000000000000000000e+00 1.000000000000000000e+00
-7.273814678192138672e-01 -2.525025010108947754e-01 0.000000000000000000e+00 0.000000000000000000e+00 1.000000000000000000e+00
-7.188422679901123047e-01 -2.656025290489196777e-01 0.000000000000000000e+00 0.000000000000000000e+00 1.000000000000000000e+00
-7.109824419021606445e-01 -2.748652696609497070e-01 0.000000000000000000e+00 0.000000000000000000e+00 1.000000000000000000e+00
-7.060608863830566406e-01 -2.739296555519104004e-01 0.000000000000000000e+00 0.000000000000000000e+00 1.000000000000000000e+00
-7.034552097320556641e-01 -2.662813067436218262e-01 0.000000000000000000e+00 0.000000000000000000e+00 1.000000000000000000e+00
-7.017900943756103516e-01 -2.553181648254394531e-01 0.000000000000000000e+00 0.000000000000000000e+00 1.000000000000000000e+00
-7.000094652175903320e-01 -2.501295804977416992e-01 0.000000000000000000e+00 0.000000000000000000e+00 1.000000000000000000e+00
-6.973390579223632812e-01 -2.544124126434326172e-01 0.000000000000000000e+00 0.000000000000000000e+00 1.000000000000000000e+00
-6.930449008941650391e-01 -2.650937438011169434e-01 0.000000000000000000e+00 0.000000000000000000e+00 1.000000000000000000e+00
-6.870758533477783203e-01 -2.693694233894348145e-01 0.000000000000000000e+00 0.000000000000000000e+00 1.000000000000000000e+00
-6.827040910720825195e-01 -2.637677788734436035e-01 0.000000000000000000e+00 0.000000000000000000e+00 1.000000000000000000e+00
-6.794854402542114258e-01 -2.558461427688598633e-01 0.000000000000000000e+00 0.000000000000000000e+00 1.000000000000000000e+00
-6.759834289550781250e-01 -2.513480782508850098e-01 0.000000000000000000e+00 0.000000000000000000e+00 1.000000000000000000e+00
-6.749557256698608398e-01 -2.529616951942443848e-01 0.000000000000000000e+00 0.000000000000000000e+00 1.000000000000000000e+00
0.000000000000000000e+00 0.000000000000000000e+00 0.000000000000000000e+00 0.000000000000000000e+00 0.000000000000000000e+00
0.000000000000000000e+00 0.000000000000000000e+00 0.000000000000000000e+00 0.000000000000000000e+00 0.000000000000000000e+00
0.000000000000000000e+00 0.000000000000000000e+00 0.000000000000000000e+00 0.000000000000000000e+00 0.000000000000000000e+00
0.000000000000000000e+00 0.000000000000000000e+00 0.000000000000000000e+00 0.000000000000000000e+00 0.000000000000000000e+00
0.000000000000000000e+00 0.000000000000000000e+00 0.000000000000000000e+00 0.000000000000000000e+00 0.000000000000000000e+00
0.000000000000000000e+00 0.000000000000000000e+00 0.000000000000000000e+00 0.000000000000000000e+00 0.000000000000000000e+00
0.000000000000000000e+00 0.000000000000000000e+00 0.000000000000000000e+00 0.000000000000000000e+00 0.000000000000000000e+00
0.000000000000000000e+00 0.000000000000000000e+00 0.000000000000000000e+00 0.000000000000000000e+00 0.000000000000000000e+00
0.000000000000000000e+00 0.000000000000000000e+00 0.000000000000000000e+00 0.000000000000000000e+00 0.000000000000000000e+00
0.000000000000000000e+00 0.000000000000000000e+00 0.000000000000000000e+00 0.000000000000000000e+00 0.000000000000000000e+00
0.000000000000000000e+00 0.000000000000000000e+00 0.000000000000000000e+00 0.000000000000000000e+00 0.000000000000000000e+00
0.000000000000000000e+00 0.000000000000000000e+00 0.000000000000000000e+00 0.000000000000000000e+00 0.000000000000000000e+00
0.000000000000000000e+00 0.000000000000000000e+00 0.000000000000000000e+00 0.000000000000000000e+00 0.000000000000000000e+00
0.000000000000000000e+00 0.000000000000000000e+00 0.000000000000000000e+00 0.000000000000000000e+00 0.000000000000000000e+00
0.000000000000000000e+00 0.000000000000000000e+00 0.000000000000000000e+00 0.000000000000000000e+00 0.000000000000000000e+00
0.000000000000000000e+00 0.000000000000000000e+00 0.000000000000000000e+00 0.000000000000000000e+00 0.000000000000000000e+00
0.000000000000000000e+00 0.000000000000000000e+00 0.000000000000000000e+00 0.000000000000000000e+00 0.000000000000000000e+00
0.000000000000000000e+00 0.000000000000000000e+00 0.000000000000000000e+00 0.000000000000000000e+00 0.000000000000000000e+00
0.000000000000000000e+00 0.000000000000000000e+00 0.000000000000000000e+00 0.000000000000000000e+00 0.000000000000000000e+00
0.000000000000000000e+00 0.000000000000000000e+00 0.000000000000000000e+00 0.000000000000000000e+00 0.000000000000000000e+00
0.000000000000000000e+00 0.000000000000000000e+00 0.000000000000000000e+00 0.000000000000000000e+00 0.000000000000000000e+00
0.000000000000000000e+00 0.000000000000000000e+00 0.000000000000000000e+00 0.000000000000000000e+00 0.000000000000000000e+00
0.000000000000000000e+00 0.000000000000000000e+00 0.000000000000000000e+00 0.000000000000000000e+00 0.000000000000000000e+00
0.000000000000000000e+00 0.000000000000000000e+00 0.000000000000000000e+00 0.000000000000000000e+00 0.000000000000000000e+00
0.000000000000000000e+00 0.000000000000000000e+00 0.000000000000000000e+00 0.000000000000000000e+00 0.000000000000000000e+00
0.000000000000000000e+00 0.000000000000000000e+00 0.000000000000000000e+00 0.000000000000000000e+00 0.000000000000000000e+00
0.000000000000000000e+00 0.000000000000000000e+00 0.000000000000000000e+00 0.000000000000000000e+00 0.000000000000000000e+00
0.000000000000000000e+00 0.000000000000000000e+00 0.000000000000000000e+00 0.000000000000000000e+00 0.000000000000000000e+00
0.000000000000000000e+00 0.000000000000000000e+00 0.000000000000000000e+00 0.000000000000000000e+00 0.000000000000000000e+00
0.000000000000000000e+00 0.000000000000000000e+00 0.000000000000000000e+00 0.000000000000000000e+00 0.000000000000000000e+00
0.000000000000000000e+00 0.000000000000000000e+00 0.000000000000000000e+00 0.000000000000000000e+00 0.000000000000000000e+00
0.000000000000000000e+00 0.000000000000000000e+00 0.000000000000000000e+00 0.000000000000000000e+00 0.000000000000000000e+00
0.000000000000000000e+00 0.000000000000000000e+00 0.000000000000000000e+00 0.000000000000000000e+00 0.000000000000000000e+00
0.000000000000000000e+00 0.000000000000000000e+00 0.000000000000000000e+00 0.000000000000000000e+00 0.000000000000000000e+00
0.000000000000000000e+00 0.000000000000000000e+00 0.000000000000000000e+00 0.000000000000000000e+00 0.000000000000000000e+00
0.000000000000000000e+00 0.000000000000000000e+00 0.000000000000000000e+00 0.000000000000000000e+00 0.000000000000000000e+00
0.000000000000000000e+00 0.000000000000000000e+00 0.000000000000000000e+00 0.000000000000000000e+00 0.000000000000000000e+00
0.000000000000000000e+00 0.000000000000000000e+00 0.000000000000000000e+00 0.000000000000000000e+00 0.000000000000000000e+00
0.000000000000000000e+00 0.000000000000000000e+00 0.000000000000000000e+00 0.000000000000000000e+00 0.000000000000000000e+00
0.000000000000000000e+00 0.000000000000000000e+00 0.000000000000000000e+00 0.000000000000000000e+00 0.000000000000000000e+00
0.000000000000000000e+00 0.000000000000000000e+00 0.000000000000000000e+00 0.000000000000000000e+00 0.000000000000000000e+00
0.000000000000000000e+00 0.000000000000000000e+00 0.000000000000000000e+00 0.000000000000000000e+00 0.000000000000000000e+00
0.000000000000000000e+00 0.000000000000000000e+00 0.000000000000000000e+00 0.000000000000000000e+00 0.000000000000000000e+00
0.000000000000000000e+00 0.000000000000000000e+00 0.000000000000000000e+00 0.000000000000000000e+00 0.000000000000000000e+00
0.000000000000000000e+00 0.000000000000000000e+00 0.000000000000000000e+00 0.000000000000000000e+00 0.000000000000000000e+00
0.000000000000000000e+00 0.000000000000000000e+00 0.000000000000000000e+00 0.000000000000000000e+00 0.000000000000000000e+00
0.000000000000000000e+00 0.000000000000000000e+00 0.000000000000000000e+00 0.000000000000000000e+00 0.000000000000000000e+00
0.000000000000000000e+00 0.000000000000000000e+00 0.000000000000000000e+00 0.000000000000000000e+00 0.000000000000000000e+00
0.000000000000000000e+00 0.000000000000000000e+00 0.000000000000000000e+00 0.000000000000000000e+00 0.000000000000000000e+00
