0.000000000000000000e+00 0.000000000000000000e+00 1.000000000000000000e+00 0.000000000000000000e+00 0.000000000000000000e+00
-6.101821735501289368e-02 1.039809703826904297e+00 1.000000000000000000e+00 0.000000000000000000e+00 0.000000000000000000e+00
-8.881766349077224731e-02 3.194762766361236572e-01 0.000000000000000000e+00 1.000000000000000000e+00 0.000000000000000000e+00
5.254275798797607422e-01 -1.663594484329223633e+00 1.000000000000000000e+00 0.000000000000000000e+00 0.000000000000000000e+00
7.364971637725830078e-01 -1.849065423011779785e-01 1.000000000000000000e+00 0.000000000000000000e+00 0.000000000000000000e+00
2.498385906219482422e-01 7.962249964475631714e-02 1.000000000000000000e+00 0.000000000000000000e+00 0.000000000000000000e+00
-1.273547410964965820e-01 1.397875547409057617e+00 1.000000000000000000e+00 0.000000000000000000e+00 0.000000000000000000e+00
-9.502977132797241211e-02 2.585487365722656250e-01 1.000000000000000000e+00 0.000000000000000000e+00 0.000000000000000000e+00
-1.613622903823852539e-01 1.413704007863998413e-01 0.000000000000000000e+00 1.000000000000000000e+00 0.000000000000000000e+00
-4.066450297832489014e-01 -8.423057794570922852e-01 1.000000000000000000e+00 0.000000000000000000e+00 0.000000000000000000e+00
3.252134025096893311e-01 -1.088480651378631592e-02 1.000000000000000000e+00 0.000000000000000000e+00 0.000000000000000000e+00
4.880942031741142273e-02 6.813530623912811279e-02 0.000000000000000000e+00 1.000000000000000000e+00 0.000000000000000000e+00
-3.491542935371398926e-01 5.545204281806945801e-01 1.000000000000000000e+00 0.000000000000000000e+00 0.000000000000000000e+00
5.006140470504760742e-01 -1.128031238913536072e-01 1.000000000000000000e+00 0.000000000000000000e+00 0.000000000000000000e+00
2.708797752857208252e-01 -1.771578490734100342e-01 0.000000000000000000e+00 1.000000000000000000e+00 0.000000000000000000e+00
1.361485600471496582e+00 -2.452793836593627930e+00 1.000000000000000000e+00 0.000000000000000000e+00 0.000000000000000000e+00
-8.364917337894439697e-02 3.421515226364135742e-02 1.000000000000000000e+00 0.000000000000000000e+00 0.000000000000000000e+00
-1.263032481074333191e-02 4.065278470516204834e-01 0.000000000000000000e+00 1.000000000000000000e+00 0.000000000000000000e+00
-4.922395348548889160e-01 3.997822999954223633e-01 1.000000000000000000e+00 0.000000000000000000e+00 0.000000000000000000e+00
8.810704350471496582e-01 -1.518334001302719116e-01 1.000000000000000000e+00 0.000000000000000000e+00 0.000000000000000000e+00
2.059902399778366089e-01 4.240335896611213684e-02 0.000000000000000000e+00 1.000000000000000000e+00 0.000000000000000000e+00
-1.010606884956359863e+00 6.868318319320678711e-01 1.000000000000000000e+00 0.000000000000000000e+00 0.000000000000000000e+00
-9.033979475498199463e-02 1.264721751213073730e-01 1.000000000000000000e+00 0.000000000000000000e+00 0.000000000000000000e+00
2.041721343994140625e-02 3.943631649017333984e-01 0.000000000000000000e+00 1.000000000000000000e+00 0.000000000000000000e+00
4.593968093395233154e-01 -5.227937102317810059e-01 1.000000000000000000e+00 0.000000000000000000e+00 0.000000000000000000e+00
2.464849650859832764e-01 1.799197494983673096e-02 1.000000000000000000e+00 0.000000000000000000e+00 0.000000000000000000e+00
1.053928136825561523e-01 1.282242089509963989e-01 1.000000000000000000e+00 0.000000000000000000e+00 0.000000000000000000e+00
-4.626769721508026123e-01 4.822908639907836914e-01 1.000000000000000000e+00 0.000000000000000000e+00 0.000000000000000000e+00
2.538270056247711182e-01 2.859875857830047607e-01 1.000000000000000000e+00 0.000000000000000000e+00 0.000000000000000000e+00
7.601531594991683960e-02 5.217051506042480469e-01 1.000000000000000000e+00 0.000000000000000000e+00 0.000000000000000000e+00
-7.383596897125244141e-02 4.795964658260345459e-01 1.000000000000000000e+00 0.000000000000000000e+00 0.000000000000000000e+00
-8.775188773870468140e-02 9.363263845443725586e-02 1.000000000000000000e+00 0.000000000000000000e+00 0.000000000000000000e+00
-1.055574193596839905e-01 -1.172382012009620667e-02 1.000000000000000000e+00 0.000000000000000000e+00 0.000000000000000000e+00
-1.648199707269668579e-01 -1.498187333345413208e-01 1.000000000000000000e+00 0.000000000000000000e+00 0.000000000000000000e+00
-3.228531479835510254e-01 -7.167263031005859375e-01 1.000000000000000000e+00 0.000000000000000000e+00 0.000000000000000000e+00
-4.735107719898223877e-01 6.130980253219604492e-01 1.000000000000000000e+00 0.000000000000000000e+00 0.000000000000000000e+00
-1.784157007932662964e-02 1.328866481781005859e-01 0.000000000000000000e+00 1.000000000000000000e+00 0.000000000000000000e+00
1.825764775276184082e+00 -5.742229223251342773e-01 1.000000000000000000e+00 0.000000000000000000e+00 0.000000000000000000e+00
3.624066412448883057e-01 3.993034958839416504e-01 1.000000000000000000e+00 0.000000000000000000e+00 0.000000000000000000e+00
2.666965425014495850e-01 1.275277882814407349e-01 0.000000000000000000e+00 1.000000000000000000e+00 0.000000000000000000e+00
-2.034538507461547852e+00 -2.329195499420166016e+00 0.000000000000000000e+00 0.000000000000000000e+00 1.000000000000000000e+00
2.319346368312835693e-01 5.122472047805786133e-01 0.000000000000000000e+00 0.000000000000000000e+00 1.000000000000000000e+00
-1.538867950439453125e+00 -9.047091007232666016e-03 0.000000000000000000e+00 0.000000000000000000e+00 1.000000000000000000e+00
-8.978873491287231445e-01 -3.242490887641906738e-01 0.000000000000000000e+00 0.000000000000000000e+00 1.000000000000000000e+00
-1.013708353042602539e+00 -2.636336088180541992e-01 0.000000000000000000e+00 0.000000000000000000e+00 1.000000000000000000e+00
-9.629526138305664062e-01 -2.498450875282287598e-01 0.000000000000000000e+00 0.000000000000000000e+00 1.000000000000000000e+00
-9.570885896682739258e-01 -2.607462406158447266e-01 0.000000000000000000e+00 0.000000000000000000e+00 1.000000000000000000e+00
-9.399245977401733398e-01 -2.572287321090698242e-01 0.000000000000000000e+00 0.000000000000000000e+00 1.000000000000000000e+00
-9.277956485748291016e-01 -2.526145577430725098e-01 0.000000000000000000e+00 0.000000000000000000e+00 1.000000000000000000e+00
-9.123512506484985352e-01 -2.518485188484191895e-01 0.000000000000000000e+00 0.000000000000000000e+00 1.000000000000000000e+00
-8.975331783294677734e-01 -2.532700896263122559e-01 0.000000000000000000e+00 0.000000000000000000e+00 1.000000000000000000e+00
-8.882991075515747070e-01 -2.489780783653259277e-01 0.000000000000000000e+00 0.000000000000000000e+00 1.000000000000000000e+00
-8.825589418411254883e-01 -2.473013997077941895e-01 0.000000000000000000e+00 0.000000000000000000e+00 1.000000000000000000e+00
-8.773673772811889648e-01 -2.512648701667785645e-01 0.000000000000000000e+00 0.000000000000000000e+00 1.000000000000000000e+00
-8.705738782882690430e-01 -2.558721303939819336e-01 0.000000000000000000e+00 0.000000000000000000e+00 1.000000000000000000e+00
-8.619881868362426758e-01 -2.576799392700195312e-01 0.000000000000000000e+00 0.000000000000000000e+00 1.000000000000000000e+00
-8.511610031127929688e-01 -2.583026289939880371e-01 0.000000000000000000e+00 0.000000000000000000e+00 1.000000000000000000e+00
-8.411712646484375000e-01 -2.577736973762512207e-01 0.000000000000000000e+00 0.000000000000000000e+00 1.000000000000000000e+00
-8.342205286026000977e-01 -2.557564973831176758e-01 0.000000000000000000e+00 0.000000000000000000e+00 1.000000000000000000e+00
-8.243234157562255859e-01 -2.612373232841491699e-01 0.000000000000000000e+00 0.000000000000000000e+00 1.000000000000000000e+00
-8.141025304794311523e-01 -2.665880322456359863e-01 0.000000000000000000e+00 0.000000000000000000e+00 1.000000000000000000e+00
-8.033797740936279297e-01 -2.714933156967163086e-01 0.000000000000000000e+00 0.000000000000000000e+00 1.000000000000000000e+00
-7.940597534179687500e-01 -2.737181186676025391e-01 0.000000000000000000e+00 0.000000000000000000e+00 1.000000000000000000e+00
-7.866941690444946289e-01 -2.740997672080993652e-01 0.000000000000000000e+00 0.000000000000000000e+00 1.000000000000000000e+00
-7.809460163116455078e-01 -2.742552161216735840e-01 0.000000000000000000e+00 0.000000000000000000e+00 1.000000000000000000e+00
-7.780297994613647461e-01 -2.761888504028320312e-01 0.000000000000000000e+00 0.000000000000000000e+00 1.000000000000000000e+00
-7.747975587844848633e-01 -2.794778347015380859e-01 0.000000000000000000e+00 0.000000000000000000e+00 1.000000000000000000e+00
-7.676459550857543945e-01 -2.828451991081237793e-01 0.000000000000000000e+00 0.000000000000000000e+00 1.000000000000000000e+00
0.000000000000000000e+00 0.000000000000000000e+00 0.000000000000000000e+00 0.000000000000000000e+00 0.000000000000000000e+00
0.000000000000000000e+00 0.000000000000000000e+00 0.000000000000000000e+00 0.000000000000000000e+00 0.000000000000000000e+00
0.000000000000000000e+00 0.000000000000000000e+00 0.000000000000000000e+00 0.000000000000000000e+00 0.000000000000000000e+00
0.000000000000000000e+00 0.000000000000000000e+00 0.000000000000000000e+00 0.000000000000000000e+00 0.000000000000000000e+00
0.000000000000000000e+00 0.000000000000000000e+00 0.000000000000000000e+00 0.000000000000000000e+00 0.000000000000000000e+00
0.000000000000000000e+00 0.000000000000000000e+00 0.000000000000000000e+00 0.000000000000000000e+00 0.000000000000000000e+00
0.000000000000000000e+00 0.000000000000000000e+00 0.000000000000000000e+00 0.000000000000000000e+00 0.000000000000000000e+00
0.000000000000000000e+00 0.000000000000000000e+00 0.000000000000000000e+00 0.000000000000000000e+00 0.000000000000000000e+00
0.000000000000000000e+00 0.000000000000000000e+00 0.000000000000000000e+00 0.000000000000000000e+00 0.000000000000000000e+00
0.000000000000000000e+00 0.000000000000000000e+00 0.000000000000000000e+00 0.000000000000000000e+00 0.000000000000000000e+00
0.000000000000000000e+00 0.000000000000000000e+00 0.000000000000000000e+00 0.000000000000000000e+00 0.000000000000000000e+00
0.000000000000000000e+00 0.000000000000000000e+00 0.000000000000000000e+00 0.000000000000000000e+00 0.000000000000000000e+00
0.000000000000000000e+00 0.000000000000000000e+00 0.000000000000000000e+00 0.000000000000000000e+00 0.000000000000000000e+00
0.000000000000000000e+00 0.000000000000000000e+00 0.000000000000000000e+00 0.000000000000000000e+00 0.000000000000000000e+00
0.000000000000000000e+00 0.000000000000000000e+00 0.000000000000000000e+00 0.000000000000000000e+00 0.000000000000000000e+00
0.000000000000000000e+00 0.000000000000000000e+00 0.000000000000000000e+00 0.000000000000000000e+00 0.000000000000000000e+00
0.000000000000000000e+00 0.000000000000000000e+00 0.000000000000000000e+00 0.000000000000000000e+00 0.000000000000000000e+00
0.000000000000000000e+00 0.000000000000000000e+00 0.000000000000000000e+00 0.000000000000000000e+00 0.000000000000000000e+00
0.000000000000000000e+00 0.000000000000000000e+00 0.000000000000000000e+00 0.000000000000000000e+00 0.000000000000000000e+00
0.000000000000000000e+00 0.000000000000000000e+00 0.000000000000000000e+00 0.000000000000000000e+00 0.000000000000000000e+00
0.000000000000000000e+00 0.000000000000000000e+00 0.000000000000000000e+00 0.000000000000000000e+00 0.000000000000000000e+00
0.000000000000000000e+00 0.000000000000000000e+00 0.000000000000000000e+00 0.000000000000000000e+00 0.000000000000000000e+00
0.000000000000000000e+00 0.000000000000000000e+00 0.000000000000000000e+00 0.000000000000000000e+00 0.000000000000000000e+00
0.000000000000000000e+00 0.000000000000000000e+00 0.000000000000000000e+00 0.000000000000000000e+00 0.000000000000000000e+00
0.000000000000000000e+00 0.000000000000000000e+00 0.000000000000000000e+00 0.000000000000000000e+00 0.000000000000000000e+00
0.000000000000000000e+00 0.000000000000000000e+00 0.000000000000000000e+00 0.000000000000000000e+00 0.000000000000000000e+00
0.000000000000000000e+00 0.000000000000000000e+00 0.000000000000000000e+00 0.000000000000000000e+00 0.000000000000000000e+00
0.000000000000000000e+00 0.000000000000000000e+00 0.000000000000000000e+00 0.000000000000000000e+00 0.000000000000000000e+00
0.000000000000000000e+00 0.000000000000000000e+00 0.000000000000000000e+00 0.000000000000000000e+00 0.000000000000000000e+00
0.000000000000000000e+00 0.000000000000000000e+00 0.000000000000000000e+00 0.000000000000000000e+00 0.000000000000000000e+00
0.000000000000000000e+00 0.000000000000000000e+00 0.000000000000000000e+00 0.000000000000000000e+00 0.000000000000000000e+00
0.000000000000000000e+00 0.000000000000000000e+00 0.000000000000000000e+00 0.000000000000000000e+00 0.000000000000000000e+00
0.000000000000000000e+00 0.000000000000000000e+00 0.000000000000000000e+00 0.000000000000000000e+00 0.000000000000000000e+00
0.000000000000000000e+00 0.000000000000000000e+00 0.000000000000000000e+00 0.000000000000000000e+00 0.000000000000000000e+00
0.000000000000000000e+00 0.000000000000000000e+00 0.000000000000000000e+00 0.000000000000000000e+00 0.000000000000000000e+00
0.000000000000000000e+00 0.000000000000000000e+00 0.000000000000000000e+00 0.000000000000000000e+00 0.000000000000000000e+00
0.000000000000000000e+00 0.000000000000000000e+00 0.000000000000000000e+00 0.000000000000000000e+00 0.000000000000000000e+00
0.000000000000000000e+00 0.000000000000000000e+00 0.000000000000000000e+00 0.000000000000000000e+00 0.000000000000000000e+00
0.000000000000000000e+00 0.000000000000000000e+00 0.000000000000000000e+00 0.000000000000000000e+00 0.000000000000000000e+00
0.000000000000000000e+00 0.000000000000000000e+00 0.000000000000000000e+00 0.000000000000000000e+00 0.000000000000000000e+00
0.000000000000000000e+00 0.000000000000000000e+00 0.000000000000000000e+00 0.000000000000000000e+00 0.000000000000000000e+00
0.000000000000000000e+00 0.000000000000000000e+00 0.000000000000000000e+00 0.000000000000000000e+00 0.000000000000000000e+00
0.000000000000000000e+00 0.000000000000000000e+00 0.000000000000000000e+00 0.000000000000000000e+00 0.000000000000000000e+00
0.000000000000000000e+00 0.000000000000000000e+00 0.000000000000000000e+00 0.000000000000000000e+00 0.000000000000000000e+00
0.000000000000000000e+00 0.000000000000000000e+00 0.000000000000000000e+00 0.000000000000000000e+00 0.000000000000000000e+00
0.000000000000000000e+00 0.000000000000000000e+00 0.000000000000000000e+00 0.000000000000000000e+00 0.000000000000000000e+00
0.000000000000000000e+00 0.000000000000000000e+00 0.000000000000000000e+00 0.000000000000000000e+00 0.000000000000000000e+00
0.000000000000000000e+00 0.000000000000000000e+00 0.000000000000000000e+00 0.000000000000000000e+00 0.000000000000000000e+00
0.000000000000000000e+00 0.000000000000000000e+00 0.000000000000000000e+00 0.000000000000000000e+00 0.000000000000000000e+00
0.000000000000000000e+00 0.000000000000000000e+00 0.000000000000000000e+00 0.000000000000000000e+00 0.000000000000000000e+00
0.000000000000000000e+00 0.000000000000000000e+00 0.000000000000000000e+00 0.000000000000000000e+00 0.000000000000000000e+00
0.000000000000000000e+00 0.000000000000000000e+00 0.000000000000000000e+00 0.000000000000000000e+00 0.000000000000000000e+00
0.000000000000000000e+00 0.000000000000000000e+00 0.000000000000000000e+00 0.000000000000000000e+00 0.000000000000000000e+00
