0.000000000000000000e+00 0.000000000000000000e+00 1.000000000000000000e+00 0.000000000000000000e+00 0.000000000000000000e+00
1.579033732414245605e-01 1.289355516433715820e+00 1.000000000000000000e+00 0.000000000000000000e+00 0.000000000000000000e+00
-5.556431412696838379e-02 4.592802822589874268e-01 0.000000000000000000e+00 1.000000000000000000e+00 0.000000000000000000e+00
6.083085536956787109e-01 -2.070393323898315430e+00 1.000000000000000000e+00 0.000000000000000000e+00 0.000000000000000000e+00
1.667275190353393555e+00 -3.073401749134063721e-01 1.000000000000000000e+00 0.000000000000000000e+00 0.000000000000000000e+00
1.148557186126708984e+00 5.379494279623031616e-02 1.000000000000000000e+00 0.000000000000000000e+00 0.000000000000000000e+00
2.914032340049743652e-01 1.799078285694122314e-01 1.000000000000000000e+00 0.000000000000000000e+00 0.000000000000000000e+00
1.435437798500061035e-02 5.295765399932861328e-01 1.000000000000000000e+00 0.000000000000000000e+00 0.000000000000000000e+00
-3.853723704814910889e-01 9.817951917648315430e-01 1.000000000000000000e+00 0.000000000000000000e+00 0.000000000000000000e+00
-2.875761389732360840e-01 4.108743369579315186e-01 1.000000000000000000e+00 0.000000000000000000e+00 0.000000000000000000e+00
-3.509173989295959473e-01 2.470833361148834229e-01 0.000000000000000000e+00 1.000000000000000000e+00 0.000000000000000000e+00
-1.638673186302185059e+00 -1.147840619087219238e+00 1.000000000000000000e+00 0.000000000000000000e+00 0.000000000000000000e+00
9.914178252220153809e-01 -1.535516530275344849e-01 1.000000000000000000e+00 0.000000000000000000e+00 0.000000000000000000e+00
5.416270494461059570e-01 -2.307956516742706299e-01 0.000000000000000000e+00 1.000000000000000000e+00 0.000000000000000000e+00
-8.049160242080688477e-01 -1.913496613502502441e+00 1.000000000000000000e+00 0.000000000000000000e+00 0.000000000000000000e+00
-2.063827514648437500e-01 1.877524614334106445e+00 1.000000000000000000e+00 0.000000000000000000e+00 0.000000000000000000e+00
2.455661818385124207e-02 4.723514914512634277e-01 0.000000000000000000e+00 1.000000000000000000e+00 0.000000000000000000e+00
1.115582823753356934e+00 -2.496866703033447266e+00 1.000000000000000000e+00 0.000000000000000000e+00 0.000000000000000000e+00
-2.584895491600036621e-01 1.784512519836425781e+00 1.000000000000000000e+00 0.000000000000000000e+00 0.000000000000000000e+00
-1.976946443319320679e-01 6.307404041290283203e-01 0.000000000000000000e+00 1.000000000000000000e+00 0.000000000000000000e+00
-7.903811335563659668e-01 2.874728739261627197e-01 1.000000000000000000e+00 0.000000000000000000e+00 0.000000000000000000e+00
1.157325625419616699e+00 -5.106197297573089600e-02 0.000000000000000000e+00 1.000000000000000000e+00 0.000000000000000000e+00
-1.236044764518737793e+00 -2.178275346755981445e+00 0.000000000000000000e+00 0.000000000000000000e+00 1.000000000000000000e+00
-5.802228450775146484e-01 1.566013216972351074e+00 0.000000000000000000e+00 0.000000000000000000e+00 1.000000000000000000e+00
-1.484206438064575195e+00 -2.397820949554443359e-01 0.000000000000000000e+00 0.000000000000000000e+00 1.000000000000000000e+00
-1.061228036880493164e+00 -6.639053225517272949e-01 0.000000000000000000e+00 0.000000000000000000e+00 1.000000000000000000e+00
-1.052327036857604980e+00 -4.607034325599670410e-01 0.000000000000000000e+00 0.000000000000000000e+00 1.000000000000000000e+00
-1.006869316101074219e+00 -3.885496258735656738e-01 0.000000000000000000e+00 0.000000000000000000e+00 1.000000000000000000e+00
-9.834693670272827148e-01 -3.379299044609069824e-01 0.000000000000000000e+00 0.000000000000000000e+00 1.000000000000000000e+00
-9.571615457534790039e-01 -3.100638389587402344e-01 0.000000000000000000e+00 0.000000000000000000e+00 1.000000000000000000e+00
-9.385271072387695312e-01 -2.785258889198303223e-01 0.000000000000000000e+00 0.000000000000000000e+00 1.000000000000000000e+00
-9.210401773452758789e-01 -2.560440301895141602e-01 0.000000000000000000e+00 0.000000000000000000e+00 1.000000000000000000e+00
-9.078052043914794922e-01 -2.398748397827148438e-01 0.000000000000000000e+00 0.000000000000000000e+00 1.000000000000000000e+00
-8.974926471710205078e-01 -2.278017401695251465e-01 0.000000000000000000e+00 0.000000000000000000e+00 1.000000000000000000e+00
-8.882898092269897461e-01 -2.248736619949340820e-01 0.000000000000000000e+00 0.000000000000000000e+00 1.000000000000000000e+00
-8.777881860733032227e-01 -2.205731868743896484e-01 0.000000000000000000e+00 0.000000000000000000e+00 1.000000000000000000e+00
-8.659739494323730469e-01 -2.195352315902709961e-01 0.000000000000000000e+00 0.000000000000000000e+00 1.000000000000000000e+00
-8.550804853439331055e-01 -2.172172069549560547e-01 0.000000000000000000e+00 0.000000000000000000e+00 1.000000000000000000e+00
-8.463990688323974609e-01 -2.151650190353393555e-01 0.000000000000000000e+00 0.000000000000000000e+00 1.000000000000000000e+00
-8.408409357070922852e-01 -2.136588096618652344e-01 0.000000000000000000e+00 0.000000000000000000e+00 1.000000000000000000e+00
-8.388665914535522461e-01 -2.100008130073547363e-01 0.000000000000000000e+00 0.000000000000000000e+00 1.000000000000000000e+00
-8.352730274200439453e-01 -2.054966092109680176e-01 0.000000000000000000e+00 0.000000000000000000e+00 1.000000000000000000e+00
-8.286833763122558594e-01 -2.010807991027832031e-01 0.000000000000000000e+00 0.000000000000000000e+00 1.000000000000000000e+00
-8.194468021392822266e-01 -1.989609599113464355e-01 0.000000000000000000e+00 0.000000000000000000e+00 1.000000000000000000e+00
-8.097630739212036133e-01 -2.000489830970764160e-01 0.000000000000000000e+00 0.000000000000000000e+00 1.000000000000000000e+00
-8.018578290939331055e-01 -2.044554352760314941e-01 0.000000000000000000e+00 0.000000000000000000e+00 1.000000000000000000e+00
-7.964078187942504883e-01 -2.106748223304748535e-01 0.000000000000000000e+00 0.000000000000000000e+00 1.000000000000000000e+00
-7.920126914978027344e-01 -2.164525389671325684e-01 0.000000000000000000e+00 0.000000000000000000e+00 1.000000000000000000e+00
-7.881556749343872070e-01 -2.179543972015380859e-01 0.000000000000000000e+00 0.000000000000000000e+00 1.000000000000000000e+00
-7.843550443649291992e-01 -2.145254611968994141e-01 0.000000000000000000e+00 0.000000000000000000e+00 1.000000000000000000e+00
-7.799166440963745117e-01 -2.093708515167236328e-01 0.000000000000000000e+00 0.000000000000000000e+00 1.000000000000000000e+00
-7.758466005325317383e-01 -2.070086002349853516e-01 0.000000000000000000e+00 0.000000000000000000e+00 1.000000000000000000e+00
-7.740775346755981445e-01 -2.105310559272766113e-01 0.000000000000000000e+00 0.000000000000000000e+00 1.000000000000000000e+00
-7.726112604141235352e-01 -2.161861658096313477e-01 0.000000000000000000e+00 0.000000000000000000e+00 1.000000000000000000e+00
-7.697468996047973633e-01 -2.220438122749328613e-01 0.000000000000000000e+00 0.000000000000000000e+00 1.000000000000000000e+00
-7.673141956329345703e-01 -2.263275384902954102e-01 0.000000000000000000e+00 0.000000000000000000e+00 1.000000000000000000e+00
-7.625098228454589844e-01 -2.274238467216491699e-01 0.000000000000000000e+00 0.000000000000000000e+00 1.000000000000000000e+00
-7.553730010986328125e-01 -2.276613712310791016e-01 0.000000000000000000e+00 0.000000000000000000e+00 1.000000000000000000e+00
-7.498306035995483398e-01 -2.295216917991638184e-01 0.000000000000000000e+00 0.000000000000000000e+00 1.000000000000000000e+00
-7.457060813903808594e-01 -2.327057719230651855e-01 0.000000000000000000e+00 0.000000000000000000e+00 1.000000000000000000e+00
-7.422012090682983398e-01 -2.361941933631896973e-01 0.000000000000000000e+00 0.000000000000000000e+00 1.000000000000000000e+00
-7.384843826293945312e-01 -2.358908653259277344e-01 0.000000000000000000e+00 0.000000000000000000e+00 1.000000000000000000e+00
-7.358009815216064453e-01 -2.312246561050415039e-01 0.000000000000000000e+00 0.000000000000000000e+00 1.000000000000000000e+00
-7.328315973281860352e-01 -2.260096073150634766e-01 0.000000000000000000e+00 0.000000000000000000e+00 1.000000000000000000e+00
-7.288455963134765625e-01 -2.239930033683776855e-01 0.000000000000000000e+00 0.000000000000000000e+00 1.000000000000000000e+00
-7.271486520767211914e-01 -2.252671122550964355e-01 0.000000000000000000e+00 0.000000000000000000e+00 1.000000000000000000e+00
-7.253509759902954102e-01 -2.278981208801269531e-01 0.000000000000000000e+00 0.000000000000000000e+00 1.000000000000000000e+00
-7.218004465103149414e-01 -2.300752401351928711e-01 0.000000000000000000e+00 0.000000000000000000e+00 1.000000000000000000e+00
-7.204095125198364258e-01 -2.284685969352722168e-01 0.000000000000000000e+00 0.000000000000000000e+00 1.000000000000000000e+00
-7.208858728408813477e-01 -2.230108380317687988e-01 0.000000000000000000e+00 0.000000000000000000e+00 1.000000000000000000e+00
-7.203730344772338867e-01 -2.187526226043701172e-01 0.000000000000000000e+00 0.000000000000000000e+00 1.000000000000000000e+00
-7.200309038162231445e-01 -2.202423810958862305e-01 0.000000000000000000e+00 0.000000000000000000e+00 1.000000000000000000e+00
-7.194651365280151367e-01 -2.257968783378601074e-01 0.000000000000000000e+00 0.000000000000000000e+00 1.000000000000000000e+00
0.000000000000000000e+00 0.000000000000000000e+00 0.000000000000000000e+00 0.000000000000000000e+00 0.000000000000000000e+00
0.000000000000000000e+00 0.000000000000000000e+00 0.000000000000000000e+00 0.000000000000000000e+00 0.000000000000000000e+00
0.000000000000000000e+00 0.000000000000000000e+00 0.000000000000000000e+00 0.000000000000000000e+00 0.000000000000000000e+00
0.000000000000000000e+00 0.000000000000000000e+00 0.000000000000000000e+00 0.000000000000000000e+00 0.000000000000000000e+00
0.000000000000000000e+00 0.000000000000000000e+00 0.000000000000000000e+00 0.000000000000000000e+00 0.000000000000000000e+00
0.000000000000000000e+00 0.000000000000000000e+00 0.000000000000000000e+00 0.000000000000000000e+00 0.000000000000000000e+00
0.000000000000000000e+00 0.000000000000000000e+00 0.000000000000000000e+00 0.000000000000000000e+00 0.000000000000000000e+00
0.000000000000000000e+00 0.000000000000000000e+00 0.000000000000000000e+00 0.000000000000000000e+00 0.000000000000000000e+00
0.000000000000000000e+00 0.000000000000000000e+00 0.000000000000000000e+00 0.000000000000000000e+00 0.000000000000000000e+00
0.000000000000000000e+00 0.000000000000000000e+00 0.000000000000000000e+00 0.000000000000000000e+00 0.000000000000000000e+00
0.000000000000000000e+00 0.000000000000000000e+00 0.000000000000000000e+00 0.000000000000000000e+00 0.000000000000000000e+00
0.000000000000000000e+00 0.000000000000000000e+00 0.000000000000000000e+00 0.000000000000000000e+00 0.000000000000000000e+00
0.000000000000000000e+00 0.000000000000000000e+00 0.000000000000000000e+00 0.000000000000000000e+00 0.000000000000000000e+00
0.000000000000000000e+00 0.000000000000000000e+00 0.000000000000000000e+00 0.000000000000000000e+00 0.000000000000000000e+00
0.000000000000000000e+00 0.000000000000000000e+00 0.000000000000000000e+00 0.000000000000000000e+00 0.000000000000000000e+00
0.000000000000000000e+00 0.000000000000000000e+00 0.000000000000000000e+00 0.000000000000000000e+00 0.000000000000000000e+00
0.000000000000000000e+00 0.000000000000000000e+00 0.000000000000000000e+00 0.000000000000000000e+00 0.000000000000000000e+00
0.000000000000000000e+00 0.000000000000000000e+00 0.000000000000000000e+00 0.000000000000000000e+00 0.000000000000000000e+00
0.000000000000000000e+00 0.000000000000000000e+00 0.000000000000000000e+00 0.000000000000000000e+00 0.000000000000000000e+00
0.000000000000000000e+00 0.000000000000000000e+00 0.000000000000000000e+00 0.000000000000000000e+00 0.000000000000000000e+00
0.000000000000000000e+00 0.000000000000000000e+00 0.000000000000000000e+00 0.000000000000000000e+00 0.000000000000000000e+00
0.000000000000000000e+00 0.000000000000000000e+00 0.000000000000000000e+00 0.000000000000000000e+00 0.000000000000000000e+00
0.000000000000000000e+00 0.000000000000000000e+00 0.000000000000000000e+00 0.000000000000000000e+00 0.000000000000000000e+00
0.000000000000000000e+00 0.000000000000000000e+00 0.000000000000000000e+00 0.000000000000000000e+00 0.000000000000000000e+00
0.000000000000000000e+00 0.000000000000000000e+00 0.000000000000000000e+00 0.000000000000000000e+00 0.000000000000000000e+00
0.000000000000000000e+00 0.000000000000000000e+00 0.000000000000000000e+00 0.000000000000000000e+00 0.000000000000000000e+00
0.000000000000000000e+00 0.000000000000000000e+00 0.000000000000000000e+00 0.000000000000000000e+00 0.000000000000000000e+00
0.000000000000000000e+00 0.000000000000000000e+00 0.000000000000000000e+00 0.000000000000000000e+00 0.000000000000000000e+00
0.000000000000000000e+00 0.000000000000000000e+00 0.000000000000000000e+00 0.000000000000000000e+00 0.000000000000000000e+00
0.000000000000000000e+00 0.000000000000000000e+00 0.000000000000000000e+00 0.000000000000000000e+00 0.000000000000000000e+00
0.000000000000000000e+00 0.000000000000000000e+00 0.000000000000000000e+00 0.000000000000000000e+00 0.000000000000000000e+00
0.000000000000000000e+00 0.000000000000000000e+00 0.000000000000000000e+00 0.000000000000000000e+00 0.000000000000000000e+00
0.000000000000000000e+00 0.000000000000000000e+00 0.000000000000000000e+00 0.000000000000000000e+00 0.000000000000000000e+00
0.000000000000000000e+00 0.000000000000000000e+00 0.000000000000000000e+00 0.000000000000000000e+00 0.000000000000000000e+00
0.000000000000000000e+00 0.000000000000000000e+00 0.000000000000000000e+00 0.000000000000000000e+00 0.000000000000000000e+00
0.000000000000000000e+00 0.000000000000000000e+00 0.000000000000000000e+00 0.000000000000000000e+00 0.000000000000000000e+00
0.000000000000000000e+00 0.000000000000000000e+00 0.000000000000000000e+00 0.000000000000000000e+00 0.000000000000000000e+00
0.000000000000000000e+00 0.000000000000000000e+00 0.000000000000000000e+00 0.000000000000000000e+00 0.000000000000000000e+00
0.000000000000000000e+00 0.000000000000000000e+00 0.000000000000000000e+00 0.000000000000000000e+00 0.000000000000000000e+00
0.000000000000000000e+00 0.000000000000000000e+00 0.000000000000000000e+00 0.000000000000000000e+00 0.000000000000000000e+00
0.000000000000000000e+00 0.000000000000000000e+00 0.000000000000000000e+00 0.000000000000000000e+00 0.000000000000000000e+00
0.000000000000000000e+00 0.000000000000000000e+00 0.000000000000000000e+00 0.000000000000000000e+00 0.000000000000000000e+00
0.000000000000000000e+00 0.000000000000000000e+00 0.000000000000000000e+00 0.000000000000000000e+00 0.000000000000000000e+00
0.000000000000000000e+00 0.000000000000000000e+00 0.000000000000000000e+00 0.000000000000000000e+00 0.000000000000000000e+00
0.000000000000000000e+00 0.000000000000000000e+00 0.000000000000000000e+00 0.000000000000000000e+00 0.000000000000000000e+00
0.000000000000000000e+00 0.000000000000000000e+00 0.000000000000000000e+00 0.000000000000000000e+00 0.000000000000000000e+00
0.000000000000000000e+00 0.000000000000000000e+00 0.000000000000000000e+00 0.000000000000000000e+00 0.000000000000000000e+00
0.000000000000000000e+00 0.000000000000000000e+00 0.000000000000000000e+00 0.000000000000000000e+00 0.000000000000000000e+00
