0.000000000000000000e+00 0.000000000000000000e+00 1.000000000000000000e+00 0.000000000000000000e+00 0.000000000000000000e+00
2.867899537086486816e-01 2.403071522712707520e-01 1.000000000000000000e+00 0.000000000000000000e+00 0.000000000000000000e+00
2.650457024574279785e-01 4.865427315235137939e-02 0.000000000000000000e+00 1.000000000000000000e+00 0.000000000000000000e+00
6.644226908683776855e-01 -4.314404129981994629e-01 1.000000000000000000e+00 0.000000000000000000e+00 0.000000000000000000e+00
-1.148670196533203125e+00 8.757103681564331055e-01 1.000000000000000000e+00 0.000000000000000000e+00 0.000000000000000000e+00
8.516870737075805664e-01 -1.069544777274131775e-01 1.000000000000000000e+00 0.000000000000000000e+00 0.000000000000000000e+00
1.802849769592285156e-01 4.376571998000144958e-02 0.000000000000000000e+00 1.000000000000000000e+00 0.000000000000000000e+00
-8.218449354171752930e-01 3.983076214790344238e-01 1.000000000000000000e+00 0.000000000000000000e+00 0.000000000000000000e+00
-1.557765752077102661e-01 1.369472444057464600e-01 1.000000000000000000e+00 0.000000000000000000e+00 0.000000000000000000e+00
-7.832706719636917114e-02 4.183250665664672852e-01 1.000000000000000000e+00 0.000000000000000000e+00 0.000000000000000000e+00
7.320745289325714111e-02 1.131093055009841919e-01 1.000000000000000000e+00 0.000000000000000000e+00 0.000000000000000000e+00
2.688184380531311035e-01 6.140813976526260376e-02 1.000000000000000000e+00 0.000000000000000000e+00 0.000000000000000000e+00
7.290528416633605957e-01 -2.345197349786758423e-01 1.000000000000000000e+00 0.000000000000000000e+00 0.000000000000000000e+00
9.627505391836166382e-02 1.038648188114166260e-01 1.000000000000000000e+00 0.000000000000000000e+00 0.000000000000000000e+00
-8.215122669935226440e-02 2.856888771057128906e-01 1.000000000000000000e+00 0.000000000000000000e+00 0.000000000000000000e+00
-1.034214720129966736e-01 9.268399327993392944e-02 0.000000000000000000e+00 1.000000000000000000e+00 0.000000000000000000e+00
-3.048630356788635254e-01 -8.392374515533447266e-01 1.000000000000000000e+00 0.000000000000000000e+00 0.000000000000000000e+00
-2.576496899127960205e-01 1.149636983871459961e+00 1.000000000000000000e+00 0.000000000000000000e+00 0.000000000000000000e+00
-3.414078354835510254e-01 6.854603290557861328e-01 1.000000000000000000e+00 0.000000000000000000e+00 0.000000000000000000e+00
-1.435613930225372314e-01 1.387561857700347900e-01 0.000000000000000000e+00 1.000000000000000000e+00 0.000000000000000000e+00
1.909334659576416016e+00 -2.443252563476562500e+00 1.000000000000000000e+00 0.000000000000000000e+00 0.000000000000000000e+00
-1.424147188663482666e-01 9.803316593170166016e-01 1.000000000000000000e+00 0.000000000000000000e+00 0.000000000000000000e+00
-1.061593145132064819e-01 3.166441321372985840e-01 1.000000000000000000e+00 0.000000000000000000e+00 0.000000000000000000e+00
-1.313544511795043945e-01 1.675782203674316406e-01 0.000000000000000000e+00 1.000000000000000000e+00 0.000000000000000000e+00
6.024278402328491211e-01 -1.900488138198852539e+00 1.000000000000000000e+00 0.000000000000000000e+00 0.000000000000000000e+00
5.967952609062194824e-01 -9.681332111358642578e-02 1.000000000000000000e+00 0.000000000000000000e+00 0.000000000000000000e+00
1.911414265632629395e-01 1.131668686866760254e-01 1.000000000000000000e+00 0.000000000000000000e+00 0.000000000000000000e+00
-8.815328776836395264e-02 1.819650650024414062e+00 1.000000000000000000e+00 0.000000000000000000e+00 0.000000000000000000e+00
-1.140794530510902405e-01 4.752572178840637207e-01 1.000000000000000000e+00 0.000000000000000000e+00 0.000000000000000000e+00
-1.014464050531387329e-01 9.533892571926116943e-02 1.000000000000000000e+00 0.000000000000000000e+00 0.000000000000000000e+00
-1.802154034376144409e-01 -3.186003863811492920e-02 0.000000000000000000e+00 1.000000000000000000e+00 0.000000000000000000e+00
-2.315032333135604858e-01 -1.448632359504699707e+00 1.000000000000000000e+00 0.000000000000000000e+00 0.000000000000000000e+00
3.175768852233886719e-01 7.685288786888122559e-03 1.000000000000000000e+00 0.000000000000000000e+00 0.000000000000000000e+00
-2.735539525747299194e-02 8.485251665115356445e-02 0.000000000000000000e+00 1.000000000000000000e+00 0.000000000000000000e+00
-2.777161002159118652e-01 3.782306909561157227e-01 1.000000000000000000e+00 0.000000000000000000e+00 0.000000000000000000e+00
5.127602815628051758e-01 -5.800177156925201416e-02 1.000000000000000000e+00 0.000000000000000000e+00 0.000000000000000000e+00
3.347197175025939941e-01 -1.456132084131240845e-01 0.000000000000000000e+00 1.000000000000000000e+00 0.000000000000000000e+00
-1.579021453857421875e+00 -1.556360483169555664e+00 0.000000000000000000e+00 0.000000000000000000e+00 1.000000000000000000e+00
-3.614138960838317871e-01 1.158670663833618164e+00 0.000000000000000000e+00 0.000000000000000000e+00 1.000000000000000000e+00
-1.327561616897583008e+00 -3.673002123832702637e-01 0.000000000000000000e+00 0.000000000000000000e+00 1.000000000000000000e+00
-9.471062421798706055e-01 -2.456940412521362305e-01 0.000000000000000000e+00 0.000000000000000000e+00 1.000000000000000000e+00
-9.991858005523681641e-01 -3.596637845039367676e-01 0.000000000000000000e+00 0.000000000000000000e+00 1.000000000000000000e+00
-9.384021759033203125e-01 -2.995904684066772461e-01 0.000000000000000000e+00 0.000000000000000000e+00 1.000000000000000000e+00
-9.272732734680175781e-01 -3.059445619583129883e-01 0.000000000000000000e+00 0.000000000000000000e+00 1.000000000000000000e+00
-9.047932624816894531e-01 -2.951852083206176758e-01 0.000000000000000000e+00 0.000000000000000000e+00 1.000000000000000000e+00
-8.905293941497802734e-01 -2.908610701560974121e-01 0.000000000000000000e+00 0.000000000000000000e+00 1.000000000000000000e+00
-8.754527568817138672e-01 -2.868856191635131836e-01 0.000000000000000000e+00 0.000000000000000000e+00 1.000000000000000000e+00
-8.623338937759399414e-01 -2.881264686584472656e-01 0.000000000000000000e+00 0.000000000000000000e+00 1.000000000000000000e+00
-8.577181100845336914e-01 -2.857362627983093262e-01 0.000000000000000000e+00 0.000000000000000000e+00 1.000000000000000000e+00
-8.546442985534667969e-01 -2.804253697395324707e-01 0.000000000000000000e+00 0.000000000000000000e+00 1.000000000000000000e+00
-8.492604494094848633e-01 -2.778746485710144043e-01 0.000000000000000000e+00 0.000000000000000000e+00 1.000000000000000000e+00
-8.414742946624755859e-01 -2.773315906524658203e-01 0.000000000000000000e+00 0.000000000000000000e+00 1.000000000000000000e+00
-8.321278095245361328e-01 -2.855038046836853027e-01 0.000000000000000000e+00 0.000000000000000000e+00 1.000000000000000000e+00
-8.235924243927001953e-01 -2.935378551483154297e-01 0.000000000000000000e+00 0.000000000000000000e+00 1.000000000000000000e+00
-8.158724308013916016e-01 -2.979306578636169434e-01 0.000000000000000000e+00 0.000000000000000000e+00 1.000000000000000000e+00
0.000000000000000000e+00 0.000000000000000000e+00 0.000000000000000000e+00 0.000000000000000000e+00 0.000000000000000000e+00
0.000000000000000000e+00 0.000000000000000000e+00 0.000000000000000000e+00 0.000000000000000000e+00 0.000000000000000000e+00
0.000000000000000000e+00 0.000000000000000000e+00 0.000000000000000000e+00 0.000000000000000000e+00 0.000000000000000000e+00
0.000000000000000000e+00 0.000000000000000000e+00 0.000000000000000000e+00 0.000000000000000000e+00 0.000000000000000000e+00
0.000000000000000000e+00 0.000000000000000000e+00 0.000000000000000000e+00 0.000000000000000000e+00 0.000000000000000000e+00
0.000000000000000000e+00 0.000000000000000000e+00 0.000000000000000000e+00 0.000000000000000000e+00 0.000000000000000000e+00
0.000000000000000000e+00 0.000000000000000000e+00 0.000000000000000000e+00 0.000000000000000000e+00 0.000000000000000000e+00
0.000000000000000000e+00 0.000000000000000000e+00 0.000000000000000000e+00 0.000000000000000000e+00 0.000000000000000000e+00
0.000000000000000000e+00 0.000000000000000000e+00 0.000000000000000000e+00 0.000000000000000000e+00 0.000000000000000000e+00
0.000000000000000000e+00 0.000000000000000000e+00 0.000000000000000000e+00 0.000000000000000000e+00 0.000000000000000000e+00
0.000000000000000000e+00 0.000000000000000000e+00 0.000000000000000000e+00 0.000000000000000000e+00 0.000000000000000000e+00
0.000000000000000000e+00 0.000000000000000000e+00 0.000000000000000000e+00 0.000000000000000000e+00 0.000000000000000000e+00
0.000000000000000000e+00 0.000000000000000000e+00 0.000000000000000000e+00 0.000000000000000000e+00 0.000000000000000000e+00
0.000000000000000000e+00 0.000000000000000000e+00 0.000000000000000000e+00 0.000000000000000000e+00 0.000000000000000000e+00
0.000000000000000000e+00 0.000000000000000000e+00 0.000000000000000000e+00 0.000000000000000000e+00 0.000000000000000000e+00
0.000000000000000000e+00 0.000000000000000000e+00 0.000000000000000000e+00 0.000000000000000000e+00 0.000000000000000000e+00
0.000000000000000000e+00 0.000000000000000000e+00 0.000000000000000000e+00 0.000000000000000000e+00 0.000000000000000000e+00
0.000000000000000000e+00 0.000000000000000000e+00 0.000000000000000000e+00 0.000000000000000000e+00 0.000000000000000000e+00
0.000000000000000000e+00 0.000000000000000000e+00 0.000000000000000000e+00 0.000000000000000000e+00 0.000000000000000000e+00
0.000000000000000000e+00 0.000000000000000000e+00 0.000000000000000000e+00 0.000000000000000000e+00 0.000000000000000000e+00
0.000000000000000000e+00 0.000000000000000000e+00 0.000000000000000000e+00 0.000000000000000000e+00 0.000000000000000000e+00
0.000000000000000000e+00 0.000000000000000000e+00 0.000000000000000000e+00 0.000000000000000000e+00 0.000000000000000000e+00
0.000000000000000000e+00 0.000000000000000000e+00 0.000000000000000000e+00 0.000000000000000000e+00 0.000000000000000000e+00
0.000000000000000000e+00 0.000000000000000000e+00 0.000000000000000000e+00 0.000000000000000000e+00 0.000000000000000000e+00
0.000000000000000000e+00 0.000000000000000000e+00 0.000000000000000000e+00 0.000000000000000000e+00 0.000000000000000000e+00
0.000000000000000000e+00 0.000000000000000000e+00 0.000000000000000000e+00 0.000000000000000000e+00 0.000000000000000000e+00
0.000000000000000000e+00 0.000000000000000000e+00 0.000000000000000000e+00 0.000000000000000000e+00 0.000000000000000000e+00
0.000000000000000000e+00 0.000000000000000000e+00 0.000000000000000000e+00 0.000000000000000000e+00 0.000000000000000000e+00
0.000000000000000000e+00 0.000000000000000000e+00 0.000000000000000000e+00 0.000000000000000000e+00 0.000000000000000000e+00
0.000000000000000000e+00 0.000000000000000000e+00 0.000000000000000000e+00 0.000000000000000000e+00 0.000000000000000000e+00
0.000000000000000000e+00 0.000000000000000000e+00 0.000000000000000000e+00 0.000000000000000000e+00 0.000000000000000000e+00
0.000000000000000000e+00 0.000000000000000000e+00 0.000000000000000000e+00 0.000000000000000000e+00 0.000000000000000000e+00
0.000000000000000000e+00 0.000000000000000000e+00 0.000000000000000000e+00 0.000000000000000000e+00 0.000000000000000000e+00
0.000000000000000000e+00 0.000000000000000000e+00 0.000000000000000000e+00 0.000000000000000000e+00 0.000000000000000000e+00
0.000000000000000000e+00 0.000000000000000000e+00 0.000000000000000000e+00 0.000000000000000000e+00 0.000000000000000000e+00
0.000000000000000000e+00 0.000000000000000000e+00 0.000000000000000000e+00 0.000000000000000000e+00 0.000000000000000000e+00
0.000000000000000000e+00 0.000000000000000000e+00 0.000000000000000000e+00 0.000000000000000000e+00 0.000000000000000000e+00
0.000000000000000000e+00 0.000000000000000000e+00 0.000000000000000000e+00 0.000000000000000000e+00 0.000000000000000000e+00
0.000000000000000000e+00 0.000000000000000000e+00 0.000000000000000000e+00 0.000000000000000000e+00 0.000000000000000000e+00
0.000000000000000000e+00 0.000000000000000000e+00 0.000000000000000000e+00 0.000000000000000000e+00 0.000000000000000000e+00
0.000000000000000000e+00 0.000000000000000000e+00 0.000000000000000000e+00 0.000000000000000000e+00 0.000000000000000000e+00
0.000000000000000000e+00 0.000000000000000000e+00 0.000000000000000000e+00 0.000000000000000000e+00 0.000000000000000000e+00
0.000000000000000000e+00 0.000000000000000000e+00 0.000000000000000000e+00 0.000000000000000000e+00 0.000000000000000000e+00
0.000000000000000000e+00 0.000000000000000000e+00 0.000000000000000000e+00 0.000000000000000000e+00 0.000000000000000000e+00
0.000000000000000000e+00 0.000000000000000000e+00 0.000000000000000000e+00 0.000000000000000000e+00 0.000000000000000000e+00
0.000000000000000000e+00 0.000000000000000000e+00 0.000000000000000000e+00 0.000000000000000000e+00 0.000000000000000000e+00
0.000000000000000000e+00 0.000000000000000000e+00 0.000000000000000000e+00 0.000000000000000000e+00 0.000000000000000000e+00
0.000000000000000000e+00 0.000000000000000000e+00 0.000000000000000000e+00 0.000000000000000000e+00 0.000000000000000000e+00
0.000000000000000000e+00 0.000000000000000000e+00 0.000000000000000000e+00 0.000000000000000000e+00 0.000000000000000000e+00
0.000000000000000000e+00 0.000000000000000000e+00 0.000000000000000000e+00 0.000000000000000000e+00 0.000000000000000000e+00
0.000000000000000000e+00 0.000000000000000000e+00 0.000000000000000000e+00 0.000000000000000000e+00 0.000000000000000000e+00
0.000000000000000000e+00 0.000000000000000000e+00 0.000000000000000000e+00 0.000000000000000000e+00 0.000000000000000000e+00
0.000000000000000000e+00 0.000000000000000000e+00 0.000000000000000000e+00 0.000000000000000000e+00 0.000000000000000000e+00
0.000000000000000000e+00 0.000000000000000000e+00 0.000000000000000000e+00 0.000000000000000000e+00 0.000000000000000000e+00
0.000000000000000000e+00 0.000000000000000000e+00 0.000000000000000000e+00 0.000000000000000000e+00 0.000000000000000000e+00
0.000000000000000000e+00 0.000000000000000000e+00 0.000000000000000000e+00 0.000000000000000000e+00 0.000000000000000000e+00
0.000000000000000000e+00 0.000000000000000000e+00 0.000000000000000000e+00 0.000000000000000000e+00 0.000000000000000000e+00
0.000000000000000000e+00 0.000000000000000000e+00 0.000000000000000000e+00 0.000000000000000000e+00 0.000000000000000000e+00
0.000000000000000000e+00 0.000000000000000000e+00 0.000000000000000000e+00 0.000000000000000000e+00 0.000000000000000000e+00
0.000000000000000000e+00 0.000000000000000000e+00 0.000000000000000000e+00 0.000000000000000000e+00 0.000000000000000000e+00
0.000000000000000000e+00 0.000000000000000000e+00 0.000000000000000000e+00 0.000000000000000000e+00 0.000000000000000000e+00
0.000000000000000000e+00 0.000000000000000000e+00 0.000000000000000000e+00 0.000000000000000000e+00 0.000000000000000000e+00
0.000000000000000000e+00 0.000000000000000000e+00 0.000000000000000000e+00 0.000000000000000000e+00 0.000000000000000000e+00
0.000000000000000000e+00 0.000000000000000000e+00 0.000000000000000000e+00 0.000000000000000000e+00 0.000000000000000000e+00
0.000000000000000000e+00 0.000000000000000000e+00 0.000000000000000000e+00 0.000000000000000000e+00 0.000000000000000000e+00
0.000000000000000000e+00 0.000000000000000000e+00 0.000000000000000000e+00 0.000000000000000000e+00 0.000000000000000000e+00
