0.000000000000000000e+00 0.000000000000000000e+00 1.000000000000000000e+00 0.000000000000000000e+00 0.000000000000000000e+00
7.891506552696228027e-01 -1.946747750043869019e-01 1.000000000000000000e+00 0.000000000000000000e+00 0.000000000000000000e+00
4.193326234817504883e-01 -2.049504220485687256e-01 0.000000000000000000e+00 1.000000000000000000e+00 0.000000000000000000e+00
-5.344020724296569824e-01 -5.012435317039489746e-01 1.000000000000000000e+00 0.000000000000000000e+00 0.000000000000000000e+00
1.144202277064323425e-01 6.464914083480834961e-01 1.000000000000000000e+00 0.000000000000000000e+00 0.000000000000000000e+00
-4.369518533349037170e-02 9.133533239364624023e-01 1.000000000000000000e+00 0.000000000000000000e+00 0.000000000000000000e+00
-7.045622915029525757e-02 3.341022729873657227e-01 1.000000000000000000e+00 0.000000000000000000e+00 0.000000000000000000e+00
-9.787364304065704346e-02 1.565923094749450684e-01 0.000000000000000000e+00 1.000000000000000000e+00 0.000000000000000000e+00
-1.151475831866264343e-01 -7.785593271255493164e-01 1.000000000000000000e+00 0.000000000000000000e+00 0.000000000000000000e+00
-5.444852113723754883e-01 5.706926584243774414e-01 1.000000000000000000e+00 0.000000000000000000e+00 0.000000000000000000e+00
-1.657406687736511230e-01 3.253622055053710938e-01 0.000000000000000000e+00 1.000000000000000000e+00 0.000000000000000000e+00
1.110196590423583984e+00 -6.793794035911560059e-01 1.000000000000000000e+00 0.000000000000000000e+00 0.000000000000000000e+00
1.703217625617980957e-01 7.469545304775238037e-02 1.000000000000000000e+00 0.000000000000000000e+00 0.000000000000000000e+00
1.190156340599060059e-01 2.250941097736358643e-01 0.000000000000000000e+00 1.000000000000000000e+00 0.000000000000000000e+00
3.756824135780334473e-01 -9.880729317665100098e-01 1.000000000000000000e+00 0.000000000000000000e+00 0.000000000000000000e+00
-1.158831715583801270e-01 1.071564197540283203e+00 1.000000000000000000e+00 0.000000000000000000e+00 0.000000000000000000e+00
-7.765294611454010010e-02 2.636164724826812744e-01 0.000000000000000000e+00 1.000000000000000000e+00 0.000000000000000000e+00
4.429382979869842529e-01 -1.543285846710205078e+00 1.000000000000000000e+00 0.000000000000000000e+00 0.000000000000000000e+00
8.387166261672973633e-01 -1.608539819717407227e-01 1.000000000000000000e+00 0.000000000000000000e+00 0.000000000000000000e+00
2.972204089164733887e-01 5.816190689802169800e-02 1.000000000000000000e+00 0.000000000000000000e+00 0.000000000000000000e+00
8.401352912187576294e-02 1.152054518461227417e-01 1.000000000000000000e+00 0.000000000000000000e+00 0.000000000000000000e+00
3.413524478673934937e-02 5.328398942947387695e-01 1.000000000000000000e+00 0.000000000000000000e+00 0.000000000000000000e+00
-1.936810612678527832e-01 1.207172632217407227e+00 1.000000000000000000e+00 0.000000000000000000e+00 0.000000000000000000e+00
-8.008354157209396362e-02 1.374885141849517822e-01 1.000000000000000000e+00 0.000000000000000000e+00 0.000000000000000000e+00
-1.051164269447326660e-01 1.554942503571510315e-02 0.000000000000000000e+00 1.000000000000000000e+00 0.000000000000000000e+00
-2.440946698188781738e-01 -2.591733455657958984e+00 1.000000000000000000e+00 0.000000000000000000e+00 0.000000000000000000e+00
-4.711300134658813477e-01 1.181133747100830078e+00 1.000000000000000000e+00 0.000000000000000000e+00 0.000000000000000000e+00
-4.033348560333251953e-01 6.389108896255493164e-01 1.000000000000000000e+00 0.000000000000000000e+00 0.000000000000000000e+00
-2.135096490383148193e-01 1.654707491397857666e-01 0.000000000000000000e+00 1.000000000000000000e+00 0.000000000000000000e+00
6.990123987197875977e-01 -5.437113642692565918e-01 1.000000000000000000e+00 0.000000000000000000e+00 0.000000000000000000e+00
4.272679686546325684e-01 3.390774726867675781e-01 1.000000000000000000e+00 0.000000000000000000e+00 0.000000000000000000e+00
2.976941764354705811e-01 1.103901565074920654e-01 0.000000000000000000e+00 1.000000000000000000e+00 0.000000000000000000e+00
-1.333537340164184570e+00 -1.866744041442871094e+00 0.000000000000000000e+00 0.000000000000000000e+00 1.000000000000000000e+00
-4.460654258728027344e-01 1.103898882865905762e+00 0.000000000000000000e+00 0.000000000000000000e+00 1.000000000000000000e+00
-1.188029885292053223e+00 -2.910295128822326660e-01 0.000000000000000000e+00 0.000000000000000000e+00 1.000000000000000000e+00
-8.840730190277099609e-01 -2.663976550102233887e-01 0.000000000000000000e+00 0.000000000000000000e+00 1.000000000000000000e+00
-9.025568962097167969e-01 -3.396553397178649902e-01 0.000000000000000000e+00 0.000000000000000000e+00 1.000000000000000000e+00
-8.527548313140869141e-01 -3.200256228446960449e-01 0.000000000000000000e+00 0.000000000000000000e+00 1.000000000000000000e+00
-8.343584537506103516e-01 -3.324621319770812988e-01 0.000000000000000000e+00 0.000000000000000000e+00 1.000000000000000000e+00
-8.114078044891357422e-01 -3.238340020179748535e-01 0.000000000000000000e+00 0.000000000000000000e+00 1.000000000000000000e+00
-7.949538230895996094e-01 -3.029745817184448242e-01 0.000000000000000000e+00 0.000000000000000000e+00 1.000000000000000000e+00
-7.826956510543823242e-01 -2.883696556091308594e-01 0.000000000000000000e+00 0.000000000000000000e+00 1.000000000000000000e+00
-7.772674560546875000e-01 -2.812971472740173340e-01 0.000000000000000000e+00 0.000000000000000000e+00 1.000000000000000000e+00
-7.714753150939941406e-01 -2.761349081993103027e-01 0.000000000000000000e+00 0.000000000000000000e+00 1.000000000000000000e+00
-7.633589506149291992e-01 -2.745258212089538574e-01 0.000000000000000000e+00 0.000000000000000000e+00 1.000000000000000000e+00
-7.526804208755493164e-01 -2.789648175239562988e-01 0.000000000000000000e+00 0.000000000000000000e+00 1.000000000000000000e+00
-7.416040897369384766e-01 -2.866702079772949219e-01 0.000000000000000000e+00 0.000000000000000000e+00 1.000000000000000000e+00
-7.329549789428710938e-01 -2.915418744087219238e-01 0.000000000000000000e+00 0.000000000000000000e+00 1.000000000000000000e+00
-7.259124517440795898e-01 -2.924276590347290039e-01 0.000000000000000000e+00 0.000000000000000000e+00 1.000000000000000000e+00
-7.190296649932861328e-01 -2.903479337692260742e-01 0.000000000000000000e+00 0.000000000000000000e+00 1.000000000000000000e+00
-7.111979722976684570e-01 -2.888084053993225098e-01 0.000000000000000000e+00 0.000000000000000000e+00 1.000000000000000000e+00
-7.070590257644653320e-01 -2.868823409080505371e-01 0.000000000000000000e+00 0.000000000000000000e+00 1.000000000000000000e+00
-7.049715518951416016e-01 -2.878103852272033691e-01 0.000000000000000000e+00 0.000000000000000000e+00 1.000000000000000000e+00
-7.024326324462890625e-01 -2.907662987709045410e-01 0.000000000000000000e+00 0.000000000000000000e+00 1.000000000000000000e+00
-7.010381221771240234e-01 -2.928465008735656738e-01 0.000000000000000000e+00 0.000000000000000000e+00 1.000000000000000000e+00
-6.993421912193298340e-01 -2.915573716163635254e-01 0.000000000000000000e+00 0.000000000000000000e+00 1.000000000000000000e+00
-6.917269229888916016e-01 -2.921652197837829590e-01 0.000000000000000000e+00 0.000000000000000000e+00 1.000000000000000000e+00
-6.781408190727233887e-01 -3.001812100410461426e-01 0.000000000000000000e+00 0.000000000000000000e+00 1.000000000000000000e+00
0.000000000000000000e+00 0.000000000000000000e+00 0.000000000000000000e+00 0.000000000000000000e+00 0.000000000000000000e+00
0.000000000000000000e+00 0.000000000000000000e+00 0.000000000000000000e+00 0.000000000000000000e+00 0.000000000000000000e+00
0.000000000000000000e+00 0.000000000000000000e+00 0.000000000000000000e+00 0.000000000000000000e+00 0.000000000000000000e+00
0.000000000000000000e+00 0.000000000000000000e+00 0.000000000000000000e+00 0.000000000000000000e+00 0.000000000000000000e+00
0.000000000000000000e+00 0.000000000000000000e+00 0.000000000000000000e+00 0.000000000000000000e+00 0.000000000000000000e+00
0.000000000000000000e+00 0.000000000000000000e+00 0.000000000000000000e+00 0.000000000000000000e+00 0.000000000000000000e+00
0.000000000000000000e+00 0.000000000000000000e+00 0.000000000000000000e+00 0.000000000000000000e+00 0.000000000000000000e+00
0.000000000000000000e+00 0.000000000000000000e+00 0.000000000000000000e+00 0.000000000000000000e+00 0.000000000000000000e+00
0.000000000000000000e+00 0.000000000000000000e+00 0.000000000000000000e+00 0.000000000000000000e+00 0.000000000000000000e+00
0.000000000000000000e+00 0.000000000000000000e+00 0.000000000000000000e+00 0.000000000000000000e+00 0.000000000000000000e+00
0.000000000000000000e+00 0.000000000000000000e+00 0.000000000000000000e+00 0.000000000000000000e+00 0.000000000000000000e+00
0.000000000000000000e+00 0.000000000000000000e+00 0.000000000000000000e+00 0.000000000000000000e+00 0.000000000000000000e+00
0.000000000000000000e+00 0.000000000000000000e+00 0.000000000000000000e+00 0.000000000000000000e+00 0.000000000000000000e+00
0.000000000000000000e+00 0.000000000000000000e+00 0.000000000000000000e+00 0.000000000000000000e+00 0.000000000000000000e+00
0.000000000000000000e+00 0.000000000000000000e+00 0.000000000000000000e+00 0.000000000000000000e+00 0.000000000000000000e+00
0.000000000000000000e+00 0.000000000000000000e+00 0.000000000000000000e+00 0.000000000000000000e+00 0.000000000000000000e+00
0.000000000000000000e+00 0.000000000000000000e+00 0.000000000000000000e+00 0.000000000000000000e+00 0.000000000000000000e+00
0.000000000000000000e+00 0.000000000000000000e+00 0.000000000000000000e+00 0.000000000000000000e+00 0.000000000000000000e+00
0.000000000000000000e+00 0.000000000000000000e+00 0.000000000000000000e+00 0.000000000000000000e+00 0.000000000000000000e+00
0.000000000000000000e+00 0.000000000000000000e+00 0.000000000000000000e+00 0.000000000000000000e+00 0.000000000000000000e+00
0.000000000000000000e+00 0.000000000000000000e+00 0.000000000000000000e+00 0.000000000000000000e+00 0.000000000000000000e+00
0.000000000000000000e+00 0.000000000000000000e+00 0.000000000000000000e+00 0.000000000000000000e+00 0.000000000000000000e+00
0.000000000000000000e+00 0.000000000000000000e+00 0.000000000000000000e+00 0.000000000000000000e+00 0.000000000000000000e+00
0.000000000000000000e+00 0.000000000000000000e+00 0.000000000000000000e+00 0.000000000000000000e+00 0.000000000000000000e+00
0.000000000000000000e+00 0.000000000000000000e+00 0.000000000000000000e+00 0.000000000000000000e+00 0.000000000000000000e+00
0.000000000000000000e+00 0.000000000000000000e+00 0.000000000000000000e+00 0.000000000000000000e+00 0.000000000000000000e+00
0.000000000000000000e+00 0.000000000000000000e+00 0.000000000000000000e+00 0.000000000000000000e+00 0.000000000000000000e+00
0.000000000000000000e+00 0.000000000000000000e+00 0.000000000000000000e+00 0.000000000000000000e+00 0.000000000000000000e+00
0.000000000000000000e+00 0.000000000000000000e+00 0.000000000000000000e+00 0.000000000000000000e+00 0.000000000000000000e+00
0.000000000000000000e+00 0.000000000000000000e+00 0.000000000000000000e+00 0.000000000000000000e+00 0.000000000000000000e+00
0.000000000000000000e+00 0.000000000000000000e+00 0.000000000000000000e+00 0.000000000000000000e+00 0.000000000000000000e+00
0.000000000000000000e+00 0.000000000000000000e+00 0.000000000000000000e+00 0.000000000000000000e+00 0.000000000000000000e+00
0.000000000000000000e+00 0.000000000000000000e+00 0.000000000000000000e+00 0.000000000000000000e+00 0.000000000000000000e+00
0.000000000000000000e+00 0.000000000000000000e+00 0.000000000000000000e+00 0.000000000000000000e+00 0.000000000000000000e+00
0.000000000000000000e+00 0.000000000000000000e+00 0.000000000000000000e+00 0.000000000000000000e+00 0.000000000000000000e+00
0.000000000000000000e+00 0.000000000000000000e+00 0.000000000000000000e+00 0.000000000000000000e+00 0.000000000000000000e+00
0.000000000000000000e+00 0.000000000000000000e+00 0.000000000000000000e+00 0.000000000000000000e+00 0.000000000000000000e+00
0.000000000000000000e+00 0.000000000000000000e+00 0.000000000000000000e+00 0.000000000000000000e+00 0.000000000000000000e+00
0.000000000000000000e+00 0.000000000000000000e+00 0.000000000000000000e+00 0.000000000000000000e+00 0.000000000000000000e+00
0.000000000000000000e+00 0.000000000000000000e+00 0.000000000000000000e+00 0.000000000000000000e+00 0.000000000000000000e+00
0.000000000000000000e+00 0.000000000000000000e+00 0.000000000000000000e+00 0.000000000000000000e+00 0.000000000000000000e+00
0.000000000000000000e+00 0.000000000000000000e+00 0.000000000000000000e+00 0.000000000000000000e+00 0.000000000000000000e+00
0.000000000000000000e+00 0.000000000000000000e+00 0.000000000000000000e+00 0.000000000000000000e+00 0.000000000000000000e+00
0.000000000000000000e+00 0.000000000000000000e+00 0.000000000000000000e+00 0.000000000000000000e+00 0.000000000000000000e+00
0.000000000000000000e+00 0.000000000000000000e+00 0.000000000000000000e+00 0.000000000000000000e+00 0.000000000000000000e+00
0.000000000000000000e+00 0.000000000000000000e+00 0.000000000000000000e+00 0.000000000000000000e+00 0.000000000000000000e+00
0.000000000000000000e+00 0.000000000000000000e+00 0.000000000000000000e+00 0.000000000000000000e+00 0.000000000000000000e+00
0.000000000000000000e+00 0.000000000000000000e+00 0.000000000000000000e+00 0.000000000000000000e+00 0.000000000000000000e+00
0.000000000000000000e+00 0.000000000000000000e+00 0.000000000000000000e+00 0.000000000000000000e+00 0.000000000000000000e+00
0.000000000000000000e+00 0.000000000000000000e+00 0.000000000000000000e+00 0.000000000000000000e+00 0.000000000000000000e+00
0.000000000000000000e+00 0.000000000000000000e+00 0.000000000000000000e+00 0.000000000000000000e+00 0.000000000000000000e+00
0.000000000000000000e+00 0.000000000000000000e+00 0.000000000000000000e+00 0.000000000000000000e+00 0.000000000000000000e+00
0.000000000000000000e+00 0.000000000000000000e+00 0.000000000000000000e+00 0.000000000000000000e+00 0.000000000000000000e+00
0.000000000000000000e+00 0.000000000000000000e+00 0.000000000000000000e+00 0.000000000000000000e+00 0.000000000000000000e+00
0.000000000000000000e+00 0.000000000000000000e+00 0.000000000000000000e+00 0.000000000000000000e+00 0.000000000000000000e+00
0.000000000000000000e+00 0.000000000000000000e+00 0.000000000000000000e+00 0.000000000000000000e+00 0.000000000000000000e+00
0.000000000000000000e+00 0.000000000000000000e+00 0.000000000000000000e+00 0.000000000000000000e+00 0.000000000000000000e+00
0.000000000000000000e+00 0.000000000000000000e+00 0.000000000000000000e+00 0.000000000000000000e+00 0.000000000000000000e+00
0.000000000000000000e+00 0.000000000000000000e+00 0.000000000000000000e+00 0.000000000000000000e+00 0.000000000000000000e+00
0.000000000000000000e+00 0.000000000000000000e+00 0.000000000000000000e+00 0.000000000000000000e+00 0.000000000000000000e+00
0.000000000000000000e+00 0.000000000000000000e+00 0.000000000000000000e+00 0.000000000000000000e+00 0.000000000000000000e+00
0.000000000000000000e+00 0.000000000000000000e+00 0.000000000000000000e+00 0.000000000000000000e+00 0.000000000000000000e+00
0.000000000000000000e+00 0.000000000000000000e+00 0.000000000000000000e+00 0.000000000000000000e+00 0.000000000000000000e+00
