0.000000000000000000e+00 0.000000000000000000e+00 1.000000000000000000e+00 0.000000000000000000e+00 0.000000000000000000e+00
-1.192359209060668945e+00 1.493961691856384277e+00 1.000000000000000000e+00 0.000000000000000000e+00 0.000000000000000000e+00
-9.167050719261169434e-01 7.898641824722290039e-01 1.000000000000000000e+00 0.000000000000000000e+00 0.000000000000000000e+00
-4.728056490421295166e-01 2.037299871444702148e-01 1.000000000000000000e+00 0.000000000000000000e+00 0.000000000000000000e+00
-1.282166540622711182e-01 -1.084657832980155945e-01 1.000000000000000000e+00 0.000000000000000000e+00 0.000000000000000000e+00
1.254790276288986206e-01 -2.465556263923645020e-01 1.000000000000000000e+00 0.000000000000000000e+00 0.000000000000000000e+00
8.336101770401000977e-01 -4.731169342994689941e-01 1.000000000000000000e+00 0.000000000000000000e+00 0.000000000000000000e+00
1.238522768020629883e+00 -2.572492361068725586e-01 1.000000000000000000e+00 0.000000000000000000e+00 0.000000000000000000e+00
8.506181836128234863e-01 1.007841378450393677e-01 1.000000000000000000e+00 0.000000000000000000e+00 0.000000000000000000e+00
6.945756822824478149e-02 3.425112664699554443e-01 1.000000000000000000e+00 0.000000000000000000e+00 0.000000000000000000e+00
-4.199343919754028320e-01 6.110103130340576172e-01 1.000000000000000000e+00 0.000000000000000000e+00 0.000000000000000000e+00
-6.987357735633850098e-01 4.493958353996276855e-01 1.000000000000000000e+00 0.000000000000000000e+00 0.000000000000000000e+00
-3.704291880130767822e-01 2.406483143568038940e-02 0.000000000000000000e+00 1.000000000000000000e+00 0.000000000000000000e+00
4.338175058364868164e-02 -6.348146200180053711e-01 1.000000000000000000e+00 0.000000000000000000e+00 0.000000000000000000e+00
3.019585311412811279e-01 2.059286832809448242e-01 1.000000000000000000e+00 0.000000000000000000e+00 0.000000000000000000e+00
-5.664855241775512695e-03 1.271142959594726562e-01 0.000000000000000000e+00 1.000000000000000000e+00 0.000000000000000000e+00
-8.787298798561096191e-01 -1.961034834384918213e-01 1.000000000000000000e+00 0.000000000000000000e+00 0.000000000000000000e+00
-6.529265046119689941e-01 1.048710346221923828e+00 1.000000000000000000e+00 0.000000000000000000e+00 0.000000000000000000e+00
1.356683492660522461e+00 -1.468191742897033691e-01 1.000000000000000000e+00 0.000000000000000000e+00 0.000000000000000000e+00
1.137794137001037598e+00 1.782744079828262329e-01 1.000000000000000000e+00 0.000000000000000000e+00 0.000000000000000000e+00
3.763723969459533691e-01 2.682542800903320312e-01 1.000000000000000000e+00 0.000000000000000000e+00 0.000000000000000000e+00
8.493202179670333862e-02 5.907361507415771484e-01 1.000000000000000000e+00 0.000000000000000000e+00 0.000000000000000000e+00
-2.041843235492706299e-01 8.215558528900146484e-01 1.000000000000000000e+00 0.000000000000000000e+00 0.000000000000000000e+00
-3.587627410888671875e-01 5.600825548171997070e-01 1.000000000000000000e+00 0.000000000000000000e+00 0.000000000000000000e+00
-3.643872737884521484e-01 2.645541727542877197e-01 1.000000000000000000e+00 0.000000000000000000e+00 0.000000000000000000e+00
-4.199493527412414551e-01 9.727816283702850342e-02 1.000000000000000000e+00 0.000000000000000000e+00 0.000000000000000000e+00
-5.468809008598327637e-01 -9.154850989580154419e-02 0.000000000000000000e+00 1.000000000000000000e+00 0.000000000000000000e+00
-1.552490592002868652e+00 -9.999770522117614746e-01 1.000000000000000000e+00 0.000000000000000000e+00 0.000000000000000000e+00
1.499860763549804688e+00 -2.409185767173767090e-01 1.000000000000000000e+00 0.000000000000000000e+00 0.000000000000000000e+00
7.255347371101379395e-01 -2.670362591743469238e-01 1.000000000000000000e+00 0.000000000000000000e+00 0.000000000000000000e+00
1.240569055080413818e-01 -1.521192342042922974e-01 0.000000000000000000e+00 1.000000000000000000e+00 0.000000000000000000e+00
-9.101355075836181641e-01 -2.824253439903259277e-01 1.000000000000000000e+00 0.000000000000000000e+00 0.000000000000000000e+00
-8.109987527132034302e-02 1.731486678123474121e+00 1.000000000000000000e+00 0.000000000000000000e+00 0.000000000000000000e+00
-1.019701510667800903e-01 4.425871372222900391e-01 1.000000000000000000e+00 0.000000000000000000e+00 0.000000000000000000e+00
-1.268218606710433960e-01 1.793663799762725830e-01 0.000000000000000000e+00 1.000000000000000000e+00 0.000000000000000000e+00
-1.941623687744140625e-01 -1.078275680541992188e+00 1.000000000000000000e+00 0.000000000000000000e+00 0.000000000000000000e+00
-1.339788794517517090e+00 9.131337404251098633e-01 1.000000000000000000e+00 0.000000000000000000e+00 0.000000000000000000e+00
-6.749883294105529785e-02 -7.767484337091445923e-02 0.000000000000000000e+00 1.000000000000000000e+00 0.000000000000000000e+00
2.133017778396606445e+00 -7.494823336601257324e-01 1.000000000000000000e+00 0.000000000000000000e+00 0.000000000000000000e+00
1.171178698539733887e+00 6.427308320999145508e-01 1.000000000000000000e+00 0.000000000000000000e+00 0.000000000000000000e+00
6.105606555938720703e-01 1.574188917875289917e-01 0.000000000000000000e+00 1.000000000000000000e+00 0.000000000000000000e+00
-2.253165006637573242e+00 -3.141792774200439453e+00 0.000000000000000000e+00 0.000000000000000000e+00 1.000000000000000000e+00
4.837923347949981689e-01 7.362780570983886719e-01 0.000000000000000000e+00 0.000000000000000000e+00 1.000000000000000000e+00
-1.605924367904663086e+00 -4.361426830291748047e-02 0.000000000000000000e+00 0.000000000000000000e+00 1.000000000000000000e+00
-9.060722589492797852e-01 -2.942682504653930664e-01 0.000000000000000000e+00 0.000000000000000000e+00 1.000000000000000000e+00
-1.069878935813903809e+00 -3.193606734275817871e-01 0.000000000000000000e+00 0.000000000000000000e+00 1.000000000000000000e+00
-9.850920438766479492e-01 -2.439309954643249512e-01 0.000000000000000000e+00 0.000000000000000000e+00 1.000000000000000000e+00
-9.902778863906860352e-01 -2.197456955909729004e-01 0.000000000000000000e+00 0.000000000000000000e+00 1.000000000000000000e+00
-9.720740318298339844e-01 -1.878597140312194824e-01 0.000000000000000000e+00 0.000000000000000000e+00 1.000000000000000000e+00
-9.644911289215087891e-01 -1.589317321777343750e-01 0.000000000000000000e+00 0.000000000000000000e+00 1.000000000000000000e+00
-9.534411430358886719e-01 -1.461659669876098633e-01 0.000000000000000000e+00 0.000000000000000000e+00 1.000000000000000000e+00
-9.450323581695556641e-01 -1.489344835281372070e-01 0.000000000000000000e+00 0.000000000000000000e+00 1.000000000000000000e+00
-9.404690265655517578e-01 -1.482700705528259277e-01 0.000000000000000000e+00 0.000000000000000000e+00 1.000000000000000000e+00
-9.366824626922607422e-01 -1.530665755271911621e-01 0.000000000000000000e+00 0.000000000000000000e+00 1.000000000000000000e+00
-9.333448410034179688e-01 -1.630587577819824219e-01 0.000000000000000000e+00 0.000000000000000000e+00 1.000000000000000000e+00
-9.280477762222290039e-01 -1.726866364479064941e-01 0.000000000000000000e+00 0.000000000000000000e+00 1.000000000000000000e+00
-9.225109815597534180e-01 -1.809046864509582520e-01 0.000000000000000000e+00 0.000000000000000000e+00 1.000000000000000000e+00
-9.152879714965820312e-01 -1.885720491409301758e-01 0.000000000000000000e+00 0.000000000000000000e+00 1.000000000000000000e+00
-9.070330858230590820e-01 -1.970351338386535645e-01 0.000000000000000000e+00 0.000000000000000000e+00 1.000000000000000000e+00
-8.980721235275268555e-01 -2.084352374076843262e-01 0.000000000000000000e+00 0.000000000000000000e+00 1.000000000000000000e+00
-8.888803720474243164e-01 -2.202699780464172363e-01 0.000000000000000000e+00 0.000000000000000000e+00 1.000000000000000000e+00
-8.828436136245727539e-01 -2.250708937644958496e-01 0.000000000000000000e+00 0.000000000000000000e+00 1.000000000000000000e+00
-8.791652917861938477e-01 -2.273080348968505859e-01 0.000000000000000000e+00 0.000000000000000000e+00 1.000000000000000000e+00
-8.769708871841430664e-01 -2.264477014541625977e-01 0.000000000000000000e+00 0.000000000000000000e+00 1.000000000000000000e+00
-8.755944967269897461e-01 -2.255537509918212891e-01 0.000000000000000000e+00 0.000000000000000000e+00 1.000000000000000000e+00
-8.715384006500244141e-01 -2.277337312698364258e-01 0.000000000000000000e+00 0.000000000000000000e+00 1.000000000000000000e+00
-8.647520542144775391e-01 -2.347506284713745117e-01 0.000000000000000000e+00 0.000000000000000000e+00 1.000000000000000000e+00
-8.568273782730102539e-01 -2.426337003707885742e-01 0.000000000000000000e+00 0.000000000000000000e+00 1.000000000000000000e+00
-8.506253957748413086e-01 -2.459430098533630371e-01 0.000000000000000000e+00 0.000000000000000000e+00 1.000000000000000000e+00
-8.481701612472534180e-01 -2.407863140106201172e-01 0.000000000000000000e+00 0.000000000000000000e+00 1.000000000000000000e+00
-8.476153612136840820e-01 -2.320623993873596191e-01 0.000000000000000000e+00 0.000000000000000000e+00 1.000000000000000000e+00
-8.481264114379882812e-01 -2.249456644058227539e-01 0.000000000000000000e+00 0.000000000000000000e+00 1.000000000000000000e+00
-8.474524021148681641e-01 -2.225361466407775879e-01 0.000000000000000000e+00 0.000000000000000000e+00 1.000000000000000000e+00
-8.428610563278198242e-01 -2.261537909507751465e-01 0.000000000000000000e+00 0.000000000000000000e+00 1.000000000000000000e+00
-8.347108364105224609e-01 -2.358340620994567871e-01 0.000000000000000000e+00 0.000000000000000000e+00 1.000000000000000000e+00
-8.268853425979614258e-01 -2.443620562553405762e-01 0.000000000000000000e+00 0.000000000000000000e+00 1.000000000000000000e+00
-8.218903541564941406e-01 -2.441511750221252441e-01 0.000000000000000000e+00 0.000000000000000000e+00 1.000000000000000000e+00
-8.186447620391845703e-01 -2.368831634521484375e-01 0.000000000000000000e+00 0.000000000000000000e+00 1.000000000000000000e+00
-8.167973756790161133e-01 -2.292857766151428223e-01 0.000000000000000000e+00 0.000000000000000000e+00 1.000000000000000000e+00
0.000000000000000000e+00 0.000000000000000000e+00 0.000000000000000000e+00 0.000000000000000000e+00 0.000000000000000000e+00
0.000000000000000000e+00 0.000000000000000000e+00 0.000000000000000000e+00 0.000000000000000000e+00 0.000000000000000000e+00
0.000000000000000000e+00 0.000000000000000000e+00 0.000000000000000000e+00 0.000000000000000000e+00 0.000000000000000000e+00
0.000000000000000000e+00 0.000000000000000000e+00 0.000000000000000000e+00 0.000000000000000000e+00 0.000000000000000000e+00
0.000000000000000000e+00 0.000000000000000000e+00 0.000000000000000000e+00 0.000000000000000000e+00 0.000000000000000000e+00
0.000000000000000000e+00 0.000000000000000000e+00 0.000000000000000000e+00 0.000000000000000000e+00 0.000000000000000000e+00
0.000000000000000000e+00 0.000000000000000000e+00 0.000000000000000000e+00 0.000000000000000000e+00 0.000000000000000000e+00
0.000000000000000000e+00 0.000000000000000000e+00 0.000000000000000000e+00 0.000000000000000000e+00 0.000000000000000000e+00
0.000000000000000000e+00 0.000000000000000000e+00 0.000000000000000000e+00 0.000000000000000000e+00 0.000000000000000000e+00
0.000000000000000000e+00 0.000000000000000000e+00 0.000000000000000000e+00 0.000000000000000000e+00 0.000000000000000000e+00
0.000000000000000000e+00 0.000000000000000000e+00 0.000000000000000000e+00 0.000000000000000000e+00 0.000000000000000000e+00
0.000000000000000000e+00 0.000000000000000000e+00 0.000000000000000000e+00 0.000000000000000000e+00 0.000000000000000000e+00
0.000000000000000000e+00 0.000000000000000000e+00 0.000000000000000000e+00 0.000000000000000000e+00 0.000000000000000000e+00
0.000000000000000000e+00 0.000000000000000000e+00 0.000000000000000000e+00 0.000000000000000000e+00 0.000000000000000000e+00
0.000000000000000000e+00 0.000000000000000000e+00 0.000000000000000000e+00 0.000000000000000000e+00 0.000000000000000000e+00
0.000000000000000000e+00 0.000000000000000000e+00 0.000000000000000000e+00 0.000000000000000000e+00 0.000000000000000000e+00
0.000000000000000000e+00 0.000000000000000000e+00 0.000000000000000000e+00 0.000000000000000000e+00 0.000000000000000000e+00
0.000000000000000000e+00 0.000000000000000000e+00 0.000000000000000000e+00 0.000000000000000000e+00 0.000000000000000000e+00
0.000000000000000000e+00 0.000000000000000000e+00 0.000000000000000000e+00 0.000000000000000000e+00 0.000000000000000000e+00
0.000000000000000000e+00 0.000000000000000000e+00 0.000000000000000000e+00 0.000000000000000000e+00 0.000000000000000000e+00
0.000000000000000000e+00 0.000000000000000000e+00 0.000000000000000000e+00 0.000000000000000000e+00 0.000000000000000000e+00
0.000000000000000000e+00 0.000000000000000000e+00 0.000000000000000000e+00 0.000000000000000000e+00 0.000000000000000000e+00
0.000000000000000000e+00 0.000000000000000000e+00 0.000000000000000000e+00 0.000000000000000000e+00 0.000000000000000000e+00
0.000000000000000000e+00 0.000000000000000000e+00 0.000000000000000000e+00 0.000000000000000000e+00 0.000000000000000000e+00
0.000000000000000000e+00 0.000000000000000000e+00 0.000000000000000000e+00 0.000000000000000000e+00 0.000000000000000000e+00
0.000000000000000000e+00 0.000000000000000000e+00 0.000000000000000000e+00 0.000000000000000000e+00 0.000000000000000000e+00
0.000000000000000000e+00 0.000000000000000000e+00 0.000000000000000000e+00 0.000000000000000000e+00 0.000000000000000000e+00
0.000000000000000000e+00 0.000000000000000000e+00 0.000000000000000000e+00 0.000000000000000000e+00 0.000000000000000000e+00
0.000000000000000000e+00 0.000000000000000000e+00 0.000000000000000000e+00 0.000000000000000000e+00 0.000000000000000000e+00
0.000000000000000000e+00 0.000000000000000000e+00 0.000000000000000000e+00 0.000000000000000000e+00 0.000000000000000000e+00
0.000000000000000000e+00 0.000000000000000000e+00 0.000000000000000000e+00 0.000000000000000000e+00 0.000000000000000000e+00
0.000000000000000000e+00 0.000000000000000000e+00 0.000000000000000000e+00 0.000000000000000000e+00 0.000000000000000000e+00
0.000000000000000000e+00 0.000000000000000000e+00 0.000000000000000000e+00 0.000000000000000000e+00 0.000000000000000000e+00
0.000000000000000000e+00 0.000000000000000000e+00 0.000000000000000000e+00 0.000000000000000000e+00 0.000000000000000000e+00
0.000000000000000000e+00 0.000000000000000000e+00 0.000000000000000000e+00 0.000000000000000000e+00 0.000000000000000000e+00
0.000000000000000000e+00 0.000000000000000000e+00 0.000000000000000000e+00 0.000000000000000000e+00 0.000000000000000000e+00
0.000000000000000000e+00 0.000000000000000000e+00 0.000000000000000000e+00 0.000000000000000000e+00 0.000000000000000000e+00
0.000000000000000000e+00 0.000000000000000000e+00 0.000000000000000000e+00 0.000000000000000000e+00 0.000000000000000000e+00
0.000000000000000000e+00 0.000000000000000000e+00 0.000000000000000000e+00 0.000000000000000000e+00 0.000000000000000000e+00
0.000000000000000000e+00 0.000000000000000000e+00 0.000000000000000000e+00 0.000000000000000000e+00 0.000000000000000000e+00
0.000000000000000000e+00 0.000000000000000000e+00 0.000000000000000000e+00 0.000000000000000000e+00 0.000000000000000000e+00
0.000000000000000000e+00 0.000000000000000000e+00 0.000000000000000000e+00 0.000000000000000000e+00 0.000000000000000000e+00
