0.000000000000000000e+00 0.000000000000000000e+00 1.000000000000000000e+00 0.000000000000000000e+00 0.000000000000000000e+00
8.812067508697509766e-01 -1.990585476160049438e-01 1.000000000000000000e+00 0.000000000000000000e+00 0.000000000000000000e+00
4.608749151229858398e-01 -2.146791219711303711e-01 1.000000000000000000e+00 0.000000000000000000e+00 0.000000000000000000e+00
1.028748899698257446e-01 -1.370372027158737183e-01 0.000000000000000000e+00 1.000000000000000000e+00 0.000000000000000000e+00
-5.938627123832702637e-01 -5.046088695526123047e-01 1.000000000000000000e+00 0.000000000000000000e+00 0.000000000000000000e+00
1.147662028670310974e-01 6.976384520530700684e-01 1.000000000000000000e+00 0.000000000000000000e+00 0.000000000000000000e+00
-1.446361839771270752e-01 1.524015545845031738e+00 1.000000000000000000e+00 0.000000000000000000e+00 0.000000000000000000e+00
-8.070645481348037720e-02 2.704965770244598389e-01 1.000000000000000000e+00 0.000000000000000000e+00 0.000000000000000000e+00
-9.771740436553955078e-02 6.363391876220703125e-02 0.000000000000000000e+00 1.000000000000000000e+00 0.000000000000000000e+00
-9.958505630493164062e-02 -9.671941995620727539e-01 1.000000000000000000e+00 0.000000000000000000e+00 0.000000000000000000e+00
-6.520587205886840820e-01 5.865089297294616699e-01 1.000000000000000000e+00 0.000000000000000000e+00 0.000000000000000000e+00
-2.491924166679382324e-01 3.859082460403442383e-01 0.000000000000000000e+00 1.000000000000000000e+00 0.000000000000000000e+00
1.322684884071350098e+00 -7.501538395881652832e-01 1.000000000000000000e+00 0.000000000000000000e+00 0.000000000000000000e+00
2.232832014560699463e-01 7.896870374679565430e-02 1.000000000000000000e+00 0.000000000000000000e+00 0.000000000000000000e+00
1.839440613985061646e-01 2.509685456752777100e-01 0.000000000000000000e+00 1.000000000000000000e+00 0.000000000000000000e+00
1.381806373596191406e+00 -2.261960744857788086e+00 1.000000000000000000e+00 0.000000000000000000e+00 0.000000000000000000e+00
-8.454399704933166504e-01 8.848136663436889648e-01 1.000000000000000000e+00 0.000000000000000000e+00 0.000000000000000000e+00
1.508639603853225708e-01 4.808026850223541260e-01 1.000000000000000000e+00 0.000000000000000000e+00 0.000000000000000000e+00
-1.490503996610641479e-01 9.966460466384887695e-01 1.000000000000000000e+00 0.000000000000000000e+00 0.000000000000000000e+00
-8.997474610805511475e-02 2.173142433166503906e-01 0.000000000000000000e+00 1.000000000000000000e+00 0.000000000000000000e+00
5.004242658615112305e-01 -1.585206031799316406e+00 1.000000000000000000e+00 0.000000000000000000e+00 0.000000000000000000e+00
7.561658024787902832e-01 -1.357455104589462280e-01 1.000000000000000000e+00 0.000000000000000000e+00 0.000000000000000000e+00
2.184048891067504883e-01 9.331357479095458984e-02 1.000000000000000000e+00 0.000000000000000000e+00 0.000000000000000000e+00
-1.160793006420135498e-01 1.442416906356811523e+00 1.000000000000000000e+00 0.000000000000000000e+00 0.000000000000000000e+00
-8.069896697998046875e-02 2.153936028480529785e-01 1.000000000000000000e+00 0.000000000000000000e+00 0.000000000000000000e+00
-1.499836146831512451e-01 1.153877750039100647e-01 0.000000000000000000e+00 1.000000000000000000e+00 0.000000000000000000e+00
-5.096435546875000000e-01 -9.012626409530639648e-01 1.000000000000000000e+00 0.000000000000000000e+00 0.000000000000000000e+00
3.806726038455963135e-01 2.897456288337707520e-03 0.000000000000000000e+00 1.000000000000000000e+00 0.000000000000000000e+00
-3.622646033763885498e-01 5.202956795692443848e-01 1.000000000000000000e+00 0.000000000000000000e+00 0.000000000000000000e+00
5.715798735618591309e-01 -3.678239881992340088e-02 1.000000000000000000e+00 0.000000000000000000e+00 0.000000000000000000e+00
3.840022087097167969e-01 -1.427102982997894287e-01 0.000000000000000000e+00 1.000000000000000000e+00 0.000000000000000000e+00
-1.364796161651611328e+00 -2.048463821411132812e+00 0.000000000000000000e+00 0.000000000000000000e+00 1.000000000000000000e+00
-4.211425185203552246e-01 1.339190483093261719e+00 0.000000000000000000e+00 0.000000000000000000e+00 1.000000000000000000e+00
-1.289972305297851562e+00 -1.530696749687194824e-01 0.000000000000000000e+00 0.000000000000000000e+00 1.000000000000000000e+00
-9.140120744705200195e-01 -3.570683598518371582e-01 0.000000000000000000e+00 0.000000000000000000e+00 1.000000000000000000e+00
-9.225600957870483398e-01 -3.525443673133850098e-01 0.000000000000000000e+00 0.000000000000000000e+00 1.000000000000000000e+00
-9.005990028381347656e-01 -2.998530864715576172e-01 0.000000000000000000e+00 0.000000000000000000e+00 1.000000000000000000e+00
-8.939599990844726562e-01 -2.952393293380737305e-01 0.000000000000000000e+00 0.000000000000000000e+00 1.000000000000000000e+00
-8.691812753677368164e-01 -3.101553320884704590e-01 0.000000000000000000e+00 0.000000000000000000e+00 1.000000000000000000e+00
-8.516598939895629883e-01 -3.065041899681091309e-01 0.000000000000000000e+00 0.000000000000000000e+00 1.000000000000000000e+00
-8.320804834365844727e-01 -3.059311509132385254e-01 0.000000000000000000e+00 0.000000000000000000e+00 1.000000000000000000e+00
-8.120362758636474609e-01 -3.035241961479187012e-01 0.000000000000000000e+00 0.000000000000000000e+00 1.000000000000000000e+00
-8.025680780410766602e-01 -2.927433848381042480e-01 0.000000000000000000e+00 0.000000000000000000e+00 1.000000000000000000e+00
-7.967599630355834961e-01 -2.867575287818908691e-01 0.000000000000000000e+00 0.000000000000000000e+00 1.000000000000000000e+00
-7.845730781555175781e-01 -2.932223081588745117e-01 0.000000000000000000e+00 0.000000000000000000e+00 1.000000000000000000e+00
-7.694404125213623047e-01 -3.020051717758178711e-01 0.000000000000000000e+00 0.000000000000000000e+00 1.000000000000000000e+00
-7.596356868743896484e-01 -3.065986037254333496e-01 0.000000000000000000e+00 0.000000000000000000e+00 1.000000000000000000e+00
-7.528682947158813477e-01 -3.092257380485534668e-01 0.000000000000000000e+00 0.000000000000000000e+00 1.000000000000000000e+00
-7.485451698303222656e-01 -3.064514398574829102e-01 0.000000000000000000e+00 0.000000000000000000e+00 1.000000000000000000e+00
-7.466547489166259766e-01 -2.970806956291198730e-01 0.000000000000000000e+00 0.000000000000000000e+00 1.000000000000000000e+00
-7.453427314758300781e-01 -2.865149378776550293e-01 0.000000000000000000e+00 0.000000000000000000e+00 1.000000000000000000e+00
-7.425825595855712891e-01 -2.781907916069030762e-01 0.000000000000000000e+00 0.000000000000000000e+00 1.000000000000000000e+00
-7.385305166244506836e-01 -2.751921415328979492e-01 0.000000000000000000e+00 0.000000000000000000e+00 1.000000000000000000e+00
-7.341083288192749023e-01 -2.756312489509582520e-01 0.000000000000000000e+00 0.000000000000000000e+00 1.000000000000000000e+00
-7.285671234130859375e-01 -2.782334089279174805e-01 0.000000000000000000e+00 0.000000000000000000e+00 1.000000000000000000e+00
-7.219860553741455078e-01 -2.819341421127319336e-01 0.000000000000000000e+00 0.000000000000000000e+00 1.000000000000000000e+00
-7.169886827468872070e-01 -2.824031710624694824e-01 0.000000000000000000e+00 0.000000000000000000e+00 1.000000000000000000e+00
-7.130471467971801758e-01 -2.806172370910644531e-01 0.000000000000000000e+00 0.000000000000000000e+00 1.000000000000000000e+00
-7.070246934890747070e-01 -2.809140086174011230e-01 0.000000000000000000e+00 0.000000000000000000e+00 1.000000000000000000e+00
-7.016330957412719727e-01 -2.827776074409484863e-01 0.000000000000000000e+00 0.000000000000000000e+00 1.000000000000000000e+00
-6.976513862609863281e-01 -2.839523553848266602e-01 0.000000000000000000e+00 0.000000000000000000e+00 1.000000000000000000e+00
-6.936848163604736328e-01 -2.839678525924682617e-01 0.000000000000000000e+00 0.000000000000000000e+00 1.000000000000000000e+00
-6.871087551116943359e-01 -2.855940461158752441e-01 0.000000000000000000e+00 0.000000000000000000e+00 1.000000000000000000e+00
-6.819438934326171875e-01 -2.851017117500305176e-01 0.000000000000000000e+00 0.000000000000000000e+00 1.000000000000000000e+00
-6.794562339782714844e-01 -2.825917601585388184e-01 0.000000000000000000e+00 0.000000000000000000e+00 1.000000000000000000e+00
0.000000000000000000e+00 0.000000000000000000e+00 0.000000000000000000e+00 0.000000000000000000e+00 0.000000000000000000e+00
0.000000000000000000e+00 0.000000000000000000e+00 0.000000000000000000e+00 0.000000000000000000e+00 0.000000000000000000e+00
0.000000000000000000e+00 0.000000000000000000e+00 0.000000000000000000e+00 0.000000000000000000e+00 0.000000000000000000e+00
0.000000000000000000e+00 0.000000000000000000e+00 0.000000000000000000e+00 0.000000000000000000e+00 0.000000000000000000e+00
0.000000000000000000e+00 0.000000000000000000e+00 0.000000000000000000e+00 0.000000000000000000e+00 0.000000000000000000e+00
0.000000000000000000e+00 0.000000000000000000e+00 0.000000000000000000e+00 0.000000000000000000e+00 0.000000000000000000e+00
0.000000000000000000e+00 0.000000000000000000e+00 0.000000000000000000e+00 0.000000000000000000e+00 0.000000000000000000e+00
0.000000000000000000e+00 0.000000000000000000e+00 0.000000000000000000e+00 0.000000000000000000e+00 0.000000000000000000e+00
0.000000000000000000e+00 0.000000000000000000e+00 0.000000000000000000e+00 0.000000000000000000e+00 0.000000000000000000e+00
0.000000000000000000e+00 0.000000000000000000e+00 0.000000000000000000e+00 0.000000000000000000e+00 0.000000000000000000e+00
0.000000000000000000e+00 0.000000000000000000e+00 0.000000000000000000e+00 0.000000000000000000e+00 0.000000000000000000e+00
0.000000000000000000e+00 0.000000000000000000e+00 0.000000000000000000e+00 0.000000000000000000e+00 0.000000000000000000e+00
0.000000000000000000e+00 0.000000000000000000e+00 0.000000000000000000e+00 0.000000000000000000e+00 0.000000000000000000e+00
0.000000000000000000e+00 0.000000000000000000e+00 0.000000000000000000e+00 0.000000000000000000e+00 0.000000000000000000e+00
0.000000000000000000e+00 0.000000000000000000e+00 0.000000000000000000e+00 0.000000000000000000e+00 0.000000000000000000e+00
0.000000000000000000e+00 0.000000000000000000e+00 0.000000000000000000e+00 0.000000000000000000e+00 0.000000000000000000e+00
0.000000000000000000e+00 0.000000000000000000e+00 0.000000000000000000e+00 0.000000000000000000e+00 0.000000000000000000e+00
0.000000000000000000e+00 0.000000000000000000e+00 0.000000000000000000e+00 0.000000000000000000e+00 0.000000000000000000e+00
0.000000000000000000e+00 0.000000000000000000e+00 0.000000000000000000e+00 0.000000000000000000e+00 0.000000000000000000e+00
0.000000000000000000e+00 0.000000000000000000e+00 0.000000000000000000e+00 0.000000000000000000e+00 0.000000000000000000e+00
0.000000000000000000e+00 0.000000000000000000e+00 0.000000000000000000e+00 0.000000000000000000e+00 0.000000000000000000e+00
0.000000000000000000e+00 0.000000000000000000e+00 0.000000000000000000e+00 0.000000000000000000e+00 0.000000000000000000e+00
0.000000000000000000e+00 0.000000000000000000e+00 0.000000000000000000e+00 0.000000000000000000e+00 0.000000000000000000e+00
0.000000000000000000e+00 0.000000000000000000e+00 0.000000000000000000e+00 0.000000000000000000e+00 0.000000000000000000e+00
0.000000000000000000e+00 0.000000000000000000e+00 0.000000000000000000e+00 0.000000000000000000e+00 0.000000000000000000e+00
0.000000000000000000e+00 0.000000000000000000e+00 0.000000000000000000e+00 0.000000000000000000e+00 0.000000000000000000e+00
0.000000000000000000e+00 0.000000000000000000e+00 0.000000000000000000e+00 0.000000000000000000e+00 0.000000000000000000e+00
0.000000000000000000e+00 0.000000000000000000e+00 0.000000000000000000e+00 0.000000000000000000e+00 0.000000000000000000e+00
0.000000000000000000e+00 0.000000000000000000e+00 0.000000000000000000e+00 0.000000000000000000e+00 0.000000000000000000e+00
0.000000000000000000e+00 0.000000000000000000e+00 0.000000000000000000e+00 0.000000000000000000e+00 0.000000000000000000e+00
0.000000000000000000e+00 0.000000000000000000e+00 0.000000000000000000e+00 0.000000000000000000e+00 0.000000000000000000e+00
0.000000000000000000e+00 0.000000000000000000e+00 0.000000000000000000e+00 0.000000000000000000e+00 0.000000000000000000e+00
0.000000000000000000e+00 0.000000000000000000e+00 0.000000000000000000e+00 0.000000000000000000e+00 0.000000000000000000e+00
0.000000000000000000e+00 0.000000000000000000e+00 0.000000000000000000e+00 0.000000000000000000e+00 0.000000000000000000e+00
0.000000000000000000e+00 0.000000000000000000e+00 0.000000000000000000e+00 0.000000000000000000e+00 0.000000000000000000e+00
0.000000000000000000e+00 0.000000000000000000e+00 0.000000000000000000e+00 0.000000000000000000e+00 0.000000000000000000e+00
0.000000000000000000e+00 0.000000000000000000e+00 0.000000000000000000e+00 0.000000000000000000e+00 0.000000000000000000e+00
0.000000000000000000e+00 0.000000000000000000e+00 0.000000000000000000e+00 0.000000000000000000e+00 0.000000000000000000e+00
0.000000000000000000e+00 0.000000000000000000e+00 0.000000000000000000e+00 0.000000000000000000e+00 0.000000000000000000e+00
0.000000000000000000e+00 0.000000000000000000e+00 0.000000000000000000e+00 0.000000000000000000e+00 0.000000000000000000e+00
0.000000000000000000e+00 0.000000000000000000e+00 0.000000000000000000e+00 0.000000000000000000e+00 0.000000000000000000e+00
0.000000000000000000e+00 0.000000000000000000e+00 0.000000000000000000e+00 0.000000000000000000e+00 0.000000000000000000e+00
0.000000000000000000e+00 0.000000000000000000e+00 0.000000000000000000e+00 0.000000000000000000e+00 0.000000000000000000e+00
0.000000000000000000e+00 0.000000000000000000e+00 0.000000000000000000e+00 0.000000000000000000e+00 0.000000000000000000e+00
0.000000000000000000e+00 0.000000000000000000e+00 0.000000000000000000e+00 0.000000000000000000e+00 0.000000000000000000e+00
0.000000000000000000e+00 0.000000000000000000e+00 0.000000000000000000e+00 0.000000000000000000e+00 0.000000000000000000e+00
0.000000000000000000e+00 0.000000000000000000e+00 0.000000000000000000e+00 0.000000000000000000e+00 0.000000000000000000e+00
0.000000000000000000e+00 0.000000000000000000e+00 0.000000000000000000e+00 0.000000000000000000e+00 0.000000000000000000e+00
0.000000000000000000e+00 0.000000000000000000e+00 0.000000000000000000e+00 0.000000000000000000e+00 0.000000000000000000e+00
0.000000000000000000e+00 0.000000000000000000e+00 0.000000000000000000e+00 0.000000000000000000e+00 0.000000000000000000e+00
0.000000000000000000e+00 0.000000000000000000e+00 0.000000000000000000e+00 0.000000000000000000e+00 0.000000000000000000e+00
0.000000000000000000e+00 0.000000000000000000e+00 0.000000000000000000e+00 0.000000000000000000e+00 0.000000000000000000e+00
0.000000000000000000e+00 0.000000000000000000e+00 0.000000000000000000e+00 0.000000000000000000e+00 0.000000000000000000e+00
0.000000000000000000e+00 0.000000000000000000e+00 0.000000000000000000e+00 0.000000000000000000e+00 0.000000000000000000e+00
0.000000000000000000e+00 0.000000000000000000e+00 0.000000000000000000e+00 0.000000000000000000e+00 0.000000000000000000e+00
0.000000000000000000e+00 0.000000000000000000e+00 0.000000000000000000e+00 0.000000000000000000e+00 0.000000000000000000e+00
