0.000000000000000000e+00 0.000000000000000000e+00 1.000000000000000000e+00 0.000000000000000000e+00 0.000000000000000000e+00
9.600242376327514648e-01 -2.326810956001281738e-01 1.000000000000000000e+00 0.000000000000000000e+00 0.000000000000000000e+00
4.780921339988708496e-01 -2.370783388614654541e-01 1.000000000000000000e+00 0.000000000000000000e+00 0.000000000000000000e+00
1.196274310350418091e-01 -1.648154258728027344e-01 0.000000000000000000e+00 1.000000000000000000e+00 0.000000000000000000e+00
-6.390292644500732422e-01 -5.575315356254577637e-01 1.000000000000000000e+00 0.000000000000000000e+00 0.000000000000000000e+00
1.422646045684814453e-01 7.423232793807983398e-01 1.000000000000000000e+00 0.000000000000000000e+00 0.000000000000000000e+00
-1.407919228076934814e-01 1.761599779129028320e+00 1.000000000000000000e+00 0.000000000000000000e+00 0.000000000000000000e+00
-8.677734434604644775e-02 3.095485568046569824e-01 1.000000000000000000e+00 0.000000000000000000e+00 0.000000000000000000e+00
-1.072755753993988037e-01 8.177696168422698975e-02 0.000000000000000000e+00 1.000000000000000000e+00 0.000000000000000000e+00
-1.157173067331314087e-01 -1.070978164672851562e+00 1.000000000000000000e+00 0.000000000000000000e+00 0.000000000000000000e+00
-6.945611238479614258e-01 6.593410968780517578e-01 1.000000000000000000e+00 0.000000000000000000e+00 0.000000000000000000e+00
-2.495858967304229736e-01 4.079104661941528320e-01 0.000000000000000000e+00 1.000000000000000000e+00 0.000000000000000000e+00
1.421403169631958008e+00 -8.385372757911682129e-01 1.000000000000000000e+00 0.000000000000000000e+00 0.000000000000000000e+00
2.326695024967193604e-01 8.296028524637222290e-02 1.000000000000000000e+00 0.000000000000000000e+00 0.000000000000000000e+00
1.940380036830902100e-01 2.715712487697601318e-01 0.000000000000000000e+00 1.000000000000000000e+00 0.000000000000000000e+00
9.242027997970581055e-01 -2.300791025161743164e+00 1.000000000000000000e+00 0.000000000000000000e+00 0.000000000000000000e+00
4.700441956520080566e-01 -5.434601008892059326e-02 0.000000000000000000e+00 1.000000000000000000e+00 0.000000000000000000e+00
-8.252211213111877441e-01 9.827552437782287598e-01 1.000000000000000000e+00 0.000000000000000000e+00 0.000000000000000000e+00
7.145623564720153809e-01 -1.260804384946823120e-01 1.000000000000000000e+00 0.000000000000000000e+00 0.000000000000000000e+00
-1.798547059297561646e-02 1.407341241836547852e+00 1.000000000000000000e+00 0.000000000000000000e+00 0.000000000000000000e+00
-1.043018475174903870e-01 4.259211421012878418e-01 1.000000000000000000e+00 0.000000000000000000e+00 0.000000000000000000e+00
-9.575265645980834961e-02 6.387628614902496338e-02 1.000000000000000000e+00 0.000000000000000000e+00 0.000000000000000000e+00
-1.521967798471450806e-01 -6.505549699068069458e-02 1.000000000000000000e+00 0.000000000000000000e+00 0.000000000000000000e+00
-2.030135095119476318e-01 -2.395383566617965698e-01 1.000000000000000000e+00 0.000000000000000000e+00 0.000000000000000000e+00
-1.571582853794097900e-01 -4.028460979461669922e-01 1.000000000000000000e+00 0.000000000000000000e+00 0.000000000000000000e+00
5.238875746726989746e-04 -3.787420392036437988e-01 1.000000000000000000e+00 0.000000000000000000e+00 0.000000000000000000e+00
-5.341572165489196777e-01 7.824200391769409180e-01 1.000000000000000000e+00 0.000000000000000000e+00 0.000000000000000000e+00
-2.360096573829650879e-02 1.551522612571716309e-01 0.000000000000000000e+00 1.000000000000000000e+00 0.000000000000000000e+00
1.872953414916992188e+00 -6.170132160186767578e-01 1.000000000000000000e+00 0.000000000000000000e+00 0.000000000000000000e+00
2.028149664402008057e-01 1.251094937324523926e-01 1.000000000000000000e+00 0.000000000000000000e+00 0.000000000000000000e+00
1.237756237387657166e-01 3.050384819507598877e-01 0.000000000000000000e+00 1.000000000000000000e+00 0.000000000000000000e+00
-1.863347768783569336e+00 -2.168457508087158203e+00 0.000000000000000000e+00 0.000000000000000000e+00 1.000000000000000000e+00
-1.867249906063079834e-01 1.273239135742187500e+00 0.000000000000000000e+00 0.000000000000000000e+00 1.000000000000000000e+00
-1.319910764694213867e+00 1.500982046127319336e-02 0.000000000000000000e+00 0.000000000000000000e+00 1.000000000000000000e+00
-9.410490989685058594e-01 -2.675215601921081543e-01 0.000000000000000000e+00 0.000000000000000000e+00 1.000000000000000000e+00
-9.550174474716186523e-01 -2.424153089523315430e-01 0.000000000000000000e+00 0.000000000000000000e+00 1.000000000000000000e+00
-9.198154211044311523e-01 -2.437177896499633789e-01 0.000000000000000000e+00 0.000000000000000000e+00 1.000000000000000000e+00
-8.973206281661987305e-01 -2.650647759437561035e-01 0.000000000000000000e+00 0.000000000000000000e+00 1.000000000000000000e+00
-8.689850568771362305e-01 -2.839165329933166504e-01 0.000000000000000000e+00 0.000000000000000000e+00 1.000000000000000000e+00
-8.494654893875122070e-01 -2.884289026260375977e-01 0.000000000000000000e+00 0.000000000000000000e+00 1.000000000000000000e+00
-8.354818820953369141e-01 -2.828435301780700684e-01 0.000000000000000000e+00 0.000000000000000000e+00 1.000000000000000000e+00
-8.205939531326293945e-01 -2.797464132308959961e-01 0.000000000000000000e+00 0.000000000000000000e+00 1.000000000000000000e+00
-8.075252771377563477e-01 -2.768058180809020996e-01 0.000000000000000000e+00 0.000000000000000000e+00 1.000000000000000000e+00
-7.956184148788452148e-01 -2.752334475517272949e-01 0.000000000000000000e+00 0.000000000000000000e+00 1.000000000000000000e+00
-7.816994190216064453e-01 -2.774109840393066406e-01 0.000000000000000000e+00 0.000000000000000000e+00 1.000000000000000000e+00
-7.680646181106567383e-01 -2.825323343276977539e-01 0.000000000000000000e+00 0.000000000000000000e+00 1.000000000000000000e+00
-7.571649551391601562e-01 -2.881321310997009277e-01 0.000000000000000000e+00 0.000000000000000000e+00 1.000000000000000000e+00
-7.491825819015502930e-01 -2.917555570602416992e-01 0.000000000000000000e+00 0.000000000000000000e+00 1.000000000000000000e+00
-7.430294752120971680e-01 -2.897200584411621094e-01 0.000000000000000000e+00 0.000000000000000000e+00 1.000000000000000000e+00
-7.403329610824584961e-01 -2.812725305557250977e-01 0.000000000000000000e+00 0.000000000000000000e+00 1.000000000000000000e+00
-7.385450601577758789e-01 -2.716727256774902344e-01 0.000000000000000000e+00 0.000000000000000000e+00 1.000000000000000000e+00
-7.359484434127807617e-01 -2.654771208763122559e-01 0.000000000000000000e+00 0.000000000000000000e+00 1.000000000000000000e+00
-7.302403450012207031e-01 -2.650735974311828613e-01 0.000000000000000000e+00 0.000000000000000000e+00 1.000000000000000000e+00
-7.246068716049194336e-01 -2.664692997932434082e-01 0.000000000000000000e+00 0.000000000000000000e+00 1.000000000000000000e+00
-7.176095247268676758e-01 -2.704741954803466797e-01 0.000000000000000000e+00 0.000000000000000000e+00 1.000000000000000000e+00
-7.105944156646728516e-01 -2.734833955764770508e-01 0.000000000000000000e+00 0.000000000000000000e+00 1.000000000000000000e+00
-7.085939645767211914e-01 -2.715795636177062988e-01 0.000000000000000000e+00 0.000000000000000000e+00 1.000000000000000000e+00
-7.072622776031494141e-01 -2.681117653846740723e-01 0.000000000000000000e+00 0.000000000000000000e+00 1.000000000000000000e+00
-7.032670974731445312e-01 -2.683731317520141602e-01 0.000000000000000000e+00 0.000000000000000000e+00 1.000000000000000000e+00
-7.007364034652709961e-01 -2.697515487670898438e-01 0.000000000000000000e+00 0.000000000000000000e+00 1.000000000000000000e+00
-6.981468796730041504e-01 -2.716478705406188965e-01 0.000000000000000000e+00 0.000000000000000000e+00 1.000000000000000000e+00
-6.927508115768432617e-01 -2.725862264633178711e-01 0.000000000000000000e+00 0.000000000000000000e+00 1.000000000000000000e+00
-6.851580142974853516e-01 -2.747311592102050781e-01 0.000000000000000000e+00 0.000000000000000000e+00 1.000000000000000000e+00
-6.810203194618225098e-01 -2.717502713203430176e-01 0.000000000000000000e+00 0.000000000000000000e+00 1.000000000000000000e+00
-6.798771619796752930e-01 -2.683781385421752930e-01 0.000000000000000000e+00 0.000000000000000000e+00 1.000000000000000000e+00
-6.778885126113891602e-01 -2.694085836410522461e-01 0.000000000000000000e+00 0.000000000000000000e+00 1.000000000000000000e+00
-6.763510704040527344e-01 -2.721569538116455078e-01 0.000000000000000000e+00 0.000000000000000000e+00 1.000000000000000000e+00
-6.745086908340454102e-01 -2.741121649742126465e-01 0.000000000000000000e+00 0.000000000000000000e+00 1.000000000000000000e+00
0.000000000000000000e+00 0.000000000000000000e+00 0.000000000000000000e+00 0.000000000000000000e+00 0.000000000000000000e+00
0.000000000000000000e+00 0.000000000000000000e+00 0.000000000000000000e+00 0.000000000000000000e+00 0.000000000000000000e+00
0.000000000000000000e+00 0.000000000000000000e+00 0.000000000000000000e+00 0.000000000000000000e+00 0.000000000000000000e+00
0.000000000000000000e+00 0.000000000000000000e+00 0.000000000000000000e+00 0.000000000000000000e+00 0.000000000000000000e+00
0.000000000000000000e+00 0.000000000000000000e+00 0.000000000000000000e+00 0.000000000000000000e+00 0.000000000000000000e+00
0.000000000000000000e+00 0.000000000000000000e+00 0.000000000000000000e+00 0.000000000000000000e+00 0.000000000000000000e+00
0.000000000000000000e+00 0.000000000000000000e+00 0.000000000000000000e+00 0.000000000000000000e+00 0.000000000000000000e+00
0.000000000000000000e+00 0.000000000000000000e+00 0.000000000000000000e+00 0.000000000000000000e+00 0.000000000000000000e+00
0.000000000000000000e+00 0.000000000000000000e+00 0.000000000000000000e+00 0.000000000000000000e+00 0.000000000000000000e+00
0.000000000000000000e+00 0.000000000000000000e+00 0.000000000000000000e+00 0.000000000000000000e+00 0.000000000000000000e+00
0.000000000000000000e+00 0.000000000000000000e+00 0.000000000000000000e+00 0.000000000000000000e+00 0.000000000000000000e+00
0.000000000000000000e+00 0.000000000000000000e+00 0.000000000000000000e+00 0.000000000000000000e+00 0.000000000000000000e+00
0.000000000000000000e+00 0.000000000000000000e+00 0.000000000000000000e+00 0.000000000000000000e+00 0.000000000000000000e+00
0.000000000000000000e+00 0.000000000000000000e+00 0.000000000000000000e+00 0.000000000000000000e+00 0.000000000000000000e+00
0.000000000000000000e+00 0.000000000000000000e+00 0.000000000000000000e+00 0.000000000000000000e+00 0.000000000000000000e+00
0.000000000000000000e+00 0.000000000000000000e+00 0.000000000000000000e+00 0.000000000000000000e+00 0.000000000000000000e+00
0.000000000000000000e+00 0.000000000000000000e+00 0.000000000000000000e+00 0.000000000000000000e+00 0.000000000000000000e+00
0.000000000000000000e+00 0.000000000000000000e+00 0.000000000000000000e+00 0.000000000000000000e+00 0.000000000000000000e+00
0.000000000000000000e+00 0.000000000000000000e+00 0.000000000000000000e+00 0.000000000000000000e+00 0.000000000000000000e+00
0.000000000000000000e+00 0.000000000000000000e+00 0.000000000000000000e+00 0.000000000000000000e+00 0.000000000000000000e+00
0.000000000000000000e+00 0.000000000000000000e+00 0.000000000000000000e+00 0.000000000000000000e+00 0.000000000000000000e+00
0.000000000000000000e+00 0.000000000000000000e+00 0.000000000000000000e+00 0.000000000000000000e+00 0.000000000000000000e+00
0.000000000000000000e+00 0.000000000000000000e+00 0.000000000000000000e+00 0.000000000000000000e+00 0.000000000000000000e+00
0.000000000000000000e+00 0.000000000000000000e+00 0.000000000000000000e+00 0.000000000000000000e+00 0.000000000000000000e+00
0.000000000000000000e+00 0.000000000000000000e+00 0.000000000000000000e+00 0.000000000000000000e+00 0.000000000000000000e+00
0.000000000000000000e+00 0.000000000000000000e+00 0.000000000000000000e+00 0.000000000000000000e+00 0.000000000000000000e+00
0.000000000000000000e+00 0.000000000000000000e+00 0.000000000000000000e+00 0.000000000000000000e+00 0.000000000000000000e+00
0.000000000000000000e+00 0.000000000000000000e+00 0.000000000000000000e+00 0.000000000000000000e+00 0.000000000000000000e+00
0.000000000000000000e+00 0.000000000000000000e+00 0.000000000000000000e+00 0.000000000000000000e+00 0.000000000000000000e+00
0.000000000000000000e+00 0.000000000000000000e+00 0.000000000000000000e+00 0.000000000000000000e+00 0.000000000000000000e+00
0.000000000000000000e+00 0.000000000000000000e+00 0.000000000000000000e+00 0.000000000000000000e+00 0.000000000000000000e+00
0.000000000000000000e+00 0.000000000000000000e+00 0.000000000000000000e+00 0.000000000000000000e+00 0.000000000000000000e+00
0.000000000000000000e+00 0.000000000000000000e+00 0.000000000000000000e+00 0.000000000000000000e+00 0.000000000000000000e+00
0.000000000000000000e+00 0.000000000000000000e+00 0.000000000000000000e+00 0.000000000000000000e+00 0.000000000000000000e+00
0.000000000000000000e+00 0.000000000000000000e+00 0.000000000000000000e+00 0.000000000000000000e+00 0.000000000000000000e+00
0.000000000000000000e+00 0.000000000000000000e+00 0.000000000000000000e+00 0.000000000000000000e+00 0.000000000000000000e+00
0.000000000000000000e+00 0.000000000000000000e+00 0.000000000000000000e+00 0.000000000000000000e+00 0.000000000000000000e+00
0.000000000000000000e+00 0.000000000000000000e+00 0.000000000000000000e+00 0.000000000000000000e+00 0.000000000000000000e+00
0.000000000000000000e+00 0.000000000000000000e+00 0.000000000000000000e+00 0.000000000000000000e+00 0.000000000000000000e+00
0.000000000000000000e+00 0.000000000000000000e+00 0.000000000000000000e+00 0.000000000000000000e+00 0.000000000000000000e+00
0.000000000000000000e+00 0.000000000000000000e+00 0.000000000000000000e+00 0.000000000000000000e+00 0.000000000000000000e+00
0.000000000000000000e+00 0.000000000000000000e+00 0.000000000000000000e+00 0.000000000000000000e+00 0.000000000000000000e+00
0.000000000000000000e+00 0.000000000000000000e+00 0.000000000000000000e+00 0.000000000000000000e+00 0.000000000000000000e+00
0.000000000000000000e+00 0.000000000000000000e+00 0.000000000000000000e+00 0.000000000000000000e+00 0.000000000000000000e+00
0.000000000000000000e+00 0.000000000000000000e+00 0.000000000000000000e+00 0.000000000000000000e+00 0.000000000000000000e+00
0.000000000000000000e+00 0.000000000000000000e+00 0.000000000000000000e+00 0.000000000000000000e+00 0.000000000000000000e+00
0.000000000000000000e+00 0.000000000000000000e+00 0.000000000000000000e+00 0.000000000000000000e+00 0.000000000000000000e+00
0.000000000000000000e+00 0.000000000000000000e+00 0.000000000000000000e+00 0.000000000000000000e+00 0.000000000000000000e+00
0.000000000000000000e+00 0.000000000000000000e+00 0.000000000000000000e+00 0.000000000000000000e+00 0.000000000000000000e+00
0.000000000000000000e+00 0.000000000000000000e+00 0.000000000000000000e+00 0.000000000000000000e+00 0.000000000000000000e+00
0.000000000000000000e+00 0.000000000000000000e+00 0.000000000000000000e+00 0.000000000000000000e+00 0.000000000000000000e+00
0.000000000000000000e+00 0.000000000000000000e+00 0.000000000000000000e+00 0.000000000000000000e+00 0.000000000000000000e+00
0.000000000000000000e+00 0.000000000000000000e+00 0.000000000000000000e+00 0.000000000000000000e+00 0.000000000000000000e+00
