0.000000000000000000e+00 0.000000000000000000e+00 1.000000000000000000e+00 0.000000000000000000e+00 0.000000000000000000e+00
8.721524477005004883e-01 -2.207678258419036865e-01 1.000000000000000000e+00 0.000000000000000000e+00 0.000000000000000000e+00
4.324618577957153320e-01 -2.151319980621337891e-01 0.000000000000000000e+00 1.000000000000000000e+00 0.000000000000000000e+00
-5.465377569198608398e-01 -5.986377596855163574e-01 1.000000000000000000e+00 0.000000000000000000e+00 0.000000000000000000e+00
1.138002127408981323e-01 6.911245584487915039e-01 1.000000000000000000e+00 0.000000000000000000e+00 0.000000000000000000e+00
-1.502839624881744385e-01 1.603856325149536133e+00 1.000000000000000000e+00 0.000000000000000000e+00 0.000000000000000000e+00
-7.877521961927413940e-02 2.842405438423156738e-01 1.000000000000000000e+00 0.000000000000000000e+00 0.000000000000000000e+00
-9.640467166900634766e-02 6.736862659454345703e-02 0.000000000000000000e+00 1.000000000000000000e+00 0.000000000000000000e+00
-6.355953216552734375e-02 -1.110704541206359863e+00 1.000000000000000000e+00 0.000000000000000000e+00 0.000000000000000000e+00
-6.667701005935668945e-01 6.653703451156616211e-01 1.000000000000000000e+00 0.000000000000000000e+00 0.000000000000000000e+00
-2.332182824611663818e-01 3.880345225334167480e-01 0.000000000000000000e+00 1.000000000000000000e+00 0.000000000000000000e+00
1.273577332496643066e+00 -7.890591621398925781e-01 1.000000000000000000e+00 0.000000000000000000e+00 0.000000000000000000e+00
3.197636008262634277e-01 2.740845084190368652e-01 1.000000000000000000e+00 0.000000000000000000e+00 0.000000000000000000e+00
2.248190790414810181e-01 5.908621847629547119e-02 0.000000000000000000e+00 1.000000000000000000e+00 0.000000000000000000e+00
5.262318253517150879e-01 -1.686171650886535645e+00 1.000000000000000000e+00 0.000000000000000000e+00 0.000000000000000000e+00
7.335174679756164551e-01 -2.171253859996795654e-01 1.000000000000000000e+00 0.000000000000000000e+00 0.000000000000000000e+00
3.363537788391113281e-01 -2.051484882831573486e-01 0.000000000000000000e+00 1.000000000000000000e+00 0.000000000000000000e+00
-4.241225719451904297e-01 -2.464957833290100098e-01 1.000000000000000000e+00 0.000000000000000000e+00 0.000000000000000000e+00
-2.097940146923065186e-01 9.222717881202697754e-01 1.000000000000000000e+00 0.000000000000000000e+00 0.000000000000000000e+00
-1.626309454441070557e-01 3.285726904869079590e-01 0.000000000000000000e+00 1.000000000000000000e+00 0.000000000000000000e+00
-3.793196678161621094e-01 1.101315021514892578e-01 1.000000000000000000e+00 0.000000000000000000e+00 0.000000000000000000e+00
9.558922052383422852e-01 -1.815774291753768921e-01 1.000000000000000000e+00 0.000000000000000000e+00 0.000000000000000000e+00
4.805542826652526855e-01 -2.117335647344589233e-01 0.000000000000000000e+00 1.000000000000000000e+00 0.000000000000000000e+00
-1.012331545352935791e-01 -3.652313947677612305e-01 1.000000000000000000e+00 0.000000000000000000e+00 0.000000000000000000e+00
-1.221733450889587402e+00 1.320251584053039551e+00 1.000000000000000000e+00 0.000000000000000000e+00 0.000000000000000000e+00
-7.583605647087097168e-01 6.221357583999633789e-01 1.000000000000000000e+00 0.000000000000000000e+00 0.000000000000000000e+00
-2.856468856334686279e-01 1.229274496436119080e-01 0.000000000000000000e+00 1.000000000000000000e+00 0.000000000000000000e+00
1.404320240020751953e+00 -7.346366047859191895e-01 1.000000000000000000e+00 0.000000000000000000e+00 0.000000000000000000e+00
5.384626984596252441e-02 6.735957264900207520e-01 1.000000000000000000e+00 0.000000000000000000e+00 0.000000000000000000e+00
1.166509166359901428e-01 1.788590848445892334e-01 1.000000000000000000e+00 0.000000000000000000e+00 0.000000000000000000e+00
3.202413320541381836e-01 1.438546627759933472e-01 1.000000000000000000e+00 0.000000000000000000e+00 0.000000000000000000e+00
4.528859853744506836e-01 -3.978495299816131592e-02 1.000000000000000000e+00 0.000000000000000000e+00 0.000000000000000000e+00
1.741835325956344604e-01 -1.265871524810791016e-01 1.000000000000000000e+00 0.000000000000000000e+00 0.000000000000000000e+00
5.422280356287956238e-02 -1.809294670820236206e-01 0.000000000000000000e+00 1.000000000000000000e+00 0.000000000000000000e+00
-2.390783876180648804e-01 -6.215042471885681152e-01 1.000000000000000000e+00 0.000000000000000000e+00 0.000000000000000000e+00
-8.889075517654418945e-01 6.453902721405029297e-01 1.000000000000000000e+00 0.000000000000000000e+00 0.000000000000000000e+00
-4.677419960498809814e-01 1.611374020576477051e-01 0.000000000000000000e+00 1.000000000000000000e+00 0.000000000000000000e+00
-1.000932753086090088e-01 -2.407367467880249023e+00 0.000000000000000000e+00 0.000000000000000000e+00 1.000000000000000000e+00
-7.131825685501098633e-01 3.593316972255706787e-01 0.000000000000000000e+00 0.000000000000000000e+00 1.000000000000000000e+00
-1.212563633918762207e+00 -5.232310891151428223e-01 0.000000000000000000e+00 0.000000000000000000e+00 1.000000000000000000e+00
-8.491843938827514648e-01 -2.474828958511352539e-01 0.000000000000000000e+00 0.000000000000000000e+00 1.000000000000000000e+00
-9.524616003036499023e-01 -3.683248162269592285e-01 0.000000000000000000e+00 0.000000000000000000e+00 1.000000000000000000e+00
-8.857684135437011719e-01 -3.536695837974548340e-01 0.000000000000000000e+00 0.000000000000000000e+00 1.000000000000000000e+00
-8.658167123794555664e-01 -3.629713654518127441e-01 0.000000000000000000e+00 0.000000000000000000e+00 1.000000000000000000e+00
-8.449912071228027344e-01 -3.602393269538879395e-01 0.000000000000000000e+00 0.000000000000000000e+00 1.000000000000000000e+00
-8.380330801010131836e-01 -3.544009327888488770e-01 0.000000000000000000e+00 0.000000000000000000e+00 1.000000000000000000e+00
-8.326463699340820312e-01 -3.434737324714660645e-01 0.000000000000000000e+00 0.000000000000000000e+00 1.000000000000000000e+00
-8.262137174606323242e-01 -3.280127644538879395e-01 0.000000000000000000e+00 0.000000000000000000e+00 1.000000000000000000e+00
-8.228082656860351562e-01 -3.115549087524414062e-01 0.000000000000000000e+00 0.000000000000000000e+00 1.000000000000000000e+00
-8.152056932449340820e-01 -2.978923916816711426e-01 0.000000000000000000e+00 0.000000000000000000e+00 1.000000000000000000e+00
-8.027031421661376953e-01 -2.919297814369201660e-01 0.000000000000000000e+00 0.000000000000000000e+00 1.000000000000000000e+00
-7.922297716140747070e-01 -2.879765629768371582e-01 0.000000000000000000e+00 0.000000000000000000e+00 1.000000000000000000e+00
-7.872402667999267578e-01 -2.837720513343811035e-01 0.000000000000000000e+00 0.000000000000000000e+00 1.000000000000000000e+00
-7.826017141342163086e-01 -2.826583385467529297e-01 0.000000000000000000e+00 0.000000000000000000e+00 1.000000000000000000e+00
-7.793043851852416992e-01 -2.822150588035583496e-01 0.000000000000000000e+00 0.000000000000000000e+00 1.000000000000000000e+00
-7.776927947998046875e-01 -2.793235182762145996e-01 0.000000000000000000e+00 0.000000000000000000e+00 1.000000000000000000e+00
-7.679858207702636719e-01 -2.799010872840881348e-01 0.000000000000000000e+00 0.000000000000000000e+00 1.000000000000000000e+00
-7.496063709259033203e-01 -2.883706688880920410e-01 0.000000000000000000e+00 0.000000000000000000e+00 1.000000000000000000e+00
-7.403595447540283203e-01 -2.926121950149536133e-01 0.000000000000000000e+00 0.000000000000000000e+00 1.000000000000000000e+00
-7.353014945983886719e-01 -2.943461537361145020e-01 0.000000000000000000e+00 0.000000000000000000e+00 1.000000000000000000e+00
-7.289617061614990234e-01 -2.951469421386718750e-01 0.000000000000000000e+00 0.000000000000000000e+00 1.000000000000000000e+00
-7.241532802581787109e-01 -2.924326658248901367e-01 0.000000000000000000e+00 0.000000000000000000e+00 1.000000000000000000e+00
-7.224528789520263672e-01 -2.864689230918884277e-01 0.000000000000000000e+00 0.000000000000000000e+00 1.000000000000000000e+00
-7.182124853134155273e-01 -2.831358909606933594e-01 0.000000000000000000e+00 0.000000000000000000e+00 1.000000000000000000e+00
-7.101197242736816406e-01 -2.862352728843688965e-01 0.000000000000000000e+00 0.000000000000000000e+00 1.000000000000000000e+00
-7.066116333007812500e-01 -2.887020707130432129e-01 0.000000000000000000e+00 0.000000000000000000e+00 1.000000000000000000e+00
-7.048894166946411133e-01 -2.898049354553222656e-01 0.000000000000000000e+00 0.000000000000000000e+00 1.000000000000000000e+00
-7.004520893096923828e-01 -2.906770110130310059e-01 0.000000000000000000e+00 0.000000000000000000e+00 1.000000000000000000e+00
-6.974567174911499023e-01 -2.871499061584472656e-01 0.000000000000000000e+00 0.000000000000000000e+00 1.000000000000000000e+00
0.000000000000000000e+00 0.000000000000000000e+00 0.000000000000000000e+00 0.000000000000000000e+00 0.000000000000000000e+00
0.000000000000000000e+00 0.000000000000000000e+00 0.000000000000000000e+00 0.000000000000000000e+00 0.000000000000000000e+00
0.000000000000000000e+00 0.000000000000000000e+00 0.000000000000000000e+00 0.000000000000000000e+00 0.000000000000000000e+00
0.000000000000000000e+00 0.000000000000000000e+00 0.000000000000000000e+00 0.000000000000000000e+00 0.000000000000000000e+00
0.000000000000000000e+00 0.000000000000000000e+00 0.000000000000000000e+00 0.000000000000000000e+00 0.000000000000000000e+00
0.000000000000000000e+00 0.000000000000000000e+00 0.000000000000000000e+00 0.000000000000000000e+00 0.000000000000000000e+00
0.000000000000000000e+00 0.000000000000000000e+00 0.000000000000000000e+00 0.000000000000000000e+00 0.000000000000000000e+00
0.000000000000000000e+00 0.000000000000000000e+00 0.000000000000000000e+00 0.000000000000000000e+00 0.000000000000000000e+00
0.000000000000000000e+00 0.000000000000000000e+00 0.000000000000000000e+00 0.000000000000000000e+00 0.000000000000000000e+00
0.000000000000000000e+00 0.000000000000000000e+00 0.000000000000000000e+00 0.000000000000000000e+00 0.000000000000000000e+00
0.000000000000000000e+00 0.000000000000000000e+00 0.000000000000000000e+00 0.000000000000000000e+00 0.000000000000000000e+00
0.000000000000000000e+00 0.000000000000000000e+00 0.000000000000000000e+00 0.000000000000000000e+00 0.000000000000000000e+00
0.000000000000000000e+00 0.000000000000000000e+00 0.000000000000000000e+00 0.000000000000000000e+00 0.000000000000000000e+00
0.000000000000000000e+00 0.000000000000000000e+00 0.000000000000000000e+00 0.000000000000000000e+00 0.000000000000000000e+00
0.000000000000000000e+00 0.000000000000000000e+00 0.000000000000000000e+00 0.000000000000000000e+00 0.000000000000000000e+00
0.000000000000000000e+00 0.000000000000000000e+00 0.000000000000000000e+00 0.000000000000000000e+00 0.000000000000000000e+00
0.000000000000000000e+00 0.000000000000000000e+00 0.000000000000000000e+00 0.000000000000000000e+00 0.000000000000000000e+00
0.000000000000000000e+00 0.000000000000000000e+00 0.000000000000000000e+00 0.000000000000000000e+00 0.000000000000000000e+00
0.000000000000000000e+00 0.000000000000000000e+00 0.000000000000000000e+00 0.000000000000000000e+00 0.000000000000000000e+00
0.000000000000000000e+00 0.000000000000000000e+00 0.000000000000000000e+00 0.000000000000000000e+00 0.000000000000000000e+00
0.000000000000000000e+00 0.000000000000000000e+00 0.000000000000000000e+00 0.000000000000000000e+00 0.000000000000000000e+00
0.000000000000000000e+00 0.000000000000000000e+00 0.000000000000000000e+00 0.000000000000000000e+00 0.000000000000000000e+00
0.000000000000000000e+00 0.000000000000000000e+00 0.000000000000000000e+00 0.000000000000000000e+00 0.000000000000000000e+00
0.000000000000000000e+00 0.000000000000000000e+00 0.000000000000000000e+00 0.000000000000000000e+00 0.000000000000000000e+00
0.000000000000000000e+00 0.000000000000000000e+00 0.000000000000000000e+00 0.000000000000000000e+00 0.000000000000000000e+00
0.000000000000000000e+00 0.000000000000000000e+00 0.000000000000000000e+00 0.000000000000000000e+00 0.000000000000000000e+00
0.000000000000000000e+00 0.000000000000000000e+00 0.000000000000000000e+00 0.000000000000000000e+00 0.000000000000000000e+00
0.000000000000000000e+00 0.000000000000000000e+00 0.000000000000000000e+00 0.000000000000000000e+00 0.000000000000000000e+00
0.000000000000000000e+00 0.000000000000000000e+00 0.000000000000000000e+00 0.000000000000000000e+00 0.000000000000000000e+00
0.000000000000000000e+00 0.000000000000000000e+00 0.000000000000000000e+00 0.000000000000000000e+00 0.000000000000000000e+00
0.000000000000000000e+00 0.000000000000000000e+00 0.000000000000000000e+00 0.000000000000000000e+00 0.000000000000000000e+00
0.000000000000000000e+00 0.000000000000000000e+00 0.000000000000000000e+00 0.000000000000000000e+00 0.000000000000000000e+00
0.000000000000000000e+00 0.000000000000000000e+00 0.000000000000000000e+00 0.000000000000000000e+00 0.000000000000000000e+00
0.000000000000000000e+00 0.000000000000000000e+00 0.000000000000000000e+00 0.000000000000000000e+00 0.000000000000000000e+00
0.000000000000000000e+00 0.000000000000000000e+00 0.000000000000000000e+00 0.000000000000000000e+00 0.000000000000000000e+00
0.000000000000000000e+00 0.000000000000000000e+00 0.000000000000000000e+00 0.000000000000000000e+00 0.000000000000000000e+00
0.000000000000000000e+00 0.000000000000000000e+00 0.000000000000000000e+00 0.000000000000000000e+00 0.000000000000000000e+00
0.000000000000000000e+00 0.000000000000000000e+00 0.000000000000000000e+00 0.000000000000000000e+00 0.000000000000000000e+00
0.000000000000000000e+00 0.000000000000000000e+00 0.000000000000000000e+00 0.000000000000000000e+00 0.000000000000000000e+00
0.000000000000000000e+00 0.000000000000000000e+00 0.000000000000000000e+00 0.000000000000000000e+00 0.000000000000000000e+00
0.000000000000000000e+00 0.000000000000000000e+00 0.000000000000000000e+00 0.000000000000000000e+00 0.000000000000000000e+00
0.000000000000000000e+00 0.000000000000000000e+00 0.000000000000000000e+00 0.000000000000000000e+00 0.000000000000000000e+00
0.000000000000000000e+00 0.000000000000000000e+00 0.000000000000000000e+00 0.000000000000000000e+00 0.000000000000000000e+00
0.000000000000000000e+00 0.000000000000000000e+00 0.000000000000000000e+00 0.000000000000000000e+00 0.000000000000000000e+00
0.000000000000000000e+00 0.000000000000000000e+00 0.000000000000000000e+00 0.000000000000000000e+00 0.000000000000000000e+00
0.000000000000000000e+00 0.000000000000000000e+00 0.000000000000000000e+00 0.000000000000000000e+00 0.000000000000000000e+00
0.000000000000000000e+00 0.000000000000000000e+00 0.000000000000000000e+00 0.000000000000000000e+00 0.000000000000000000e+00
0.000000000000000000e+00 0.000000000000000000e+00 0.000000000000000000e+00 0.000000000000000000e+00 0.000000000000000000e+00
0.000000000000000000e+00 0.000000000000000000e+00 0.000000000000000000e+00 0.000000000000000000e+00 0.000000000000000000e+00
0.000000000000000000e+00 0.000000000000000000e+00 0.000000000000000000e+00 0.000000000000000000e+00 0.000000000000000000e+00
0.000000000000000000e+00 0.000000000000000000e+00 0.000000000000000000e+00 0.000000000000000000e+00 0.000000000000000000e+00
0.000000000000000000e+00 0.000000000000000000e+00 0.000000000000000000e+00 0.000000000000000000e+00 0.000000000000000000e+00
