0.000000000000000000e+00 0.000000000000000000e+00 1.000000000000000000e+00 0.000000000000000000e+00 0.000000000000000000e+00
9.233208894729614258e-01 -2.383729070425033569e-01 1.000000000000000000e+00 0.000000000000000000e+00 0.000000000000000000e+00
4.385644793510437012e-01 -2.226429581642150879e-01 1.000000000000000000e+00 0.000000000000000000e+00 0.000000000000000000e+00
1.120044440031051636e-01 -1.572880744934082031e-01 0.000000000000000000e+00 1.000000000000000000e+00 0.000000000000000000e+00
-6.278464794158935547e-01 -5.434243083000183105e-01 1.000000000000000000e+00 0.000000000000000000e+00 0.000000000000000000e+00
1.311954557895660400e-01 7.269227504730224609e-01 1.000000000000000000e+00 0.000000000000000000e+00 0.000000000000000000e+00
-1.401565968990325928e-01 1.707089066505432129e+00 1.000000000000000000e+00 0.000000000000000000e+00 0.000000000000000000e+00
-8.301799744367599487e-02 3.052499890327453613e-01 1.000000000000000000e+00 0.000000000000000000e+00 0.000000000000000000e+00
-1.014845743775367737e-01 7.983505725860595703e-02 0.000000000000000000e+00 1.000000000000000000e+00 0.000000000000000000e+00
-7.889865338802337646e-02 -1.155786752700805664e+00 1.000000000000000000e+00 0.000000000000000000e+00 0.000000000000000000e+00
-6.852816939353942871e-01 6.846979260444641113e-01 1.000000000000000000e+00 0.000000000000000000e+00 0.000000000000000000e+00
-2.394370138645172119e-01 4.029223620891571045e-01 0.000000000000000000e+00 1.000000000000000000e+00 0.000000000000000000e+00
1.341420531272888184e+00 -8.217263817787170410e-01 1.000000000000000000e+00 0.000000000000000000e+00 0.000000000000000000e+00
2.240873575210571289e-01 7.714399695396423340e-02 1.000000000000000000e+00 0.000000000000000000e+00 0.000000000000000000e+00
1.857863068580627441e-01 2.522414922714233398e-01 0.000000000000000000e+00 1.000000000000000000e+00 0.000000000000000000e+00
1.100809335708618164e+00 -2.597102403640747070e+00 1.000000000000000000e+00 0.000000000000000000e+00 0.000000000000000000e+00
-5.172927379608154297e-01 8.348097801208496094e-01 1.000000000000000000e+00 0.000000000000000000e+00 0.000000000000000000e+00
6.636645197868347168e-01 -9.416974335908889771e-02 1.000000000000000000e+00 0.000000000000000000e+00 0.000000000000000000e+00
3.591027259826660156e-01 -1.829417049884796143e-01 1.000000000000000000e+00 0.000000000000000000e+00 0.000000000000000000e+00
-6.575512140989303589e-02 4.334549307823181152e-01 1.000000000000000000e+00 0.000000000000000000e+00 0.000000000000000000e+00
-1.149681434035301208e-01 1.914983689785003662e-01 0.000000000000000000e+00 1.000000000000000000e+00 0.000000000000000000e+00
-5.462291240692138672e-01 -7.102538645267486572e-02 1.000000000000000000e+00 0.000000000000000000e+00 0.000000000000000000e+00
-6.905982494354248047e-01 8.509515523910522461e-01 1.000000000000000000e+00 0.000000000000000000e+00 0.000000000000000000e+00
-2.813956141471862793e-01 2.154041826725006104e-01 0.000000000000000000e+00 1.000000000000000000e+00 0.000000000000000000e+00
1.218293309211730957e+00 -7.429687976837158203e-01 1.000000000000000000e+00 0.000000000000000000e+00 0.000000000000000000e+00
2.622016072273254395e-01 5.104879289865493774e-02 1.000000000000000000e+00 0.000000000000000000e+00 0.000000000000000000e+00
1.510498374700546265e-01 1.517185717821121216e-01 0.000000000000000000e+00 1.000000000000000000e+00 0.000000000000000000e+00
-5.246344208717346191e-01 1.106251627206802368e-01 1.000000000000000000e+00 0.000000000000000000e+00 0.000000000000000000e+00
-6.970562934875488281e-01 8.566310405731201172e-01 1.000000000000000000e+00 0.000000000000000000e+00 0.000000000000000000e+00
6.847143769264221191e-01 -3.031506240367889404e-01 1.000000000000000000e+00 0.000000000000000000e+00 0.000000000000000000e+00
3.460255861282348633e-01 -5.817957222461700439e-03 1.000000000000000000e+00 0.000000000000000000e+00 0.000000000000000000e+00
4.716228693723678589e-02 7.677492499351501465e-02 1.000000000000000000e+00 0.000000000000000000e+00 0.000000000000000000e+00
-7.439850568771362305e-01 8.116626143455505371e-01 1.000000000000000000e+00 0.000000000000000000e+00 0.000000000000000000e+00
-6.394692063331604004e-01 3.862843513488769531e-01 1.000000000000000000e+00 0.000000000000000000e+00 0.000000000000000000e+00
-2.238056957721710205e-01 -5.989737808704376221e-03 0.000000000000000000e+00 1.000000000000000000e+00 0.000000000000000000e+00
5.966380834579467773e-01 -5.870376229286193848e-01 1.000000000000000000e+00 0.000000000000000000e+00 0.000000000000000000e+00
1.096285462379455566e+00 5.751515626907348633e-01 1.000000000000000000e+00 0.000000000000000000e+00 0.000000000000000000e+00
5.768005847930908203e-01 1.506911665201187134e-01 1.000000000000000000e+00 0.000000000000000000e+00 0.000000000000000000e+00
6.486226320266723633e-01 7.375746965408325195e-03 0.000000000000000000e+00 1.000000000000000000e+00 0.000000000000000000e+00
-2.535844564437866211e+00 -2.851861238479614258e+00 0.000000000000000000e+00 0.000000000000000000e+00 1.000000000000000000e+00
3.169641196727752686e-01 6.237598657608032227e-01 0.000000000000000000e+00 0.000000000000000000e+00 1.000000000000000000e+00
-1.728665232658386230e+00 2.833634614944458008e-02 0.000000000000000000e+00 0.000000000000000000e+00 1.000000000000000000e+00
-9.880686998367309570e-01 -1.828075647354125977e-01 0.000000000000000000e+00 0.000000000000000000e+00 1.000000000000000000e+00
-1.206805229187011719e+00 -2.858076691627502441e-01 0.000000000000000000e+00 0.000000000000000000e+00 1.000000000000000000e+00
-1.048411607742309570e+00 -1.918373107910156250e-01 0.000000000000000000e+00 0.000000000000000000e+00 1.000000000000000000e+00
-1.085670351982116699e+00 -2.211477160453796387e-01 0.000000000000000000e+00 0.000000000000000000e+00 1.000000000000000000e+00
-1.041312336921691895e+00 -1.698666214942932129e-01 0.000000000000000000e+00 0.000000000000000000e+00 1.000000000000000000e+00
-1.037138462066650391e+00 -1.807174682617187500e-01 0.000000000000000000e+00 0.000000000000000000e+00 1.000000000000000000e+00
-1.014093041419982910e+00 -1.914666891098022461e-01 0.000000000000000000e+00 0.000000000000000000e+00 1.000000000000000000e+00
-9.982954263687133789e-01 -2.029792666435241699e-01 0.000000000000000000e+00 0.000000000000000000e+00 1.000000000000000000e+00
-9.827424287796020508e-01 -2.070130705833435059e-01 0.000000000000000000e+00 0.000000000000000000e+00 1.000000000000000000e+00
-9.697937965393066406e-01 -2.132227420806884766e-01 0.000000000000000000e+00 0.000000000000000000e+00 1.000000000000000000e+00
-9.605754613876342773e-01 -2.225105166435241699e-01 0.000000000000000000e+00 0.000000000000000000e+00 1.000000000000000000e+00
-9.540106058120727539e-01 -2.297607064247131348e-01 0.000000000000000000e+00 0.000000000000000000e+00 1.000000000000000000e+00
-9.473592042922973633e-01 -2.370331883430480957e-01 0.000000000000000000e+00 0.000000000000000000e+00 1.000000000000000000e+00
-9.383475780487060547e-01 -2.415581345558166504e-01 0.000000000000000000e+00 0.000000000000000000e+00 1.000000000000000000e+00
-9.301494359970092773e-01 -2.448487281799316406e-01 0.000000000000000000e+00 0.000000000000000000e+00 1.000000000000000000e+00
-9.216111898422241211e-01 -2.492345571517944336e-01 0.000000000000000000e+00 0.000000000000000000e+00 1.000000000000000000e+00
-9.126297235488891602e-01 -2.538736462593078613e-01 0.000000000000000000e+00 0.000000000000000000e+00 1.000000000000000000e+00
-9.062771797180175781e-01 -2.574396133422851562e-01 0.000000000000000000e+00 0.000000000000000000e+00 1.000000000000000000e+00
-9.003245830535888672e-01 -2.609159946441650391e-01 0.000000000000000000e+00 0.000000000000000000e+00 1.000000000000000000e+00
-8.935773372650146484e-01 -2.629392147064208984e-01 0.000000000000000000e+00 0.000000000000000000e+00 1.000000000000000000e+00
-8.870716094970703125e-01 -2.616308331489562988e-01 0.000000000000000000e+00 0.000000000000000000e+00 1.000000000000000000e+00
-8.817952871322631836e-01 -2.598864436149597168e-01 0.000000000000000000e+00 0.000000000000000000e+00 1.000000000000000000e+00
-8.768669366836547852e-01 -2.603654265403747559e-01 0.000000000000000000e+00 0.000000000000000000e+00 1.000000000000000000e+00
-8.725134134292602539e-01 -2.628236413002014160e-01 0.000000000000000000e+00 0.000000000000000000e+00 1.000000000000000000e+00
-8.689206838607788086e-01 -2.651644349098205566e-01 0.000000000000000000e+00 0.000000000000000000e+00 1.000000000000000000e+00
-8.650335073471069336e-01 -2.658362984657287598e-01 0.000000000000000000e+00 0.000000000000000000e+00 1.000000000000000000e+00
-8.620783090591430664e-01 -2.587106823921203613e-01 0.000000000000000000e+00 0.000000000000000000e+00 1.000000000000000000e+00
-8.590443134307861328e-01 -2.526617050170898438e-01 0.000000000000000000e+00 0.000000000000000000e+00 1.000000000000000000e+00
-8.570575714111328125e-01 -2.483966946601867676e-01 0.000000000000000000e+00 0.000000000000000000e+00 1.000000000000000000e+00
-8.549120426177978516e-01 -2.470839619636535645e-01 0.000000000000000000e+00 0.000000000000000000e+00 1.000000000000000000e+00
0.000000000000000000e+00 0.000000000000000000e+00 0.000000000000000000e+00 0.000000000000000000e+00 0.000000000000000000e+00
0.000000000000000000e+00 0.000000000000000000e+00 0.000000000000000000e+00 0.000000000000000000e+00 0.000000000000000000e+00
0.000000000000000000e+00 0.000000000000000000e+00 0.000000000000000000e+00 0.000000000000000000e+00 0.000000000000000000e+00
0.000000000000000000e+00 0.000000000000000000e+00 0.000000000000000000e+00 0.000000000000000000e+00 0.000000000000000000e+00
0.000000000000000000e+00 0.000000000000000000e+00 0.000000000000000000e+00 0.000000000000000000e+00 0.000000000000000000e+00
0.000000000000000000e+00 0.000000000000000000e+00 0.000000000000000000e+00 0.000000000000000000e+00 0.000000000000000000e+00
0.000000000000000000e+00 0.000000000000000000e+00 0.000000000000000000e+00 0.000000000000000000e+00 0.000000000000000000e+00
0.000000000000000000e+00 0.000000000000000000e+00 0.000000000000000000e+00 0.000000000000000000e+00 0.000000000000000000e+00
0.000000000000000000e+00 0.000000000000000000e+00 0.000000000000000000e+00 0.000000000000000000e+00 0.000000000000000000e+00
0.000000000000000000e+00 0.000000000000000000e+00 0.000000000000000000e+00 0.000000000000000000e+00 0.000000000000000000e+00
0.000000000000000000e+00 0.000000000000000000e+00 0.000000000000000000e+00 0.000000000000000000e+00 0.000000000000000000e+00
0.000000000000000000e+00 0.000000000000000000e+00 0.000000000000000000e+00 0.000000000000000000e+00 0.000000000000000000e+00
0.000000000000000000e+00 0.000000000000000000e+00 0.000000000000000000e+00 0.000000000000000000e+00 0.000000000000000000e+00
0.000000000000000000e+00 0.000000000000000000e+00 0.000000000000000000e+00 0.000000000000000000e+00 0.000000000000000000e+00
0.000000000000000000e+00 0.000000000000000000e+00 0.000000000000000000e+00 0.000000000000000000e+00 0.000000000000000000e+00
0.000000000000000000e+00 0.000000000000000000e+00 0.000000000000000000e+00 0.000000000000000000e+00 0.000000000000000000e+00
0.000000000000000000e+00 0.000000000000000000e+00 0.000000000000000000e+00 0.000000000000000000e+00 0.000000000000000000e+00
0.000000000000000000e+00 0.000000000000000000e+00 0.000000000000000000e+00 0.000000000000000000e+00 0.000000000000000000e+00
0.000000000000000000e+00 0.000000000000000000e+00 0.000000000000000000e+00 0.000000000000000000e+00 0.000000000000000000e+00
0.000000000000000000e+00 0.000000000000000000e+00 0.000000000000000000e+00 0.000000000000000000e+00 0.000000000000000000e+00
0.000000000000000000e+00 0.000000000000000000e+00 0.000000000000000000e+00 0.000000000000000000e+00 0.000000000000000000e+00
0.000000000000000000e+00 0.000000000000000000e+00 0.000000000000000000e+00 0.000000000000000000e+00 0.000000000000000000e+00
0.000000000000000000e+00 0.000000000000000000e+00 0.000000000000000000e+00 0.000000000000000000e+00 0.000000000000000000e+00
0.000000000000000000e+00 0.000000000000000000e+00 0.000000000000000000e+00 0.000000000000000000e+00 0.000000000000000000e+00
0.000000000000000000e+00 0.000000000000000000e+00 0.000000000000000000e+00 0.000000000000000000e+00 0.000000000000000000e+00
0.000000000000000000e+00 0.000000000000000000e+00 0.000000000000000000e+00 0.000000000000000000e+00 0.000000000000000000e+00
0.000000000000000000e+00 0.000000000000000000e+00 0.000000000000000000e+00 0.000000000000000000e+00 0.000000000000000000e+00
0.000000000000000000e+00 0.000000000000000000e+00 0.000000000000000000e+00 0.000000000000000000e+00 0.000000000000000000e+00
0.000000000000000000e+00 0.000000000000000000e+00 0.000000000000000000e+00 0.000000000000000000e+00 0.000000000000000000e+00
0.000000000000000000e+00 0.000000000000000000e+00 0.000000000000000000e+00 0.000000000000000000e+00 0.000000000000000000e+00
0.000000000000000000e+00 0.000000000000000000e+00 0.000000000000000000e+00 0.000000000000000000e+00 0.000000000000000000e+00
0.000000000000000000e+00 0.000000000000000000e+00 0.000000000000000000e+00 0.000000000000000000e+00 0.000000000000000000e+00
0.000000000000000000e+00 0.000000000000000000e+00 0.000000000000000000e+00 0.000000000000000000e+00 0.000000000000000000e+00
0.000000000000000000e+00 0.000000000000000000e+00 0.000000000000000000e+00 0.000000000000000000e+00 0.000000000000000000e+00
0.000000000000000000e+00 0.000000000000000000e+00 0.000000000000000000e+00 0.000000000000000000e+00 0.000000000000000000e+00
0.000000000000000000e+00 0.000000000000000000e+00 0.000000000000000000e+00 0.000000000000000000e+00 0.000000000000000000e+00
0.000000000000000000e+00 0.000000000000000000e+00 0.000000000000000000e+00 0.000000000000000000e+00 0.000000000000000000e+00
0.000000000000000000e+00 0.000000000000000000e+00 0.000000000000000000e+00 0.000000000000000000e+00 0.000000000000000000e+00
0.000000000000000000e+00 0.000000000000000000e+00 0.000000000000000000e+00 0.000000000000000000e+00 0.000000000000000000e+00
0.000000000000000000e+00 0.000000000000000000e+00 0.000000000000000000e+00 0.000000000000000000e+00 0.000000000000000000e+00
0.000000000000000000e+00 0.000000000000000000e+00 0.000000000000000000e+00 0.000000000000000000e+00 0.000000000000000000e+00
0.000000000000000000e+00 0.000000000000000000e+00 0.000000000000000000e+00 0.000000000000000000e+00 0.000000000000000000e+00
0.000000000000000000e+00 0.000000000000000000e+00 0.000000000000000000e+00 0.000000000000000000e+00 0.000000000000000000e+00
0.000000000000000000e+00 0.000000000000000000e+00 0.000000000000000000e+00 0.000000000000000000e+00 0.000000000000000000e+00
0.000000000000000000e+00 0.000000000000000000e+00 0.000000000000000000e+00 0.000000000000000000e+00 0.000000000000000000e+00
0.000000000000000000e+00 0.000000000000000000e+00 0.000000000000000000e+00 0.000000000000000000e+00 0.000000000000000000e+00
0.000000000000000000e+00 0.000000000000000000e+00 0.000000000000000000e+00 0.000000000000000000e+00 0.000000000000000000e+00
0.000000000000000000e+00 0.000000000000000000e+00 0.000000000000000000e+00 0.000000000000000000e+00 0.000000000000000000e+00
0.000000000000000000e+00 0.000000000000000000e+00 0.000000000000000000e+00 0.000000000000000000e+00 0.000000000000000000e+00
