0.000000000000000000e+00 0.000000000000000000e+00 1.000000000000000000e+00 0.000000000000000000e+00 0.000000000000000000e+00
8.720062971115112305e-01 -2.042220234870910645e-01 1.000000000000000000e+00 0.000000000000000000e+00 0.000000000000000000e+00
2.484255284070968628e-01 1.665977016091346741e-02 0.000000000000000000e+00 1.000000000000000000e+00 0.000000000000000000e+00
-1.366062641143798828e+00 9.191247820854187012e-01 1.000000000000000000e+00 0.000000000000000000e+00 0.000000000000000000e+00
-4.821478575468063354e-02 7.278912663459777832e-01 1.000000000000000000e+00 0.000000000000000000e+00 0.000000000000000000e+00
-7.129344344139099121e-02 1.748427152633666992e-01 0.000000000000000000e+00 1.000000000000000000e+00 0.000000000000000000e+00
4.696382582187652588e-01 -8.419790267944335938e-01 1.000000000000000000e+00 0.000000000000000000e+00 0.000000000000000000e+00
9.202586412429809570e-01 -1.241480261087417603e-01 1.000000000000000000e+00 0.000000000000000000e+00 0.000000000000000000e+00
3.081733286380767822e-01 7.471974194049835205e-02 1.000000000000000000e+00 0.000000000000000000e+00 0.000000000000000000e+00
-2.527852542698383331e-02 2.389237731695175171e-01 1.000000000000000000e+00 0.000000000000000000e+00 0.000000000000000000e+00
-2.941540181636810303e-01 3.092657327651977539e-01 1.000000000000000000e+00 0.000000000000000000e+00 0.000000000000000000e+00
-1.824359893798828125e-01 6.116060912609100342e-02 1.000000000000000000e+00 0.000000000000000000e+00 0.000000000000000000e+00
-2.164143174886703491e-01 -7.675483822822570801e-02 0.000000000000000000e+00 1.000000000000000000e+00 0.000000000000000000e+00
-1.032702028751373291e-01 -2.141192913055419922e+00 1.000000000000000000e+00 0.000000000000000000e+00 0.000000000000000000e+00
1.398636698722839355e-01 7.310712337493896484e-01 1.000000000000000000e+00 0.000000000000000000e+00 0.000000000000000000e+00
-9.400209784507751465e-02 2.080652475357055664e+00 1.000000000000000000e+00 0.000000000000000000e+00 0.000000000000000000e+00
-6.613443791866302490e-02 3.238958716392517090e-01 1.000000000000000000e+00 0.000000000000000000e+00 0.000000000000000000e+00
-9.303967654705047607e-02 1.136214137077331543e-01 0.000000000000000000e+00 1.000000000000000000e+00 0.000000000000000000e+00
-1.051220297813415527e-01 -8.957798480987548828e-01 1.000000000000000000e+00 0.000000000000000000e+00 0.000000000000000000e+00
-6.421146392822265625e-01 6.262520551681518555e-01 1.000000000000000000e+00 0.000000000000000000e+00 0.000000000000000000e+00
-1.837892830371856689e-01 3.317321836948394775e-01 0.000000000000000000e+00 1.000000000000000000e+00 0.000000000000000000e+00
1.340545177459716797e+00 -7.395772337913513184e-01 1.000000000000000000e+00 0.000000000000000000e+00 0.000000000000000000e+00
3.728013336658477783e-01 3.157034516334533691e-01 1.000000000000000000e+00 0.000000000000000000e+00 0.000000000000000000e+00
2.339475452899932861e-01 6.789321452379226685e-02 0.000000000000000000e+00 1.000000000000000000e+00 0.000000000000000000e+00
5.377816557884216309e-01 -2.335541248321533203e+00 1.000000000000000000e+00 0.000000000000000000e+00 0.000000000000000000e+00
7.127969264984130859e-01 -1.597862243652343750e-01 1.000000000000000000e+00 0.000000000000000000e+00 0.000000000000000000e+00
1.637323945760726929e-01 3.853461146354675293e-02 0.000000000000000000e+00 1.000000000000000000e+00 0.000000000000000000e+00
-1.205374717712402344e+00 9.061962962150573730e-01 1.000000000000000000e+00 0.000000000000000000e+00 0.000000000000000000e+00
-7.062982022762298584e-02 7.615918517112731934e-01 1.000000000000000000e+00 0.000000000000000000e+00 0.000000000000000000e+00
-6.922653317451477051e-02 1.507127135992050171e-01 0.000000000000000000e+00 1.000000000000000000e+00 0.000000000000000000e+00
4.377923011779785156e-01 -8.773143887519836426e-01 1.000000000000000000e+00 0.000000000000000000e+00 0.000000000000000000e+00
8.953585624694824219e-01 -1.040227115154266357e-01 1.000000000000000000e+00 0.000000000000000000e+00 0.000000000000000000e+00
2.864743173122406006e-01 8.534464240074157715e-02 1.000000000000000000e+00 0.000000000000000000e+00 0.000000000000000000e+00
-1.561241596937179565e-02 2.669360041618347168e-01 1.000000000000000000e+00 0.000000000000000000e+00 0.000000000000000000e+00
-2.711157202720642090e-01 3.536260426044464111e-01 1.000000000000000000e+00 0.000000000000000000e+00 0.000000000000000000e+00
-1.762790530920028687e-01 8.555629849433898926e-02 1.000000000000000000e+00 0.000000000000000000e+00 0.000000000000000000e+00
-2.145317345857620239e-01 -5.899120122194290161e-02 0.000000000000000000e+00 1.000000000000000000e+00 0.000000000000000000e+00
-1.428252458572387695e-01 -2.206858873367309570e+00 1.000000000000000000e+00 0.000000000000000000e+00 0.000000000000000000e+00
1.432685554027557373e-01 7.660199403762817383e-01 1.000000000000000000e+00 0.000000000000000000e+00 0.000000000000000000e+00
-1.199169233441352844e-01 2.209220409393310547e+00 1.000000000000000000e+00 0.000000000000000000e+00 0.000000000000000000e+00
-6.991949677467346191e-02 3.182299733161926270e-01 1.000000000000000000e+00 0.000000000000000000e+00 0.000000000000000000e+00
-9.534632414579391479e-02 1.024027466773986816e-01 0.000000000000000000e+00 1.000000000000000000e+00 0.000000000000000000e+00
-9.253272414207458496e-02 -9.407885074615478516e-01 1.000000000000000000e+00 0.000000000000000000e+00 0.000000000000000000e+00
-7.724517583847045898e-01 6.967706680297851562e-01 1.000000000000000000e+00 0.000000000000000000e+00 0.000000000000000000e+00
-2.307230830192565918e-01 3.610371649265289307e-01 0.000000000000000000e+00 1.000000000000000000e+00 0.000000000000000000e+00
1.577029943466186523e+00 -7.202616333961486816e-01 1.000000000000000000e+00 0.000000000000000000e+00 0.000000000000000000e+00
5.039535760879516602e-01 4.940477907657623291e-01 1.000000000000000000e+00 0.000000000000000000e+00 0.000000000000000000e+00
3.482776880264282227e-01 1.631138622760772705e-01 0.000000000000000000e+00 1.000000000000000000e+00 0.000000000000000000e+00
-1.933882832527160645e+00 -2.730310678482055664e+00 0.000000000000000000e+00 0.000000000000000000e+00 1.000000000000000000e+00
-1.928300261497497559e-01 1.305187225341796875e+00 0.000000000000000000e+00 0.000000000000000000e+00 1.000000000000000000e+00
-1.412328481674194336e+00 -8.030050992965698242e-02 0.000000000000000000e+00 0.000000000000000000e+00 1.000000000000000000e+00
-9.907654523849487305e-01 -3.696598410606384277e-01 0.000000000000000000e+00 0.000000000000000000e+00 1.000000000000000000e+00
-1.021686196327209473e+00 -2.806476354598999023e-01 0.000000000000000000e+00 0.000000000000000000e+00 1.000000000000000000e+00
-9.981266260147094727e-01 -2.466644048690795898e-01 0.000000000000000000e+00 0.000000000000000000e+00 1.000000000000000000e+00
-9.907031059265136719e-01 -2.434591650962829590e-01 0.000000000000000000e+00 0.000000000000000000e+00 1.000000000000000000e+00
-9.719293117523193359e-01 -2.583526372909545898e-01 0.000000000000000000e+00 0.000000000000000000e+00 1.000000000000000000e+00
-9.556972980499267578e-01 -2.654623985290527344e-01 0.000000000000000000e+00 0.000000000000000000e+00 1.000000000000000000e+00
-9.347493648529052734e-01 -2.816159129142761230e-01 0.000000000000000000e+00 0.000000000000000000e+00 1.000000000000000000e+00
-9.135107994079589844e-01 -2.961720824241638184e-01 0.000000000000000000e+00 0.000000000000000000e+00 1.000000000000000000e+00
-9.035518169403076172e-01 -3.015294075012207031e-01 0.000000000000000000e+00 0.000000000000000000e+00 1.000000000000000000e+00
-8.986805677413940430e-01 -2.991303801536560059e-01 0.000000000000000000e+00 0.000000000000000000e+00 1.000000000000000000e+00
-8.936511278152465820e-01 -2.945482134819030762e-01 0.000000000000000000e+00 0.000000000000000000e+00 1.000000000000000000e+00
-8.875690698623657227e-01 -2.900534868240356445e-01 0.000000000000000000e+00 0.000000000000000000e+00 1.000000000000000000e+00
-8.786981105804443359e-01 -2.865034341812133789e-01 0.000000000000000000e+00 0.000000000000000000e+00 1.000000000000000000e+00
-8.658006191253662109e-01 -2.921304702758789062e-01 0.000000000000000000e+00 0.000000000000000000e+00 1.000000000000000000e+00
0.000000000000000000e+00 0.000000000000000000e+00 0.000000000000000000e+00 0.000000000000000000e+00 0.000000000000000000e+00
0.000000000000000000e+00 0.000000000000000000e+00 0.000000000000000000e+00 0.000000000000000000e+00 0.000000000000000000e+00
0.000000000000000000e+00 0.000000000000000000e+00 0.000000000000000000e+00 0.000000000000000000e+00 0.000000000000000000e+00
0.000000000000000000e+00 0.000000000000000000e+00 0.000000000000000000e+00 0.000000000000000000e+00 0.000000000000000000e+00
0.000000000000000000e+00 0.000000000000000000e+00 0.000000000000000000e+00 0.000000000000000000e+00 0.000000000000000000e+00
0.000000000000000000e+00 0.000000000000000000e+00 0.000000000000000000e+00 0.000000000000000000e+00 0.000000000000000000e+00
0.000000000000000000e+00 0.000000000000000000e+00 0.000000000000000000e+00 0.000000000000000000e+00 0.000000000000000000e+00
0.000000000000000000e+00 0.000000000000000000e+00 0.000000000000000000e+00 0.000000000000000000e+00 0.000000000000000000e+00
0.000000000000000000e+00 0.000000000000000000e+00 0.000000000000000000e+00 0.000000000000000000e+00 0.000000000000000000e+00
0.000000000000000000e+00 0.000000000000000000e+00 0.000000000000000000e+00 0.000000000000000000e+00 0.000000000000000000e+00
0.000000000000000000e+00 0.000000000000000000e+00 0.000000000000000000e+00 0.000000000000000000e+00 0.000000000000000000e+00
0.000000000000000000e+00 0.000000000000000000e+00 0.000000000000000000e+00 0.000000000000000000e+00 0.000000000000000000e+00
0.000000000000000000e+00 0.000000000000000000e+00 0.000000000000000000e+00 0.000000000000000000e+00 0.000000000000000000e+00
0.000000000000000000e+00 0.000000000000000000e+00 0.000000000000000000e+00 0.000000000000000000e+00 0.000000000000000000e+00
0.000000000000000000e+00 0.000000000000000000e+00 0.000000000000000000e+00 0.000000000000000000e+00 0.000000000000000000e+00
0.000000000000000000e+00 0.000000000000000000e+00 0.000000000000000000e+00 0.000000000000000000e+00 0.000000000000000000e+00
0.000000000000000000e+00 0.000000000000000000e+00 0.000000000000000000e+00 0.000000000000000000e+00 0.000000000000000000e+00
0.000000000000000000e+00 0.000000000000000000e+00 0.000000000000000000e+00 0.000000000000000000e+00 0.000000000000000000e+00
0.000000000000000000e+00 0.000000000000000000e+00 0.000000000000000000e+00 0.000000000000000000e+00 0.000000000000000000e+00
0.000000000000000000e+00 0.000000000000000000e+00 0.000000000000000000e+00 0.000000000000000000e+00 0.000000000000000000e+00
0.000000000000000000e+00 0.000000000000000000e+00 0.000000000000000000e+00 0.000000000000000000e+00 0.000000000000000000e+00
0.000000000000000000e+00 0.000000000000000000e+00 0.000000000000000000e+00 0.000000000000000000e+00 0.000000000000000000e+00
0.000000000000000000e+00 0.000000000000000000e+00 0.000000000000000000e+00 0.000000000000000000e+00 0.000000000000000000e+00
0.000000000000000000e+00 0.000000000000000000e+00 0.000000000000000000e+00 0.000000000000000000e+00 0.000000000000000000e+00
0.000000000000000000e+00 0.000000000000000000e+00 0.000000000000000000e+00 0.000000000000000000e+00 0.000000000000000000e+00
0.000000000000000000e+00 0.000000000000000000e+00 0.000000000000000000e+00 0.000000000000000000e+00 0.000000000000000000e+00
0.000000000000000000e+00 0.000000000000000000e+00 0.000000000000000000e+00 0.000000000000000000e+00 0.000000000000000000e+00
0.000000000000000000e+00 0.000000000000000000e+00 0.000000000000000000e+00 0.000000000000000000e+00 0.000000000000000000e+00
0.000000000000000000e+00 0.000000000000000000e+00 0.000000000000000000e+00 0.000000000000000000e+00 0.000000000000000000e+00
0.000000000000000000e+00 0.000000000000000000e+00 0.000000000000000000e+00 0.000000000000000000e+00 0.000000000000000000e+00
0.000000000000000000e+00 0.000000000000000000e+00 0.000000000000000000e+00 0.000000000000000000e+00 0.000000000000000000e+00
0.000000000000000000e+00 0.000000000000000000e+00 0.000000000000000000e+00 0.000000000000000000e+00 0.000000000000000000e+00
0.000000000000000000e+00 0.000000000000000000e+00 0.000000000000000000e+00 0.000000000000000000e+00 0.000000000000000000e+00
0.000000000000000000e+00 0.000000000000000000e+00 0.000000000000000000e+00 0.000000000000000000e+00 0.000000000000000000e+00
0.000000000000000000e+00 0.000000000000000000e+00 0.000000000000000000e+00 0.000000000000000000e+00 0.000000000000000000e+00
0.000000000000000000e+00 0.000000000000000000e+00 0.000000000000000000e+00 0.000000000000000000e+00 0.000000000000000000e+00
0.000000000000000000e+00 0.000000000000000000e+00 0.000000000000000000e+00 0.000000000000000000e+00 0.000000000000000000e+00
0.000000000000000000e+00 0.000000000000000000e+00 0.000000000000000000e+00 0.000000000000000000e+00 0.000000000000000000e+00
0.000000000000000000e+00 0.000000000000000000e+00 0.000000000000000000e+00 0.000000000000000000e+00 0.000000000000000000e+00
0.000000000000000000e+00 0.000000000000000000e+00 0.000000000000000000e+00 0.000000000000000000e+00 0.000000000000000000e+00
0.000000000000000000e+00 0.000000000000000000e+00 0.000000000000000000e+00 0.000000000000000000e+00 0.000000000000000000e+00
0.000000000000000000e+00 0.000000000000000000e+00 0.000000000000000000e+00 0.000000000000000000e+00 0.000000000000000000e+00
0.000000000000000000e+00 0.000000000000000000e+00 0.000000000000000000e+00 0.000000000000000000e+00 0.000000000000000000e+00
0.000000000000000000e+00 0.000000000000000000e+00 0.000000000000000000e+00 0.000000000000000000e+00 0.000000000000000000e+00
0.000000000000000000e+00 0.000000000000000000e+00 0.000000000000000000e+00 0.000000000000000000e+00 0.000000000000000000e+00
0.000000000000000000e+00 0.000000000000000000e+00 0.000000000000000000e+00 0.000000000000000000e+00 0.000000000000000000e+00
0.000000000000000000e+00 0.000000000000000000e+00 0.000000000000000000e+00 0.000000000000000000e+00 0.000000000000000000e+00
0.000000000000000000e+00 0.000000000000000000e+00 0.000000000000000000e+00 0.000000000000000000e+00 0.000000000000000000e+00
0.000000000000000000e+00 0.000000000000000000e+00 0.000000000000000000e+00 0.000000000000000000e+00 0.000000000000000000e+00
0.000000000000000000e+00 0.000000000000000000e+00 0.000000000000000000e+00 0.000000000000000000e+00 0.000000000000000000e+00
0.000000000000000000e+00 0.000000000000000000e+00 0.000000000000000000e+00 0.000000000000000000e+00 0.000000000000000000e+00
0.000000000000000000e+00 0.000000000000000000e+00 0.000000000000000000e+00 0.000000000000000000e+00 0.000000000000000000e+00
0.000000000000000000e+00 0.000000000000000000e+00 0.000000000000000000e+00 0.000000000000000000e+00 0.000000000000000000e+00
0.000000000000000000e+00 0.000000000000000000e+00 0.000000000000000000e+00 0.000000000000000000e+00 0.000000000000000000e+00
0.000000000000000000e+00 0.000000000000000000e+00 0.000000000000000000e+00 0.000000000000000000e+00 0.000000000000000000e+00
0.000000000000000000e+00 0.000000000000000000e+00 0.000000000000000000e+00 0.000000000000000000e+00 0.000000000000000000e+00
