0.000000000000000000e+00 0.000000000000000000e+00 1.000000000000000000e+00 0.000000000000000000e+00 0.000000000000000000e+00
7.126931548118591309e-01 -1.824386119842529297e-01 1.000000000000000000e+00 0.000000000000000000e+00 0.000000000000000000e+00
3.739771246910095215e-01 -1.923750787973403931e-01 0.000000000000000000e+00 1.000000000000000000e+00 0.000000000000000000e+00
-4.755941629409790039e-01 -4.614582359790802002e-01 1.000000000000000000e+00 0.000000000000000000e+00 0.000000000000000000e+00
9.815204143524169922e-02 6.082585453987121582e-01 1.000000000000000000e+00 0.000000000000000000e+00 0.000000000000000000e+00
-1.322590261697769165e-01 1.239394903182983398e+00 1.000000000000000000e+00 0.000000000000000000e+00 0.000000000000000000e+00
-7.139948010444641113e-02 2.130346894264221191e-01 1.000000000000000000e+00 0.000000000000000000e+00 0.000000000000000000e+00
-8.381566405296325684e-02 4.430840536952018738e-02 0.000000000000000000e+00 1.000000000000000000e+00 0.000000000000000000e+00
-9.376506507396697998e-02 -7.765634059906005859e-01 1.000000000000000000e+00 0.000000000000000000e+00 0.000000000000000000e+00
-4.774789810180664062e-01 4.938811659812927246e-01 1.000000000000000000e+00 0.000000000000000000e+00 0.000000000000000000e+00
-1.361275315284729004e-01 2.886161208152770996e-01 0.000000000000000000e+00 1.000000000000000000e+00 0.000000000000000000e+00
1.020168900489807129e+00 -6.196376681327819824e-01 1.000000000000000000e+00 0.000000000000000000e+00 0.000000000000000000e+00
1.489740610122680664e-01 7.169522345066070557e-02 1.000000000000000000e+00 0.000000000000000000e+00 0.000000000000000000e+00
8.671980351209640503e-02 2.101362943649291992e-01 0.000000000000000000e+00 1.000000000000000000e+00 0.000000000000000000e+00
3.866763710975646973e-01 -1.120153665542602539e+00 1.000000000000000000e+00 0.000000000000000000e+00 0.000000000000000000e+00
4.349185898900032043e-02 4.453607797622680664e-01 1.000000000000000000e+00 0.000000000000000000e+00 0.000000000000000000e+00
-1.121774241328239441e-01 6.823422908782958984e-01 1.000000000000000000e+00 0.000000000000000000e+00 0.000000000000000000e+00
-9.786021709442138672e-02 2.834468483924865723e-01 1.000000000000000000e+00 0.000000000000000000e+00 0.000000000000000000e+00
-1.181538701057434082e-01 1.407506167888641357e-01 0.000000000000000000e+00 1.000000000000000000e+00 0.000000000000000000e+00
5.010511279106140137e-01 -1.846574425697326660e+00 1.000000000000000000e+00 0.000000000000000000e+00 0.000000000000000000e+00
4.122478961944580078e-01 -8.283849060535430908e-02 1.000000000000000000e+00 0.000000000000000000e+00 0.000000000000000000e+00
1.522230654954910278e-01 1.133482158184051514e-01 1.000000000000000000e+00 0.000000000000000000e+00 0.000000000000000000e+00
-7.141484320163726807e-02 1.560700893402099609e+00 1.000000000000000000e+00 0.000000000000000000e+00 0.000000000000000000e+00
-6.181987002491950989e-02 2.272436171770095825e-01 1.000000000000000000e+00 0.000000000000000000e+00 0.000000000000000000e+00
-1.029780060052871704e-01 1.076226532459259033e-01 0.000000000000000000e+00 1.000000000000000000e+00 0.000000000000000000e+00
-3.047805428504943848e-01 -1.116213679313659668e+00 1.000000000000000000e+00 0.000000000000000000e+00 0.000000000000000000e+00
2.397670149803161621e-01 -2.467228472232818604e-02 1.000000000000000000e+00 0.000000000000000000e+00 0.000000000000000000e+00
3.671689331531524658e-02 4.719217121601104736e-02 0.000000000000000000e+00 1.000000000000000000e+00 0.000000000000000000e+00
-2.303054928779602051e-01 3.292444646358489990e-01 1.000000000000000000e+00 0.000000000000000000e+00 0.000000000000000000e+00
3.757097125053405762e-01 -1.670580506324768066e-01 1.000000000000000000e+00 0.000000000000000000e+00 0.000000000000000000e+00
1.728281825780868530e-01 -1.670416295528411865e-01 0.000000000000000000e+00 1.000000000000000000e+00 0.000000000000000000e+00
3.722357153892517090e-01 -6.553177237510681152e-01 1.000000000000000000e+00 0.000000000000000000e+00 0.000000000000000000e+00
-1.145433187484741211e-01 1.099108457565307617e+00 1.000000000000000000e+00 0.000000000000000000e+00 0.000000000000000000e+00
-8.102471381425857544e-02 3.004156947135925293e-01 1.000000000000000000e+00 0.000000000000000000e+00 0.000000000000000000e+00
-1.016298606991767883e-01 1.576904654502868652e-01 0.000000000000000000e+00 1.000000000000000000e+00 0.000000000000000000e+00
4.848558902740478516e-01 -1.869663715362548828e+00 1.000000000000000000e+00 0.000000000000000000e+00 0.000000000000000000e+00
4.985183477401733398e-01 -7.265494763851165771e-02 1.000000000000000000e+00 0.000000000000000000e+00 0.000000000000000000e+00
1.562912613153457642e-01 1.161542981863021851e-01 1.000000000000000000e+00 0.000000000000000000e+00 0.000000000000000000e+00
-8.291726559400558472e-02 1.704066753387451172e+00 1.000000000000000000e+00 0.000000000000000000e+00 0.000000000000000000e+00
-6.147902831435203552e-02 2.294224798679351807e-01 1.000000000000000000e+00 0.000000000000000000e+00 0.000000000000000000e+00
-9.791863709688186646e-02 1.049206703901290894e-01 0.000000000000000000e+00 1.000000000000000000e+00 0.000000000000000000e+00
-2.609362602233886719e-01 -1.273131012916564941e+00 1.000000000000000000e+00 0.000000000000000000e+00 0.000000000000000000e+00
2.667707800865173340e-01 1.558841764926910400e-02 1.000000000000000000e+00 0.000000000000000000e+00 0.000000000000000000e+00
-1.211553812026977539e-03 6.775614619255065918e-02 0.000000000000000000e+00 1.000000000000000000e+00 0.000000000000000000e+00
-2.353456169366836548e-01 3.247225880622863770e-01 1.000000000000000000e+00 0.000000000000000000e+00 0.000000000000000000e+00
4.465293288230895996e-01 -6.827579438686370850e-02 0.000000000000000000e+00 1.000000000000000000e+00 0.000000000000000000e+00
-1.231831312179565430e+00 -1.023418664932250977e+00 0.000000000000000000e+00 0.000000000000000000e+00 1.000000000000000000e+00
-6.874568462371826172e-01 5.871819257736206055e-01 0.000000000000000000e+00 0.000000000000000000e+00 1.000000000000000000e+00
-1.219426035881042480e+00 -5.191217064857482910e-01 0.000000000000000000e+00 0.000000000000000000e+00 1.000000000000000000e+00
-8.958257436752319336e-01 -1.865216493606567383e-01 0.000000000000000000e+00 0.000000000000000000e+00 1.000000000000000000e+00
-9.938536882400512695e-01 -3.830121159553527832e-01 0.000000000000000000e+00 0.000000000000000000e+00 1.000000000000000000e+00
-9.401135444641113281e-01 -3.219502568244934082e-01 0.000000000000000000e+00 0.000000000000000000e+00 1.000000000000000000e+00
-9.577190876007080078e-01 -3.357492089271545410e-01 0.000000000000000000e+00 0.000000000000000000e+00 1.000000000000000000e+00
-9.422388076782226562e-01 -3.369845747947692871e-01 0.000000000000000000e+00 0.000000000000000000e+00 1.000000000000000000e+00
-9.401645660400390625e-01 -3.410394787788391113e-01 0.000000000000000000e+00 0.000000000000000000e+00 1.000000000000000000e+00
-9.306277036666870117e-01 -3.419540524482727051e-01 0.000000000000000000e+00 0.000000000000000000e+00 1.000000000000000000e+00
-9.142503738403320312e-01 -3.413756489753723145e-01 0.000000000000000000e+00 0.000000000000000000e+00 1.000000000000000000e+00
-8.987749814987182617e-01 -3.432806134223937988e-01 0.000000000000000000e+00 0.000000000000000000e+00 1.000000000000000000e+00
-8.932011127471923828e-01 -3.407813906669616699e-01 0.000000000000000000e+00 0.000000000000000000e+00 1.000000000000000000e+00
-8.893890380859375000e-01 -3.348229527473449707e-01 0.000000000000000000e+00 0.000000000000000000e+00 1.000000000000000000e+00
-8.841135501861572266e-01 -3.283968567848205566e-01 0.000000000000000000e+00 0.000000000000000000e+00 1.000000000000000000e+00
-8.790889978408813477e-01 -3.190067410469055176e-01 0.000000000000000000e+00 0.000000000000000000e+00 1.000000000000000000e+00
-8.704427480697631836e-01 -3.104682564735412598e-01 0.000000000000000000e+00 0.000000000000000000e+00 1.000000000000000000e+00
-8.589901924133300781e-01 -3.040097951889038086e-01 0.000000000000000000e+00 0.000000000000000000e+00 1.000000000000000000e+00
-8.507920503616333008e-01 -3.019937872886657715e-01 0.000000000000000000e+00 0.000000000000000000e+00 1.000000000000000000e+00
-8.455113172531127930e-01 -3.070138692855834961e-01 0.000000000000000000e+00 0.000000000000000000e+00 1.000000000000000000e+00
-8.422389030456542969e-01 -3.127124905586242676e-01 0.000000000000000000e+00 0.000000000000000000e+00 1.000000000000000000e+00
-8.387844562530517578e-01 -3.147646784782409668e-01 0.000000000000000000e+00 0.000000000000000000e+00 1.000000000000000000e+00
-8.344398736953735352e-01 -3.095981478691101074e-01 0.000000000000000000e+00 0.000000000000000000e+00 1.000000000000000000e+00
-8.289189338684082031e-01 -3.010134100914001465e-01 0.000000000000000000e+00 0.000000000000000000e+00 1.000000000000000000e+00
-8.235657215118408203e-01 -2.946178317070007324e-01 0.000000000000000000e+00 0.000000000000000000e+00 1.000000000000000000e+00
-8.205590248107910156e-01 -2.922556996345520020e-01 0.000000000000000000e+00 0.000000000000000000e+00 1.000000000000000000e+00
0.000000000000000000e+00 0.000000000000000000e+00 0.000000000000000000e+00 0.000000000000000000e+00 0.000000000000000000e+00
0.000000000000000000e+00 0.000000000000000000e+00 0.000000000000000000e+00 0.000000000000000000e+00 0.000000000000000000e+00
0.000000000000000000e+00 0.000000000000000000e+00 0.000000000000000000e+00 0.000000000000000000e+00 0.000000000000000000e+00
0.000000000000000000e+00 0.000000000000000000e+00 0.000000000000000000e+00 0.000000000000000000e+00 0.000000000000000000e+00
0.000000000000000000e+00 0.000000000000000000e+00 0.000000000000000000e+00 0.000000000000000000e+00 0.000000000000000000e+00
0.000000000000000000e+00 0.000000000000000000e+00 0.000000000000000000e+00 0.000000000000000000e+00 0.000000000000000000e+00
0.000000000000000000e+00 0.000000000000000000e+00 0.000000000000000000e+00 0.000000000000000000e+00 0.000000000000000000e+00
0.000000000000000000e+00 0.000000000000000000e+00 0.000000000000000000e+00 0.000000000000000000e+00 0.000000000000000000e+00
0.000000000000000000e+00 0.000000000000000000e+00 0.000000000000000000e+00 0.000000000000000000e+00 0.000000000000000000e+00
0.000000000000000000e+00 0.000000000000000000e+00 0.000000000000000000e+00 0.000000000000000000e+00 0.000000000000000000e+00
0.000000000000000000e+00 0.000000000000000000e+00 0.000000000000000000e+00 0.000000000000000000e+00 0.000000000000000000e+00
0.000000000000000000e+00 0.000000000000000000e+00 0.000000000000000000e+00 0.000000000000000000e+00 0.000000000000000000e+00
0.000000000000000000e+00 0.000000000000000000e+00 0.000000000000000000e+00 0.000000000000000000e+00 0.000000000000000000e+00
0.000000000000000000e+00 0.000000000000000000e+00 0.000000000000000000e+00 0.000000000000000000e+00 0.000000000000000000e+00
0.000000000000000000e+00 0.000000000000000000e+00 0.000000000000000000e+00 0.000000000000000000e+00 0.000000000000000000e+00
0.000000000000000000e+00 0.000000000000000000e+00 0.000000000000000000e+00 0.000000000000000000e+00 0.000000000000000000e+00
0.000000000000000000e+00 0.000000000000000000e+00 0.000000000000000000e+00 0.000000000000000000e+00 0.000000000000000000e+00
0.000000000000000000e+00 0.000000000000000000e+00 0.000000000000000000e+00 0.000000000000000000e+00 0.000000000000000000e+00
0.000000000000000000e+00 0.000000000000000000e+00 0.000000000000000000e+00 0.000000000000000000e+00 0.000000000000000000e+00
0.000000000000000000e+00 0.000000000000000000e+00 0.000000000000000000e+00 0.000000000000000000e+00 0.000000000000000000e+00
0.000000000000000000e+00 0.000000000000000000e+00 0.000000000000000000e+00 0.000000000000000000e+00 0.000000000000000000e+00
0.000000000000000000e+00 0.000000000000000000e+00 0.000000000000000000e+00 0.000000000000000000e+00 0.000000000000000000e+00
0.000000000000000000e+00 0.000000000000000000e+00 0.000000000000000000e+00 0.000000000000000000e+00 0.000000000000000000e+00
0.000000000000000000e+00 0.000000000000000000e+00 0.000000000000000000e+00 0.000000000000000000e+00 0.000000000000000000e+00
0.000000000000000000e+00 0.000000000000000000e+00 0.000000000000000000e+00 0.000000000000000000e+00 0.000000000000000000e+00
0.000000000000000000e+00 0.000000000000000000e+00 0.000000000000000000e+00 0.000000000000000000e+00 0.000000000000000000e+00
0.000000000000000000e+00 0.000000000000000000e+00 0.000000000000000000e+00 0.000000000000000000e+00 0.000000000000000000e+00
0.000000000000000000e+00 0.000000000000000000e+00 0.000000000000000000e+00 0.000000000000000000e+00 0.000000000000000000e+00
0.000000000000000000e+00 0.000000000000000000e+00 0.000000000000000000e+00 0.000000000000000000e+00 0.000000000000000000e+00
0.000000000000000000e+00 0.000000000000000000e+00 0.000000000000000000e+00 0.000000000000000000e+00 0.000000000000000000e+00
0.000000000000000000e+00 0.000000000000000000e+00 0.000000000000000000e+00 0.000000000000000000e+00 0.000000000000000000e+00
0.000000000000000000e+00 0.000000000000000000e+00 0.000000000000000000e+00 0.000000000000000000e+00 0.000000000000000000e+00
0.000000000000000000e+00 0.000000000000000000e+00 0.000000000000000000e+00 0.000000000000000000e+00 0.000000000000000000e+00
0.000000000000000000e+00 0.000000000000000000e+00 0.000000000000000000e+00 0.000000000000000000e+00 0.000000000000000000e+00
0.000000000000000000e+00 0.000000000000000000e+00 0.000000000000000000e+00 0.000000000000000000e+00 0.000000000000000000e+00
0.000000000000000000e+00 0.000000000000000000e+00 0.000000000000000000e+00 0.000000000000000000e+00 0.000000000000000000e+00
0.000000000000000000e+00 0.000000000000000000e+00 0.000000000000000000e+00 0.000000000000000000e+00 0.000000000000000000e+00
0.000000000000000000e+00 0.000000000000000000e+00 0.000000000000000000e+00 0.000000000000000000e+00 0.000000000000000000e+00
0.000000000000000000e+00 0.000000000000000000e+00 0.000000000000000000e+00 0.000000000000000000e+00 0.000000000000000000e+00
0.000000000000000000e+00 0.000000000000000000e+00 0.000000000000000000e+00 0.000000000000000000e+00 0.000000000000000000e+00
0.000000000000000000e+00 0.000000000000000000e+00 0.000000000000000000e+00 0.000000000000000000e+00 0.000000000000000000e+00
0.000000000000000000e+00 0.000000000000000000e+00 0.000000000000000000e+00 0.000000000000000000e+00 0.000000000000000000e+00
0.000000000000000000e+00 0.000000000000000000e+00 0.000000000000000000e+00 0.000000000000000000e+00 0.000000000000000000e+00
0.000000000000000000e+00 0.000000000000000000e+00 0.000000000000000000e+00 0.000000000000000000e+00 0.000000000000000000e+00
0.000000000000000000e+00 0.000000000000000000e+00 0.000000000000000000e+00 0.000000000000000000e+00 0.000000000000000000e+00
0.000000000000000000e+00 0.000000000000000000e+00 0.000000000000000000e+00 0.000000000000000000e+00 0.000000000000000000e+00
0.000000000000000000e+00 0.000000000000000000e+00 0.000000000000000000e+00 0.000000000000000000e+00 0.000000000000000000e+00
0.000000000000000000e+00 0.000000000000000000e+00 0.000000000000000000e+00 0.000000000000000000e+00 0.000000000000000000e+00
0.000000000000000000e+00 0.000000000000000000e+00 0.000000000000000000e+00 0.000000000000000000e+00 0.000000000000000000e+00
