0.000000000000000000e+00 0.000000000000000000e+00 1.000000000000000000e+00 0.000000000000000000e+00 0.000000000000000000e+00
7.715149521827697754e-01 -1.964191496372222900e-01 1.000000000000000000e+00 0.000000000000000000e+00 0.000000000000000000e+00
3.869537115097045898e-01 -1.987664401531219482e-01 1.000000000000000000e+00 0.000000000000000000e+00 0.000000000000000000e+00
8.326493203639984131e-02 -1.330623030662536621e-01 0.000000000000000000e+00 1.000000000000000000e+00 0.000000000000000000e+00
-5.476322174072265625e-01 -4.455537199974060059e-01 1.000000000000000000e+00 0.000000000000000000e+00 0.000000000000000000e+00
1.157933101058006287e-01 6.742630600929260254e-01 1.000000000000000000e+00 0.000000000000000000e+00 0.000000000000000000e+00
-1.219682171940803528e-01 1.425095081329345703e+00 1.000000000000000000e+00 0.000000000000000000e+00 0.000000000000000000e+00
-7.420441508293151855e-02 2.444991767406463623e-01 1.000000000000000000e+00 0.000000000000000000e+00 0.000000000000000000e+00
-9.096485376358032227e-02 5.773236230015754700e-02 0.000000000000000000e+00 1.000000000000000000e+00 0.000000000000000000e+00
-7.808375358581542969e-02 -9.069731235504150391e-01 1.000000000000000000e+00 0.000000000000000000e+00 0.000000000000000000e+00
-5.466612577438354492e-01 5.699996948242187500e-01 1.000000000000000000e+00 0.000000000000000000e+00 0.000000000000000000e+00
-1.789115965366363525e-01 3.467325866222381592e-01 0.000000000000000000e+00 1.000000000000000000e+00 0.000000000000000000e+00
1.123845100402832031e+00 -7.222462296485900879e-01 1.000000000000000000e+00 0.000000000000000000e+00 0.000000000000000000e+00
1.738444715738296509e-01 7.439551502466201782e-02 1.000000000000000000e+00 0.000000000000000000e+00 0.000000000000000000e+00
1.418248116970062256e-01 2.291707843542098999e-01 0.000000000000000000e+00 1.000000000000000000e+00 0.000000000000000000e+00
4.068644344806671143e-01 -1.623496413230895996e+00 1.000000000000000000e+00 0.000000000000000000e+00 0.000000000000000000e+00
7.618404030799865723e-01 -2.374057322740554810e-01 1.000000000000000000e+00 0.000000000000000000e+00 0.000000000000000000e+00
2.997968792915344238e-01 -1.733932495117187500e-01 0.000000000000000000e+00 1.000000000000000000e+00 0.000000000000000000e+00
-6.964791417121887207e-01 3.643270134925842285e-01 1.000000000000000000e+00 0.000000000000000000e+00 0.000000000000000000e+00
-2.457394599914550781e-01 1.266745805740356445e+00 1.000000000000000000e+00 0.000000000000000000e+00 0.000000000000000000e+00
9.100727736949920654e-03 1.846588253974914551e-01 0.000000000000000000e+00 1.000000000000000000e+00 0.000000000000000000e+00
6.929512023925781250e-01 -1.485922574996948242e+00 1.000000000000000000e+00 0.000000000000000000e+00 0.000000000000000000e+00
-5.969244241714477539e-02 1.604598760604858398e+00 1.000000000000000000e+00 0.000000000000000000e+00 0.000000000000000000e+00
-6.688678264617919922e-02 3.554473519325256348e-01 1.000000000000000000e+00 0.000000000000000000e+00 0.000000000000000000e+00
-1.061877310276031494e-01 1.997837126255035400e-01 0.000000000000000000e+00 1.000000000000000000e+00 0.000000000000000000e+00
-2.151011824607849121e-01 -1.447929739952087402e+00 1.000000000000000000e+00 0.000000000000000000e+00 0.000000000000000000e+00
2.589460313320159912e-01 -3.333671391010284424e-02 1.000000000000000000e+00 0.000000000000000000e+00 0.000000000000000000e+00
-4.361008852720260620e-02 6.236150488257408142e-02 0.000000000000000000e+00 1.000000000000000000e+00 0.000000000000000000e+00
-2.502951920032501221e-01 2.990394830703735352e-01 1.000000000000000000e+00 0.000000000000000000e+00 0.000000000000000000e+00
3.113771080970764160e-01 -2.373203635215759277e-03 1.000000000000000000e+00 0.000000000000000000e+00 0.000000000000000000e+00
3.055981174111366272e-02 5.873579904437065125e-02 0.000000000000000000e+00 1.000000000000000000e+00 0.000000000000000000e+00
-5.223521590232849121e-01 5.078835487365722656e-01 1.000000000000000000e+00 0.000000000000000000e+00 0.000000000000000000e+00
6.130493879318237305e-01 -2.851313948631286621e-01 1.000000000000000000e+00 0.000000000000000000e+00 0.000000000000000000e+00
2.435435205698013306e-01 -2.154517620801925659e-01 0.000000000000000000e+00 1.000000000000000000e+00 0.000000000000000000e+00
6.425248980522155762e-01 -1.092517137527465820e+00 1.000000000000000000e+00 0.000000000000000000e+00 0.000000000000000000e+00
5.227209925651550293e-01 -2.074238657951354980e-02 1.000000000000000000e+00 0.000000000000000000e+00 0.000000000000000000e+00
-2.597573399543762207e-01 5.119064450263977051e-01 1.000000000000000000e+00 0.000000000000000000e+00 0.000000000000000000e+00
2.530444860458374023e-01 4.229830801486968994e-01 1.000000000000000000e+00 0.000000000000000000e+00 0.000000000000000000e+00
-3.786177188158035278e-02 2.679955065250396729e-01 1.000000000000000000e+00 0.000000000000000000e+00 0.000000000000000000e+00
-1.749199479818344116e-01 1.357826292514801025e-01 1.000000000000000000e+00 0.000000000000000000e+00 0.000000000000000000e+00
-2.382454723119735718e-01 -1.887687295675277710e-02 1.000000000000000000e+00 0.000000000000000000e+00 0.000000000000000000e+00
-2.022221833467483521e-01 -1.546944230794906616e-01 1.000000000000000000e+00 0.000000000000000000e+00 0.000000000000000000e+00
-1.180046498775482178e-01 -2.570230066776275635e-01 1.000000000000000000e+00 0.000000000000000000e+00 0.000000000000000000e+00
2.776027284562587738e-02 -2.256186604499816895e-01 1.000000000000000000e+00 0.000000000000000000e+00 0.000000000000000000e+00
7.520982623100280762e-02 -3.817078471183776855e-02 1.000000000000000000e+00 0.000000000000000000e+00 0.000000000000000000e+00
8.770410716533660889e-02 3.206675052642822266e-01 1.000000000000000000e+00 0.000000000000000000e+00 0.000000000000000000e+00
-1.027053073048591614e-01 1.608211636543273926e+00 1.000000000000000000e+00 0.000000000000000000e+00 0.000000000000000000e+00
-8.005638420581817627e-02 3.859416544437408447e-01 0.000000000000000000e+00 1.000000000000000000e+00 0.000000000000000000e+00
-7.081415653228759766e-01 -2.974205017089843750e+00 0.000000000000000000e+00 0.000000000000000000e+00 1.000000000000000000e+00
-6.577061414718627930e-01 7.566677331924438477e-01 0.000000000000000000e+00 0.000000000000000000e+00 1.000000000000000000e+00
-1.254061579704284668e+00 -6.753587126731872559e-01 0.000000000000000000e+00 0.000000000000000000e+00 1.000000000000000000e+00
-9.282383918762207031e-01 -2.504848241806030273e-01 0.000000000000000000e+00 0.000000000000000000e+00 1.000000000000000000e+00
-1.020608067512512207e+00 -4.425573945045471191e-01 0.000000000000000000e+00 0.000000000000000000e+00 1.000000000000000000e+00
-9.563422203063964844e-01 -4.017048478126525879e-01 0.000000000000000000e+00 0.000000000000000000e+00 1.000000000000000000e+00
-9.578195810317993164e-01 -4.088822007179260254e-01 0.000000000000000000e+00 0.000000000000000000e+00 1.000000000000000000e+00
-9.396398067474365234e-01 -4.059599041938781738e-01 0.000000000000000000e+00 0.000000000000000000e+00 1.000000000000000000e+00
-9.269797801971435547e-01 -3.971865773200988770e-01 0.000000000000000000e+00 0.000000000000000000e+00 1.000000000000000000e+00
-9.170039892196655273e-01 -3.882909417152404785e-01 0.000000000000000000e+00 0.000000000000000000e+00 1.000000000000000000e+00
-9.061902761459350586e-01 -3.863812088966369629e-01 0.000000000000000000e+00 0.000000000000000000e+00 1.000000000000000000e+00
-8.971390724182128906e-01 -3.849547505378723145e-01 0.000000000000000000e+00 0.000000000000000000e+00 1.000000000000000000e+00
-8.891227245330810547e-01 -3.796719908714294434e-01 0.000000000000000000e+00 0.000000000000000000e+00 1.000000000000000000e+00
-8.830958604812622070e-01 -3.756082653999328613e-01 0.000000000000000000e+00 0.000000000000000000e+00 1.000000000000000000e+00
-8.733496665954589844e-01 -3.726153969764709473e-01 0.000000000000000000e+00 0.000000000000000000e+00 1.000000000000000000e+00
-8.650730848312377930e-01 -3.680618405342102051e-01 0.000000000000000000e+00 0.000000000000000000e+00 1.000000000000000000e+00
0.000000000000000000e+00 0.000000000000000000e+00 0.000000000000000000e+00 0.000000000000000000e+00 0.000000000000000000e+00
0.000000000000000000e+00 0.000000000000000000e+00 0.000000000000000000e+00 0.000000000000000000e+00 0.000000000000000000e+00
0.000000000000000000e+00 0.000000000000000000e+00 0.000000000000000000e+00 0.000000000000000000e+00 0.000000000000000000e+00
0.000000000000000000e+00 0.000000000000000000e+00 0.000000000000000000e+00 0.000000000000000000e+00 0.000000000000000000e+00
0.000000000000000000e+00 0.000000000000000000e+00 0.000000000000000000e+00 0.000000000000000000e+00 0.000000000000000000e+00
0.000000000000000000e+00 0.000000000000000000e+00 0.000000000000000000e+00 0.000000000000000000e+00 0.000000000000000000e+00
0.000000000000000000e+00 0.000000000000000000e+00 0.000000000000000000e+00 0.000000000000000000e+00 0.000000000000000000e+00
0.000000000000000000e+00 0.000000000000000000e+00 0.000000000000000000e+00 0.000000000000000000e+00 0.000000000000000000e+00
0.000000000000000000e+00 0.000000000000000000e+00 0.000000000000000000e+00 0.000000000000000000e+00 0.000000000000000000e+00
0.000000000000000000e+00 0.000000000000000000e+00 0.000000000000000000e+00 0.000000000000000000e+00 0.000000000000000000e+00
0.000000000000000000e+00 0.000000000000000000e+00 0.000000000000000000e+00 0.000000000000000000e+00 0.000000000000000000e+00
0.000000000000000000e+00 0.000000000000000000e+00 0.000000000000000000e+00 0.000000000000000000e+00 0.000000000000000000e+00
0.000000000000000000e+00 0.000000000000000000e+00 0.000000000000000000e+00 0.000000000000000000e+00 0.000000000000000000e+00
0.000000000000000000e+00 0.000000000000000000e+00 0.000000000000000000e+00 0.000000000000000000e+00 0.000000000000000000e+00
0.000000000000000000e+00 0.000000000000000000e+00 0.000000000000000000e+00 0.000000000000000000e+00 0.000000000000000000e+00
0.000000000000000000e+00 0.000000000000000000e+00 0.000000000000000000e+00 0.000000000000000000e+00 0.000000000000000000e+00
0.000000000000000000e+00 0.000000000000000000e+00 0.000000000000000000e+00 0.000000000000000000e+00 0.000000000000000000e+00
0.000000000000000000e+00 0.000000000000000000e+00 0.000000000000000000e+00 0.000000000000000000e+00 0.000000000000000000e+00
0.000000000000000000e+00 0.000000000000000000e+00 0.000000000000000000e+00 0.000000000000000000e+00 0.000000000000000000e+00
0.000000000000000000e+00 0.000000000000000000e+00 0.000000000000000000e+00 0.000000000000000000e+00 0.000000000000000000e+00
0.000000000000000000e+00 0.000000000000000000e+00 0.000000000000000000e+00 0.000000000000000000e+00 0.000000000000000000e+00
0.000000000000000000e+00 0.000000000000000000e+00 0.000000000000000000e+00 0.000000000000000000e+00 0.000000000000000000e+00
0.000000000000000000e+00 0.000000000000000000e+00 0.000000000000000000e+00 0.000000000000000000e+00 0.000000000000000000e+00
0.000000000000000000e+00 0.000000000000000000e+00 0.000000000000000000e+00 0.000000000000000000e+00 0.000000000000000000e+00
0.000000000000000000e+00 0.000000000000000000e+00 0.000000000000000000e+00 0.000000000000000000e+00 0.000000000000000000e+00
0.000000000000000000e+00 0.000000000000000000e+00 0.000000000000000000e+00 0.000000000000000000e+00 0.000000000000000000e+00
0.000000000000000000e+00 0.000000000000000000e+00 0.000000000000000000e+00 0.000000000000000000e+00 0.000000000000000000e+00
0.000000000000000000e+00 0.000000000000000000e+00 0.000000000000000000e+00 0.000000000000000000e+00 0.000000000000000000e+00
0.000000000000000000e+00 0.000000000000000000e+00 0.000000000000000000e+00 0.000000000000000000e+00 0.000000000000000000e+00
0.000000000000000000e+00 0.000000000000000000e+00 0.000000000000000000e+00 0.000000000000000000e+00 0.000000000000000000e+00
0.000000000000000000e+00 0.000000000000000000e+00 0.000000000000000000e+00 0.000000000000000000e+00 0.000000000000000000e+00
0.000000000000000000e+00 0.000000000000000000e+00 0.000000000000000000e+00 0.000000000000000000e+00 0.000000000000000000e+00
0.000000000000000000e+00 0.000000000000000000e+00 0.000000000000000000e+00 0.000000000000000000e+00 0.000000000000000000e+00
0.000000000000000000e+00 0.000000000000000000e+00 0.000000000000000000e+00 0.000000000000000000e+00 0.000000000000000000e+00
0.000000000000000000e+00 0.000000000000000000e+00 0.000000000000000000e+00 0.000000000000000000e+00 0.000000000000000000e+00
0.000000000000000000e+00 0.000000000000000000e+00 0.000000000000000000e+00 0.000000000000000000e+00 0.000000000000000000e+00
0.000000000000000000e+00 0.000000000000000000e+00 0.000000000000000000e+00 0.000000000000000000e+00 0.000000000000000000e+00
0.000000000000000000e+00 0.000000000000000000e+00 0.000000000000000000e+00 0.000000000000000000e+00 0.000000000000000000e+00
0.000000000000000000e+00 0.000000000000000000e+00 0.000000000000000000e+00 0.000000000000000000e+00 0.000000000000000000e+00
0.000000000000000000e+00 0.000000000000000000e+00 0.000000000000000000e+00 0.000000000000000000e+00 0.000000000000000000e+00
0.000000000000000000e+00 0.000000000000000000e+00 0.000000000000000000e+00 0.000000000000000000e+00 0.000000000000000000e+00
0.000000000000000000e+00 0.000000000000000000e+00 0.000000000000000000e+00 0.000000000000000000e+00 0.000000000000000000e+00
0.000000000000000000e+00 0.000000000000000000e+00 0.000000000000000000e+00 0.000000000000000000e+00 0.000000000000000000e+00
0.000000000000000000e+00 0.000000000000000000e+00 0.000000000000000000e+00 0.000000000000000000e+00 0.000000000000000000e+00
0.000000000000000000e+00 0.000000000000000000e+00 0.000000000000000000e+00 0.000000000000000000e+00 0.000000000000000000e+00
0.000000000000000000e+00 0.000000000000000000e+00 0.000000000000000000e+00 0.000000000000000000e+00 0.000000000000000000e+00
0.000000000000000000e+00 0.000000000000000000e+00 0.000000000000000000e+00 0.000000000000000000e+00 0.000000000000000000e+00
0.000000000000000000e+00 0.000000000000000000e+00 0.000000000000000000e+00 0.000000000000000000e+00 0.000000000000000000e+00
0.000000000000000000e+00 0.000000000000000000e+00 0.000000000000000000e+00 0.000000000000000000e+00 0.000000000000000000e+00
0.000000000000000000e+00 0.000000000000000000e+00 0.000000000000000000e+00 0.000000000000000000e+00 0.000000000000000000e+00
0.000000000000000000e+00 0.000000000000000000e+00 0.000000000000000000e+00 0.000000000000000000e+00 0.000000000000000000e+00
0.000000000000000000e+00 0.000000000000000000e+00 0.000000000000000000e+00 0.000000000000000000e+00 0.000000000000000000e+00
0.000000000000000000e+00 0.000000000000000000e+00 0.000000000000000000e+00 0.000000000000000000e+00 0.000000000000000000e+00
0.000000000000000000e+00 0.000000000000000000e+00 0.000000000000000000e+00 0.000000000000000000e+00 0.000000000000000000e+00
0.000000000000000000e+00 0.000000000000000000e+00 0.000000000000000000e+00 0.000000000000000000e+00 0.000000000000000000e+00
0.000000000000000000e+00 0.000000000000000000e+00 0.000000000000000000e+00 0.000000000000000000e+00 0.000000000000000000e+00
0.000000000000000000e+00 0.000000000000000000e+00 0.000000000000000000e+00 0.000000000000000000e+00 0.000000000000000000e+00
