0.000000000000000000e+00 0.000000000000000000e+00 1.000000000000000000e+00 0.000000000000000000e+00 0.000000000000000000e+00
9.927830696105957031e-01 -2.462920844554901123e-01 1.000000000000000000e+00 0.000000000000000000e+00 0.000000000000000000e+00
4.648374319076538086e-01 -2.238440662622451782e-01 1.000000000000000000e+00 0.000000000000000000e+00 0.000000000000000000e+00
1.203561425209045410e-01 -1.570789813995361328e-01 0.000000000000000000e+00 1.000000000000000000e+00 0.000000000000000000e+00
-6.887869834899902344e-01 -5.820187330245971680e-01 1.000000000000000000e+00 0.000000000000000000e+00 0.000000000000000000e+00
1.477383226156234741e-01 7.403469681739807129e-01 1.000000000000000000e+00 0.000000000000000000e+00 0.000000000000000000e+00
-1.194017454981803894e-01 1.816952705383300781e+00 1.000000000000000000e+00 0.000000000000000000e+00 0.000000000000000000e+00
-8.104050159454345703e-02 3.418312966823577881e-01 1.000000000000000000e+00 0.000000000000000000e+00 0.000000000000000000e+00
-1.031763777136802673e-01 9.799429774284362793e-02 0.000000000000000000e+00 1.000000000000000000e+00 0.000000000000000000e+00
-7.788825035095214844e-02 -1.245764493942260742e+00 1.000000000000000000e+00 0.000000000000000000e+00 0.000000000000000000e+00
-6.979707479476928711e-01 6.910691857337951660e-01 1.000000000000000000e+00 0.000000000000000000e+00 0.000000000000000000e+00
-2.622651159763336182e-01 4.314504563808441162e-01 0.000000000000000000e+00 1.000000000000000000e+00 0.000000000000000000e+00
1.350272059440612793e+00 -8.510668873786926270e-01 1.000000000000000000e+00 0.000000000000000000e+00 0.000000000000000000e+00
3.958732187747955322e-01 2.935285568237304688e-01 1.000000000000000000e+00 0.000000000000000000e+00 0.000000000000000000e+00
2.505500316619873047e-01 5.483721196651458740e-02 0.000000000000000000e+00 1.000000000000000000e+00 0.000000000000000000e+00
3.092082440853118896e-01 -1.899967789649963379e+00 1.000000000000000000e+00 0.000000000000000000e+00 0.000000000000000000e+00
1.066373467445373535e+00 -2.857637405395507812e-01 1.000000000000000000e+00 0.000000000000000000e+00 0.000000000000000000e+00
4.254320263862609863e-01 -2.158387005329132080e-01 0.000000000000000000e+00 1.000000000000000000e+00 0.000000000000000000e+00
-9.714595675468444824e-01 -3.930354118347167969e-01 1.000000000000000000e+00 0.000000000000000000e+00 0.000000000000000000e+00
-1.518954932689666748e-01 1.488550901412963867e+00 1.000000000000000000e+00 0.000000000000000000e+00 0.000000000000000000e+00
2.668970078229904175e-02 2.806023955345153809e-01 0.000000000000000000e+00 1.000000000000000000e+00 0.000000000000000000e+00
8.789427876472473145e-01 -2.070386409759521484e+00 1.000000000000000000e+00 0.000000000000000000e+00 0.000000000000000000e+00
-7.780051976442337036e-02 1.553478479385375977e+00 1.000000000000000000e+00 0.000000000000000000e+00 0.000000000000000000e+00
-7.910832762718200684e-02 3.163779377937316895e-01 1.000000000000000000e+00 0.000000000000000000e+00 0.000000000000000000e+00
-1.328033357858657837e-01 1.733367145061492920e-01 0.000000000000000000e+00 1.000000000000000000e+00 0.000000000000000000e+00
-2.167949229478836060e-01 -7.365189790725708008e-01 1.000000000000000000e+00 0.000000000000000000e+00 0.000000000000000000e+00
2.368615865707397461e-01 -1.643049716949462891e-02 1.000000000000000000e+00 0.000000000000000000e+00 0.000000000000000000e+00
-4.090248793363571167e-02 7.683811336755752563e-02 0.000000000000000000e+00 1.000000000000000000e+00 0.000000000000000000e+00
-3.061287701129913330e-01 3.057340383529663086e-01 1.000000000000000000e+00 0.000000000000000000e+00 0.000000000000000000e+00
3.685034513473510742e-01 -2.354663610458374023e-02 0.000000000000000000e+00 1.000000000000000000e+00 0.000000000000000000e+00
-1.097675204277038574e+00 6.641488075256347656e-01 1.000000000000000000e+00 0.000000000000000000e+00 0.000000000000000000e+00
1.083895444869995117e+00 -1.758687794208526611e-01 1.000000000000000000e+00 0.000000000000000000e+00 0.000000000000000000e+00
4.918077588081359863e-01 -1.748738288879394531e-01 1.000000000000000000e+00 0.000000000000000000e+00 0.000000000000000000e+00
-1.091537475585937500e-01 4.772136360406875610e-02 0.000000000000000000e+00 1.000000000000000000e+00 0.000000000000000000e+00
-6.621116399765014648e-01 2.608099579811096191e-01 1.000000000000000000e+00 0.000000000000000000e+00 0.000000000000000000e+00
-5.439328551292419434e-01 8.290581703186035156e-01 1.000000000000000000e+00 0.000000000000000000e+00 0.000000000000000000e+00
7.249902486801147461e-01 -1.283922195434570312e-01 1.000000000000000000e+00 0.000000000000000000e+00 0.000000000000000000e+00
5.221145749092102051e-01 8.352819085121154785e-02 0.000000000000000000e+00 1.000000000000000000e+00 0.000000000000000000e+00
-1.058417916297912598e+00 -4.315047264099121094e-01 1.000000000000000000e+00 0.000000000000000000e+00 0.000000000000000000e+00
-1.247252523899078369e-01 1.545528173446655273e-01 1.000000000000000000e+00 0.000000000000000000e+00 0.000000000000000000e+00
-4.369737207889556885e-02 5.105061531066894531e-01 1.000000000000000000e+00 0.000000000000000000e+00 0.000000000000000000e+00
9.710641950368881226e-02 1.449112594127655029e-01 1.000000000000000000e+00 0.000000000000000000e+00 0.000000000000000000e+00
3.335299491882324219e-01 9.738292545080184937e-02 1.000000000000000000e+00 0.000000000000000000e+00 0.000000000000000000e+00
1.005476951599121094e+00 -1.263689696788787842e-01 1.000000000000000000e+00 0.000000000000000000e+00 0.000000000000000000e+00
4.222562909126281738e-01 -1.335737109184265137e-01 0.000000000000000000e+00 1.000000000000000000e+00 0.000000000000000000e+00
-1.673816442489624023e+00 -1.960899353027343750e+00 0.000000000000000000e+00 0.000000000000000000e+00 1.000000000000000000e+00
-4.043648242950439453e-01 1.349568843841552734e+00 0.000000000000000000e+00 0.000000000000000000e+00 1.000000000000000000e+00
-1.222908854484558105e+00 -6.865095496177673340e-01 0.000000000000000000e+00 0.000000000000000000e+00 1.000000000000000000e+00
-8.666696548461914062e-01 -3.925835490226745605e-01 0.000000000000000000e+00 0.000000000000000000e+00 1.000000000000000000e+00
-9.031282663345336914e-01 -5.918733477592468262e-01 0.000000000000000000e+00 0.000000000000000000e+00 1.000000000000000000e+00
-8.512480258941650391e-01 -4.796114563941955566e-01 0.000000000000000000e+00 0.000000000000000000e+00 1.000000000000000000e+00
-8.474274873733520508e-01 -4.913635849952697754e-01 0.000000000000000000e+00 0.000000000000000000e+00 1.000000000000000000e+00
-8.372493982315063477e-01 -4.658005833625793457e-01 0.000000000000000000e+00 0.000000000000000000e+00 1.000000000000000000e+00
-8.439154624938964844e-01 -4.354713559150695801e-01 0.000000000000000000e+00 0.000000000000000000e+00 1.000000000000000000e+00
-8.395378589630126953e-01 -4.174633622169494629e-01 0.000000000000000000e+00 0.000000000000000000e+00 1.000000000000000000e+00
-8.142522573471069336e-01 -4.425109028816223145e-01 0.000000000000000000e+00 0.000000000000000000e+00 1.000000000000000000e+00
-8.009668588638305664e-01 -4.343625903129577637e-01 0.000000000000000000e+00 0.000000000000000000e+00 1.000000000000000000e+00
-7.932944297790527344e-01 -4.242393374443054199e-01 0.000000000000000000e+00 0.000000000000000000e+00 1.000000000000000000e+00
-7.847691774368286133e-01 -4.189687371253967285e-01 0.000000000000000000e+00 0.000000000000000000e+00 1.000000000000000000e+00
-7.789394855499267578e-01 -4.138014912605285645e-01 0.000000000000000000e+00 0.000000000000000000e+00 1.000000000000000000e+00
-7.759072780609130859e-01 -4.036263823509216309e-01 0.000000000000000000e+00 0.000000000000000000e+00 1.000000000000000000e+00
-7.648674249649047852e-01 -4.059247374534606934e-01 0.000000000000000000e+00 0.000000000000000000e+00 1.000000000000000000e+00
-7.447217702865600586e-01 -4.234442114830017090e-01 0.000000000000000000e+00 0.000000000000000000e+00 1.000000000000000000e+00
-7.356925010681152344e-01 -4.210148453712463379e-01 0.000000000000000000e+00 0.000000000000000000e+00 1.000000000000000000e+00
-7.324583530426025391e-01 -4.165580868721008301e-01 0.000000000000000000e+00 0.000000000000000000e+00 1.000000000000000000e+00
0.000000000000000000e+00 0.000000000000000000e+00 0.000000000000000000e+00 0.000000000000000000e+00 0.000000000000000000e+00
0.000000000000000000e+00 0.000000000000000000e+00 0.000000000000000000e+00 0.000000000000000000e+00 0.000000000000000000e+00
0.000000000000000000e+00 0.000000000000000000e+00 0.000000000000000000e+00 0.000000000000000000e+00 0.000000000000000000e+00
0.000000000000000000e+00 0.000000000000000000e+00 0.000000000000000000e+00 0.000000000000000000e+00 0.000000000000000000e+00
0.000000000000000000e+00 0.000000000000000000e+00 0.000000000000000000e+00 0.000000000000000000e+00 0.000000000000000000e+00
0.000000000000000000e+00 0.000000000000000000e+00 0.000000000000000000e+00 0.000000000000000000e+00 0.000000000000000000e+00
0.000000000000000000e+00 0.000000000000000000e+00 0.000000000000000000e+00 0.000000000000000000e+00 0.000000000000000000e+00
0.000000000000000000e+00 0.000000000000000000e+00 0.000000000000000000e+00 0.000000000000000000e+00 0.000000000000000000e+00
0.000000000000000000e+00 0.000000000000000000e+00 0.000000000000000000e+00 0.000000000000000000e+00 0.000000000000000000e+00
0.000000000000000000e+00 0.000000000000000000e+00 0.000000000000000000e+00 0.000000000000000000e+00 0.000000000000000000e+00
0.000000000000000000e+00 0.000000000000000000e+00 0.000000000000000000e+00 0.000000000000000000e+00 0.000000000000000000e+00
0.000000000000000000e+00 0.000000000000000000e+00 0.000000000000000000e+00 0.000000000000000000e+00 0.000000000000000000e+00
0.000000000000000000e+00 0.000000000000000000e+00 0.000000000000000000e+00 0.000000000000000000e+00 0.000000000000000000e+00
0.000000000000000000e+00 0.000000000000000000e+00 0.000000000000000000e+00 0.000000000000000000e+00 0.000000000000000000e+00
0.000000000000000000e+00 0.000000000000000000e+00 0.000000000000000000e+00 0.000000000000000000e+00 0.000000000000000000e+00
0.000000000000000000e+00 0.000000000000000000e+00 0.000000000000000000e+00 0.000000000000000000e+00 0.000000000000000000e+00
0.000000000000000000e+00 0.000000000000000000e+00 0.000000000000000000e+00 0.000000000000000000e+00 0.000000000000000000e+00
0.000000000000000000e+00 0.000000000000000000e+00 0.000000000000000000e+00 0.000000000000000000e+00 0.000000000000000000e+00
0.000000000000000000e+00 0.000000000000000000e+00 0.000000000000000000e+00 0.000000000000000000e+00 0.000000000000000000e+00
0.000000000000000000e+00 0.000000000000000000e+00 0.000000000000000000e+00 0.000000000000000000e+00 0.000000000000000000e+00
0.000000000000000000e+00 0.000000000000000000e+00 0.000000000000000000e+00 0.000000000000000000e+00 0.000000000000000000e+00
0.000000000000000000e+00 0.000000000000000000e+00 0.000000000000000000e+00 0.000000000000000000e+00 0.000000000000000000e+00
0.000000000000000000e+00 0.000000000000000000e+00 0.000000000000000000e+00 0.000000000000000000e+00 0.000000000000000000e+00
0.000000000000000000e+00 0.000000000000000000e+00 0.000000000000000000e+00 0.000000000000000000e+00 0.000000000000000000e+00
0.000000000000000000e+00 0.000000000000000000e+00 0.000000000000000000e+00 0.000000000000000000e+00 0.000000000000000000e+00
0.000000000000000000e+00 0.000000000000000000e+00 0.000000000000000000e+00 0.000000000000000000e+00 0.000000000000000000e+00
0.000000000000000000e+00 0.000000000000000000e+00 0.000000000000000000e+00 0.000000000000000000e+00 0.000000000000000000e+00
0.000000000000000000e+00 0.000000000000000000e+00 0.000000000000000000e+00 0.000000000000000000e+00 0.000000000000000000e+00
0.000000000000000000e+00 0.000000000000000000e+00 0.000000000000000000e+00 0.000000000000000000e+00 0.000000000000000000e+00
0.000000000000000000e+00 0.000000000000000000e+00 0.000000000000000000e+00 0.000000000000000000e+00 0.000000000000000000e+00
0.000000000000000000e+00 0.000000000000000000e+00 0.000000000000000000e+00 0.000000000000000000e+00 0.000000000000000000e+00
0.000000000000000000e+00 0.000000000000000000e+00 0.000000000000000000e+00 0.000000000000000000e+00 0.000000000000000000e+00
0.000000000000000000e+00 0.000000000000000000e+00 0.000000000000000000e+00 0.000000000000000000e+00 0.000000000000000000e+00
0.000000000000000000e+00 0.000000000000000000e+00 0.000000000000000000e+00 0.000000000000000000e+00 0.000000000000000000e+00
0.000000000000000000e+00 0.000000000000000000e+00 0.000000000000000000e+00 0.000000000000000000e+00 0.000000000000000000e+00
0.000000000000000000e+00 0.000000000000000000e+00 0.000000000000000000e+00 0.000000000000000000e+00 0.000000000000000000e+00
0.000000000000000000e+00 0.000000000000000000e+00 0.000000000000000000e+00 0.000000000000000000e+00 0.000000000000000000e+00
0.000000000000000000e+00 0.000000000000000000e+00 0.000000000000000000e+00 0.000000000000000000e+00 0.000000000000000000e+00
0.000000000000000000e+00 0.000000000000000000e+00 0.000000000000000000e+00 0.000000000000000000e+00 0.000000000000000000e+00
0.000000000000000000e+00 0.000000000000000000e+00 0.000000000000000000e+00 0.000000000000000000e+00 0.000000000000000000e+00
0.000000000000000000e+00 0.000000000000000000e+00 0.000000000000000000e+00 0.000000000000000000e+00 0.000000000000000000e+00
0.000000000000000000e+00 0.000000000000000000e+00 0.000000000000000000e+00 0.000000000000000000e+00 0.000000000000000000e+00
0.000000000000000000e+00 0.000000000000000000e+00 0.000000000000000000e+00 0.000000000000000000e+00 0.000000000000000000e+00
0.000000000000000000e+00 0.000000000000000000e+00 0.000000000000000000e+00 0.000000000000000000e+00 0.000000000000000000e+00
0.000000000000000000e+00 0.000000000000000000e+00 0.000000000000000000e+00 0.000000000000000000e+00 0.000000000000000000e+00
0.000000000000000000e+00 0.000000000000000000e+00 0.000000000000000000e+00 0.000000000000000000e+00 0.000000000000000000e+00
0.000000000000000000e+00 0.000000000000000000e+00 0.000000000000000000e+00 0.000000000000000000e+00 0.000000000000000000e+00
0.000000000000000000e+00 0.000000000000000000e+00 0.000000000000000000e+00 0.000000000000000000e+00 0.000000000000000000e+00
0.000000000000000000e+00 0.000000000000000000e+00 0.000000000000000000e+00 0.000000000000000000e+00 0.000000000000000000e+00
0.000000000000000000e+00 0.000000000000000000e+00 0.000000000000000000e+00 0.000000000000000000e+00 0.000000000000000000e+00
0.000000000000000000e+00 0.000000000000000000e+00 0.000000000000000000e+00 0.000000000000000000e+00 0.000000000000000000e+00
0.000000000000000000e+00 0.000000000000000000e+00 0.000000000000000000e+00 0.000000000000000000e+00 0.000000000000000000e+00
0.000000000000000000e+00 0.000000000000000000e+00 0.000000000000000000e+00 0.000000000000000000e+00 0.000000000000000000e+00
0.000000000000000000e+00 0.000000000000000000e+00 0.000000000000000000e+00 0.000000000000000000e+00 0.000000000000000000e+00
0.000000000000000000e+00 0.000000000000000000e+00 0.000000000000000000e+00 0.000000000000000000e+00 0.000000000000000000e+00
0.000000000000000000e+00 0.000000000000000000e+00 0.000000000000000000e+00 0.000000000000000000e+00 0.000000000000000000e+00
