0.000000000000000000e+00 0.000000000000000000e+00 1.000000000000000000e+00 0.000000000000000000e+00 0.000000000000000000e+00
7.568864822387695312e-01 -1.899676173925399780e-01 1.000000000000000000e+00 0.000000000000000000e+00 0.000000000000000000e+00
3.998527228832244873e-01 -1.963370144367218018e-01 0.000000000000000000e+00 1.000000000000000000e+00 0.000000000000000000e+00
-4.791995584964752197e-01 -6.183681488037109375e-01 1.000000000000000000e+00 0.000000000000000000e+00 0.000000000000000000e+00
1.088845804333686829e-01 6.597234010696411133e-01 1.000000000000000000e+00 0.000000000000000000e+00 0.000000000000000000e+00
-1.357273161411285400e-01 1.506583929061889648e+00 1.000000000000000000e+00 0.000000000000000000e+00 0.000000000000000000e+00
-7.271859794855117798e-02 2.594586610794067383e-01 1.000000000000000000e+00 0.000000000000000000e+00 0.000000000000000000e+00
-8.870273828506469727e-02 6.838247179985046387e-02 0.000000000000000000e+00 1.000000000000000000e+00 0.000000000000000000e+00
-6.280615925788879395e-02 -1.031505346298217773e+00 1.000000000000000000e+00 0.000000000000000000e+00 0.000000000000000000e+00
-5.966677665710449219e-01 6.222059726715087891e-01 1.000000000000000000e+00 0.000000000000000000e+00 0.000000000000000000e+00
-1.973147988319396973e-01 3.597008287906646729e-01 0.000000000000000000e+00 1.000000000000000000e+00 0.000000000000000000e+00
1.162134289741516113e+00 -7.389757037162780762e-01 1.000000000000000000e+00 0.000000000000000000e+00 0.000000000000000000e+00
2.937031388282775879e-01 2.795244753360748291e-01 1.000000000000000000e+00 0.000000000000000000e+00 0.000000000000000000e+00
2.067655622959136963e-01 6.761169433593750000e-02 0.000000000000000000e+00 1.000000000000000000e+00 0.000000000000000000e+00
5.339177846908569336e-01 -1.933448314666748047e+00 1.000000000000000000e+00 0.000000000000000000e+00 0.000000000000000000e+00
4.943122565746307373e-01 -1.028357595205307007e-01 0.000000000000000000e+00 1.000000000000000000e+00 0.000000000000000000e+00
-5.748108625411987305e-01 5.270105600357055664e-01 1.000000000000000000e+00 0.000000000000000000e+00 0.000000000000000000e+00
4.429233074188232422e-01 -3.381563723087310791e-02 0.000000000000000000e+00 1.000000000000000000e+00 0.000000000000000000e+00
-6.299179196357727051e-01 5.348746776580810547e-01 1.000000000000000000e+00 0.000000000000000000e+00 0.000000000000000000e+00
6.399447917938232422e-01 -1.262421756982803345e-01 1.000000000000000000e+00 0.000000000000000000e+00 0.000000000000000000e+00
2.988005578517913818e-01 -1.681490242481231689e-01 0.000000000000000000e+00 1.000000000000000000e+00 0.000000000000000000e+00
-4.390068948268890381e-01 -1.107830047607421875e+00 1.000000000000000000e+00 0.000000000000000000e+00 0.000000000000000000e+00
-1.000520512461662292e-01 1.349605679512023926e+00 1.000000000000000000e+00 0.000000000000000000e+00 0.000000000000000000e+00
-1.078501418232917786e-01 4.947333931922912598e-01 0.000000000000000000e+00 1.000000000000000000e+00 0.000000000000000000e+00
8.850772976875305176e-01 -1.474770784378051758e+00 1.000000000000000000e+00 0.000000000000000000e+00 0.000000000000000000e+00
6.388182640075683594e-01 -1.069706827402114868e-01 1.000000000000000000e+00 0.000000000000000000e+00 0.000000000000000000e+00
2.039669007062911987e-01 8.063757419586181641e-02 1.000000000000000000e+00 0.000000000000000000e+00 0.000000000000000000e+00
-2.846344746649265289e-02 3.293583393096923828e-01 1.000000000000000000e+00 0.000000000000000000e+00 0.000000000000000000e+00
-2.697803676128387451e-01 4.893558621406555176e-01 1.000000000000000000e+00 0.000000000000000000e+00 0.000000000000000000e+00
-1.428709775209426880e-01 1.229215115308761597e-01 1.000000000000000000e+00 0.000000000000000000e+00 0.000000000000000000e+00
-1.488908380270004272e-01 -7.539421319961547852e-03 0.000000000000000000e+00 1.000000000000000000e+00 0.000000000000000000e+00
7.297697663307189941e-02 -6.694778203964233398e-01 1.000000000000000000e+00 0.000000000000000000e+00 0.000000000000000000e+00
-5.551921725273132324e-01 8.735500574111938477e-01 1.000000000000000000e+00 0.000000000000000000e+00 0.000000000000000000e+00
-3.005660176277160645e-01 3.406110107898712158e-01 0.000000000000000000e+00 1.000000000000000000e+00 0.000000000000000000e+00
-6.922210454940795898e-01 4.892297685146331787e-01 1.000000000000000000e+00 0.000000000000000000e+00 0.000000000000000000e+00
1.086583852767944336e+00 -1.953209936618804932e-01 1.000000000000000000e+00 0.000000000000000000e+00 0.000000000000000000e+00
4.180923700332641602e-01 -1.612551808357238770e-01 0.000000000000000000e+00 1.000000000000000000e+00 0.000000000000000000e+00
-4.512804448604583740e-01 -2.286443859338760376e-01 1.000000000000000000e+00 0.000000000000000000e+00 0.000000000000000000e+00
-6.542408466339111328e-01 1.065716028213500977e+00 1.000000000000000000e+00 0.000000000000000000e+00 0.000000000000000000e+00
-1.892350316047668457e-01 1.971859633922576904e-01 0.000000000000000000e+00 1.000000000000000000e+00 0.000000000000000000e+00
7.894576191902160645e-01 -4.799080491065979004e-01 1.000000000000000000e+00 0.000000000000000000e+00 0.000000000000000000e+00
6.692172288894653320e-01 5.417134761810302734e-01 1.000000000000000000e+00 0.000000000000000000e+00 0.000000000000000000e+00
4.105643332004547119e-01 1.582753509283065796e-01 0.000000000000000000e+00 1.000000000000000000e+00 0.000000000000000000e+00
-1.965210437774658203e+00 -2.432433843612670898e+00 0.000000000000000000e+00 0.000000000000000000e+00 1.000000000000000000e+00
-3.326545953750610352e-01 1.363487720489501953e+00 0.000000000000000000e+00 0.000000000000000000e+00 1.000000000000000000e+00
-1.435886621475219727e+00 -2.896125316619873047e-01 0.000000000000000000e+00 0.000000000000000000e+00 1.000000000000000000e+00
-1.006736636161804199e+00 -2.704682946205139160e-01 0.000000000000000000e+00 0.000000000000000000e+00 1.000000000000000000e+00
-1.075405597686767578e+00 -3.188276886940002441e-01 0.000000000000000000e+00 0.000000000000000000e+00 1.000000000000000000e+00
-1.015019655227661133e+00 -2.792761325836181641e-01 0.000000000000000000e+00 0.000000000000000000e+00 1.000000000000000000e+00
-1.008565187454223633e+00 -2.608062624931335449e-01 0.000000000000000000e+00 0.000000000000000000e+00 1.000000000000000000e+00
-9.866554737091064453e-01 -2.784450054168701172e-01 0.000000000000000000e+00 0.000000000000000000e+00 1.000000000000000000e+00
-9.788987636566162109e-01 -2.652313709259033203e-01 0.000000000000000000e+00 0.000000000000000000e+00 1.000000000000000000e+00
-9.682123661041259766e-01 -2.565025687217712402e-01 0.000000000000000000e+00 0.000000000000000000e+00 1.000000000000000000e+00
-9.433021545410156250e-01 -2.887153625488281250e-01 0.000000000000000000e+00 0.000000000000000000e+00 1.000000000000000000e+00
-9.229210615158081055e-01 -2.877317667007446289e-01 0.000000000000000000e+00 0.000000000000000000e+00 1.000000000000000000e+00
-9.123976230621337891e-01 -2.865349650382995605e-01 0.000000000000000000e+00 0.000000000000000000e+00 1.000000000000000000e+00
-8.991205692291259766e-01 -2.853367328643798828e-01 0.000000000000000000e+00 0.000000000000000000e+00 1.000000000000000000e+00
-8.882644176483154297e-01 -2.845645546913146973e-01 0.000000000000000000e+00 0.000000000000000000e+00 1.000000000000000000e+00
-8.868854045867919922e-01 -2.772436141967773438e-01 0.000000000000000000e+00 0.000000000000000000e+00 1.000000000000000000e+00
-8.805987834930419922e-01 -2.690478563308715820e-01 0.000000000000000000e+00 0.000000000000000000e+00 1.000000000000000000e+00
-8.677966594696044922e-01 -2.752286791801452637e-01 0.000000000000000000e+00 0.000000000000000000e+00 1.000000000000000000e+00
-8.575173616409301758e-01 -2.732220888137817383e-01 0.000000000000000000e+00 0.000000000000000000e+00 1.000000000000000000e+00
-8.520476818084716797e-01 -2.686131596565246582e-01 0.000000000000000000e+00 0.000000000000000000e+00 1.000000000000000000e+00
-8.472043275833129883e-01 -2.641793489456176758e-01 0.000000000000000000e+00 0.000000000000000000e+00 1.000000000000000000e+00
-8.435814380645751953e-01 -2.620117664337158203e-01 0.000000000000000000e+00 0.000000000000000000e+00 1.000000000000000000e+00
-8.438229560852050781e-01 -2.596834301948547363e-01 0.000000000000000000e+00 0.000000000000000000e+00 1.000000000000000000e+00
-8.399256467819213867e-01 -2.637463808059692383e-01 0.000000000000000000e+00 0.000000000000000000e+00 1.000000000000000000e+00
-8.320678472518920898e-01 -2.715267539024353027e-01 0.000000000000000000e+00 0.000000000000000000e+00 1.000000000000000000e+00
-8.263279199600219727e-01 -2.734543681144714355e-01 0.000000000000000000e+00 0.000000000000000000e+00 1.000000000000000000e+00
-8.220607042312622070e-01 -2.711986899375915527e-01 0.000000000000000000e+00 0.000000000000000000e+00 1.000000000000000000e+00
-8.179327249526977539e-01 -2.720450162887573242e-01 0.000000000000000000e+00 0.000000000000000000e+00 1.000000000000000000e+00
0.000000000000000000e+00 0.000000000000000000e+00 0.000000000000000000e+00 0.000000000000000000e+00 0.000000000000000000e+00
0.000000000000000000e+00 0.000000000000000000e+00 0.000000000000000000e+00 0.000000000000000000e+00 0.000000000000000000e+00
0.000000000000000000e+00 0.000000000000000000e+00 0.000000000000000000e+00 0.000000000000000000e+00 0.000000000000000000e+00
0.000000000000000000e+00 0.000000000000000000e+00 0.000000000000000000e+00 0.000000000000000000e+00 0.000000000000000000e+00
0.000000000000000000e+00 0.000000000000000000e+00 0.000000000000000000e+00 0.000000000000000000e+00 0.000000000000000000e+00
0.000000000000000000e+00 0.000000000000000000e+00 0.000000000000000000e+00 0.000000000000000000e+00 0.000000000000000000e+00
0.000000000000000000e+00 0.000000000000000000e+00 0.000000000000000000e+00 0.000000000000000000e+00 0.000000000000000000e+00
0.000000000000000000e+00 0.000000000000000000e+00 0.000000000000000000e+00 0.000000000000000000e+00 0.000000000000000000e+00
0.000000000000000000e+00 0.000000000000000000e+00 0.000000000000000000e+00 0.000000000000000000e+00 0.000000000000000000e+00
0.000000000000000000e+00 0.000000000000000000e+00 0.000000000000000000e+00 0.000000000000000000e+00 0.000000000000000000e+00
0.000000000000000000e+00 0.000000000000000000e+00 0.000000000000000000e+00 0.000000000000000000e+00 0.000000000000000000e+00
0.000000000000000000e+00 0.000000000000000000e+00 0.000000000000000000e+00 0.000000000000000000e+00 0.000000000000000000e+00
0.000000000000000000e+00 0.000000000000000000e+00 0.000000000000000000e+00 0.000000000000000000e+00 0.000000000000000000e+00
0.000000000000000000e+00 0.000000000000000000e+00 0.000000000000000000e+00 0.000000000000000000e+00 0.000000000000000000e+00
0.000000000000000000e+00 0.000000000000000000e+00 0.000000000000000000e+00 0.000000000000000000e+00 0.000000000000000000e+00
0.000000000000000000e+00 0.000000000000000000e+00 0.000000000000000000e+00 0.000000000000000000e+00 0.000000000000000000e+00
0.000000000000000000e+00 0.000000000000000000e+00 0.000000000000000000e+00 0.000000000000000000e+00 0.000000000000000000e+00
0.000000000000000000e+00 0.000000000000000000e+00 0.000000000000000000e+00 0.000000000000000000e+00 0.000000000000000000e+00
0.000000000000000000e+00 0.000000000000000000e+00 0.000000000000000000e+00 0.000000000000000000e+00 0.000000000000000000e+00
0.000000000000000000e+00 0.000000000000000000e+00 0.000000000000000000e+00 0.000000000000000000e+00 0.000000000000000000e+00
0.000000000000000000e+00 0.000000000000000000e+00 0.000000000000000000e+00 0.000000000000000000e+00 0.000000000000000000e+00
0.000000000000000000e+00 0.000000000000000000e+00 0.000000000000000000e+00 0.000000000000000000e+00 0.000000000000000000e+00
0.000000000000000000e+00 0.000000000000000000e+00 0.000000000000000000e+00 0.000000000000000000e+00 0.000000000000000000e+00
0.000000000000000000e+00 0.000000000000000000e+00 0.000000000000000000e+00 0.000000000000000000e+00 0.000000000000000000e+00
0.000000000000000000e+00 0.000000000000000000e+00 0.000000000000000000e+00 0.000000000000000000e+00 0.000000000000000000e+00
0.000000000000000000e+00 0.000000000000000000e+00 0.000000000000000000e+00 0.000000000000000000e+00 0.000000000000000000e+00
0.000000000000000000e+00 0.000000000000000000e+00 0.000000000000000000e+00 0.000000000000000000e+00 0.000000000000000000e+00
0.000000000000000000e+00 0.000000000000000000e+00 0.000000000000000000e+00 0.000000000000000000e+00 0.000000000000000000e+00
0.000000000000000000e+00 0.000000000000000000e+00 0.000000000000000000e+00 0.000000000000000000e+00 0.000000000000000000e+00
0.000000000000000000e+00 0.000000000000000000e+00 0.000000000000000000e+00 0.000000000000000000e+00 0.000000000000000000e+00
0.000000000000000000e+00 0.000000000000000000e+00 0.000000000000000000e+00 0.000000000000000000e+00 0.000000000000000000e+00
0.000000000000000000e+00 0.000000000000000000e+00 0.000000000000000000e+00 0.000000000000000000e+00 0.000000000000000000e+00
0.000000000000000000e+00 0.000000000000000000e+00 0.000000000000000000e+00 0.000000000000000000e+00 0.000000000000000000e+00
0.000000000000000000e+00 0.000000000000000000e+00 0.000000000000000000e+00 0.000000000000000000e+00 0.000000000000000000e+00
0.000000000000000000e+00 0.000000000000000000e+00 0.000000000000000000e+00 0.000000000000000000e+00 0.000000000000000000e+00
0.000000000000000000e+00 0.000000000000000000e+00 0.000000000000000000e+00 0.000000000000000000e+00 0.000000000000000000e+00
0.000000000000000000e+00 0.000000000000000000e+00 0.000000000000000000e+00 0.000000000000000000e+00 0.000000000000000000e+00
0.000000000000000000e+00 0.000000000000000000e+00 0.000000000000000000e+00 0.000000000000000000e+00 0.000000000000000000e+00
0.000000000000000000e+00 0.000000000000000000e+00 0.000000000000000000e+00 0.000000000000000000e+00 0.000000000000000000e+00
0.000000000000000000e+00 0.000000000000000000e+00 0.000000000000000000e+00 0.000000000000000000e+00 0.000000000000000000e+00
0.000000000000000000e+00 0.000000000000000000e+00 0.000000000000000000e+00 0.000000000000000000e+00 0.000000000000000000e+00
0.000000000000000000e+00 0.000000000000000000e+00 0.000000000000000000e+00 0.000000000000000000e+00 0.000000000000000000e+00
0.000000000000000000e+00 0.000000000000000000e+00 0.000000000000000000e+00 0.000000000000000000e+00 0.000000000000000000e+00
0.000000000000000000e+00 0.000000000000000000e+00 0.000000000000000000e+00 0.000000000000000000e+00 0.000000000000000000e+00
0.000000000000000000e+00 0.000000000000000000e+00 0.000000000000000000e+00 0.000000000000000000e+00 0.000000000000000000e+00
0.000000000000000000e+00 0.000000000000000000e+00 0.000000000000000000e+00 0.000000000000000000e+00 0.000000000000000000e+00
0.000000000000000000e+00 0.000000000000000000e+00 0.000000000000000000e+00 0.000000000000000000e+00 0.000000000000000000e+00
0.000000000000000000e+00 0.000000000000000000e+00 0.000000000000000000e+00 0.000000000000000000e+00 0.000000000000000000e+00
0.000000000000000000e+00 0.000000000000000000e+00 0.000000000000000000e+00 0.000000000000000000e+00 0.000000000000000000e+00
0.000000000000000000e+00 0.000000000000000000e+00 0.000000000000000000e+00 0.000000000000000000e+00 0.000000000000000000e+00
