0.000000000000000000e+00 0.000000000000000000e+00 1.000000000000000000e+00 0.000000000000000000e+00 0.000000000000000000e+00
9.694538116455078125e-01 -2.416428029537200928e-01 1.000000000000000000e+00 0.000000000000000000e+00 0.000000000000000000e+00
4.722967743873596191e-01 -2.354857921600341797e-01 1.000000000000000000e+00 0.000000000000000000e+00 0.000000000000000000e+00
1.246577501296997070e-01 -1.663487404584884644e-01 0.000000000000000000e+00 1.000000000000000000e+00 0.000000000000000000e+00
-6.525074839591979980e-01 -5.897153019905090332e-01 1.000000000000000000e+00 0.000000000000000000e+00 0.000000000000000000e+00
1.542589664459228516e-01 7.424794435501098633e-01 1.000000000000000000e+00 0.000000000000000000e+00 0.000000000000000000e+00
-1.288550794124603271e-01 1.804962873458862305e+00 1.000000000000000000e+00 0.000000000000000000e+00 0.000000000000000000e+00
-8.532971143722534180e-02 3.436154127120971680e-01 1.000000000000000000e+00 0.000000000000000000e+00 0.000000000000000000e+00
-1.066692620515823364e-01 1.024356707930564880e-01 0.000000000000000000e+00 1.000000000000000000e+00 0.000000000000000000e+00
-8.292959630489349365e-02 -1.228156447410583496e+00 1.000000000000000000e+00 0.000000000000000000e+00 0.000000000000000000e+00
-7.573809623718261719e-01 7.132899165153503418e-01 1.000000000000000000e+00 0.000000000000000000e+00 0.000000000000000000e+00
-2.757998108863830566e-01 4.278914630413055420e-01 0.000000000000000000e+00 1.000000000000000000e+00 0.000000000000000000e+00
1.443840146064758301e+00 -8.768141865730285645e-01 1.000000000000000000e+00 0.000000000000000000e+00 0.000000000000000000e+00
4.200145006179809570e-01 3.065420389175415039e-01 1.000000000000000000e+00 0.000000000000000000e+00 0.000000000000000000e+00
2.591149508953094482e-01 5.213593691587448120e-02 0.000000000000000000e+00 1.000000000000000000e+00 0.000000000000000000e+00
1.010996937751770020e+00 -3.086957931518554688e+00 1.000000000000000000e+00 0.000000000000000000e+00 0.000000000000000000e+00
-9.504013508558273315e-02 3.240041062235832214e-02 1.000000000000000000e+00 0.000000000000000000e+00 0.000000000000000000e+00
-4.324329644441604614e-02 4.141734540462493896e-01 0.000000000000000000e+00 1.000000000000000000e+00 0.000000000000000000e+00
-3.925006091594696045e-01 3.471065163612365723e-01 1.000000000000000000e+00 0.000000000000000000e+00 0.000000000000000000e+00
6.741498112678527832e-01 -1.229908764362335205e-01 1.000000000000000000e+00 0.000000000000000000e+00 0.000000000000000000e+00
1.541716903448104858e-01 5.718511715531349182e-02 0.000000000000000000e+00 1.000000000000000000e+00 0.000000000000000000e+00
-8.294401168823242188e-01 5.748614072799682617e-01 1.000000000000000000e+00 0.000000000000000000e+00 0.000000000000000000e+00
6.335930824279785156e-01 -1.401859521865844727e-02 1.000000000000000000e+00 0.000000000000000000e+00 0.000000000000000000e+00
-7.391551136970520020e-01 6.777834892272949219e-01 1.000000000000000000e+00 0.000000000000000000e+00 0.000000000000000000e+00
7.018452882766723633e-01 -7.703772187232971191e-02 1.000000000000000000e+00 0.000000000000000000e+00 0.000000000000000000e+00
5.352516099810600281e-02 5.377656221389770508e-02 0.000000000000000000e+00 1.000000000000000000e+00 0.000000000000000000e+00
-9.619593620300292969e-01 7.097774744033813477e-01 1.000000000000000000e+00 0.000000000000000000e+00 0.000000000000000000e+00
9.030895829200744629e-01 -1.338519304990768433e-01 1.000000000000000000e+00 0.000000000000000000e+00 0.000000000000000000e+00
3.634558320045471191e-01 -1.578495651483535767e-01 1.000000000000000000e+00 0.000000000000000000e+00 0.000000000000000000e+00
4.423431679606437683e-02 -1.000994965434074402e-01 0.000000000000000000e+00 1.000000000000000000e+00 0.000000000000000000e+00
-4.534553289413452148e-01 -1.067827641963958740e-01 1.000000000000000000e+00 0.000000000000000000e+00 0.000000000000000000e+00
-4.673894494771957397e-03 1.345929861068725586e+00 1.000000000000000000e+00 0.000000000000000000e+00 0.000000000000000000e+00
-6.096408143639564514e-02 2.382282316684722900e-01 1.000000000000000000e+00 0.000000000000000000e+00 0.000000000000000000e+00
-1.044150963425636292e-01 1.048874109983444214e-01 1.000000000000000000e+00 0.000000000000000000e+00 0.000000000000000000e+00
-1.280618906021118164e-01 2.692729234695434570e-03 1.000000000000000000e+00 0.000000000000000000e+00 0.000000000000000000e+00
-1.814240366220474243e-01 -1.269131898880004883e-01 1.000000000000000000e+00 0.000000000000000000e+00 0.000000000000000000e+00
-3.039967417716979980e-01 -6.341458559036254883e-01 1.000000000000000000e+00 0.000000000000000000e+00 0.000000000000000000e+00
-4.830853343009948730e-01 5.723236799240112305e-01 1.000000000000000000e+00 0.000000000000000000e+00 0.000000000000000000e+00
-2.697775512933731079e-02 1.406957209110260010e-01 0.000000000000000000e+00 1.000000000000000000e+00 0.000000000000000000e+00
1.775363206863403320e+00 -5.655272006988525391e-01 1.000000000000000000e+00 0.000000000000000000e+00 0.000000000000000000e+00
3.559844791889190674e-01 4.057121872901916504e-01 1.000000000000000000e+00 0.000000000000000000e+00 0.000000000000000000e+00
2.687901854515075684e-01 1.294269263744354248e-01 0.000000000000000000e+00 1.000000000000000000e+00 0.000000000000000000e+00
-1.959333896636962891e+00 -2.411788225173950195e+00 0.000000000000000000e+00 0.000000000000000000e+00 1.000000000000000000e+00
-1.118233799934387207e-01 1.145857572555541992e+00 0.000000000000000000e+00 0.000000000000000000e+00 1.000000000000000000e+00
-1.474911451339721680e+00 -1.917747855186462402e-01 0.000000000000000000e+00 0.000000000000000000e+00 1.000000000000000000e+00
-9.750649929046630859e-01 -3.514288067817687988e-01 0.000000000000000000e+00 0.000000000000000000e+00 1.000000000000000000e+00
-1.044748544692993164e+00 -3.241868615150451660e-01 0.000000000000000000e+00 0.000000000000000000e+00 1.000000000000000000e+00
-9.924055337905883789e-01 -2.864162325859069824e-01 0.000000000000000000e+00 0.000000000000000000e+00 1.000000000000000000e+00
-9.821847677230834961e-01 -2.971679568290710449e-01 0.000000000000000000e+00 0.000000000000000000e+00 1.000000000000000000e+00
-9.617946147918701172e-01 -2.817884087562561035e-01 0.000000000000000000e+00 0.000000000000000000e+00 1.000000000000000000e+00
-9.522802829742431641e-01 -2.628251314163208008e-01 0.000000000000000000e+00 0.000000000000000000e+00 1.000000000000000000e+00
-9.387850761413574219e-01 -2.613152265548706055e-01 0.000000000000000000e+00 0.000000000000000000e+00 1.000000000000000000e+00
-9.215654134750366211e-01 -2.844954729080200195e-01 0.000000000000000000e+00 0.000000000000000000e+00 1.000000000000000000e+00
-9.084448814392089844e-01 -2.974070906639099121e-01 0.000000000000000000e+00 0.000000000000000000e+00 1.000000000000000000e+00
-8.984700441360473633e-01 -3.038362860679626465e-01 0.000000000000000000e+00 0.000000000000000000e+00 1.000000000000000000e+00
-8.882180452346801758e-01 -3.080528378486633301e-01 0.000000000000000000e+00 0.000000000000000000e+00 1.000000000000000000e+00
-8.795419931411743164e-01 -3.053895831108093262e-01 0.000000000000000000e+00 0.000000000000000000e+00 1.000000000000000000e+00
-8.732863664627075195e-01 -2.974531054496765137e-01 0.000000000000000000e+00 0.000000000000000000e+00 1.000000000000000000e+00
-8.644484281539916992e-01 -2.971351742744445801e-01 0.000000000000000000e+00 0.000000000000000000e+00 1.000000000000000000e+00
-8.527251482009887695e-01 -3.058970570564270020e-01 0.000000000000000000e+00 0.000000000000000000e+00 1.000000000000000000e+00
-8.389546871185302734e-01 -3.195417523384094238e-01 0.000000000000000000e+00 0.000000000000000000e+00 1.000000000000000000e+00
-8.276786804199218750e-01 -3.276086449623107910e-01 0.000000000000000000e+00 0.000000000000000000e+00 1.000000000000000000e+00
-8.181997537612915039e-01 -3.315704464912414551e-01 0.000000000000000000e+00 0.000000000000000000e+00 1.000000000000000000e+00
-8.116356134414672852e-01 -3.300743699073791504e-01 0.000000000000000000e+00 0.000000000000000000e+00 1.000000000000000000e+00
0.000000000000000000e+00 0.000000000000000000e+00 0.000000000000000000e+00 0.000000000000000000e+00 0.000000000000000000e+00
0.000000000000000000e+00 0.000000000000000000e+00 0.000000000000000000e+00 0.000000000000000000e+00 0.000000000000000000e+00
0.000000000000000000e+00 0.000000000000000000e+00 0.000000000000000000e+00 0.000000000000000000e+00 0.000000000000000000e+00
0.000000000000000000e+00 0.000000000000000000e+00 0.000000000000000000e+00 0.000000000000000000e+00 0.000000000000000000e+00
0.000000000000000000e+00 0.000000000000000000e+00 0.000000000000000000e+00 0.000000000000000000e+00 0.000000000000000000e+00
0.000000000000000000e+00 0.000000000000000000e+00 0.000000000000000000e+00 0.000000000000000000e+00 0.000000000000000000e+00
0.000000000000000000e+00 0.000000000000000000e+00 0.000000000000000000e+00 0.000000000000000000e+00 0.000000000000000000e+00
0.000000000000000000e+00 0.000000000000000000e+00 0.000000000000000000e+00 0.000000000000000000e+00 0.000000000000000000e+00
0.000000000000000000e+00 0.000000000000000000e+00 0.000000000000000000e+00 0.000000000000000000e+00 0.000000000000000000e+00
0.000000000000000000e+00 0.000000000000000000e+00 0.000000000000000000e+00 0.000000000000000000e+00 0.000000000000000000e+00
0.000000000000000000e+00 0.000000000000000000e+00 0.000000000000000000e+00 0.000000000000000000e+00 0.000000000000000000e+00
0.000000000000000000e+00 0.000000000000000000e+00 0.000000000000000000e+00 0.000000000000000000e+00 0.000000000000000000e+00
0.000000000000000000e+00 0.000000000000000000e+00 0.000000000000000000e+00 0.000000000000000000e+00 0.000000000000000000e+00
0.000000000000000000e+00 0.000000000000000000e+00 0.000000000000000000e+00 0.000000000000000000e+00 0.000000000000000000e+00
0.000000000000000000e+00 0.000000000000000000e+00 0.000000000000000000e+00 0.000000000000000000e+00 0.000000000000000000e+00
0.000000000000000000e+00 0.000000000000000000e+00 0.000000000000000000e+00 0.000000000000000000e+00 0.000000000000000000e+00
0.000000000000000000e+00 0.000000000000000000e+00 0.000000000000000000e+00 0.000000000000000000e+00 0.000000000000000000e+00
0.000000000000000000e+00 0.000000000000000000e+00 0.000000000000000000e+00 0.000000000000000000e+00 0.000000000000000000e+00
0.000000000000000000e+00 0.000000000000000000e+00 0.000000000000000000e+00 0.000000000000000000e+00 0.000000000000000000e+00
0.000000000000000000e+00 0.000000000000000000e+00 0.000000000000000000e+00 0.000000000000000000e+00 0.000000000000000000e+00
0.000000000000000000e+00 0.000000000000000000e+00 0.000000000000000000e+00 0.000000000000000000e+00 0.000000000000000000e+00
0.000000000000000000e+00 0.000000000000000000e+00 0.000000000000000000e+00 0.000000000000000000e+00 0.000000000000000000e+00
0.000000000000000000e+00 0.000000000000000000e+00 0.000000000000000000e+00 0.000000000000000000e+00 0.000000000000000000e+00
0.000000000000000000e+00 0.000000000000000000e+00 0.000000000000000000e+00 0.000000000000000000e+00 0.000000000000000000e+00
0.000000000000000000e+00 0.000000000000000000e+00 0.000000000000000000e+00 0.000000000000000000e+00 0.000000000000000000e+00
0.000000000000000000e+00 0.000000000000000000e+00 0.000000000000000000e+00 0.000000000000000000e+00 0.000000000000000000e+00
0.000000000000000000e+00 0.000000000000000000e+00 0.000000000000000000e+00 0.000000000000000000e+00 0.000000000000000000e+00
0.000000000000000000e+00 0.000000000000000000e+00 0.000000000000000000e+00 0.000000000000000000e+00 0.000000000000000000e+00
0.000000000000000000e+00 0.000000000000000000e+00 0.000000000000000000e+00 0.000000000000000000e+00 0.000000000000000000e+00
0.000000000000000000e+00 0.000000000000000000e+00 0.000000000000000000e+00 0.000000000000000000e+00 0.000000000000000000e+00
0.000000000000000000e+00 0.000000000000000000e+00 0.000000000000000000e+00 0.000000000000000000e+00 0.000000000000000000e+00
0.000000000000000000e+00 0.000000000000000000e+00 0.000000000000000000e+00 0.000000000000000000e+00 0.000000000000000000e+00
0.000000000000000000e+00 0.000000000000000000e+00 0.000000000000000000e+00 0.000000000000000000e+00 0.000000000000000000e+00
0.000000000000000000e+00 0.000000000000000000e+00 0.000000000000000000e+00 0.000000000000000000e+00 0.000000000000000000e+00
0.000000000000000000e+00 0.000000000000000000e+00 0.000000000000000000e+00 0.000000000000000000e+00 0.000000000000000000e+00
0.000000000000000000e+00 0.000000000000000000e+00 0.000000000000000000e+00 0.000000000000000000e+00 0.000000000000000000e+00
0.000000000000000000e+00 0.000000000000000000e+00 0.000000000000000000e+00 0.000000000000000000e+00 0.000000000000000000e+00
0.000000000000000000e+00 0.000000000000000000e+00 0.000000000000000000e+00 0.000000000000000000e+00 0.000000000000000000e+00
0.000000000000000000e+00 0.000000000000000000e+00 0.000000000000000000e+00 0.000000000000000000e+00 0.000000000000000000e+00
0.000000000000000000e+00 0.000000000000000000e+00 0.000000000000000000e+00 0.000000000000000000e+00 0.000000000000000000e+00
0.000000000000000000e+00 0.000000000000000000e+00 0.000000000000000000e+00 0.000000000000000000e+00 0.000000000000000000e+00
0.000000000000000000e+00 0.000000000000000000e+00 0.000000000000000000e+00 0.000000000000000000e+00 0.000000000000000000e+00
0.000000000000000000e+00 0.000000000000000000e+00 0.000000000000000000e+00 0.000000000000000000e+00 0.000000000000000000e+00
0.000000000000000000e+00 0.000000000000000000e+00 0.000000000000000000e+00 0.000000000000000000e+00 0.000000000000000000e+00
0.000000000000000000e+00 0.000000000000000000e+00 0.000000000000000000e+00 0.000000000000000000e+00 0.000000000000000000e+00
0.000000000000000000e+00 0.000000000000000000e+00 0.000000000000000000e+00 0.000000000000000000e+00 0.000000000000000000e+00
0.000000000000000000e+00 0.000000000000000000e+00 0.000000000000000000e+00 0.000000000000000000e+00 0.000000000000000000e+00
0.000000000000000000e+00 0.000000000000000000e+00 0.000000000000000000e+00 0.000000000000000000e+00 0.000000000000000000e+00
0.000000000000000000e+00 0.000000000000000000e+00 0.000000000000000000e+00 0.000000000000000000e+00 0.000000000000000000e+00
0.000000000000000000e+00 0.000000000000000000e+00 0.000000000000000000e+00 0.000000000000000000e+00 0.000000000000000000e+00
0.000000000000000000e+00 0.000000000000000000e+00 0.000000000000000000e+00 0.000000000000000000e+00 0.000000000000000000e+00
0.000000000000000000e+00 0.000000000000000000e+00 0.000000000000000000e+00 0.000000000000000000e+00 0.000000000000000000e+00
0.000000000000000000e+00 0.000000000000000000e+00 0.000000000000000000e+00 0.000000000000000000e+00 0.000000000000000000e+00
0.000000000000000000e+00 0.000000000000000000e+00 0.000000000000000000e+00 0.000000000000000000e+00 0.000000000000000000e+00
0.000000000000000000e+00 0.000000000000000000e+00 0.000000000000000000e+00 0.000000000000000000e+00 0.000000000000000000e+00
0.000000000000000000e+00 0.000000000000000000e+00 0.000000000000000000e+00 0.000000000000000000e+00 0.000000000000000000e+00
0.000000000000000000e+00 0.000000000000000000e+00 0.000000000000000000e+00 0.000000000000000000e+00 0.000000000000000000e+00
