0.000000000000000000e+00 0.000000000000000000e+00 1.000000000000000000e+00 0.000000000000000000e+00 0.000000000000000000e+00
8.859375715255737305e-01 -2.196078598499298096e-01 1.000000000000000000e+00 0.000000000000000000e+00 0.000000000000000000e+00
4.170747101306915283e-01 -2.096569091081619263e-01 1.000000000000000000e+00 0.000000000000000000e+00 0.000000000000000000e+00
1.007971018552780151e-01 -1.450655162334442139e-01 0.000000000000000000e+00 1.000000000000000000e+00 0.000000000000000000e+00
-6.071707010269165039e-01 -4.911363720893859863e-01 1.000000000000000000e+00 0.000000000000000000e+00 0.000000000000000000e+00
1.336778104305267334e-01 7.163243889808654785e-01 1.000000000000000000e+00 0.000000000000000000e+00 0.000000000000000000e+00
-1.201580688357353210e-01 1.590720057487487793e+00 1.000000000000000000e+00 0.000000000000000000e+00 0.000000000000000000e+00
-7.953897118568420410e-02 2.946244478225708008e-01 1.000000000000000000e+00 0.000000000000000000e+00 0.000000000000000000e+00
-1.012267619371414185e-01 8.302553743124008179e-02 0.000000000000000000e+00 1.000000000000000000e+00 0.000000000000000000e+00
-8.561918139457702637e-02 -1.104176163673400879e+00 1.000000000000000000e+00 0.000000000000000000e+00 0.000000000000000000e+00
-6.866705417633056641e-01 6.635601520538330078e-01 1.000000000000000000e+00 0.000000000000000000e+00 0.000000000000000000e+00
-2.371748089790344238e-01 3.863809108734130859e-01 0.000000000000000000e+00 1.000000000000000000e+00 0.000000000000000000e+00
1.370121359825134277e+00 -8.322246670722961426e-01 1.000000000000000000e+00 0.000000000000000000e+00 0.000000000000000000e+00
3.787785768508911133e-01 2.888540923595428467e-01 1.000000000000000000e+00 0.000000000000000000e+00 0.000000000000000000e+00
2.414393723011016846e-01 5.292545258998870850e-02 0.000000000000000000e+00 1.000000000000000000e+00 0.000000000000000000e+00
9.162232875823974609e-01 -2.791354656219482422e+00 1.000000000000000000e+00 0.000000000000000000e+00 0.000000000000000000e+00
-7.986108958721160889e-02 3.199885413050651550e-02 1.000000000000000000e+00 0.000000000000000000e+00 0.000000000000000000e+00
2.940505743026733398e-02 3.954744040966033936e-01 0.000000000000000000e+00 1.000000000000000000e+00 0.000000000000000000e+00
-8.145478367805480957e-01 5.262064337730407715e-01 1.000000000000000000e+00 0.000000000000000000e+00 0.000000000000000000e+00
-1.258630603551864624e-01 1.381836235523223877e-01 1.000000000000000000e+00 0.000000000000000000e+00 0.000000000000000000e+00
-6.928195804357528687e-02 5.403670072555541992e-01 0.000000000000000000e+00 1.000000000000000000e+00 0.000000000000000000e+00
6.073760986328125000e-01 -7.323589324951171875e-01 1.000000000000000000e+00 0.000000000000000000e+00 0.000000000000000000e+00
9.535975456237792969e-01 -1.459660828113555908e-01 1.000000000000000000e+00 0.000000000000000000e+00 0.000000000000000000e+00
2.560756206512451172e-01 6.613004207611083984e-02 1.000000000000000000e+00 0.000000000000000000e+00 0.000000000000000000e+00
-2.717674970626831055e-01 3.392441868782043457e-01 1.000000000000000000e+00 0.000000000000000000e+00 0.000000000000000000e+00
-2.835585474967956543e-01 1.987787634134292603e-01 0.000000000000000000e+00 1.000000000000000000e+00 0.000000000000000000e+00
-4.841396212577819824e-01 -6.828645616769790649e-02 1.000000000000000000e+00 0.000000000000000000e+00 0.000000000000000000e+00
-6.109417080879211426e-01 7.765126824378967285e-01 1.000000000000000000e+00 0.000000000000000000e+00 0.000000000000000000e+00
-2.848069369792938232e-01 2.214153409004211426e-01 0.000000000000000000e+00 1.000000000000000000e+00 0.000000000000000000e+00
1.169301271438598633e+00 -7.763012051582336426e-01 1.000000000000000000e+00 0.000000000000000000e+00 0.000000000000000000e+00
2.515935897827148438e-01 4.374437779188156128e-02 1.000000000000000000e+00 0.000000000000000000e+00 0.000000000000000000e+00
1.477338373661041260e-01 1.448934376239776611e-01 0.000000000000000000e+00 1.000000000000000000e+00 0.000000000000000000e+00
-6.453620195388793945e-01 1.654439419507980347e-01 1.000000000000000000e+00 0.000000000000000000e+00 0.000000000000000000e+00
-6.396813988685607910e-01 8.340588808059692383e-01 1.000000000000000000e+00 0.000000000000000000e+00 0.000000000000000000e+00
-3.213031888008117676e-01 2.667444050312042236e-01 1.000000000000000000e+00 0.000000000000000000e+00 0.000000000000000000e+00
-2.807227373123168945e-01 1.088584810495376587e-01 0.000000000000000000e+00 1.000000000000000000e+00 0.000000000000000000e+00
8.519705533981323242e-01 -6.454330086708068848e-01 1.000000000000000000e+00 0.000000000000000000e+00 0.000000000000000000e+00
7.384319305419921875e-01 -1.554320156574249268e-01 1.000000000000000000e+00 0.000000000000000000e+00 0.000000000000000000e+00
2.027442902326583862e-01 2.931724674999713898e-02 0.000000000000000000e+00 1.000000000000000000e+00 0.000000000000000000e+00
-6.540756821632385254e-01 2.655811011791229248e-01 1.000000000000000000e+00 0.000000000000000000e+00 0.000000000000000000e+00
-8.555264770984649658e-02 1.246470928192138672e+00 1.000000000000000000e+00 0.000000000000000000e+00 0.000000000000000000e+00
-7.066218554973602295e-02 2.542009949684143066e-01 0.000000000000000000e+00 1.000000000000000000e+00 0.000000000000000000e+00
4.027081429958343506e-01 -1.088198661804199219e+00 1.000000000000000000e+00 0.000000000000000000e+00 0.000000000000000000e+00
4.766209721565246582e-01 -6.855835020542144775e-02 1.000000000000000000e+00 0.000000000000000000e+00 0.000000000000000000e+00
-4.481215029954910278e-02 6.539377570152282715e-02 0.000000000000000000e+00 1.000000000000000000e+00 0.000000000000000000e+00
-3.412062525749206543e-01 3.914522230625152588e-01 1.000000000000000000e+00 0.000000000000000000e+00 0.000000000000000000e+00
5.908046960830688477e-01 -8.749622851610183716e-02 1.000000000000000000e+00 0.000000000000000000e+00 0.000000000000000000e+00
3.556021153926849365e-01 -1.505862772464752197e-01 0.000000000000000000e+00 1.000000000000000000e+00 0.000000000000000000e+00
-1.361111521720886230e+00 -1.750104427337646484e+00 0.000000000000000000e+00 0.000000000000000000e+00 1.000000000000000000e+00
-3.372663259506225586e-01 9.808610677719116211e-01 0.000000000000000000e+00 0.000000000000000000e+00 1.000000000000000000e+00
-1.360835552215576172e+00 -4.526818394660949707e-01 0.000000000000000000e+00 0.000000000000000000e+00 1.000000000000000000e+00
-9.212065935134887695e-01 -2.212854623794555664e-01 0.000000000000000000e+00 0.000000000000000000e+00 1.000000000000000000e+00
-1.037553787231445312e+00 -3.897369503974914551e-01 0.000000000000000000e+00 0.000000000000000000e+00 1.000000000000000000e+00
-9.532378911972045898e-01 -3.278854489326477051e-01 0.000000000000000000e+00 0.000000000000000000e+00 1.000000000000000000e+00
-9.503139257431030273e-01 -3.782086968421936035e-01 0.000000000000000000e+00 0.000000000000000000e+00 1.000000000000000000e+00
-9.227180480957031250e-01 -3.771849274635314941e-01 0.000000000000000000e+00 0.000000000000000000e+00 1.000000000000000000e+00
-9.114816188812255859e-01 -3.629489541053771973e-01 0.000000000000000000e+00 0.000000000000000000e+00 1.000000000000000000e+00
-8.999837636947631836e-01 -3.478466868400573730e-01 0.000000000000000000e+00 0.000000000000000000e+00 1.000000000000000000e+00
-8.906046152114868164e-01 -3.438740372657775879e-01 0.000000000000000000e+00 0.000000000000000000e+00 1.000000000000000000e+00
-8.834111690521240234e-01 -3.391223549842834473e-01 0.000000000000000000e+00 0.000000000000000000e+00 1.000000000000000000e+00
-8.769973516464233398e-01 -3.372351527214050293e-01 0.000000000000000000e+00 0.000000000000000000e+00 1.000000000000000000e+00
-8.682091236114501953e-01 -3.361075520515441895e-01 0.000000000000000000e+00 0.000000000000000000e+00 1.000000000000000000e+00
-8.581889867782592773e-01 -3.348382115364074707e-01 0.000000000000000000e+00 0.000000000000000000e+00 1.000000000000000000e+00
-8.506572246551513672e-01 -3.287000060081481934e-01 0.000000000000000000e+00 0.000000000000000000e+00 1.000000000000000000e+00
-8.453663587570190430e-01 -3.224218487739562988e-01 0.000000000000000000e+00 0.000000000000000000e+00 1.000000000000000000e+00
-8.409906625747680664e-01 -3.227952122688293457e-01 0.000000000000000000e+00 0.000000000000000000e+00 1.000000000000000000e+00
0.000000000000000000e+00 0.000000000000000000e+00 0.000000000000000000e+00 0.000000000000000000e+00 0.000000000000000000e+00
0.000000000000000000e+00 0.000000000000000000e+00 0.000000000000000000e+00 0.000000000000000000e+00 0.000000000000000000e+00
0.000000000000000000e+00 0.000000000000000000e+00 0.000000000000000000e+00 0.000000000000000000e+00 0.000000000000000000e+00
0.000000000000000000e+00 0.000000000000000000e+00 0.000000000000000000e+00 0.000000000000000000e+00 0.000000000000000000e+00
0.000000000000000000e+00 0.000000000000000000e+00 0.000000000000000000e+00 0.000000000000000000e+00 0.000000000000000000e+00
0.000000000000000000e+00 0.000000000000000000e+00 0.000000000000000000e+00 0.000000000000000000e+00 0.000000000000000000e+00
0.000000000000000000e+00 0.000000000000000000e+00 0.000000000000000000e+00 0.000000000000000000e+00 0.000000000000000000e+00
0.000000000000000000e+00 0.000000000000000000e+00 0.000000000000000000e+00 0.000000000000000000e+00 0.000000000000000000e+00
0.000000000000000000e+00 0.000000000000000000e+00 0.000000000000000000e+00 0.000000000000000000e+00 0.000000000000000000e+00
0.000000000000000000e+00 0.000000000000000000e+00 0.000000000000000000e+00 0.000000000000000000e+00 0.000000000000000000e+00
0.000000000000000000e+00 0.000000000000000000e+00 0.000000000000000000e+00 0.000000000000000000e+00 0.000000000000000000e+00
0.000000000000000000e+00 0.000000000000000000e+00 0.000000000000000000e+00 0.000000000000000000e+00 0.000000000000000000e+00
0.000000000000000000e+00 0.000000000000000000e+00 0.000000000000000000e+00 0.000000000000000000e+00 0.000000000000000000e+00
0.000000000000000000e+00 0.000000000000000000e+00 0.000000000000000000e+00 0.000000000000000000e+00 0.000000000000000000e+00
0.000000000000000000e+00 0.000000000000000000e+00 0.000000000000000000e+00 0.000000000000000000e+00 0.000000000000000000e+00
0.000000000000000000e+00 0.000000000000000000e+00 0.000000000000000000e+00 0.000000000000000000e+00 0.000000000000000000e+00
0.000000000000000000e+00 0.000000000000000000e+00 0.000000000000000000e+00 0.000000000000000000e+00 0.000000000000000000e+00
0.000000000000000000e+00 0.000000000000000000e+00 0.000000000000000000e+00 0.000000000000000000e+00 0.000000000000000000e+00
0.000000000000000000e+00 0.000000000000000000e+00 0.000000000000000000e+00 0.000000000000000000e+00 0.000000000000000000e+00
0.000000000000000000e+00 0.000000000000000000e+00 0.000000000000000000e+00 0.000000000000000000e+00 0.000000000000000000e+00
0.000000000000000000e+00 0.000000000000000000e+00 0.000000000000000000e+00 0.000000000000000000e+00 0.000000000000000000e+00
0.000000000000000000e+00 0.000000000000000000e+00 0.000000000000000000e+00 0.000000000000000000e+00 0.000000000000000000e+00
0.000000000000000000e+00 0.000000000000000000e+00 0.000000000000000000e+00 0.000000000000000000e+00 0.000000000000000000e+00
0.000000000000000000e+00 0.000000000000000000e+00 0.000000000000000000e+00 0.000000000000000000e+00 0.000000000000000000e+00
0.000000000000000000e+00 0.000000000000000000e+00 0.000000000000000000e+00 0.000000000000000000e+00 0.000000000000000000e+00
0.000000000000000000e+00 0.000000000000000000e+00 0.000000000000000000e+00 0.000000000000000000e+00 0.000000000000000000e+00
0.000000000000000000e+00 0.000000000000000000e+00 0.000000000000000000e+00 0.000000000000000000e+00 0.000000000000000000e+00
0.000000000000000000e+00 0.000000000000000000e+00 0.000000000000000000e+00 0.000000000000000000e+00 0.000000000000000000e+00
0.000000000000000000e+00 0.000000000000000000e+00 0.000000000000000000e+00 0.000000000000000000e+00 0.000000000000000000e+00
0.000000000000000000e+00 0.000000000000000000e+00 0.000000000000000000e+00 0.000000000000000000e+00 0.000000000000000000e+00
0.000000000000000000e+00 0.000000000000000000e+00 0.000000000000000000e+00 0.000000000000000000e+00 0.000000000000000000e+00
0.000000000000000000e+00 0.000000000000000000e+00 0.000000000000000000e+00 0.000000000000000000e+00 0.000000000000000000e+00
0.000000000000000000e+00 0.000000000000000000e+00 0.000000000000000000e+00 0.000000000000000000e+00 0.000000000000000000e+00
0.000000000000000000e+00 0.000000000000000000e+00 0.000000000000000000e+00 0.000000000000000000e+00 0.000000000000000000e+00
0.000000000000000000e+00 0.000000000000000000e+00 0.000000000000000000e+00 0.000000000000000000e+00 0.000000000000000000e+00
0.000000000000000000e+00 0.000000000000000000e+00 0.000000000000000000e+00 0.000000000000000000e+00 0.000000000000000000e+00
0.000000000000000000e+00 0.000000000000000000e+00 0.000000000000000000e+00 0.000000000000000000e+00 0.000000000000000000e+00
0.000000000000000000e+00 0.000000000000000000e+00 0.000000000000000000e+00 0.000000000000000000e+00 0.000000000000000000e+00
0.000000000000000000e+00 0.000000000000000000e+00 0.000000000000000000e+00 0.000000000000000000e+00 0.000000000000000000e+00
0.000000000000000000e+00 0.000000000000000000e+00 0.000000000000000000e+00 0.000000000000000000e+00 0.000000000000000000e+00
0.000000000000000000e+00 0.000000000000000000e+00 0.000000000000000000e+00 0.000000000000000000e+00 0.000000000000000000e+00
0.000000000000000000e+00 0.000000000000000000e+00 0.000000000000000000e+00 0.000000000000000000e+00 0.000000000000000000e+00
0.000000000000000000e+00 0.000000000000000000e+00 0.000000000000000000e+00 0.000000000000000000e+00 0.000000000000000000e+00
0.000000000000000000e+00 0.000000000000000000e+00 0.000000000000000000e+00 0.000000000000000000e+00 0.000000000000000000e+00
0.000000000000000000e+00 0.000000000000000000e+00 0.000000000000000000e+00 0.000000000000000000e+00 0.000000000000000000e+00
0.000000000000000000e+00 0.000000000000000000e+00 0.000000000000000000e+00 0.000000000000000000e+00 0.000000000000000000e+00
0.000000000000000000e+00 0.000000000000000000e+00 0.000000000000000000e+00 0.000000000000000000e+00 0.000000000000000000e+00
0.000000000000000000e+00 0.000000000000000000e+00 0.000000000000000000e+00 0.000000000000000000e+00 0.000000000000000000e+00
0.000000000000000000e+00 0.000000000000000000e+00 0.000000000000000000e+00 0.000000000000000000e+00 0.000000000000000000e+00
0.000000000000000000e+00 0.000000000000000000e+00 0.000000000000000000e+00 0.000000000000000000e+00 0.000000000000000000e+00
0.000000000000000000e+00 0.000000000000000000e+00 0.000000000000000000e+00 0.000000000000000000e+00 0.000000000000000000e+00
0.000000000000000000e+00 0.000000000000000000e+00 0.000000000000000000e+00 0.000000000000000000e+00 0.000000000000000000e+00
0.000000000000000000e+00 0.000000000000000000e+00 0.000000000000000000e+00 0.000000000000000000e+00 0.000000000000000000e+00
0.000000000000000000e+00 0.000000000000000000e+00 0.000000000000000000e+00 0.000000000000000000e+00 0.000000000000000000e+00
0.000000000000000000e+00 0.000000000000000000e+00 0.000000000000000000e+00 0.000000000000000000e+00 0.000000000000000000e+00
