0.000000000000000000e+00 0.000000000000000000e+00 1.000000000000000000e+00 0.000000000000000000e+00 0.000000000000000000e+00
9.508854150772094727e-01 -2.273602783679962158e-01 1.000000000000000000e+00 0.000000000000000000e+00 0.000000000000000000e+00
4.741307497024536133e-01 -2.257481217384338379e-01 0.000000000000000000e+00 1.000000000000000000e+00 0.000000000000000000e+00
-3.519122898578643799e-01 -3.558519482612609863e-01 1.000000000000000000e+00 0.000000000000000000e+00 0.000000000000000000e+00
-7.540807723999023438e-01 1.262106418609619141e+00 1.000000000000000000e+00 0.000000000000000000e+00 0.000000000000000000e+00
-5.756154656410217285e-01 6.701183319091796875e-01 1.000000000000000000e+00 0.000000000000000000e+00 0.000000000000000000e+00
-2.908396422863006592e-01 1.828092336654663086e-01 0.000000000000000000e+00 1.000000000000000000e+00 0.000000000000000000e+00
1.261240482330322266e+00 -8.781484365463256836e-01 1.000000000000000000e+00 0.000000000000000000e+00 0.000000000000000000e+00
2.374693304300308228e-01 5.996315926313400269e-02 1.000000000000000000e+00 0.000000000000000000e+00 0.000000000000000000e+00
1.454719156026840210e-01 1.633827388286590576e-01 0.000000000000000000e+00 1.000000000000000000e+00 0.000000000000000000e+00
-1.458900332450866699e+00 6.225997209548950195e-01 1.000000000000000000e+00 0.000000000000000000e+00 0.000000000000000000e+00
9.754319787025451660e-01 -1.625998616218566895e-01 1.000000000000000000e+00 0.000000000000000000e+00 0.000000000000000000e+00
4.565558433532714844e-01 -1.648786365985870361e-01 0.000000000000000000e+00 1.000000000000000000e+00 0.000000000000000000e+00
-1.102880716323852539e+00 7.100464105606079102e-01 1.000000000000000000e+00 0.000000000000000000e+00 0.000000000000000000e+00
-9.559087455272674561e-02 1.221622824668884277e-01 1.000000000000000000e+00 0.000000000000000000e+00 0.000000000000000000e+00
5.530748516321182251e-03 3.367891013622283936e-01 1.000000000000000000e+00 0.000000000000000000e+00 0.000000000000000000e+00
4.015739858150482178e-01 -2.986907362937927246e-01 1.000000000000000000e+00 0.000000000000000000e+00 0.000000000000000000e+00
1.764048933982849121e-01 1.763831451535224915e-02 1.000000000000000000e+00 0.000000000000000000e+00 0.000000000000000000e+00
-1.301845014095306396e-01 3.456920385360717773e-01 1.000000000000000000e+00 0.000000000000000000e+00 0.000000000000000000e+00
-1.801292896270751953e-01 1.460048407316207886e-01 1.000000000000000000e+00 0.000000000000000000e+00 0.000000000000000000e+00
-7.059885561466217041e-02 -1.461814939975738525e-01 1.000000000000000000e+00 0.000000000000000000e+00 0.000000000000000000e+00
6.594645977020263672e-02 -2.735379934310913086e-01 1.000000000000000000e+00 0.000000000000000000e+00 0.000000000000000000e+00
1.999689638614654541e-01 -3.127213716506958008e-01 1.000000000000000000e+00 0.000000000000000000e+00 0.000000000000000000e+00
2.624173760414123535e-01 -1.692481189966201782e-01 1.000000000000000000e+00 0.000000000000000000e+00 0.000000000000000000e+00
1.446377933025360107e-01 7.457792758941650391e-03 1.000000000000000000e+00 0.000000000000000000e+00 0.000000000000000000e+00
9.048256278038024902e-02 1.206981986761093140e-01 1.000000000000000000e+00 0.000000000000000000e+00 0.000000000000000000e+00
2.108573168516159058e-02 1.132026672363281250e+00 1.000000000000000000e+00 0.000000000000000000e+00 0.000000000000000000e+00
-1.754220724105834961e-01 7.639298439025878906e-01 1.000000000000000000e+00 0.000000000000000000e+00 0.000000000000000000e+00
-1.343902349472045898e-01 1.831117123365402222e-01 1.000000000000000000e+00 0.000000000000000000e+00 0.000000000000000000e+00
-1.447569280862808228e-01 4.118323326110839844e-02 1.000000000000000000e+00 0.000000000000000000e+00 0.000000000000000000e+00
-2.093842178583145142e-01 -9.196603298187255859e-02 1.000000000000000000e+00 0.000000000000000000e+00 0.000000000000000000e+00
-2.290034145116806030e-01 -2.970252037048339844e-01 1.000000000000000000e+00 0.000000000000000000e+00 0.000000000000000000e+00
-1.181264519691467285e-01 -5.516478419303894043e-01 0.000000000000000000e+00 1.000000000000000000e+00 0.000000000000000000e+00
2.277724266052246094e+00 -2.736404418945312500e+00 1.000000000000000000e+00 0.000000000000000000e+00 0.000000000000000000e+00
-5.019024610519409180e-01 9.906654953956604004e-01 1.000000000000000000e+00 0.000000000000000000e+00 0.000000000000000000e+00
7.144355773925781250e-01 -2.888077795505523682e-01 1.000000000000000000e+00 0.000000000000000000e+00 0.000000000000000000e+00
3.553810417652130127e-01 7.259801030158996582e-03 1.000000000000000000e+00 0.000000000000000000e+00 0.000000000000000000e+00
6.228173524141311646e-02 8.768527954816818237e-02 1.000000000000000000e+00 0.000000000000000000e+00 0.000000000000000000e+00
-2.635465264320373535e-01 4.412862062454223633e-01 1.000000000000000000e+00 0.000000000000000000e+00 0.000000000000000000e+00
-2.628421187400817871e-01 2.543410062789916992e-01 1.000000000000000000e+00 0.000000000000000000e+00 0.000000000000000000e+00
-2.380048483610153198e-01 1.213773190975189209e-01 0.000000000000000000e+00 1.000000000000000000e+00 0.000000000000000000e+00
1.576863601803779602e-02 -2.481448948383331299e-01 1.000000000000000000e+00 0.000000000000000000e+00 0.000000000000000000e+00
-5.854548215866088867e-01 1.058237314224243164e+00 1.000000000000000000e+00 0.000000000000000000e+00 0.000000000000000000e+00
-2.951923608779907227e-01 3.253666460514068604e-01 1.000000000000000000e+00 0.000000000000000000e+00 0.000000000000000000e+00
-2.749997675418853760e-01 1.382288932800292969e-01 0.000000000000000000e+00 1.000000000000000000e+00 0.000000000000000000e+00
8.306430578231811523e-01 -5.498742461204528809e-01 1.000000000000000000e+00 0.000000000000000000e+00 0.000000000000000000e+00
8.963613510131835938e-01 6.088489294052124023e-01 1.000000000000000000e+00 0.000000000000000000e+00 0.000000000000000000e+00
5.130620002746582031e-01 1.590391397476196289e-01 1.000000000000000000e+00 0.000000000000000000e+00 0.000000000000000000e+00
6.482532620429992676e-01 3.940232098102569580e-03 0.000000000000000000e+00 1.000000000000000000e+00 0.000000000000000000e+00
-2.514468669891357422e+00 -2.683485507965087891e+00 0.000000000000000000e+00 0.000000000000000000e+00 1.000000000000000000e+00
-2.809801101684570312e-01 1.544314622879028320e+00 0.000000000000000000e+00 0.000000000000000000e+00 1.000000000000000000e+00
-1.509250998497009277e+00 -1.703211665153503418e-01 0.000000000000000000e+00 0.000000000000000000e+00 1.000000000000000000e+00
-1.093059182167053223e+00 -3.353087306022644043e-01 0.000000000000000000e+00 0.000000000000000000e+00 1.000000000000000000e+00
-1.154016613960266113e+00 -2.944572567939758301e-01 0.000000000000000000e+00 0.000000000000000000e+00 1.000000000000000000e+00
-1.098054528236389160e+00 -2.189030051231384277e-01 0.000000000000000000e+00 0.000000000000000000e+00 1.000000000000000000e+00
-1.093383073806762695e+00 -1.919807195663452148e-01 0.000000000000000000e+00 0.000000000000000000e+00 1.000000000000000000e+00
-1.077306747436523438e+00 -1.541925668716430664e-01 0.000000000000000000e+00 0.000000000000000000e+00 1.000000000000000000e+00
-1.064616680145263672e+00 -1.630852222442626953e-01 0.000000000000000000e+00 0.000000000000000000e+00 1.000000000000000000e+00
-1.046698689460754395e+00 -1.752456426620483398e-01 0.000000000000000000e+00 0.000000000000000000e+00 1.000000000000000000e+00
-1.031090855598449707e+00 -1.888575553894042969e-01 0.000000000000000000e+00 0.000000000000000000e+00 1.000000000000000000e+00
-1.018543839454650879e+00 -1.963784694671630859e-01 0.000000000000000000e+00 0.000000000000000000e+00 1.000000000000000000e+00
-1.007090210914611816e+00 -1.972118020057678223e-01 0.000000000000000000e+00 0.000000000000000000e+00 1.000000000000000000e+00
-9.959816932678222656e-01 -1.970300674438476562e-01 0.000000000000000000e+00 0.000000000000000000e+00 1.000000000000000000e+00
-9.856803417205810547e-01 -2.005967497825622559e-01 0.000000000000000000e+00 0.000000000000000000e+00 1.000000000000000000e+00
-9.744088649749755859e-01 -2.100839018821716309e-01 0.000000000000000000e+00 0.000000000000000000e+00 1.000000000000000000e+00
-9.637391567230224609e-01 -2.203646302223205566e-01 0.000000000000000000e+00 0.000000000000000000e+00 1.000000000000000000e+00
-9.549258947372436523e-01 -2.298488616943359375e-01 0.000000000000000000e+00 0.000000000000000000e+00 1.000000000000000000e+00
-9.488526582717895508e-01 -2.324737906455993652e-01 0.000000000000000000e+00 0.000000000000000000e+00 1.000000000000000000e+00
-9.460934400558471680e-01 -2.255715131759643555e-01 0.000000000000000000e+00 0.000000000000000000e+00 1.000000000000000000e+00
-9.418621063232421875e-01 -2.209914922714233398e-01 0.000000000000000000e+00 0.000000000000000000e+00 1.000000000000000000e+00
-9.350993633270263672e-01 -2.228719592094421387e-01 0.000000000000000000e+00 0.000000000000000000e+00 1.000000000000000000e+00
-9.288399219512939453e-01 -2.256324291229248047e-01 0.000000000000000000e+00 0.000000000000000000e+00 1.000000000000000000e+00
-9.224569797515869141e-01 -2.310480475425720215e-01 0.000000000000000000e+00 0.000000000000000000e+00 1.000000000000000000e+00
0.000000000000000000e+00 0.000000000000000000e+00 0.000000000000000000e+00 0.000000000000000000e+00 0.000000000000000000e+00
0.000000000000000000e+00 0.000000000000000000e+00 0.000000000000000000e+00 0.000000000000000000e+00 0.000000000000000000e+00
0.000000000000000000e+00 0.000000000000000000e+00 0.000000000000000000e+00 0.000000000000000000e+00 0.000000000000000000e+00
0.000000000000000000e+00 0.000000000000000000e+00 0.000000000000000000e+00 0.000000000000000000e+00 0.000000000000000000e+00
0.000000000000000000e+00 0.000000000000000000e+00 0.000000000000000000e+00 0.000000000000000000e+00 0.000000000000000000e+00
0.000000000000000000e+00 0.000000000000000000e+00 0.000000000000000000e+00 0.000000000000000000e+00 0.000000000000000000e+00
0.000000000000000000e+00 0.000000000000000000e+00 0.000000000000000000e+00 0.000000000000000000e+00 0.000000000000000000e+00
0.000000000000000000e+00 0.000000000000000000e+00 0.000000000000000000e+00 0.000000000000000000e+00 0.000000000000000000e+00
0.000000000000000000e+00 0.000000000000000000e+00 0.000000000000000000e+00 0.000000000000000000e+00 0.000000000000000000e+00
0.000000000000000000e+00 0.000000000000000000e+00 0.000000000000000000e+00 0.000000000000000000e+00 0.000000000000000000e+00
0.000000000000000000e+00 0.000000000000000000e+00 0.000000000000000000e+00 0.000000000000000000e+00 0.000000000000000000e+00
0.000000000000000000e+00 0.000000000000000000e+00 0.000000000000000000e+00 0.000000000000000000e+00 0.000000000000000000e+00
0.000000000000000000e+00 0.000000000000000000e+00 0.000000000000000000e+00 0.000000000000000000e+00 0.000000000000000000e+00
0.000000000000000000e+00 0.000000000000000000e+00 0.000000000000000000e+00 0.000000000000000000e+00 0.000000000000000000e+00
0.000000000000000000e+00 0.000000000000000000e+00 0.000000000000000000e+00 0.000000000000000000e+00 0.000000000000000000e+00
0.000000000000000000e+00 0.000000000000000000e+00 0.000000000000000000e+00 0.000000000000000000e+00 0.000000000000000000e+00
0.000000000000000000e+00 0.000000000000000000e+00 0.000000000000000000e+00 0.000000000000000000e+00 0.000000000000000000e+00
0.000000000000000000e+00 0.000000000000000000e+00 0.000000000000000000e+00 0.000000000000000000e+00 0.000000000000000000e+00
0.000000000000000000e+00 0.000000000000000000e+00 0.000000000000000000e+00 0.000000000000000000e+00 0.000000000000000000e+00
0.000000000000000000e+00 0.000000000000000000e+00 0.000000000000000000e+00 0.000000000000000000e+00 0.000000000000000000e+00
0.000000000000000000e+00 0.000000000000000000e+00 0.000000000000000000e+00 0.000000000000000000e+00 0.000000000000000000e+00
0.000000000000000000e+00 0.000000000000000000e+00 0.000000000000000000e+00 0.000000000000000000e+00 0.000000000000000000e+00
0.000000000000000000e+00 0.000000000000000000e+00 0.000000000000000000e+00 0.000000000000000000e+00 0.000000000000000000e+00
0.000000000000000000e+00 0.000000000000000000e+00 0.000000000000000000e+00 0.000000000000000000e+00 0.000000000000000000e+00
0.000000000000000000e+00 0.000000000000000000e+00 0.000000000000000000e+00 0.000000000000000000e+00 0.000000000000000000e+00
0.000000000000000000e+00 0.000000000000000000e+00 0.000000000000000000e+00 0.000000000000000000e+00 0.000000000000000000e+00
0.000000000000000000e+00 0.000000000000000000e+00 0.000000000000000000e+00 0.000000000000000000e+00 0.000000000000000000e+00
0.000000000000000000e+00 0.000000000000000000e+00 0.000000000000000000e+00 0.000000000000000000e+00 0.000000000000000000e+00
0.000000000000000000e+00 0.000000000000000000e+00 0.000000000000000000e+00 0.000000000000000000e+00 0.000000000000000000e+00
0.000000000000000000e+00 0.000000000000000000e+00 0.000000000000000000e+00 0.000000000000000000e+00 0.000000000000000000e+00
0.000000000000000000e+00 0.000000000000000000e+00 0.000000000000000000e+00 0.000000000000000000e+00 0.000000000000000000e+00
0.000000000000000000e+00 0.000000000000000000e+00 0.000000000000000000e+00 0.000000000000000000e+00 0.000000000000000000e+00
0.000000000000000000e+00 0.000000000000000000e+00 0.000000000000000000e+00 0.000000000000000000e+00 0.000000000000000000e+00
0.000000000000000000e+00 0.000000000000000000e+00 0.000000000000000000e+00 0.000000000000000000e+00 0.000000000000000000e+00
0.000000000000000000e+00 0.000000000000000000e+00 0.000000000000000000e+00 0.000000000000000000e+00 0.000000000000000000e+00
0.000000000000000000e+00 0.000000000000000000e+00 0.000000000000000000e+00 0.000000000000000000e+00 0.000000000000000000e+00
0.000000000000000000e+00 0.000000000000000000e+00 0.000000000000000000e+00 0.000000000000000000e+00 0.000000000000000000e+00
0.000000000000000000e+00 0.000000000000000000e+00 0.000000000000000000e+00 0.000000000000000000e+00 0.000000000000000000e+00
0.000000000000000000e+00 0.000000000000000000e+00 0.000000000000000000e+00 0.000000000000000000e+00 0.000000000000000000e+00
0.000000000000000000e+00 0.000000000000000000e+00 0.000000000000000000e+00 0.000000000000000000e+00 0.000000000000000000e+00
0.000000000000000000e+00 0.000000000000000000e+00 0.000000000000000000e+00 0.000000000000000000e+00 0.000000000000000000e+00
0.000000000000000000e+00 0.000000000000000000e+00 0.000000000000000000e+00 0.000000000000000000e+00 0.000000000000000000e+00
0.000000000000000000e+00 0.000000000000000000e+00 0.000000000000000000e+00 0.000000000000000000e+00 0.000000000000000000e+00
0.000000000000000000e+00 0.000000000000000000e+00 0.000000000000000000e+00 0.000000000000000000e+00 0.000000000000000000e+00
0.000000000000000000e+00 0.000000000000000000e+00 0.000000000000000000e+00 0.000000000000000000e+00 0.000000000000000000e+00
0.000000000000000000e+00 0.000000000000000000e+00 0.000000000000000000e+00 0.000000000000000000e+00 0.000000000000000000e+00
0.000000000000000000e+00 0.000000000000000000e+00 0.000000000000000000e+00 0.000000000000000000e+00 0.000000000000000000e+00
0.000000000000000000e+00 0.000000000000000000e+00 0.000000000000000000e+00 0.000000000000000000e+00 0.000000000000000000e+00
