0.000000000000000000e+00 0.000000000000000000e+00 1.000000000000000000e+00 0.000000000000000000e+00 0.000000000000000000e+00
7.960399389266967773e-01 -1.769593358039855957e-01 1.000000000000000000e+00 0.000000000000000000e+00 0.000000000000000000e+00
2.469162046909332275e-01 4.943622648715972900e-02 1.000000000000000000e+00 0.000000000000000000e+00 0.000000000000000000e+00
-9.917196035385131836e-01 1.231133818626403809e+00 1.000000000000000000e+00 0.000000000000000000e+00 0.000000000000000000e+00
6.874894499778747559e-01 -1.741846054792404175e-01 1.000000000000000000e+00 0.000000000000000000e+00 0.000000000000000000e+00
2.650739550590515137e-01 6.838302314281463623e-02 1.000000000000000000e+00 0.000000000000000000e+00 0.000000000000000000e+00
-3.112623095512390137e-02 2.985448539257049561e-01 1.000000000000000000e+00 0.000000000000000000e+00 0.000000000000000000e+00
-4.245621263980865479e-01 6.185586452484130859e-01 1.000000000000000000e+00 0.000000000000000000e+00 0.000000000000000000e+00
-5.871762633323669434e-01 4.860864877700805664e-01 1.000000000000000000e+00 0.000000000000000000e+00 0.000000000000000000e+00
-3.134600818157196045e-01 6.773685663938522339e-02 1.000000000000000000e+00 0.000000000000000000e+00 0.000000000000000000e+00
-1.988135874271392822e-01 -1.268681436777114868e-01 0.000000000000000000e+00 1.000000000000000000e+00 0.000000000000000000e+00
4.954982399940490723e-01 -6.200537681579589844e-01 1.000000000000000000e+00 0.000000000000000000e+00 0.000000000000000000e+00
3.600949645042419434e-01 8.991079032421112061e-02 1.000000000000000000e+00 0.000000000000000000e+00 0.000000000000000000e+00
1.950687468051910400e-01 -4.645628482103347778e-02 0.000000000000000000e+00 1.000000000000000000e+00 0.000000000000000000e+00
1.266239047050476074e+00 -1.945673584938049316e+00 1.000000000000000000e+00 0.000000000000000000e+00 0.000000000000000000e+00
-4.131940752267837524e-02 5.921663641929626465e-01 1.000000000000000000e+00 0.000000000000000000e+00 0.000000000000000000e+00
-7.070222496986389160e-02 1.491032838821411133e-01 0.000000000000000000e+00 1.000000000000000000e+00 0.000000000000000000e+00
4.956624507904052734e-01 -9.152294397354125977e-01 1.000000000000000000e+00 0.000000000000000000e+00 0.000000000000000000e+00
3.497998118400573730e-01 2.561268955469131470e-02 1.000000000000000000e+00 0.000000000000000000e+00 0.000000000000000000e+00
9.301224350929260254e-02 1.358858942985534668e-01 1.000000000000000000e+00 0.000000000000000000e+00 0.000000000000000000e+00
-3.220968246459960938e-01 4.288274943828582764e-01 1.000000000000000000e+00 0.000000000000000000e+00 0.000000000000000000e+00
-4.777792692184448242e-01 3.422104120254516602e-01 1.000000000000000000e+00 0.000000000000000000e+00 0.000000000000000000e+00
4.438651800155639648e-01 -1.063884049654006958e-01 1.000000000000000000e+00 0.000000000000000000e+00 0.000000000000000000e+00
1.264816820621490479e-01 5.178080499172210693e-02 0.000000000000000000e+00 1.000000000000000000e+00 0.000000000000000000e+00
-9.749138355255126953e-01 7.004046440124511719e-01 1.000000000000000000e+00 0.000000000000000000e+00 0.000000000000000000e+00
-7.472741603851318359e-02 7.559691071510314941e-01 1.000000000000000000e+00 0.000000000000000000e+00 0.000000000000000000e+00
-6.897636502981185913e-02 1.644100546836853027e-01 0.000000000000000000e+00 1.000000000000000000e+00 0.000000000000000000e+00
5.076009035110473633e-01 -8.973866701126098633e-01 1.000000000000000000e+00 0.000000000000000000e+00 0.000000000000000000e+00
8.803972005844116211e-01 -1.154135316610336304e-01 1.000000000000000000e+00 0.000000000000000000e+00 0.000000000000000000e+00
2.804604768753051758e-01 7.032341510057449341e-02 1.000000000000000000e+00 0.000000000000000000e+00 0.000000000000000000e+00
-4.395934566855430603e-02 2.607438564300537109e-01 1.000000000000000000e+00 0.000000000000000000e+00 0.000000000000000000e+00
-3.392078876495361328e-01 4.546499848365783691e-01 1.000000000000000000e+00 0.000000000000000000e+00 0.000000000000000000e+00
-2.317942082881927490e-01 1.735312938690185547e-01 0.000000000000000000e+00 1.000000000000000000e+00 0.000000000000000000e+00
-1.462205648422241211e-01 -3.834525942802429199e-01 1.000000000000000000e+00 0.000000000000000000e+00 0.000000000000000000e+00
-6.245040297508239746e-01 9.130923151969909668e-01 1.000000000000000000e+00 0.000000000000000000e+00 0.000000000000000000e+00
-2.515208721160888672e-01 1.921777129173278809e-01 0.000000000000000000e+00 1.000000000000000000e+00 0.000000000000000000e+00
6.857379674911499023e-01 -4.182661473751068115e-01 1.000000000000000000e+00 0.000000000000000000e+00 0.000000000000000000e+00
8.820883035659790039e-01 4.803695082664489746e-01 1.000000000000000000e+00 0.000000000000000000e+00 0.000000000000000000e+00
4.964399635791778564e-01 1.113206744194030762e-01 0.000000000000000000e+00 1.000000000000000000e+00 0.000000000000000000e+00
-2.027542114257812500e+00 -2.569559812545776367e+00 0.000000000000000000e+00 0.000000000000000000e+00 1.000000000000000000e+00
-3.166993260383605957e-01 1.333785414695739746e+00 0.000000000000000000e+00 0.000000000000000000e+00 1.000000000000000000e+00
-1.495633244514465332e+00 -3.140347599983215332e-01 0.000000000000000000e+00 0.000000000000000000e+00 1.000000000000000000e+00
-1.026746988296508789e+00 -2.937956452369689941e-01 0.000000000000000000e+00 0.000000000000000000e+00 1.000000000000000000e+00
-1.108192205429077148e+00 -2.565492987632751465e-01 0.000000000000000000e+00 0.000000000000000000e+00 1.000000000000000000e+00
-1.040360808372497559e+00 -2.241073250770568848e-01 0.000000000000000000e+00 0.000000000000000000e+00 1.000000000000000000e+00
-1.027387022972106934e+00 -2.299946546554565430e-01 0.000000000000000000e+00 0.000000000000000000e+00 1.000000000000000000e+00
-1.001426935195922852e+00 -2.322520017623901367e-01 0.000000000000000000e+00 0.000000000000000000e+00 1.000000000000000000e+00
-9.870193004608154297e-01 -2.365589737892150879e-01 0.000000000000000000e+00 0.000000000000000000e+00 1.000000000000000000e+00
-9.746446609497070312e-01 -2.377755045890808105e-01 0.000000000000000000e+00 0.000000000000000000e+00 1.000000000000000000e+00
-9.638178348541259766e-01 -2.377552986145019531e-01 0.000000000000000000e+00 0.000000000000000000e+00 1.000000000000000000e+00
-9.556655883789062500e-01 -2.315957546234130859e-01 0.000000000000000000e+00 0.000000000000000000e+00 1.000000000000000000e+00
-9.483213424682617188e-01 -2.273415923118591309e-01 0.000000000000000000e+00 0.000000000000000000e+00 1.000000000000000000e+00
-9.402791261672973633e-01 -2.314551472663879395e-01 0.000000000000000000e+00 0.000000000000000000e+00 1.000000000000000000e+00
-9.328777790069580078e-01 -2.392700314521789551e-01 0.000000000000000000e+00 0.000000000000000000e+00 1.000000000000000000e+00
-9.267655611038208008e-01 -2.489171028137207031e-01 0.000000000000000000e+00 0.000000000000000000e+00 1.000000000000000000e+00
-9.187006950378417969e-01 -2.569226622581481934e-01 0.000000000000000000e+00 0.000000000000000000e+00 1.000000000000000000e+00
-9.104384183883666992e-01 -2.610087394714355469e-01 0.000000000000000000e+00 0.000000000000000000e+00 1.000000000000000000e+00
-9.032853841781616211e-01 -2.595733404159545898e-01 0.000000000000000000e+00 0.000000000000000000e+00 1.000000000000000000e+00
-8.963100910186767578e-01 -2.582083344459533691e-01 0.000000000000000000e+00 0.000000000000000000e+00 1.000000000000000000e+00
-8.869389295578002930e-01 -2.667239904403686523e-01 0.000000000000000000e+00 0.000000000000000000e+00 1.000000000000000000e+00
-8.771607875823974609e-01 -2.708384394645690918e-01 0.000000000000000000e+00 0.000000000000000000e+00 1.000000000000000000e+00
-8.684320449829101562e-01 -2.715262174606323242e-01 0.000000000000000000e+00 0.000000000000000000e+00 1.000000000000000000e+00
-8.606982231140136719e-01 -2.729519605636596680e-01 0.000000000000000000e+00 0.000000000000000000e+00 1.000000000000000000e+00
-8.529465198516845703e-01 -2.745218873023986816e-01 0.000000000000000000e+00 0.000000000000000000e+00 1.000000000000000000e+00
-8.459355831146240234e-01 -2.778339385986328125e-01 0.000000000000000000e+00 0.000000000000000000e+00 1.000000000000000000e+00
-8.405171632766723633e-01 -2.812963724136352539e-01 0.000000000000000000e+00 0.000000000000000000e+00 1.000000000000000000e+00
-8.351793289184570312e-01 -2.851225733757019043e-01 0.000000000000000000e+00 0.000000000000000000e+00 1.000000000000000000e+00
0.000000000000000000e+00 0.000000000000000000e+00 0.000000000000000000e+00 0.000000000000000000e+00 0.000000000000000000e+00
0.000000000000000000e+00 0.000000000000000000e+00 0.000000000000000000e+00 0.000000000000000000e+00 0.000000000000000000e+00
0.000000000000000000e+00 0.000000000000000000e+00 0.000000000000000000e+00 0.000000000000000000e+00 0.000000000000000000e+00
0.000000000000000000e+00 0.000000000000000000e+00 0.000000000000000000e+00 0.000000000000000000e+00 0.000000000000000000e+00
0.000000000000000000e+00 0.000000000000000000e+00 0.000000000000000000e+00 0.000000000000000000e+00 0.000000000000000000e+00
0.000000000000000000e+00 0.000000000000000000e+00 0.000000000000000000e+00 0.000000000000000000e+00 0.000000000000000000e+00
0.000000000000000000e+00 0.000000000000000000e+00 0.000000000000000000e+00 0.000000000000000000e+00 0.000000000000000000e+00
0.000000000000000000e+00 0.000000000000000000e+00 0.000000000000000000e+00 0.000000000000000000e+00 0.000000000000000000e+00
0.000000000000000000e+00 0.000000000000000000e+00 0.000000000000000000e+00 0.000000000000000000e+00 0.000000000000000000e+00
0.000000000000000000e+00 0.000000000000000000e+00 0.000000000000000000e+00 0.000000000000000000e+00 0.000000000000000000e+00
0.000000000000000000e+00 0.000000000000000000e+00 0.000000000000000000e+00 0.000000000000000000e+00 0.000000000000000000e+00
0.000000000000000000e+00 0.000000000000000000e+00 0.000000000000000000e+00 0.000000000000000000e+00 0.000000000000000000e+00
0.000000000000000000e+00 0.000000000000000000e+00 0.000000000000000000e+00 0.000000000000000000e+00 0.000000000000000000e+00
0.000000000000000000e+00 0.000000000000000000e+00 0.000000000000000000e+00 0.000000000000000000e+00 0.000000000000000000e+00
0.000000000000000000e+00 0.000000000000000000e+00 0.000000000000000000e+00 0.000000000000000000e+00 0.000000000000000000e+00
0.000000000000000000e+00 0.000000000000000000e+00 0.000000000000000000e+00 0.000000000000000000e+00 0.000000000000000000e+00
0.000000000000000000e+00 0.000000000000000000e+00 0.000000000000000000e+00 0.000000000000000000e+00 0.000000000000000000e+00
0.000000000000000000e+00 0.000000000000000000e+00 0.000000000000000000e+00 0.000000000000000000e+00 0.000000000000000000e+00
0.000000000000000000e+00 0.000000000000000000e+00 0.000000000000000000e+00 0.000000000000000000e+00 0.000000000000000000e+00
0.000000000000000000e+00 0.000000000000000000e+00 0.000000000000000000e+00 0.000000000000000000e+00 0.000000000000000000e+00
0.000000000000000000e+00 0.000000000000000000e+00 0.000000000000000000e+00 0.000000000000000000e+00 0.000000000000000000e+00
0.000000000000000000e+00 0.000000000000000000e+00 0.000000000000000000e+00 0.000000000000000000e+00 0.000000000000000000e+00
0.000000000000000000e+00 0.000000000000000000e+00 0.000000000000000000e+00 0.000000000000000000e+00 0.000000000000000000e+00
0.000000000000000000e+00 0.000000000000000000e+00 0.000000000000000000e+00 0.000000000000000000e+00 0.000000000000000000e+00
0.000000000000000000e+00 0.000000000000000000e+00 0.000000000000000000e+00 0.000000000000000000e+00 0.000000000000000000e+00
0.000000000000000000e+00 0.000000000000000000e+00 0.000000000000000000e+00 0.000000000000000000e+00 0.000000000000000000e+00
0.000000000000000000e+00 0.000000000000000000e+00 0.000000000000000000e+00 0.000000000000000000e+00 0.000000000000000000e+00
0.000000000000000000e+00 0.000000000000000000e+00 0.000000000000000000e+00 0.000000000000000000e+00 0.000000000000000000e+00
0.000000000000000000e+00 0.000000000000000000e+00 0.000000000000000000e+00 0.000000000000000000e+00 0.000000000000000000e+00
0.000000000000000000e+00 0.000000000000000000e+00 0.000000000000000000e+00 0.000000000000000000e+00 0.000000000000000000e+00
0.000000000000000000e+00 0.000000000000000000e+00 0.000000000000000000e+00 0.000000000000000000e+00 0.000000000000000000e+00
0.000000000000000000e+00 0.000000000000000000e+00 0.000000000000000000e+00 0.000000000000000000e+00 0.000000000000000000e+00
0.000000000000000000e+00 0.000000000000000000e+00 0.000000000000000000e+00 0.000000000000000000e+00 0.000000000000000000e+00
0.000000000000000000e+00 0.000000000000000000e+00 0.000000000000000000e+00 0.000000000000000000e+00 0.000000000000000000e+00
0.000000000000000000e+00 0.000000000000000000e+00 0.000000000000000000e+00 0.000000000000000000e+00 0.000000000000000000e+00
0.000000000000000000e+00 0.000000000000000000e+00 0.000000000000000000e+00 0.000000000000000000e+00 0.000000000000000000e+00
0.000000000000000000e+00 0.000000000000000000e+00 0.000000000000000000e+00 0.000000000000000000e+00 0.000000000000000000e+00
0.000000000000000000e+00 0.000000000000000000e+00 0.000000000000000000e+00 0.000000000000000000e+00 0.000000000000000000e+00
0.000000000000000000e+00 0.000000000000000000e+00 0.000000000000000000e+00 0.000000000000000000e+00 0.000000000000000000e+00
0.000000000000000000e+00 0.000000000000000000e+00 0.000000000000000000e+00 0.000000000000000000e+00 0.000000000000000000e+00
0.000000000000000000e+00 0.000000000000000000e+00 0.000000000000000000e+00 0.000000000000000000e+00 0.000000000000000000e+00
0.000000000000000000e+00 0.000000000000000000e+00 0.000000000000000000e+00 0.000000000000000000e+00 0.000000000000000000e+00
0.000000000000000000e+00 0.000000000000000000e+00 0.000000000000000000e+00 0.000000000000000000e+00 0.000000000000000000e+00
0.000000000000000000e+00 0.000000000000000000e+00 0.000000000000000000e+00 0.000000000000000000e+00 0.000000000000000000e+00
0.000000000000000000e+00 0.000000000000000000e+00 0.000000000000000000e+00 0.000000000000000000e+00 0.000000000000000000e+00
0.000000000000000000e+00 0.000000000000000000e+00 0.000000000000000000e+00 0.000000000000000000e+00 0.000000000000000000e+00
0.000000000000000000e+00 0.000000000000000000e+00 0.000000000000000000e+00 0.000000000000000000e+00 0.000000000000000000e+00
0.000000000000000000e+00 0.000000000000000000e+00 0.000000000000000000e+00 0.000000000000000000e+00 0.000000000000000000e+00
0.000000000000000000e+00 0.000000000000000000e+00 0.000000000000000000e+00 0.000000000000000000e+00 0.000000000000000000e+00
0.000000000000000000e+00 0.000000000000000000e+00 0.000000000000000000e+00 0.000000000000000000e+00 0.000000000000000000e+00
0.000000000000000000e+00 0.000000000000000000e+00 0.000000000000000000e+00 0.000000000000000000e+00 0.000000000000000000e+00
0.000000000000000000e+00 0.000000000000000000e+00 0.000000000000000000e+00 0.000000000000000000e+00 0.000000000000000000e+00
0.000000000000000000e+00 0.000000000000000000e+00 0.000000000000000000e+00 0.000000000000000000e+00 0.000000000000000000e+00
0.000000000000000000e+00 0.000000000000000000e+00 0.000000000000000000e+00 0.000000000000000000e+00 0.000000000000000000e+00
