0.000000000000000000e+00 0.000000000000000000e+00 1.000000000000000000e+00 0.000000000000000000e+00 0.000000000000000000e+00
-8.097964525222778320e-02 8.442422151565551758e-01 1.000000000000000000e+00 0.000000000000000000e+00 0.000000000000000000e+00
-7.217415422201156616e-02 2.233104854822158813e-01 0.000000000000000000e+00 1.000000000000000000e+00 0.000000000000000000e+00
3.597395420074462891e-01 -1.253035068511962891e+00 1.000000000000000000e+00 0.000000000000000000e+00 0.000000000000000000e+00
5.381610393524169922e-01 -1.136962324380874634e-01 1.000000000000000000e+00 0.000000000000000000e+00 0.000000000000000000e+00
1.644373685121536255e-01 8.593806624412536621e-02 1.000000000000000000e+00 0.000000000000000000e+00 0.000000000000000000e+00
-1.351586282253265381e-01 1.146952629089355469e+00 1.000000000000000000e+00 0.000000000000000000e+00 0.000000000000000000e+00
-7.545208930969238281e-02 1.609329879283905029e-01 0.000000000000000000e+00 1.000000000000000000e+00 0.000000000000000000e+00
-3.320687115192413330e-01 -7.116189002990722656e-01 1.000000000000000000e+00 0.000000000000000000e+00 0.000000000000000000e+00
2.580704689025878906e-01 -1.602862775325775146e-02 1.000000000000000000e+00 0.000000000000000000e+00 0.000000000000000000e+00
-3.223345428705215454e-02 6.552104651927947998e-02 0.000000000000000000e+00 1.000000000000000000e+00 0.000000000000000000e+00
-2.208829075098037720e-01 2.709657847881317139e-01 1.000000000000000000e+00 0.000000000000000000e+00 0.000000000000000000e+00
3.009460866451263428e-01 -1.992532610893249512e-02 1.000000000000000000e+00 0.000000000000000000e+00 0.000000000000000000e+00
-2.931735664606094360e-02 8.200440555810928345e-02 0.000000000000000000e+00 1.000000000000000000e+00 0.000000000000000000e+00
-3.023052811622619629e-01 3.520591855049133301e-01 1.000000000000000000e+00 0.000000000000000000e+00 0.000000000000000000e+00
4.381546378135681152e-01 -1.246653944253921509e-01 1.000000000000000000e+00 0.000000000000000000e+00 0.000000000000000000e+00
1.495575904846191406e-01 -1.183921322226524353e-01 0.000000000000000000e+00 1.000000000000000000e+00 0.000000000000000000e+00
4.124890565872192383e-01 -9.567154049873352051e-01 1.000000000000000000e+00 0.000000000000000000e+00 0.000000000000000000e+00
-1.166109144687652588e-01 9.542695283889770508e-01 1.000000000000000000e+00 0.000000000000000000e+00 0.000000000000000000e+00
-7.084286212921142578e-02 2.096627056598663330e-01 0.000000000000000000e+00 1.000000000000000000e+00 0.000000000000000000e+00
3.609080612659454346e-01 -1.257931232452392578e+00 1.000000000000000000e+00 0.000000000000000000e+00 0.000000000000000000e+00
4.496951997280120850e-01 -4.713682830333709717e-02 1.000000000000000000e+00 0.000000000000000000e+00 0.000000000000000000e+00
1.388774216175079346e-01 1.113268435001373291e-01 1.000000000000000000e+00 0.000000000000000000e+00 0.000000000000000000e+00
-1.212551593780517578e-01 1.076078891754150391e+00 1.000000000000000000e+00 0.000000000000000000e+00 0.000000000000000000e+00
-6.891103833913803101e-02 1.631048470735549927e-01 0.000000000000000000e+00 1.000000000000000000e+00 0.000000000000000000e+00
-2.660967707633972168e-01 -6.807999610900878906e-01 1.000000000000000000e+00 0.000000000000000000e+00 0.000000000000000000e+00
2.259792685508728027e-01 4.652574658393859863e-03 1.000000000000000000e+00 0.000000000000000000e+00 0.000000000000000000e+00
-4.019198566675186157e-02 8.044900745153427124e-02 0.000000000000000000e+00 1.000000000000000000e+00 0.000000000000000000e+00
-2.347667217254638672e-01 2.742961049079895020e-01 1.000000000000000000e+00 0.000000000000000000e+00 0.000000000000000000e+00
3.054836392402648926e-01 -1.709905266761779785e-02 1.000000000000000000e+00 0.000000000000000000e+00 0.000000000000000000e+00
-4.261618107557296753e-02 5.895547196269035339e-02 0.000000000000000000e+00 1.000000000000000000e+00 0.000000000000000000e+00
-4.749423265457153320e-01 3.277248442173004150e-01 1.000000000000000000e+00 0.000000000000000000e+00 0.000000000000000000e+00
-8.224985599517822266e-01 7.158448100090026855e-01 1.000000000000000000e+00 0.000000000000000000e+00 0.000000000000000000e+00
-3.175429999828338623e-01 1.676983684301376343e-01 1.000000000000000000e+00 0.000000000000000000e+00 0.000000000000000000e+00
2.793006002902984619e-01 -1.616066098213195801e-01 1.000000000000000000e+00 0.000000000000000000e+00 0.000000000000000000e+00
2.143737822771072388e-01 3.356657922267913818e-03 1.000000000000000000e+00 0.000000000000000000e+00 0.000000000000000000e+00
8.063182979822158813e-02 7.656808197498321533e-02 1.000000000000000000e+00 0.000000000000000000e+00 0.000000000000000000e+00
-6.344380974769592285e-02 6.905006766319274902e-01 1.000000000000000000e+00 0.000000000000000000e+00 0.000000000000000000e+00
4.814445972442626953e-03 -4.555923864245414734e-02 0.000000000000000000e+00 1.000000000000000000e+00 0.000000000000000000e+00
1.008021473884582520e+00 -1.588372230529785156e+00 1.000000000000000000e+00 0.000000000000000000e+00 0.000000000000000000e+00
-3.094168901443481445e-01 4.941903948783874512e-01 1.000000000000000000e+00 0.000000000000000000e+00 0.000000000000000000e+00
4.433606863021850586e-01 -6.139677762985229492e-02 0.000000000000000000e+00 1.000000000000000000e+00 0.000000000000000000e+00
-5.029943585395812988e-01 5.114645957946777344e-01 1.000000000000000000e+00 0.000000000000000000e+00 0.000000000000000000e+00
5.142230987548828125e-01 -7.227534055709838867e-02 1.000000000000000000e+00 0.000000000000000000e+00 0.000000000000000000e+00
-2.618863433599472046e-02 5.405011773109436035e-02 0.000000000000000000e+00 1.000000000000000000e+00 0.000000000000000000e+00
-4.419386982917785645e-01 3.778458535671234131e-01 1.000000000000000000e+00 0.000000000000000000e+00 0.000000000000000000e+00
5.011862516403198242e-01 -7.922996580600738525e-02 1.000000000000000000e+00 0.000000000000000000e+00 0.000000000000000000e+00
9.585253894329071045e-02 -6.948320567607879639e-02 0.000000000000000000e+00 1.000000000000000000e+00 0.000000000000000000e+00
-1.579214185476303101e-01 -3.830410838127136230e-01 1.000000000000000000e+00 0.000000000000000000e+00 0.000000000000000000e+00
-1.616215854883193970e-01 8.124457001686096191e-01 1.000000000000000000e+00 0.000000000000000000e+00 0.000000000000000000e+00
3.522476181387901306e-02 1.691364198923110962e-01 1.000000000000000000e+00 0.000000000000000000e+00 0.000000000000000000e+00
1.124572902917861938e-01 1.025531888008117676e-01 1.000000000000000000e+00 0.000000000000000000e+00 0.000000000000000000e+00
3.269177973270416260e-01 6.483134627342224121e-02 1.000000000000000000e+00 0.000000000000000000e+00 0.000000000000000000e+00
8.866817951202392578e-01 -1.314492821693420410e-01 1.000000000000000000e+00 0.000000000000000000e+00 0.000000000000000000e+00
3.600028157234191895e-01 -1.481593847274780273e-01 1.000000000000000000e+00 0.000000000000000000e+00 0.000000000000000000e+00
9.700921177864074707e-02 -1.445984542369842529e-01 1.000000000000000000e+00 0.000000000000000000e+00 0.000000000000000000e+00
-1.978158392012119293e-02 -2.051446139812469482e-01 1.000000000000000000e+00 0.000000000000000000e+00 0.000000000000000000e+00
-1.461295783519744873e-01 -3.290002346038818359e-01 0.000000000000000000e+00 1.000000000000000000e+00 0.000000000000000000e+00
-1.977920889854431152e+00 -1.292273759841918945e+00 0.000000000000000000e+00 0.000000000000000000e+00 1.000000000000000000e+00
-3.331397771835327148e-01 1.324589133262634277e+00 0.000000000000000000e+00 0.000000000000000000e+00 1.000000000000000000e+00
-1.912810921669006348e+00 -7.081001996994018555e-02 0.000000000000000000e+00 0.000000000000000000e+00 1.000000000000000000e+00
-1.017997026443481445e+00 1.720172166824340820e-02 0.000000000000000000e+00 0.000000000000000000e+00 1.000000000000000000e+00
-1.479071855545043945e+00 -4.050953984260559082e-01 0.000000000000000000e+00 0.000000000000000000e+00 1.000000000000000000e+00
-1.114704251289367676e+00 -1.186574697494506836e-01 0.000000000000000000e+00 0.000000000000000000e+00 1.000000000000000000e+00
-1.288785696029663086e+00 -3.401899933815002441e-01 0.000000000000000000e+00 0.000000000000000000e+00 1.000000000000000000e+00
-1.130697369575500488e+00 -2.279670238494873047e-01 0.000000000000000000e+00 0.000000000000000000e+00 1.000000000000000000e+00
-1.191098451614379883e+00 -3.388473391532897949e-01 0.000000000000000000e+00 0.000000000000000000e+00 1.000000000000000000e+00
-1.116694331169128418e+00 -3.106029033660888672e-01 0.000000000000000000e+00 0.000000000000000000e+00 1.000000000000000000e+00
-1.129148483276367188e+00 -3.510692715644836426e-01 0.000000000000000000e+00 0.000000000000000000e+00 1.000000000000000000e+00
-1.094990372657775879e+00 -3.302739262580871582e-01 0.000000000000000000e+00 0.000000000000000000e+00 1.000000000000000000e+00
-1.093278884887695312e+00 -3.312141299247741699e-01 0.000000000000000000e+00 0.000000000000000000e+00 1.000000000000000000e+00
-1.077702403068542480e+00 -3.227471709251403809e-01 0.000000000000000000e+00 0.000000000000000000e+00 1.000000000000000000e+00
0.000000000000000000e+00 0.000000000000000000e+00 0.000000000000000000e+00 0.000000000000000000e+00 0.000000000000000000e+00
0.000000000000000000e+00 0.000000000000000000e+00 0.000000000000000000e+00 0.000000000000000000e+00 0.000000000000000000e+00
0.000000000000000000e+00 0.000000000000000000e+00 0.000000000000000000e+00 0.000000000000000000e+00 0.000000000000000000e+00
0.000000000000000000e+00 0.000000000000000000e+00 0.000000000000000000e+00 0.000000000000000000e+00 0.000000000000000000e+00
0.000000000000000000e+00 0.000000000000000000e+00 0.000000000000000000e+00 0.000000000000000000e+00 0.000000000000000000e+00
0.000000000000000000e+00 0.000000000000000000e+00 0.000000000000000000e+00 0.000000000000000000e+00 0.000000000000000000e+00
0.000000000000000000e+00 0.000000000000000000e+00 0.000000000000000000e+00 0.000000000000000000e+00 0.000000000000000000e+00
0.000000000000000000e+00 0.000000000000000000e+00 0.000000000000000000e+00 0.000000000000000000e+00 0.000000000000000000e+00
0.000000000000000000e+00 0.000000000000000000e+00 0.000000000000000000e+00 0.000000000000000000e+00 0.000000000000000000e+00
0.000000000000000000e+00 0.000000000000000000e+00 0.000000000000000000e+00 0.000000000000000000e+00 0.000000000000000000e+00
0.000000000000000000e+00 0.000000000000000000e+00 0.000000000000000000e+00 0.000000000000000000e+00 0.000000000000000000e+00
0.000000000000000000e+00 0.000000000000000000e+00 0.000000000000000000e+00 0.000000000000000000e+00 0.000000000000000000e+00
0.000000000000000000e+00 0.000000000000000000e+00 0.000000000000000000e+00 0.000000000000000000e+00 0.000000000000000000e+00
0.000000000000000000e+00 0.000000000000000000e+00 0.000000000000000000e+00 0.000000000000000000e+00 0.000000000000000000e+00
0.000000000000000000e+00 0.000000000000000000e+00 0.000000000000000000e+00 0.000000000000000000e+00 0.000000000000000000e+00
0.000000000000000000e+00 0.000000000000000000e+00 0.000000000000000000e+00 0.000000000000000000e+00 0.000000000000000000e+00
0.000000000000000000e+00 0.000000000000000000e+00 0.000000000000000000e+00 0.000000000000000000e+00 0.000000000000000000e+00
0.000000000000000000e+00 0.000000000000000000e+00 0.000000000000000000e+00 0.000000000000000000e+00 0.000000000000000000e+00
0.000000000000000000e+00 0.000000000000000000e+00 0.000000000000000000e+00 0.000000000000000000e+00 0.000000000000000000e+00
0.000000000000000000e+00 0.000000000000000000e+00 0.000000000000000000e+00 0.000000000000000000e+00 0.000000000000000000e+00
0.000000000000000000e+00 0.000000000000000000e+00 0.000000000000000000e+00 0.000000000000000000e+00 0.000000000000000000e+00
0.000000000000000000e+00 0.000000000000000000e+00 0.000000000000000000e+00 0.000000000000000000e+00 0.000000000000000000e+00
0.000000000000000000e+00 0.000000000000000000e+00 0.000000000000000000e+00 0.000000000000000000e+00 0.000000000000000000e+00
0.000000000000000000e+00 0.000000000000000000e+00 0.000000000000000000e+00 0.000000000000000000e+00 0.000000000000000000e+00
0.000000000000000000e+00 0.000000000000000000e+00 0.000000000000000000e+00 0.000000000000000000e+00 0.000000000000000000e+00
0.000000000000000000e+00 0.000000000000000000e+00 0.000000000000000000e+00 0.000000000000000000e+00 0.000000000000000000e+00
0.000000000000000000e+00 0.000000000000000000e+00 0.000000000000000000e+00 0.000000000000000000e+00 0.000000000000000000e+00
0.000000000000000000e+00 0.000000000000000000e+00 0.000000000000000000e+00 0.000000000000000000e+00 0.000000000000000000e+00
0.000000000000000000e+00 0.000000000000000000e+00 0.000000000000000000e+00 0.000000000000000000e+00 0.000000000000000000e+00
0.000000000000000000e+00 0.000000000000000000e+00 0.000000000000000000e+00 0.000000000000000000e+00 0.000000000000000000e+00
0.000000000000000000e+00 0.000000000000000000e+00 0.000000000000000000e+00 0.000000000000000000e+00 0.000000000000000000e+00
0.000000000000000000e+00 0.000000000000000000e+00 0.000000000000000000e+00 0.000000000000000000e+00 0.000000000000000000e+00
0.000000000000000000e+00 0.000000000000000000e+00 0.000000000000000000e+00 0.000000000000000000e+00 0.000000000000000000e+00
0.000000000000000000e+00 0.000000000000000000e+00 0.000000000000000000e+00 0.000000000000000000e+00 0.000000000000000000e+00
0.000000000000000000e+00 0.000000000000000000e+00 0.000000000000000000e+00 0.000000000000000000e+00 0.000000000000000000e+00
0.000000000000000000e+00 0.000000000000000000e+00 0.000000000000000000e+00 0.000000000000000000e+00 0.000000000000000000e+00
0.000000000000000000e+00 0.000000000000000000e+00 0.000000000000000000e+00 0.000000000000000000e+00 0.000000000000000000e+00
0.000000000000000000e+00 0.000000000000000000e+00 0.000000000000000000e+00 0.000000000000000000e+00 0.000000000000000000e+00
0.000000000000000000e+00 0.000000000000000000e+00 0.000000000000000000e+00 0.000000000000000000e+00 0.000000000000000000e+00
0.000000000000000000e+00 0.000000000000000000e+00 0.000000000000000000e+00 0.000000000000000000e+00 0.000000000000000000e+00
0.000000000000000000e+00 0.000000000000000000e+00 0.000000000000000000e+00 0.000000000000000000e+00 0.000000000000000000e+00
0.000000000000000000e+00 0.000000000000000000e+00 0.000000000000000000e+00 0.000000000000000000e+00 0.000000000000000000e+00
0.000000000000000000e+00 0.000000000000000000e+00 0.000000000000000000e+00 0.000000000000000000e+00 0.000000000000000000e+00
0.000000000000000000e+00 0.000000000000000000e+00 0.000000000000000000e+00 0.000000000000000000e+00 0.000000000000000000e+00
0.000000000000000000e+00 0.000000000000000000e+00 0.000000000000000000e+00 0.000000000000000000e+00 0.000000000000000000e+00
0.000000000000000000e+00 0.000000000000000000e+00 0.000000000000000000e+00 0.000000000000000000e+00 0.000000000000000000e+00
0.000000000000000000e+00 0.000000000000000000e+00 0.000000000000000000e+00 0.000000000000000000e+00 0.000000000000000000e+00
0.000000000000000000e+00 0.000000000000000000e+00 0.000000000000000000e+00 0.000000000000000000e+00 0.000000000000000000e+00
0.000000000000000000e+00 0.000000000000000000e+00 0.000000000000000000e+00 0.000000000000000000e+00 0.000000000000000000e+00
