0.000000000000000000e+00 0.000000000000000000e+00 1.000000000000000000e+00 0.000000000000000000e+00 0.000000000000000000e+00
-9.461914300918579102e-01 1.326367616653442383e+00 1.000000000000000000e+00 0.000000000000000000e+00 0.000000000000000000e+00
-8.420491218566894531e-01 8.537899255752563477e-01 1.000000000000000000e+00 0.000000000000000000e+00 0.000000000000000000e+00
-4.680313169956207275e-01 2.940801680088043213e-01 0.000000000000000000e+00 1.000000000000000000e+00 0.000000000000000000e+00
1.651272892951965332e+00 -1.311527967453002930e+00 1.000000000000000000e+00 0.000000000000000000e+00 0.000000000000000000e+00
8.313764333724975586e-01 -1.902645379304885864e-01 0.000000000000000000e+00 1.000000000000000000e+00 0.000000000000000000e+00
-7.143414616584777832e-01 6.101474761962890625e-01 1.000000000000000000e+00 0.000000000000000000e+00 0.000000000000000000e+00
5.666677951812744141e-01 -5.772639811038970947e-02 0.000000000000000000e+00 1.000000000000000000e+00 0.000000000000000000e+00
-1.309521198272705078e+00 9.027580022811889648e-01 1.000000000000000000e+00 0.000000000000000000e+00 0.000000000000000000e+00
1.202236771583557129e+00 -2.330048084259033203e-01 1.000000000000000000e+00 0.000000000000000000e+00 0.000000000000000000e+00
4.921355545520782471e-01 5.098824203014373779e-02 1.000000000000000000e+00 0.000000000000000000e+00 0.000000000000000000e+00
1.165935620665550232e-01 1.325368642807006836e+00 1.000000000000000000e+00 0.000000000000000000e+00 0.000000000000000000e+00
2.668775618076324463e-01 6.003621816635131836e-01 1.000000000000000000e+00 0.000000000000000000e+00 0.000000000000000000e+00
4.120052754878997803e-01 3.505222797393798828e-01 1.000000000000000000e+00 0.000000000000000000e+00 0.000000000000000000e+00
4.618944823741912842e-01 1.196140199899673462e-01 1.000000000000000000e+00 0.000000000000000000e+00 0.000000000000000000e+00
4.120224714279174805e-01 -7.925511151552200317e-02 1.000000000000000000e+00 0.000000000000000000e+00 0.000000000000000000e+00
1.885062903165817261e-01 -1.754851639270782471e-01 1.000000000000000000e+00 0.000000000000000000e+00 0.000000000000000000e+00
-1.060726307332515717e-02 -2.207726836204528809e-01 1.000000000000000000e+00 0.000000000000000000e+00 0.000000000000000000e+00
-2.541356682777404785e-01 -2.646133303642272949e-01 0.000000000000000000e+00 1.000000000000000000e+00 0.000000000000000000e+00
-3.603099107742309570e+00 -6.400326490402221680e-01 1.000000000000000000e+00 0.000000000000000000e+00 0.000000000000000000e+00
-1.318541169166564941e-01 1.095794677734375000e+00 1.000000000000000000e+00 0.000000000000000000e+00 0.000000000000000000e+00
-9.107494354248046875e-02 2.131894528865814209e-01 0.000000000000000000e+00 1.000000000000000000e+00 0.000000000000000000e+00
5.973832011222839355e-01 -1.470532536506652832e+00 1.000000000000000000e+00 0.000000000000000000e+00 0.000000000000000000e+00
8.776189088821411133e-01 -1.684803366661071777e-01 1.000000000000000000e+00 0.000000000000000000e+00 0.000000000000000000e+00
3.684601187705993652e-01 7.488182932138442993e-02 1.000000000000000000e+00 0.000000000000000000e+00 0.000000000000000000e+00
-4.733216762542724609e-02 1.277012467384338379e+00 1.000000000000000000e+00 0.000000000000000000e+00 0.000000000000000000e+00
-8.517982065677642822e-02 2.536078095436096191e-01 1.000000000000000000e+00 0.000000000000000000e+00 0.000000000000000000e+00
-1.494141519069671631e-01 1.356591582298278809e-01 0.000000000000000000e+00 1.000000000000000000e+00 0.000000000000000000e+00
-7.767206430435180664e-01 -8.355168104171752930e-01 1.000000000000000000e+00 0.000000000000000000e+00 0.000000000000000000e+00
5.055098533630371094e-01 -1.085787415504455566e-01 1.000000000000000000e+00 0.000000000000000000e+00 0.000000000000000000e+00
2.529038786888122559e-01 -1.725031435489654541e-01 0.000000000000000000e+00 1.000000000000000000e+00 0.000000000000000000e+00
-2.926889061927795410e-01 -1.051967591047286987e-01 1.000000000000000000e+00 0.000000000000000000e+00 0.000000000000000000e+00
-4.692618846893310547e-01 7.909855246543884277e-01 1.000000000000000000e+00 0.000000000000000000e+00 0.000000000000000000e+00
5.050143003463745117e-01 -6.956870853900909424e-02 1.000000000000000000e+00 0.000000000000000000e+00 0.000000000000000000e+00
1.315364539623260498e-01 7.461374998092651367e-02 0.000000000000000000e+00 1.000000000000000000e+00 0.000000000000000000e+00
-8.516601920127868652e-01 6.009057164192199707e-01 1.000000000000000000e+00 0.000000000000000000e+00 0.000000000000000000e+00
1.004008769989013672e+00 -9.078949689865112305e-02 1.000000000000000000e+00 0.000000000000000000e+00 0.000000000000000000e+00
5.259211659431457520e-01 -1.516344398260116577e-01 0.000000000000000000e+00 1.000000000000000000e+00 0.000000000000000000e+00
-1.333331346511840820e+00 -2.285729885101318359e+00 0.000000000000000000e+00 0.000000000000000000e+00 1.000000000000000000e+00
-6.477814912796020508e-01 1.614245414733886719e+00 0.000000000000000000e+00 0.000000000000000000e+00 1.000000000000000000e+00
-1.778456091880798340e+00 -3.722906708717346191e-01 0.000000000000000000e+00 0.000000000000000000e+00 1.000000000000000000e+00
-9.803420305252075195e-01 -1.792194247245788574e-01 0.000000000000000000e+00 0.000000000000000000e+00 1.000000000000000000e+00
-1.306125164031982422e+00 -5.218434929847717285e-01 0.000000000000000000e+00 0.000000000000000000e+00 1.000000000000000000e+00
-1.031663179397583008e+00 -2.775149941444396973e-01 0.000000000000000000e+00 0.000000000000000000e+00 1.000000000000000000e+00
-1.114089846611022949e+00 -4.437107443809509277e-01 0.000000000000000000e+00 0.000000000000000000e+00 1.000000000000000000e+00
-1.017162799835205078e+00 -3.347437977790832520e-01 0.000000000000000000e+00 0.000000000000000000e+00 1.000000000000000000e+00
-1.032863378524780273e+00 -3.866679072380065918e-01 0.000000000000000000e+00 0.000000000000000000e+00 1.000000000000000000e+00
-9.949210882186889648e-01 -3.575616478919982910e-01 0.000000000000000000e+00 0.000000000000000000e+00 1.000000000000000000e+00
-9.864252805709838867e-01 -3.729794621467590332e-01 0.000000000000000000e+00 0.000000000000000000e+00 1.000000000000000000e+00
-9.658510684967041016e-01 -3.532065749168395996e-01 0.000000000000000000e+00 0.000000000000000000e+00 1.000000000000000000e+00
-9.539678096771240234e-01 -3.466549515724182129e-01 0.000000000000000000e+00 0.000000000000000000e+00 1.000000000000000000e+00
-9.426060914993286133e-01 -3.372246623039245605e-01 0.000000000000000000e+00 0.000000000000000000e+00 1.000000000000000000e+00
-9.369568824768066406e-01 -3.356930613517761230e-01 0.000000000000000000e+00 0.000000000000000000e+00 1.000000000000000000e+00
-9.327299594879150391e-01 -3.382254242897033691e-01 0.000000000000000000e+00 0.000000000000000000e+00 1.000000000000000000e+00
-9.271608591079711914e-01 -3.413465619087219238e-01 0.000000000000000000e+00 0.000000000000000000e+00 1.000000000000000000e+00
-9.193685054779052734e-01 -3.432891964912414551e-01 0.000000000000000000e+00 0.000000000000000000e+00 1.000000000000000000e+00
-9.121387004852294922e-01 -3.384144902229309082e-01 0.000000000000000000e+00 0.000000000000000000e+00 1.000000000000000000e+00
-9.047563076019287109e-01 -3.340781331062316895e-01 0.000000000000000000e+00 0.000000000000000000e+00 1.000000000000000000e+00
-8.936803340911865234e-01 -3.384568095207214355e-01 0.000000000000000000e+00 0.000000000000000000e+00 1.000000000000000000e+00
-8.841544389724731445e-01 -3.447001576423645020e-01 0.000000000000000000e+00 0.000000000000000000e+00 1.000000000000000000e+00
-8.759419918060302734e-01 -3.533356785774230957e-01 0.000000000000000000e+00 0.000000000000000000e+00 1.000000000000000000e+00
-8.684304952621459961e-01 -3.595064282417297363e-01 0.000000000000000000e+00 0.000000000000000000e+00 1.000000000000000000e+00
-8.596566915512084961e-01 -3.618472218513488770e-01 0.000000000000000000e+00 0.000000000000000000e+00 1.000000000000000000e+00
-8.532824516296386719e-01 -3.591426014900207520e-01 0.000000000000000000e+00 0.000000000000000000e+00 1.000000000000000000e+00
-8.495098352432250977e-01 -3.551946282386779785e-01 0.000000000000000000e+00 0.000000000000000000e+00 1.000000000000000000e+00
-8.463861942291259766e-01 -3.567691445350646973e-01 0.000000000000000000e+00 0.000000000000000000e+00 1.000000000000000000e+00
-8.443363904953002930e-01 -3.616916537284851074e-01 0.000000000000000000e+00 0.000000000000000000e+00 1.000000000000000000e+00
-8.411697149276733398e-01 -3.666542172431945801e-01 0.000000000000000000e+00 0.000000000000000000e+00 1.000000000000000000e+00
-8.370424509048461914e-01 -3.684154152870178223e-01 0.000000000000000000e+00 0.000000000000000000e+00 1.000000000000000000e+00
0.000000000000000000e+00 0.000000000000000000e+00 0.000000000000000000e+00 0.000000000000000000e+00 0.000000000000000000e+00
0.000000000000000000e+00 0.000000000000000000e+00 0.000000000000000000e+00 0.000000000000000000e+00 0.000000000000000000e+00
0.000000000000000000e+00 0.000000000000000000e+00 0.000000000000000000e+00 0.000000000000000000e+00 0.000000000000000000e+00
0.000000000000000000e+00 0.000000000000000000e+00 0.000000000000000000e+00 0.000000000000000000e+00 0.000000000000000000e+00
0.000000000000000000e+00 0.000000000000000000e+00 0.000000000000000000e+00 0.000000000000000000e+00 0.000000000000000000e+00
0.000000000000000000e+00 0.000000000000000000e+00 0.000000000000000000e+00 0.000000000000000000e+00 0.000000000000000000e+00
0.000000000000000000e+00 0.000000000000000000e+00 0.000000000000000000e+00 0.000000000000000000e+00 0.000000000000000000e+00
0.000000000000000000e+00 0.000000000000000000e+00 0.000000000000000000e+00 0.000000000000000000e+00 0.000000000000000000e+00
0.000000000000000000e+00 0.000000000000000000e+00 0.000000000000000000e+00 0.000000000000000000e+00 0.000000000000000000e+00
0.000000000000000000e+00 0.000000000000000000e+00 0.000000000000000000e+00 0.000000000000000000e+00 0.000000000000000000e+00
0.000000000000000000e+00 0.000000000000000000e+00 0.000000000000000000e+00 0.000000000000000000e+00 0.000000000000000000e+00
0.000000000000000000e+00 0.000000000000000000e+00 0.000000000000000000e+00 0.000000000000000000e+00 0.000000000000000000e+00
0.000000000000000000e+00 0.000000000000000000e+00 0.000000000000000000e+00 0.000000000000000000e+00 0.000000000000000000e+00
0.000000000000000000e+00 0.000000000000000000e+00 0.000000000000000000e+00 0.000000000000000000e+00 0.000000000000000000e+00
0.000000000000000000e+00 0.000000000000000000e+00 0.000000000000000000e+00 0.000000000000000000e+00 0.000000000000000000e+00
0.000000000000000000e+00 0.000000000000000000e+00 0.000000000000000000e+00 0.000000000000000000e+00 0.000000000000000000e+00
0.000000000000000000e+00 0.000000000000000000e+00 0.000000000000000000e+00 0.000000000000000000e+00 0.000000000000000000e+00
0.000000000000000000e+00 0.000000000000000000e+00 0.000000000000000000e+00 0.000000000000000000e+00 0.000000000000000000e+00
0.000000000000000000e+00 0.000000000000000000e+00 0.000000000000000000e+00 0.000000000000000000e+00 0.000000000000000000e+00
0.000000000000000000e+00 0.000000000000000000e+00 0.000000000000000000e+00 0.000000000000000000e+00 0.000000000000000000e+00
0.000000000000000000e+00 0.000000000000000000e+00 0.000000000000000000e+00 0.000000000000000000e+00 0.000000000000000000e+00
0.000000000000000000e+00 0.000000000000000000e+00 0.000000000000000000e+00 0.000000000000000000e+00 0.000000000000000000e+00
0.000000000000000000e+00 0.000000000000000000e+00 0.000000000000000000e+00 0.000000000000000000e+00 0.000000000000000000e+00
0.000000000000000000e+00 0.000000000000000000e+00 0.000000000000000000e+00 0.000000000000000000e+00 0.000000000000000000e+00
0.000000000000000000e+00 0.000000000000000000e+00 0.000000000000000000e+00 0.000000000000000000e+00 0.000000000000000000e+00
0.000000000000000000e+00 0.000000000000000000e+00 0.000000000000000000e+00 0.000000000000000000e+00 0.000000000000000000e+00
0.000000000000000000e+00 0.000000000000000000e+00 0.000000000000000000e+00 0.000000000000000000e+00 0.000000000000000000e+00
0.000000000000000000e+00 0.000000000000000000e+00 0.000000000000000000e+00 0.000000000000000000e+00 0.000000000000000000e+00
0.000000000000000000e+00 0.000000000000000000e+00 0.000000000000000000e+00 0.000000000000000000e+00 0.000000000000000000e+00
0.000000000000000000e+00 0.000000000000000000e+00 0.000000000000000000e+00 0.000000000000000000e+00 0.000000000000000000e+00
0.000000000000000000e+00 0.000000000000000000e+00 0.000000000000000000e+00 0.000000000000000000e+00 0.000000000000000000e+00
0.000000000000000000e+00 0.000000000000000000e+00 0.000000000000000000e+00 0.000000000000000000e+00 0.000000000000000000e+00
0.000000000000000000e+00 0.000000000000000000e+00 0.000000000000000000e+00 0.000000000000000000e+00 0.000000000000000000e+00
0.000000000000000000e+00 0.000000000000000000e+00 0.000000000000000000e+00 0.000000000000000000e+00 0.000000000000000000e+00
0.000000000000000000e+00 0.000000000000000000e+00 0.000000000000000000e+00 0.000000000000000000e+00 0.000000000000000000e+00
0.000000000000000000e+00 0.000000000000000000e+00 0.000000000000000000e+00 0.000000000000000000e+00 0.000000000000000000e+00
0.000000000000000000e+00 0.000000000000000000e+00 0.000000000000000000e+00 0.000000000000000000e+00 0.000000000000000000e+00
0.000000000000000000e+00 0.000000000000000000e+00 0.000000000000000000e+00 0.000000000000000000e+00 0.000000000000000000e+00
0.000000000000000000e+00 0.000000000000000000e+00 0.000000000000000000e+00 0.000000000000000000e+00 0.000000000000000000e+00
0.000000000000000000e+00 0.000000000000000000e+00 0.000000000000000000e+00 0.000000000000000000e+00 0.000000000000000000e+00
0.000000000000000000e+00 0.000000000000000000e+00 0.000000000000000000e+00 0.000000000000000000e+00 0.000000000000000000e+00
0.000000000000000000e+00 0.000000000000000000e+00 0.000000000000000000e+00 0.000000000000000000e+00 0.000000000000000000e+00
0.000000000000000000e+00 0.000000000000000000e+00 0.000000000000000000e+00 0.000000000000000000e+00 0.000000000000000000e+00
0.000000000000000000e+00 0.000000000000000000e+00 0.000000000000000000e+00 0.000000000000000000e+00 0.000000000000000000e+00
0.000000000000000000e+00 0.000000000000000000e+00 0.000000000000000000e+00 0.000000000000000000e+00 0.000000000000000000e+00
0.000000000000000000e+00 0.000000000000000000e+00 0.000000000000000000e+00 0.000000000000000000e+00 0.000000000000000000e+00
0.000000000000000000e+00 0.000000000000000000e+00 0.000000000000000000e+00 0.000000000000000000e+00 0.000000000000000000e+00
0.000000000000000000e+00 0.000000000000000000e+00 0.000000000000000000e+00 0.000000000000000000e+00 0.000000000000000000e+00
0.000000000000000000e+00 0.000000000000000000e+00 0.000000000000000000e+00 0.000000000000000000e+00 0.000000000000000000e+00
0.000000000000000000e+00 0.000000000000000000e+00 0.000000000000000000e+00 0.000000000000000000e+00 0.000000000000000000e+00
0.000000000000000000e+00 0.000000000000000000e+00 0.000000000000000000e+00 0.000000000000000000e+00 0.000000000000000000e+00
0.000000000000000000e+00 0.000000000000000000e+00 0.000000000000000000e+00 0.000000000000000000e+00 0.000000000000000000e+00
