0.000000000000000000e+00 0.000000000000000000e+00 1.000000000000000000e+00 0.000000000000000000e+00 0.000000000000000000e+00
-1.030943632125854492e+00 1.406234979629516602e+00 1.000000000000000000e+00 0.000000000000000000e+00 0.000000000000000000e+00
-9.212523698806762695e-01 9.117851257324218750e-01 1.000000000000000000e+00 0.000000000000000000e+00 0.000000000000000000e+00
-5.034589171409606934e-01 2.978182733058929443e-01 0.000000000000000000e+00 1.000000000000000000e+00 0.000000000000000000e+00
1.767037391662597656e+00 -1.380015134811401367e+00 1.000000000000000000e+00 0.000000000000000000e+00 0.000000000000000000e+00
9.687182903289794922e-01 -2.192245721817016602e-01 1.000000000000000000e+00 0.000000000000000000e+00 0.000000000000000000e+00
2.492249459028244019e-01 3.508910164237022400e-02 0.000000000000000000e+00 1.000000000000000000e+00 0.000000000000000000e+00
-9.670017361640930176e-01 6.931095123291015625e-01 1.000000000000000000e+00 0.000000000000000000e+00 0.000000000000000000e+00
6.861668229103088379e-01 -6.807927787303924561e-02 0.000000000000000000e+00 1.000000000000000000e+00 0.000000000000000000e+00
-1.363829731941223145e+00 8.426039814949035645e-01 1.000000000000000000e+00 0.000000000000000000e+00 0.000000000000000000e+00
1.288469791412353516e+00 -2.269406318664550781e-01 1.000000000000000000e+00 0.000000000000000000e+00 0.000000000000000000e+00
5.050675868988037109e-01 7.217862457036972046e-02 1.000000000000000000e+00 0.000000000000000000e+00 0.000000000000000000e+00
8.223814517259597778e-02 1.332633018493652344e+00 1.000000000000000000e+00 0.000000000000000000e+00 0.000000000000000000e+00
3.917655050754547119e-01 9.528518915176391602e-01 1.000000000000000000e+00 0.000000000000000000e+00 0.000000000000000000e+00
4.106213748455047607e-01 3.540713191032409668e-01 1.000000000000000000e+00 0.000000000000000000e+00 0.000000000000000000e+00
4.155087172985076904e-01 9.494835138320922852e-02 1.000000000000000000e+00 0.000000000000000000e+00 0.000000000000000000e+00
2.209127396345138550e-01 -1.056346073746681213e-01 1.000000000000000000e+00 0.000000000000000000e+00 0.000000000000000000e+00
4.845057055354118347e-02 -2.192729115486145020e-01 1.000000000000000000e+00 0.000000000000000000e+00 0.000000000000000000e+00
-1.953121274709701538e-01 -3.285230100154876709e-01 0.000000000000000000e+00 1.000000000000000000e+00 0.000000000000000000e+00
-2.619953393936157227e+00 -1.563550829887390137e+00 1.000000000000000000e+00 0.000000000000000000e+00 0.000000000000000000e+00
-1.000688225030899048e-01 5.679425597190856934e-02 1.000000000000000000e+00 0.000000000000000000e+00 0.000000000000000000e+00
6.029936671257019043e-02 4.313980638980865479e-01 0.000000000000000000e+00 1.000000000000000000e+00 0.000000000000000000e+00
-1.042943239212036133e+00 2.472525537014007568e-01 1.000000000000000000e+00 0.000000000000000000e+00 0.000000000000000000e+00
-1.532337814569473267e-01 1.433115899562835693e-01 1.000000000000000000e+00 0.000000000000000000e+00 0.000000000000000000e+00
-1.023457571864128113e-01 5.512652993202209473e-01 0.000000000000000000e+00 1.000000000000000000e+00 0.000000000000000000e+00
7.668720483779907227e-01 -7.155144810676574707e-01 1.000000000000000000e+00 0.000000000000000000e+00 0.000000000000000000e+00
1.161433100700378418e+00 -1.660658270120620728e-01 1.000000000000000000e+00 0.000000000000000000e+00 0.000000000000000000e+00
3.593316078186035156e-01 8.584448695182800293e-02 1.000000000000000000e+00 0.000000000000000000e+00 0.000000000000000000e+00
-6.984263658523559570e-01 5.990136861801147461e-01 1.000000000000000000e+00 0.000000000000000000e+00 0.000000000000000000e+00
-4.716704189777374268e-01 2.070571780204772949e-01 1.000000000000000000e+00 0.000000000000000000e+00 0.000000000000000000e+00
3.882743418216705322e-01 2.878106236457824707e-01 1.000000000000000000e+00 0.000000000000000000e+00 0.000000000000000000e+00
5.161520242691040039e-01 7.684061527252197266e-01 1.000000000000000000e+00 0.000000000000000000e+00 0.000000000000000000e+00
2.491440773010253906e-01 1.385486125946044922e-01 0.000000000000000000e+00 1.000000000000000000e+00 0.000000000000000000e+00
-4.891207814216613770e-02 -1.190591812133789062e+00 1.000000000000000000e+00 0.000000000000000000e+00 0.000000000000000000e+00
-1.135240197181701660e+00 8.209324479103088379e-01 1.000000000000000000e+00 0.000000000000000000e+00 0.000000000000000000e+00
-5.837813615798950195e-01 1.764119267463684082e-01 1.000000000000000000e+00 0.000000000000000000e+00 0.000000000000000000e+00
-5.117501020431518555e-01 -3.358012437820434570e-02 0.000000000000000000e+00 1.000000000000000000e+00 0.000000000000000000e+00
2.468716204166412354e-01 -8.875958919525146484e-01 1.000000000000000000e+00 0.000000000000000000e+00 0.000000000000000000e+00
1.537343025207519531e+00 -2.514114975929260254e-01 1.000000000000000000e+00 0.000000000000000000e+00 0.000000000000000000e+00
1.156162858009338379e+00 2.551750093698501587e-02 0.000000000000000000e+00 1.000000000000000000e+00 0.000000000000000000e+00
-1.745157003402709961e+00 -1.823156118392944336e+00 0.000000000000000000e+00 0.000000000000000000e+00 1.000000000000000000e+00
-2.661743760108947754e-01 1.106137514114379883e+00 0.000000000000000000e+00 0.000000000000000000e+00 1.000000000000000000e+00
-1.163074374198913574e+00 -5.786088109016418457e-01 0.000000000000000000e+00 0.000000000000000000e+00 1.000000000000000000e+00
-7.831481695175170898e-01 -4.089944958686828613e-01 0.000000000000000000e+00 0.000000000000000000e+00 1.000000000000000000e+00
-8.760085105895996094e-01 -4.983199238777160645e-01 0.000000000000000000e+00 0.000000000000000000e+00 1.000000000000000000e+00
-7.891734838485717773e-01 -4.696438908576965332e-01 0.000000000000000000e+00 0.000000000000000000e+00 1.000000000000000000e+00
-7.873812913894653320e-01 -4.832599759101867676e-01 0.000000000000000000e+00 0.000000000000000000e+00 1.000000000000000000e+00
-7.630832195281982422e-01 -4.621496796607971191e-01 0.000000000000000000e+00 0.000000000000000000e+00 1.000000000000000000e+00
-7.577916383743286133e-01 -4.378957152366638184e-01 0.000000000000000000e+00 0.000000000000000000e+00 1.000000000000000000e+00
-7.496589422225952148e-01 -4.163978695869445801e-01 0.000000000000000000e+00 0.000000000000000000e+00 1.000000000000000000e+00
-7.450238466262817383e-01 -3.988993763923645020e-01 0.000000000000000000e+00 0.000000000000000000e+00 1.000000000000000000e+00
-7.400193214416503906e-01 -3.831976056098937988e-01 0.000000000000000000e+00 0.000000000000000000e+00 1.000000000000000000e+00
-7.390750646591186523e-01 -3.721259236335754395e-01 0.000000000000000000e+00 0.000000000000000000e+00 1.000000000000000000e+00
-7.341622114181518555e-01 -3.708524107933044434e-01 0.000000000000000000e+00 0.000000000000000000e+00 1.000000000000000000e+00
-7.317562103271484375e-01 -3.705752491950988770e-01 0.000000000000000000e+00 0.000000000000000000e+00 1.000000000000000000e+00
-7.308518886566162109e-01 -3.697012066841125488e-01 0.000000000000000000e+00 0.000000000000000000e+00 1.000000000000000000e+00
-7.262367010116577148e-01 -3.681443333625793457e-01 0.000000000000000000e+00 0.000000000000000000e+00 1.000000000000000000e+00
-7.167822122573852539e-01 -3.653772473335266113e-01 0.000000000000000000e+00 0.000000000000000000e+00 1.000000000000000000e+00
-7.076320648193359375e-01 -3.649428486824035645e-01 0.000000000000000000e+00 0.000000000000000000e+00 1.000000000000000000e+00
-7.012660503387451172e-01 -3.656936287879943848e-01 0.000000000000000000e+00 0.000000000000000000e+00 1.000000000000000000e+00
-6.972812414169311523e-01 -3.653541207313537598e-01 0.000000000000000000e+00 0.000000000000000000e+00 1.000000000000000000e+00
-6.928530335426330566e-01 -3.647220730781555176e-01 0.000000000000000000e+00 0.000000000000000000e+00 1.000000000000000000e+00
0.000000000000000000e+00 0.000000000000000000e+00 0.000000000000000000e+00 0.000000000000000000e+00 0.000000000000000000e+00
0.000000000000000000e+00 0.000000000000000000e+00 0.000000000000000000e+00 0.000000000000000000e+00 0.000000000000000000e+00
0.000000000000000000e+00 0.000000000000000000e+00 0.000000000000000000e+00 0.000000000000000000e+00 0.000000000000000000e+00
0.000000000000000000e+00 0.000000000000000000e+00 0.000000000000000000e+00 0.000000000000000000e+00 0.000000000000000000e+00
0.000000000000000000e+00 0.000000000000000000e+00 0.000000000000000000e+00 0.000000000000000000e+00 0.000000000000000000e+00
0.000000000000000000e+00 0.000000000000000000e+00 0.000000000000000000e+00 0.000000000000000000e+00 0.000000000000000000e+00
0.000000000000000000e+00 0.000000000000000000e+00 0.000000000000000000e+00 0.000000000000000000e+00 0.000000000000000000e+00
0.000000000000000000e+00 0.000000000000000000e+00 0.000000000000000000e+00 0.000000000000000000e+00 0.000000000000000000e+00
0.000000000000000000e+00 0.000000000000000000e+00 0.000000000000000000e+00 0.000000000000000000e+00 0.000000000000000000e+00
0.000000000000000000e+00 0.000000000000000000e+00 0.000000000000000000e+00 0.000000000000000000e+00 0.000000000000000000e+00
0.000000000000000000e+00 0.000000000000000000e+00 0.000000000000000000e+00 0.000000000000000000e+00 0.000000000000000000e+00
0.000000000000000000e+00 0.000000000000000000e+00 0.000000000000000000e+00 0.000000000000000000e+00 0.000000000000000000e+00
0.000000000000000000e+00 0.000000000000000000e+00 0.000000000000000000e+00 0.000000000000000000e+00 0.000000000000000000e+00
0.000000000000000000e+00 0.000000000000000000e+00 0.000000000000000000e+00 0.000000000000000000e+00 0.000000000000000000e+00
0.000000000000000000e+00 0.000000000000000000e+00 0.000000000000000000e+00 0.000000000000000000e+00 0.000000000000000000e+00
0.000000000000000000e+00 0.000000000000000000e+00 0.000000000000000000e+00 0.000000000000000000e+00 0.000000000000000000e+00
0.000000000000000000e+00 0.000000000000000000e+00 0.000000000000000000e+00 0.000000000000000000e+00 0.000000000000000000e+00
0.000000000000000000e+00 0.000000000000000000e+00 0.000000000000000000e+00 0.000000000000000000e+00 0.000000000000000000e+00
0.000000000000000000e+00 0.000000000000000000e+00 0.000000000000000000e+00 0.000000000000000000e+00 0.000000000000000000e+00
0.000000000000000000e+00 0.000000000000000000e+00 0.000000000000000000e+00 0.000000000000000000e+00 0.000000000000000000e+00
0.000000000000000000e+00 0.000000000000000000e+00 0.000000000000000000e+00 0.000000000000000000e+00 0.000000000000000000e+00
0.000000000000000000e+00 0.000000000000000000e+00 0.000000000000000000e+00 0.000000000000000000e+00 0.000000000000000000e+00
0.000000000000000000e+00 0.000000000000000000e+00 0.000000000000000000e+00 0.000000000000000000e+00 0.000000000000000000e+00
0.000000000000000000e+00 0.000000000000000000e+00 0.000000000000000000e+00 0.000000000000000000e+00 0.000000000000000000e+00
0.000000000000000000e+00 0.000000000000000000e+00 0.000000000000000000e+00 0.000000000000000000e+00 0.000000000000000000e+00
0.000000000000000000e+00 0.000000000000000000e+00 0.000000000000000000e+00 0.000000000000000000e+00 0.000000000000000000e+00
0.000000000000000000e+00 0.000000000000000000e+00 0.000000000000000000e+00 0.000000000000000000e+00 0.000000000000000000e+00
0.000000000000000000e+00 0.000000000000000000e+00 0.000000000000000000e+00 0.000000000000000000e+00 0.000000000000000000e+00
0.000000000000000000e+00 0.000000000000000000e+00 0.000000000000000000e+00 0.000000000000000000e+00 0.000000000000000000e+00
0.000000000000000000e+00 0.000000000000000000e+00 0.000000000000000000e+00 0.000000000000000000e+00 0.000000000000000000e+00
0.000000000000000000e+00 0.000000000000000000e+00 0.000000000000000000e+00 0.000000000000000000e+00 0.000000000000000000e+00
0.000000000000000000e+00 0.000000000000000000e+00 0.000000000000000000e+00 0.000000000000000000e+00 0.000000000000000000e+00
0.000000000000000000e+00 0.000000000000000000e+00 0.000000000000000000e+00 0.000000000000000000e+00 0.000000000000000000e+00
0.000000000000000000e+00 0.000000000000000000e+00 0.000000000000000000e+00 0.000000000000000000e+00 0.000000000000000000e+00
0.000000000000000000e+00 0.000000000000000000e+00 0.000000000000000000e+00 0.000000000000000000e+00 0.000000000000000000e+00
0.000000000000000000e+00 0.000000000000000000e+00 0.000000000000000000e+00 0.000000000000000000e+00 0.000000000000000000e+00
0.000000000000000000e+00 0.000000000000000000e+00 0.000000000000000000e+00 0.000000000000000000e+00 0.000000000000000000e+00
0.000000000000000000e+00 0.000000000000000000e+00 0.000000000000000000e+00 0.000000000000000000e+00 0.000000000000000000e+00
0.000000000000000000e+00 0.000000000000000000e+00 0.000000000000000000e+00 0.000000000000000000e+00 0.000000000000000000e+00
0.000000000000000000e+00 0.000000000000000000e+00 0.000000000000000000e+00 0.000000000000000000e+00 0.000000000000000000e+00
0.000000000000000000e+00 0.000000000000000000e+00 0.000000000000000000e+00 0.000000000000000000e+00 0.000000000000000000e+00
0.000000000000000000e+00 0.000000000000000000e+00 0.000000000000000000e+00 0.000000000000000000e+00 0.000000000000000000e+00
0.000000000000000000e+00 0.000000000000000000e+00 0.000000000000000000e+00 0.000000000000000000e+00 0.000000000000000000e+00
0.000000000000000000e+00 0.000000000000000000e+00 0.000000000000000000e+00 0.000000000000000000e+00 0.000000000000000000e+00
0.000000000000000000e+00 0.000000000000000000e+00 0.000000000000000000e+00 0.000000000000000000e+00 0.000000000000000000e+00
0.000000000000000000e+00 0.000000000000000000e+00 0.000000000000000000e+00 0.000000000000000000e+00 0.000000000000000000e+00
0.000000000000000000e+00 0.000000000000000000e+00 0.000000000000000000e+00 0.000000000000000000e+00 0.000000000000000000e+00
0.000000000000000000e+00 0.000000000000000000e+00 0.000000000000000000e+00 0.000000000000000000e+00 0.000000000000000000e+00
0.000000000000000000e+00 0.000000000000000000e+00 0.000000000000000000e+00 0.000000000000000000e+00 0.000000000000000000e+00
0.000000000000000000e+00 0.000000000000000000e+00 0.000000000000000000e+00 0.000000000000000000e+00 0.000000000000000000e+00
0.000000000000000000e+00 0.000000000000000000e+00 0.000000000000000000e+00 0.000000000000000000e+00 0.000000000000000000e+00
0.000000000000000000e+00 0.000000000000000000e+00 0.000000000000000000e+00 0.000000000000000000e+00 0.000000000000000000e+00
0.000000000000000000e+00 0.000000000000000000e+00 0.000000000000000000e+00 0.000000000000000000e+00 0.000000000000000000e+00
0.000000000000000000e+00 0.000000000000000000e+00 0.000000000000000000e+00 0.000000000000000000e+00 0.000000000000000000e+00
0.000000000000000000e+00 0.000000000000000000e+00 0.000000000000000000e+00 0.000000000000000000e+00 0.000000000000000000e+00
0.000000000000000000e+00 0.000000000000000000e+00 0.000000000000000000e+00 0.000000000000000000e+00 0.000000000000000000e+00
0.000000000000000000e+00 0.000000000000000000e+00 0.000000000000000000e+00 0.000000000000000000e+00 0.000000000000000000e+00
0.000000000000000000e+00 0.000000000000000000e+00 0.000000000000000000e+00 0.000000000000000000e+00 0.000000000000000000e+00
0.000000000000000000e+00 0.000000000000000000e+00 0.000000000000000000e+00 0.000000000000000000e+00 0.000000000000000000e+00
