0.000000000000000000e+00 0.000000000000000000e+00 1.000000000000000000e+00 0.000000000000000000e+00 0.000000000000000000e+00
2.118452191352844238e-01 9.670674055814743042e-02 1.000000000000000000e+00 0.000000000000000000e+00 0.000000000000000000e+00
3.938896954059600830e-02 1.476735323667526245e-01 0.000000000000000000e+00 1.000000000000000000e+00 0.000000000000000000e+00
-3.797214627265930176e-01 7.488839626312255859e-01 1.000000000000000000e+00 0.000000000000000000e+00 0.000000000000000000e+00
2.124872803688049316e-01 7.738129794597625732e-02 1.000000000000000000e+00 0.000000000000000000e+00 0.000000000000000000e+00
6.831416487693786621e-02 1.233369782567024231e-01 0.000000000000000000e+00 1.000000000000000000e+00 0.000000000000000000e+00
-2.851075530052185059e-01 1.369986534118652344e+00 1.000000000000000000e+00 0.000000000000000000e+00 0.000000000000000000e+00
6.623457670211791992e-01 -6.385096311569213867e-01 1.000000000000000000e+00 0.000000000000000000e+00 0.000000000000000000e+00
2.602288722991943359e-01 -4.108516573905944824e-01 0.000000000000000000e+00 1.000000000000000000e+00 0.000000000000000000e+00
9.118540287017822266e-01 -1.565483212471008301e+00 1.000000000000000000e+00 0.000000000000000000e+00 0.000000000000000000e+00
9.971612691879272461e-01 -2.234537452459335327e-01 1.000000000000000000e+00 0.000000000000000000e+00 0.000000000000000000e+00
2.356062829494476318e-01 3.731837496161460876e-02 0.000000000000000000e+00 1.000000000000000000e+00 0.000000000000000000e+00
-7.888138294219970703e-01 4.221928119659423828e-01 1.000000000000000000e+00 0.000000000000000000e+00 0.000000000000000000e+00
-3.297945559024810791e-01 1.576190948486328125e+00 1.000000000000000000e+00 0.000000000000000000e+00 0.000000000000000000e+00
2.876438200473785400e-02 2.934888899326324463e-01 1.000000000000000000e+00 0.000000000000000000e+00 0.000000000000000000e+00
1.317753195762634277e-01 1.387161314487457275e-01 1.000000000000000000e+00 0.000000000000000000e+00 0.000000000000000000e+00
6.917995214462280273e-01 1.220028698444366455e-01 1.000000000000000000e+00 0.000000000000000000e+00 0.000000000000000000e+00
9.752100110054016113e-01 -1.308017969131469727e-01 0.000000000000000000e+00 1.000000000000000000e+00 0.000000000000000000e+00
-2.156991243362426758e+00 -2.197903394699096680e+00 0.000000000000000000e+00 0.000000000000000000e+00 1.000000000000000000e+00
9.783321619033813477e-02 1.749544620513916016e+00 0.000000000000000000e+00 0.000000000000000000e+00 1.000000000000000000e+00
-1.156047344207763672e+00 2.385989427566528320e-01 0.000000000000000000e+00 0.000000000000000000e+00 1.000000000000000000e+00
-8.236099481582641602e-01 -1.504436731338500977e-01 0.000000000000000000e+00 0.000000000000000000e+00 1.000000000000000000e+00
-8.340766429901123047e-01 -1.327534914016723633e-01 0.000000000000000000e+00 0.000000000000000000e+00 1.000000000000000000e+00
-7.962346076965332031e-01 -1.702839136123657227e-01 0.000000000000000000e+00 0.000000000000000000e+00 1.000000000000000000e+00
-7.738933563232421875e-01 -1.732531189918518066e-01 0.000000000000000000e+00 0.000000000000000000e+00 1.000000000000000000e+00
-7.497982978820800781e-01 -1.839727759361267090e-01 0.000000000000000000e+00 0.000000000000000000e+00 1.000000000000000000e+00
-7.298579216003417969e-01 -1.910314559936523438e-01 0.000000000000000000e+00 0.000000000000000000e+00 1.000000000000000000e+00
-7.167664766311645508e-01 -2.014853954315185547e-01 0.000000000000000000e+00 0.000000000000000000e+00 1.000000000000000000e+00
-6.991291046142578125e-01 -2.136241793632507324e-01 0.000000000000000000e+00 0.000000000000000000e+00 1.000000000000000000e+00
-6.850346326828002930e-01 -2.227050662040710449e-01 0.000000000000000000e+00 0.000000000000000000e+00 1.000000000000000000e+00
-6.732014417648315430e-01 -2.214019894599914551e-01 0.000000000000000000e+00 0.000000000000000000e+00 1.000000000000000000e+00
-6.597822904586791992e-01 -2.174382805824279785e-01 0.000000000000000000e+00 0.000000000000000000e+00 1.000000000000000000e+00
-6.474888920783996582e-01 -2.133129239082336426e-01 0.000000000000000000e+00 0.000000000000000000e+00 1.000000000000000000e+00
-6.404725313186645508e-01 -2.092573046684265137e-01 0.000000000000000000e+00 0.000000000000000000e+00 1.000000000000000000e+00
-6.333373188972473145e-01 -2.064504027366638184e-01 0.000000000000000000e+00 0.000000000000000000e+00 1.000000000000000000e+00
-6.270636916160583496e-01 -2.051522135734558105e-01 0.000000000000000000e+00 0.000000000000000000e+00 1.000000000000000000e+00
-6.228919625282287598e-01 -2.060875892639160156e-01 0.000000000000000000e+00 0.000000000000000000e+00 1.000000000000000000e+00
-6.170086264610290527e-01 -2.086349725723266602e-01 0.000000000000000000e+00 0.000000000000000000e+00 1.000000000000000000e+00
-6.094161272048950195e-01 -2.098641991615295410e-01 0.000000000000000000e+00 0.000000000000000000e+00 1.000000000000000000e+00
-6.043391227722167969e-01 -2.079034447669982910e-01 0.000000000000000000e+00 0.000000000000000000e+00 1.000000000000000000e+00
-6.012538671493530273e-01 -2.035686969757080078e-01 0.000000000000000000e+00 0.000000000000000000e+00 1.000000000000000000e+00
-5.988826751708984375e-01 -1.967910528182983398e-01 0.000000000000000000e+00 0.000000000000000000e+00 1.000000000000000000e+00
-5.966719388961791992e-01 -1.901153326034545898e-01 0.000000000000000000e+00 0.000000000000000000e+00 1.000000000000000000e+00
-5.921550989151000977e-01 -1.895355582237243652e-01 0.000000000000000000e+00 0.000000000000000000e+00 1.000000000000000000e+00
-5.851494073867797852e-01 -1.985836625099182129e-01 0.000000000000000000e+00 0.000000000000000000e+00 1.000000000000000000e+00
-5.781356096267700195e-01 -2.120889425277709961e-01 0.000000000000000000e+00 0.000000000000000000e+00 1.000000000000000000e+00
-5.726882219314575195e-01 -2.218568921089172363e-01 0.000000000000000000e+00 0.000000000000000000e+00 1.000000000000000000e+00
-5.698176622390747070e-01 -2.260833978652954102e-01 0.000000000000000000e+00 0.000000000000000000e+00 1.000000000000000000e+00
-5.708866119384765625e-01 -2.233118414878845215e-01 0.000000000000000000e+00 0.000000000000000000e+00 1.000000000000000000e+00
-5.729528665542602539e-01 -2.149094939231872559e-01 0.000000000000000000e+00 0.000000000000000000e+00 1.000000000000000000e+00
-5.718020200729370117e-01 -2.081813216209411621e-01 0.000000000000000000e+00 0.000000000000000000e+00 1.000000000000000000e+00
-5.690997838973999023e-01 -2.094758749008178711e-01 0.000000000000000000e+00 0.000000000000000000e+00 1.000000000000000000e+00
-5.654768943786621094e-01 -2.160021662712097168e-01 0.000000000000000000e+00 0.000000000000000000e+00 1.000000000000000000e+00
-5.623213052749633789e-01 -2.215310931205749512e-01 0.000000000000000000e+00 0.000000000000000000e+00 1.000000000000000000e+00
-5.609226226806640625e-01 -2.228077054023742676e-01 0.000000000000000000e+00 0.000000000000000000e+00 1.000000000000000000e+00
-5.633251667022705078e-01 -2.222825288772583008e-01 0.000000000000000000e+00 0.000000000000000000e+00 1.000000000000000000e+00
-5.635503530502319336e-01 -2.237218618392944336e-01 0.000000000000000000e+00 0.000000000000000000e+00 1.000000000000000000e+00
-5.555042028427124023e-01 -2.274188399314880371e-01 0.000000000000000000e+00 0.000000000000000000e+00 1.000000000000000000e+00
-5.507323741912841797e-01 -2.276580929756164551e-01 0.000000000000000000e+00 0.000000000000000000e+00 1.000000000000000000e+00
-5.479199886322021484e-01 -2.307571768760681152e-01 0.000000000000000000e+00 0.000000000000000000e+00 1.000000000000000000e+00
-5.442939996719360352e-01 -2.315347790718078613e-01 0.000000000000000000e+00 0.000000000000000000e+00 1.000000000000000000e+00
-5.418031215667724609e-01 -2.280270457267761230e-01 0.000000000000000000e+00 0.000000000000000000e+00 1.000000000000000000e+00
-5.402634143829345703e-01 -2.242248058319091797e-01 0.000000000000000000e+00 0.000000000000000000e+00 1.000000000000000000e+00
-5.387687087059020996e-01 -2.230380773544311523e-01 0.000000000000000000e+00 0.000000000000000000e+00 1.000000000000000000e+00
-5.331314802169799805e-01 -2.282255887985229492e-01 0.000000000000000000e+00 0.000000000000000000e+00 1.000000000000000000e+00
-5.297714471817016602e-01 -2.325716018676757812e-01 0.000000000000000000e+00 0.000000000000000000e+00 1.000000000000000000e+00
-5.273782014846801758e-01 -2.360187768936157227e-01 0.000000000000000000e+00 0.000000000000000000e+00 1.000000000000000000e+00
-5.271477699279785156e-01 -2.333575487136840820e-01 0.000000000000000000e+00 0.000000000000000000e+00 1.000000000000000000e+00
-5.296583175659179688e-01 -2.272575497627258301e-01 0.000000000000000000e+00 0.000000000000000000e+00 1.000000000000000000e+00
-5.313619971275329590e-01 -2.218037843704223633e-01 0.000000000000000000e+00 0.000000000000000000e+00 1.000000000000000000e+00
-5.293637514114379883e-01 -2.201662659645080566e-01 0.000000000000000000e+00 0.000000000000000000e+00 1.000000000000000000e+00
-5.258151292800903320e-01 -2.262422442436218262e-01 0.000000000000000000e+00 0.000000000000000000e+00 1.000000000000000000e+00
-5.225288867950439453e-01 -2.351612448692321777e-01 0.000000000000000000e+00 0.000000000000000000e+00 1.000000000000000000e+00
-5.191020965576171875e-01 -2.415098547935485840e-01 0.000000000000000000e+00 0.000000000000000000e+00 1.000000000000000000e+00
-5.157399177551269531e-01 -2.402499914169311523e-01 0.000000000000000000e+00 0.000000000000000000e+00 1.000000000000000000e+00
-5.140836238861083984e-01 -2.370915412902832031e-01 0.000000000000000000e+00 0.000000000000000000e+00 1.000000000000000000e+00
-5.122125148773193359e-01 -2.352362275123596191e-01 0.000000000000000000e+00 0.000000000000000000e+00 1.000000000000000000e+00
0.000000000000000000e+00 0.000000000000000000e+00 0.000000000000000000e+00 0.000000000000000000e+00 0.000000000000000000e+00
0.000000000000000000e+00 0.000000000000000000e+00 0.000000000000000000e+00 0.000000000000000000e+00 0.000000000000000000e+00
0.000000000000000000e+00 0.000000000000000000e+00 0.000000000000000000e+00 0.000000000000000000e+00 0.000000000000000000e+00
0.000000000000000000e+00 0.000000000000000000e+00 0.000000000000000000e+00 0.000000000000000000e+00 0.000000000000000000e+00
0.000000000000000000e+00 0.000000000000000000e+00 0.000000000000000000e+00 0.000000000000000000e+00 0.000000000000000000e+00
0.000000000000000000e+00 0.000000000000000000e+00 0.000000000000000000e+00 0.000000000000000000e+00 0.000000000000000000e+00
0.000000000000000000e+00 0.000000000000000000e+00 0.000000000000000000e+00 0.000000000000000000e+00 0.000000000000000000e+00
0.000000000000000000e+00 0.000000000000000000e+00 0.000000000000000000e+00 0.000000000000000000e+00 0.000000000000000000e+00
0.000000000000000000e+00 0.000000000000000000e+00 0.000000000000000000e+00 0.000000000000000000e+00 0.000000000000000000e+00
0.000000000000000000e+00 0.000000000000000000e+00 0.000000000000000000e+00 0.000000000000000000e+00 0.000000000000000000e+00
0.000000000000000000e+00 0.000000000000000000e+00 0.000000000000000000e+00 0.000000000000000000e+00 0.000000000000000000e+00
0.000000000000000000e+00 0.000000000000000000e+00 0.000000000000000000e+00 0.000000000000000000e+00 0.000000000000000000e+00
0.000000000000000000e+00 0.000000000000000000e+00 0.000000000000000000e+00 0.000000000000000000e+00 0.000000000000000000e+00
0.000000000000000000e+00 0.000000000000000000e+00 0.000000000000000000e+00 0.000000000000000000e+00 0.000000000000000000e+00
0.000000000000000000e+00 0.000000000000000000e+00 0.000000000000000000e+00 0.000000000000000000e+00 0.000000000000000000e+00
0.000000000000000000e+00 0.000000000000000000e+00 0.000000000000000000e+00 0.000000000000000000e+00 0.000000000000000000e+00
0.000000000000000000e+00 0.000000000000000000e+00 0.000000000000000000e+00 0.000000000000000000e+00 0.000000000000000000e+00
0.000000000000000000e+00 0.000000000000000000e+00 0.000000000000000000e+00 0.000000000000000000e+00 0.000000000000000000e+00
0.000000000000000000e+00 0.000000000000000000e+00 0.000000000000000000e+00 0.000000000000000000e+00 0.000000000000000000e+00
0.000000000000000000e+00 0.000000000000000000e+00 0.000000000000000000e+00 0.000000000000000000e+00 0.000000000000000000e+00
0.000000000000000000e+00 0.000000000000000000e+00 0.000000000000000000e+00 0.000000000000000000e+00 0.000000000000000000e+00
0.000000000000000000e+00 0.000000000000000000e+00 0.000000000000000000e+00 0.000000000000000000e+00 0.000000000000000000e+00
0.000000000000000000e+00 0.000000000000000000e+00 0.000000000000000000e+00 0.000000000000000000e+00 0.000000000000000000e+00
0.000000000000000000e+00 0.000000000000000000e+00 0.000000000000000000e+00 0.000000000000000000e+00 0.000000000000000000e+00
0.000000000000000000e+00 0.000000000000000000e+00 0.000000000000000000e+00 0.000000000000000000e+00 0.000000000000000000e+00
0.000000000000000000e+00 0.000000000000000000e+00 0.000000000000000000e+00 0.000000000000000000e+00 0.000000000000000000e+00
0.000000000000000000e+00 0.000000000000000000e+00 0.000000000000000000e+00 0.000000000000000000e+00 0.000000000000000000e+00
0.000000000000000000e+00 0.000000000000000000e+00 0.000000000000000000e+00 0.000000000000000000e+00 0.000000000000000000e+00
0.000000000000000000e+00 0.000000000000000000e+00 0.000000000000000000e+00 0.000000000000000000e+00 0.000000000000000000e+00
0.000000000000000000e+00 0.000000000000000000e+00 0.000000000000000000e+00 0.000000000000000000e+00 0.000000000000000000e+00
0.000000000000000000e+00 0.000000000000000000e+00 0.000000000000000000e+00 0.000000000000000000e+00 0.000000000000000000e+00
0.000000000000000000e+00 0.000000000000000000e+00 0.000000000000000000e+00 0.000000000000000000e+00 0.000000000000000000e+00
0.000000000000000000e+00 0.000000000000000000e+00 0.000000000000000000e+00 0.000000000000000000e+00 0.000000000000000000e+00
0.000000000000000000e+00 0.000000000000000000e+00 0.000000000000000000e+00 0.000000000000000000e+00 0.000000000000000000e+00
0.000000000000000000e+00 0.000000000000000000e+00 0.000000000000000000e+00 0.000000000000000000e+00 0.000000000000000000e+00
0.000000000000000000e+00 0.000000000000000000e+00 0.000000000000000000e+00 0.000000000000000000e+00 0.000000000000000000e+00
0.000000000000000000e+00 0.000000000000000000e+00 0.000000000000000000e+00 0.000000000000000000e+00 0.000000000000000000e+00
0.000000000000000000e+00 0.000000000000000000e+00 0.000000000000000000e+00 0.000000000000000000e+00 0.000000000000000000e+00
0.000000000000000000e+00 0.000000000000000000e+00 0.000000000000000000e+00 0.000000000000000000e+00 0.000000000000000000e+00
0.000000000000000000e+00 0.000000000000000000e+00 0.000000000000000000e+00 0.000000000000000000e+00 0.000000000000000000e+00
0.000000000000000000e+00 0.000000000000000000e+00 0.000000000000000000e+00 0.000000000000000000e+00 0.000000000000000000e+00
0.000000000000000000e+00 0.000000000000000000e+00 0.000000000000000000e+00 0.000000000000000000e+00 0.000000000000000000e+00
0.000000000000000000e+00 0.000000000000000000e+00 0.000000000000000000e+00 0.000000000000000000e+00 0.000000000000000000e+00
0.000000000000000000e+00 0.000000000000000000e+00 0.000000000000000000e+00 0.000000000000000000e+00 0.000000000000000000e+00
