0.000000000000000000e+00 0.000000000000000000e+00 1.000000000000000000e+00 0.000000000000000000e+00 0.000000000000000000e+00
1.564335972070693970e-01 8.012406527996063232e-02 1.000000000000000000e+00 0.000000000000000000e+00 0.000000000000000000e+00
2.804429829120635986e-02 1.237851679325103760e-01 0.000000000000000000e+00 1.000000000000000000e+00 0.000000000000000000e+00
-3.045773208141326904e-01 5.651147365570068359e-01 1.000000000000000000e+00 0.000000000000000000e+00 0.000000000000000000e+00
1.804587841033935547e-01 5.663295835256576538e-02 1.000000000000000000e+00 0.000000000000000000e+00 0.000000000000000000e+00
3.122527152299880981e-02 1.281004548072814941e-01 0.000000000000000000e+00 1.000000000000000000e+00 0.000000000000000000e+00
-2.082653641700744629e-01 8.401253223419189453e-01 1.000000000000000000e+00 0.000000000000000000e+00 0.000000000000000000e+00
4.772895276546478271e-01 -4.659447073936462402e-01 1.000000000000000000e+00 0.000000000000000000e+00 0.000000000000000000e+00
1.846201270818710327e-01 -2.977999150753021240e-01 0.000000000000000000e+00 1.000000000000000000e+00 0.000000000000000000e+00
6.512936949729919434e-01 -1.100269079208374023e+00 1.000000000000000000e+00 0.000000000000000000e+00 0.000000000000000000e+00
9.118537306785583496e-01 -2.046593278646469116e-01 1.000000000000000000e+00 0.000000000000000000e+00 0.000000000000000000e+00
2.817714214324951172e-01 5.453534796833992004e-02 1.000000000000000000e+00 0.000000000000000000e+00 0.000000000000000000e+00
-7.013612240552902222e-02 1.233469963073730469e+00 1.000000000000000000e+00 0.000000000000000000e+00 0.000000000000000000e+00
2.361521422863006592e-01 8.018549084663391113e-01 1.000000000000000000e+00 0.000000000000000000e+00 0.000000000000000000e+00
2.795637249946594238e-01 3.223918676376342773e-01 1.000000000000000000e+00 0.000000000000000000e+00 0.000000000000000000e+00
2.784731984138488770e-01 9.843920916318893433e-02 1.000000000000000000e+00 0.000000000000000000e+00 0.000000000000000000e+00
9.859034419059753418e-02 -6.179189309477806091e-02 1.000000000000000000e+00 0.000000000000000000e+00 0.000000000000000000e+00
-2.016310580074787140e-02 -1.467386186122894287e-01 1.000000000000000000e+00 0.000000000000000000e+00 0.000000000000000000e+00
-1.674331873655319214e-01 -2.265131175518035889e-01 0.000000000000000000e+00 1.000000000000000000e+00 0.000000000000000000e+00
-1.902953505516052246e+00 -7.899363636970520020e-01 1.000000000000000000e+00 0.000000000000000000e+00 0.000000000000000000e+00
8.407657742500305176e-01 -9.217583388090133667e-02 1.000000000000000000e+00 0.000000000000000000e+00 0.000000000000000000e+00
3.068322241306304932e-01 -1.316422820091247559e-01 0.000000000000000000e+00 1.000000000000000000e+00 0.000000000000000000e+00
-5.757428407669067383e-01 -3.332670927047729492e-01 1.000000000000000000e+00 0.000000000000000000e+00 0.000000000000000000e+00
-1.403289437294006348e-01 1.450128793716430664e+00 1.000000000000000000e+00 0.000000000000000000e+00 0.000000000000000000e+00
-1.121820434927940369e-01 4.324752986431121826e-01 0.000000000000000000e+00 1.000000000000000000e+00 0.000000000000000000e+00
-5.351991057395935059e-01 -2.732142686843872070e+00 0.000000000000000000e+00 0.000000000000000000e+00 1.000000000000000000e+00
-7.099088430404663086e-01 1.193916559219360352e+00 0.000000000000000000e+00 0.000000000000000000e+00 1.000000000000000000e+00
-1.421345949172973633e+00 -4.110935330390930176e-01 0.000000000000000000e+00 0.000000000000000000e+00 1.000000000000000000e+00
-9.292187690734863281e-01 -1.815724968910217285e-01 0.000000000000000000e+00 0.000000000000000000e+00 1.000000000000000000e+00
-1.061243891716003418e+00 -2.773343324661254883e-01 0.000000000000000000e+00 0.000000000000000000e+00 1.000000000000000000e+00
-9.843432903289794922e-01 -2.491500973701477051e-01 0.000000000000000000e+00 0.000000000000000000e+00 1.000000000000000000e+00
-9.722737073898315430e-01 -2.587568163871765137e-01 0.000000000000000000e+00 0.000000000000000000e+00 1.000000000000000000e+00
-9.285575151443481445e-01 -2.503043413162231445e-01 0.000000000000000000e+00 0.000000000000000000e+00 1.000000000000000000e+00
-9.071081876754760742e-01 -2.445533871650695801e-01 0.000000000000000000e+00 0.000000000000000000e+00 1.000000000000000000e+00
-8.888667821884155273e-01 -2.354251742362976074e-01 0.000000000000000000e+00 0.000000000000000000e+00 1.000000000000000000e+00
-8.782340288162231445e-01 -2.245731949806213379e-01 0.000000000000000000e+00 0.000000000000000000e+00 1.000000000000000000e+00
-8.721141815185546875e-01 -2.182652354240417480e-01 0.000000000000000000e+00 0.000000000000000000e+00 1.000000000000000000e+00
-8.660308122634887695e-01 -2.167937159538269043e-01 0.000000000000000000e+00 0.000000000000000000e+00 1.000000000000000000e+00
-8.550908565521240234e-01 -2.137148380279541016e-01 0.000000000000000000e+00 0.000000000000000000e+00 1.000000000000000000e+00
-8.428577184677124023e-01 -2.156655788421630859e-01 0.000000000000000000e+00 0.000000000000000000e+00 1.000000000000000000e+00
-8.319125175476074219e-01 -2.169157862663269043e-01 0.000000000000000000e+00 0.000000000000000000e+00 1.000000000000000000e+00
-8.237235546112060547e-01 -2.182523608207702637e-01 0.000000000000000000e+00 0.000000000000000000e+00 1.000000000000000000e+00
-8.167579174041748047e-01 -2.188891768455505371e-01 0.000000000000000000e+00 0.000000000000000000e+00 1.000000000000000000e+00
-8.088338375091552734e-01 -2.203769087791442871e-01 0.000000000000000000e+00 0.000000000000000000e+00 1.000000000000000000e+00
-7.994871139526367188e-01 -2.242704629898071289e-01 0.000000000000000000e+00 0.000000000000000000e+00 1.000000000000000000e+00
-7.887841463088989258e-01 -2.303462028503417969e-01 0.000000000000000000e+00 0.000000000000000000e+00 1.000000000000000000e+00
-7.786732912063598633e-01 -2.363009452819824219e-01 0.000000000000000000e+00 0.000000000000000000e+00 1.000000000000000000e+00
-7.732152938842773438e-01 -2.386502623558044434e-01 0.000000000000000000e+00 0.000000000000000000e+00 1.000000000000000000e+00
-7.705473899841308594e-01 -2.374922633171081543e-01 0.000000000000000000e+00 0.000000000000000000e+00 1.000000000000000000e+00
-7.675802707672119141e-01 -2.334926724433898926e-01 0.000000000000000000e+00 0.000000000000000000e+00 1.000000000000000000e+00
-7.625619173049926758e-01 -2.295902371406555176e-01 0.000000000000000000e+00 0.000000000000000000e+00 1.000000000000000000e+00
-7.588793039321899414e-01 -2.270402312278747559e-01 0.000000000000000000e+00 0.000000000000000000e+00 1.000000000000000000e+00
-7.590301036834716797e-01 -2.279666066169738770e-01 0.000000000000000000e+00 0.000000000000000000e+00 1.000000000000000000e+00
-7.557325363159179688e-01 -2.303557991981506348e-01 0.000000000000000000e+00 0.000000000000000000e+00 1.000000000000000000e+00
-7.544795274734497070e-01 -2.311698198318481445e-01 0.000000000000000000e+00 0.000000000000000000e+00 1.000000000000000000e+00
-7.541346549987792969e-01 -2.309044599533081055e-01 0.000000000000000000e+00 0.000000000000000000e+00 1.000000000000000000e+00
-7.491127252578735352e-01 -2.335374951362609863e-01 0.000000000000000000e+00 0.000000000000000000e+00 1.000000000000000000e+00
-7.365248203277587891e-01 -2.383627295494079590e-01 0.000000000000000000e+00 0.000000000000000000e+00 1.000000000000000000e+00
-7.249758243560791016e-01 -2.411740422248840332e-01 0.000000000000000000e+00 0.000000000000000000e+00 1.000000000000000000e+00
-7.176898717880249023e-01 -2.427944540977478027e-01 0.000000000000000000e+00 0.000000000000000000e+00 1.000000000000000000e+00
-7.149167060852050781e-01 -2.420692443847656250e-01 0.000000000000000000e+00 0.000000000000000000e+00 1.000000000000000000e+00
-7.128584384918212891e-01 -2.387093901634216309e-01 0.000000000000000000e+00 0.000000000000000000e+00 1.000000000000000000e+00
-7.106192111968994141e-01 -2.338466644287109375e-01 0.000000000000000000e+00 0.000000000000000000e+00 1.000000000000000000e+00
-7.061946392059326172e-01 -2.316437959671020508e-01 0.000000000000000000e+00 0.000000000000000000e+00 1.000000000000000000e+00
-6.998693943023681641e-01 -2.326756119728088379e-01 0.000000000000000000e+00 0.000000000000000000e+00 1.000000000000000000e+00
-6.956917643547058105e-01 -2.339761257171630859e-01 0.000000000000000000e+00 0.000000000000000000e+00 1.000000000000000000e+00
-6.934471130371093750e-01 -2.359796166419982910e-01 0.000000000000000000e+00 0.000000000000000000e+00 1.000000000000000000e+00
-6.915627717971801758e-01 -2.369861602783203125e-01 0.000000000000000000e+00 0.000000000000000000e+00 1.000000000000000000e+00
-6.892358064651489258e-01 -2.361101508140563965e-01 0.000000000000000000e+00 0.000000000000000000e+00 1.000000000000000000e+00
0.000000000000000000e+00 0.000000000000000000e+00 0.000000000000000000e+00 0.000000000000000000e+00 0.000000000000000000e+00
0.000000000000000000e+00 0.000000000000000000e+00 0.000000000000000000e+00 0.000000000000000000e+00 0.000000000000000000e+00
0.000000000000000000e+00 0.000000000000000000e+00 0.000000000000000000e+00 0.000000000000000000e+00 0.000000000000000000e+00
0.000000000000000000e+00 0.000000000000000000e+00 0.000000000000000000e+00 0.000000000000000000e+00 0.000000000000000000e+00
0.000000000000000000e+00 0.000000000000000000e+00 0.000000000000000000e+00 0.000000000000000000e+00 0.000000000000000000e+00
0.000000000000000000e+00 0.000000000000000000e+00 0.000000000000000000e+00 0.000000000000000000e+00 0.000000000000000000e+00
0.000000000000000000e+00 0.000000000000000000e+00 0.000000000000000000e+00 0.000000000000000000e+00 0.000000000000000000e+00
0.000000000000000000e+00 0.000000000000000000e+00 0.000000000000000000e+00 0.000000000000000000e+00 0.000000000000000000e+00
0.000000000000000000e+00 0.000000000000000000e+00 0.000000000000000000e+00 0.000000000000000000e+00 0.000000000000000000e+00
0.000000000000000000e+00 0.000000000000000000e+00 0.000000000000000000e+00 0.000000000000000000e+00 0.000000000000000000e+00
0.000000000000000000e+00 0.000000000000000000e+00 0.000000000000000000e+00 0.000000000000000000e+00 0.000000000000000000e+00
0.000000000000000000e+00 0.000000000000000000e+00 0.000000000000000000e+00 0.000000000000000000e+00 0.000000000000000000e+00
0.000000000000000000e+00 0.000000000000000000e+00 0.000000000000000000e+00 0.000000000000000000e+00 0.000000000000000000e+00
0.000000000000000000e+00 0.000000000000000000e+00 0.000000000000000000e+00 0.000000000000000000e+00 0.000000000000000000e+00
0.000000000000000000e+00 0.000000000000000000e+00 0.000000000000000000e+00 0.000000000000000000e+00 0.000000000000000000e+00
0.000000000000000000e+00 0.000000000000000000e+00 0.000000000000000000e+00 0.000000000000000000e+00 0.000000000000000000e+00
0.000000000000000000e+00 0.000000000000000000e+00 0.000000000000000000e+00 0.000000000000000000e+00 0.000000000000000000e+00
0.000000000000000000e+00 0.000000000000000000e+00 0.000000000000000000e+00 0.000000000000000000e+00 0.000000000000000000e+00
0.000000000000000000e+00 0.000000000000000000e+00 0.000000000000000000e+00 0.000000000000000000e+00 0.000000000000000000e+00
0.000000000000000000e+00 0.000000000000000000e+00 0.000000000000000000e+00 0.000000000000000000e+00 0.000000000000000000e+00
0.000000000000000000e+00 0.000000000000000000e+00 0.000000000000000000e+00 0.000000000000000000e+00 0.000000000000000000e+00
0.000000000000000000e+00 0.000000000000000000e+00 0.000000000000000000e+00 0.000000000000000000e+00 0.000000000000000000e+00
0.000000000000000000e+00 0.000000000000000000e+00 0.000000000000000000e+00 0.000000000000000000e+00 0.000000000000000000e+00
0.000000000000000000e+00 0.000000000000000000e+00 0.000000000000000000e+00 0.000000000000000000e+00 0.000000000000000000e+00
0.000000000000000000e+00 0.000000000000000000e+00 0.000000000000000000e+00 0.000000000000000000e+00 0.000000000000000000e+00
0.000000000000000000e+00 0.000000000000000000e+00 0.000000000000000000e+00 0.000000000000000000e+00 0.000000000000000000e+00
0.000000000000000000e+00 0.000000000000000000e+00 0.000000000000000000e+00 0.000000000000000000e+00 0.000000000000000000e+00
0.000000000000000000e+00 0.000000000000000000e+00 0.000000000000000000e+00 0.000000000000000000e+00 0.000000000000000000e+00
0.000000000000000000e+00 0.000000000000000000e+00 0.000000000000000000e+00 0.000000000000000000e+00 0.000000000000000000e+00
0.000000000000000000e+00 0.000000000000000000e+00 0.000000000000000000e+00 0.000000000000000000e+00 0.000000000000000000e+00
0.000000000000000000e+00 0.000000000000000000e+00 0.000000000000000000e+00 0.000000000000000000e+00 0.000000000000000000e+00
0.000000000000000000e+00 0.000000000000000000e+00 0.000000000000000000e+00 0.000000000000000000e+00 0.000000000000000000e+00
0.000000000000000000e+00 0.000000000000000000e+00 0.000000000000000000e+00 0.000000000000000000e+00 0.000000000000000000e+00
0.000000000000000000e+00 0.000000000000000000e+00 0.000000000000000000e+00 0.000000000000000000e+00 0.000000000000000000e+00
0.000000000000000000e+00 0.000000000000000000e+00 0.000000000000000000e+00 0.000000000000000000e+00 0.000000000000000000e+00
0.000000000000000000e+00 0.000000000000000000e+00 0.000000000000000000e+00 0.000000000000000000e+00 0.000000000000000000e+00
0.000000000000000000e+00 0.000000000000000000e+00 0.000000000000000000e+00 0.000000000000000000e+00 0.000000000000000000e+00
0.000000000000000000e+00 0.000000000000000000e+00 0.000000000000000000e+00 0.000000000000000000e+00 0.000000000000000000e+00
0.000000000000000000e+00 0.000000000000000000e+00 0.000000000000000000e+00 0.000000000000000000e+00 0.000000000000000000e+00
0.000000000000000000e+00 0.000000000000000000e+00 0.000000000000000000e+00 0.000000000000000000e+00 0.000000000000000000e+00
0.000000000000000000e+00 0.000000000000000000e+00 0.000000000000000000e+00 0.000000000000000000e+00 0.000000000000000000e+00
0.000000000000000000e+00 0.000000000000000000e+00 0.000000000000000000e+00 0.000000000000000000e+00 0.000000000000000000e+00
0.000000000000000000e+00 0.000000000000000000e+00 0.000000000000000000e+00 0.000000000000000000e+00 0.000000000000000000e+00
0.000000000000000000e+00 0.000000000000000000e+00 0.000000000000000000e+00 0.000000000000000000e+00 0.000000000000000000e+00
0.000000000000000000e+00 0.000000000000000000e+00 0.000000000000000000e+00 0.000000000000000000e+00 0.000000000000000000e+00
0.000000000000000000e+00 0.000000000000000000e+00 0.000000000000000000e+00 0.000000000000000000e+00 0.000000000000000000e+00
0.000000000000000000e+00 0.000000000000000000e+00 0.000000000000000000e+00 0.000000000000000000e+00 0.000000000000000000e+00
0.000000000000000000e+00 0.000000000000000000e+00 0.000000000000000000e+00 0.000000000000000000e+00 0.000000000000000000e+00
0.000000000000000000e+00 0.000000000000000000e+00 0.000000000000000000e+00 0.000000000000000000e+00 0.000000000000000000e+00
0.000000000000000000e+00 0.000000000000000000e+00 0.000000000000000000e+00 0.000000000000000000e+00 0.000000000000000000e+00
0.000000000000000000e+00 0.000000000000000000e+00 0.000000000000000000e+00 0.000000000000000000e+00 0.000000000000000000e+00
0.000000000000000000e+00 0.000000000000000000e+00 0.000000000000000000e+00 0.000000000000000000e+00 0.000000000000000000e+00
