0.000000000000000000e+00 0.000000000000000000e+00 1.000000000000000000e+00 0.000000000000000000e+00 0.000000000000000000e+00
1.718525588512420654e-01 9.176017343997955322e-02 1.000000000000000000e+00 0.000000000000000000e+00 0.000000000000000000e+00
2.991364896297454834e-02 1.315303146839141846e-01 0.000000000000000000e+00 1.000000000000000000e+00 0.000000000000000000e+00
-3.087175488471984863e-01 6.365922689437866211e-01 1.000000000000000000e+00 0.000000000000000000e+00 0.000000000000000000e+00
1.851695626974105835e-01 6.340304017066955566e-02 1.000000000000000000e+00 0.000000000000000000e+00 0.000000000000000000e+00
3.316523134708404541e-02 1.405502706766128540e-01 0.000000000000000000e+00 1.000000000000000000e+00 0.000000000000000000e+00
-2.007909417152404785e-01 9.448137283325195312e-01 1.000000000000000000e+00 0.000000000000000000e+00 0.000000000000000000e+00
5.033979415893554688e-01 -5.580745339393615723e-01 1.000000000000000000e+00 0.000000000000000000e+00 0.000000000000000000e+00
1.974797099828720093e-01 -3.559721112251281738e-01 0.000000000000000000e+00 1.000000000000000000e+00 0.000000000000000000e+00
4.571132361888885498e-01 -1.027994036674499512e+00 1.000000000000000000e+00 0.000000000000000000e+00 0.000000000000000000e+00
-8.644981682300567627e-02 1.254825711250305176e+00 1.000000000000000000e+00 0.000000000000000000e+00 0.000000000000000000e+00
-7.760429382324218750e-02 3.390302956104278564e-01 0.000000000000000000e+00 1.000000000000000000e+00 0.000000000000000000e+00
5.303035378456115723e-01 -1.993831872940063477e+00 1.000000000000000000e+00 0.000000000000000000e+00 0.000000000000000000e+00
9.724154472351074219e-01 -2.240008264780044556e-01 1.000000000000000000e+00 0.000000000000000000e+00 0.000000000000000000e+00
4.293835461139678955e-01 3.484617918729782104e-02 1.000000000000000000e+00 0.000000000000000000e+00 0.000000000000000000e+00
1.809654086828231812e-01 1.855033189058303833e-01 1.000000000000000000e+00 0.000000000000000000e+00 0.000000000000000000e+00
8.480639755725860596e-02 6.511632204055786133e-01 1.000000000000000000e+00 0.000000000000000000e+00 0.000000000000000000e+00
-1.320400834083557129e-01 1.627896785736083984e+00 1.000000000000000000e+00 0.000000000000000000e+00 0.000000000000000000e+00
-8.056365698575973511e-02 2.154499590396881104e-01 1.000000000000000000e+00 0.000000000000000000e+00 0.000000000000000000e+00
-1.435683071613311768e-01 9.481537342071533203e-02 0.000000000000000000e+00 1.000000000000000000e+00 0.000000000000000000e+00
-1.191213130950927734e+00 -1.552601814270019531e+00 1.000000000000000000e+00 0.000000000000000000e+00 0.000000000000000000e+00
6.910129189491271973e-01 -1.854767203330993652e-01 1.000000000000000000e+00 0.000000000000000000e+00 0.000000000000000000e+00
3.395218253135681152e-01 -2.044561356306076050e-01 0.000000000000000000e+00 1.000000000000000000e+00 0.000000000000000000e+00
-2.359247207641601562e-01 -1.781233996152877808e-01 1.000000000000000000e+00 0.000000000000000000e+00 0.000000000000000000e+00
-6.224061250686645508e-01 1.082905292510986328e+00 1.000000000000000000e+00 0.000000000000000000e+00 0.000000000000000000e+00
-2.739672660827636719e-01 3.038626015186309814e-01 0.000000000000000000e+00 1.000000000000000000e+00 0.000000000000000000e+00
5.927715301513671875e-01 -3.974141478538513184e-01 1.000000000000000000e+00 0.000000000000000000e+00 0.000000000000000000e+00
2.213063985109329224e-01 6.423623859882354736e-02 1.000000000000000000e+00 0.000000000000000000e+00 0.000000000000000000e+00
1.351364105939865112e-01 1.607152819633483887e-01 0.000000000000000000e+00 1.000000000000000000e+00 0.000000000000000000e+00
-8.592108488082885742e-01 5.819806456565856934e-01 1.000000000000000000e+00 0.000000000000000000e+00 0.000000000000000000e+00
8.780106306076049805e-01 -6.641910970211029053e-02 1.000000000000000000e+00 0.000000000000000000e+00 0.000000000000000000e+00
4.463753402233123779e-01 -1.244738772511482239e-01 0.000000000000000000e+00 1.000000000000000000e+00 0.000000000000000000e+00
-1.459911346435546875e+00 -1.903099775314331055e+00 0.000000000000000000e+00 0.000000000000000000e+00 1.000000000000000000e+00
-2.710739672183990479e-01 1.530331611633300781e+00 0.000000000000000000e+00 0.000000000000000000e+00 1.000000000000000000e+00
-1.621868610382080078e+00 -1.690763235092163086e-02 0.000000000000000000e+00 0.000000000000000000e+00 1.000000000000000000e+00
-1.023109436035156250e+00 -3.538029789924621582e-01 0.000000000000000000e+00 0.000000000000000000e+00 1.000000000000000000e+00
-1.101292252540588379e+00 -3.365814089775085449e-01 0.000000000000000000e+00 0.000000000000000000e+00 1.000000000000000000e+00
-1.011865496635437012e+00 -2.997811436653137207e-01 0.000000000000000000e+00 0.000000000000000000e+00 1.000000000000000000e+00
-9.922882318496704102e-01 -3.175639510154724121e-01 0.000000000000000000e+00 0.000000000000000000e+00 1.000000000000000000e+00
-9.611459970474243164e-01 -3.224930167198181152e-01 0.000000000000000000e+00 0.000000000000000000e+00 1.000000000000000000e+00
-9.418258666992187500e-01 -3.196678757667541504e-01 0.000000000000000000e+00 0.000000000000000000e+00 1.000000000000000000e+00
-9.239834547042846680e-01 -3.119831681251525879e-01 0.000000000000000000e+00 0.000000000000000000e+00 1.000000000000000000e+00
-9.140260219573974609e-01 -2.999526858329772949e-01 0.000000000000000000e+00 0.000000000000000000e+00 1.000000000000000000e+00
-9.034895896911621094e-01 -2.871884703636169434e-01 0.000000000000000000e+00 0.000000000000000000e+00 1.000000000000000000e+00
-8.922327756881713867e-01 -2.764660716056823730e-01 0.000000000000000000e+00 0.000000000000000000e+00 1.000000000000000000e+00
-8.815696239471435547e-01 -2.708699703216552734e-01 0.000000000000000000e+00 0.000000000000000000e+00 1.000000000000000000e+00
-8.724958896636962891e-01 -2.692237496376037598e-01 0.000000000000000000e+00 0.000000000000000000e+00 1.000000000000000000e+00
-8.657419681549072266e-01 -2.685460448265075684e-01 0.000000000000000000e+00 0.000000000000000000e+00 1.000000000000000000e+00
-8.606201410293579102e-01 -2.660091519355773926e-01 0.000000000000000000e+00 0.000000000000000000e+00 1.000000000000000000e+00
-8.542593717575073242e-01 -2.631090283393859863e-01 0.000000000000000000e+00 0.000000000000000000e+00 1.000000000000000000e+00
-8.494789600372314453e-01 -2.583072781562805176e-01 0.000000000000000000e+00 0.000000000000000000e+00 1.000000000000000000e+00
-8.454607725143432617e-01 -2.542344927787780762e-01 0.000000000000000000e+00 0.000000000000000000e+00 1.000000000000000000e+00
-8.407316207885742188e-01 -2.542282938957214355e-01 0.000000000000000000e+00 0.000000000000000000e+00 1.000000000000000000e+00
-8.368066549301147461e-01 -2.577061653137207031e-01 0.000000000000000000e+00 0.000000000000000000e+00 1.000000000000000000e+00
-8.341864347457885742e-01 -2.615831494331359863e-01 0.000000000000000000e+00 0.000000000000000000e+00 1.000000000000000000e+00
-8.314920663833618164e-01 -2.661495208740234375e-01 0.000000000000000000e+00 0.000000000000000000e+00 1.000000000000000000e+00
-8.266618251800537109e-01 -2.701736092567443848e-01 0.000000000000000000e+00 0.000000000000000000e+00 1.000000000000000000e+00
-8.196572065353393555e-01 -2.723895907402038574e-01 0.000000000000000000e+00 0.000000000000000000e+00 1.000000000000000000e+00
-8.128583431243896484e-01 -2.734937071800231934e-01 0.000000000000000000e+00 0.000000000000000000e+00 1.000000000000000000e+00
0.000000000000000000e+00 0.000000000000000000e+00 0.000000000000000000e+00 0.000000000000000000e+00 0.000000000000000000e+00
0.000000000000000000e+00 0.000000000000000000e+00 0.000000000000000000e+00 0.000000000000000000e+00 0.000000000000000000e+00
0.000000000000000000e+00 0.000000000000000000e+00 0.000000000000000000e+00 0.000000000000000000e+00 0.000000000000000000e+00
0.000000000000000000e+00 0.000000000000000000e+00 0.000000000000000000e+00 0.000000000000000000e+00 0.000000000000000000e+00
0.000000000000000000e+00 0.000000000000000000e+00 0.000000000000000000e+00 0.000000000000000000e+00 0.000000000000000000e+00
0.000000000000000000e+00 0.000000000000000000e+00 0.000000000000000000e+00 0.000000000000000000e+00 0.000000000000000000e+00
0.000000000000000000e+00 0.000000000000000000e+00 0.000000000000000000e+00 0.000000000000000000e+00 0.000000000000000000e+00
0.000000000000000000e+00 0.000000000000000000e+00 0.000000000000000000e+00 0.000000000000000000e+00 0.000000000000000000e+00
0.000000000000000000e+00 0.000000000000000000e+00 0.000000000000000000e+00 0.000000000000000000e+00 0.000000000000000000e+00
0.000000000000000000e+00 0.000000000000000000e+00 0.000000000000000000e+00 0.000000000000000000e+00 0.000000000000000000e+00
0.000000000000000000e+00 0.000000000000000000e+00 0.000000000000000000e+00 0.000000000000000000e+00 0.000000000000000000e+00
0.000000000000000000e+00 0.000000000000000000e+00 0.000000000000000000e+00 0.000000000000000000e+00 0.000000000000000000e+00
0.000000000000000000e+00 0.000000000000000000e+00 0.000000000000000000e+00 0.000000000000000000e+00 0.000000000000000000e+00
0.000000000000000000e+00 0.000000000000000000e+00 0.000000000000000000e+00 0.000000000000000000e+00 0.000000000000000000e+00
0.000000000000000000e+00 0.000000000000000000e+00 0.000000000000000000e+00 0.000000000000000000e+00 0.000000000000000000e+00
0.000000000000000000e+00 0.000000000000000000e+00 0.000000000000000000e+00 0.000000000000000000e+00 0.000000000000000000e+00
0.000000000000000000e+00 0.000000000000000000e+00 0.000000000000000000e+00 0.000000000000000000e+00 0.000000000000000000e+00
0.000000000000000000e+00 0.000000000000000000e+00 0.000000000000000000e+00 0.000000000000000000e+00 0.000000000000000000e+00
0.000000000000000000e+00 0.000000000000000000e+00 0.000000000000000000e+00 0.000000000000000000e+00 0.000000000000000000e+00
0.000000000000000000e+00 0.000000000000000000e+00 0.000000000000000000e+00 0.000000000000000000e+00 0.000000000000000000e+00
0.000000000000000000e+00 0.000000000000000000e+00 0.000000000000000000e+00 0.000000000000000000e+00 0.000000000000000000e+00
0.000000000000000000e+00 0.000000000000000000e+00 0.000000000000000000e+00 0.000000000000000000e+00 0.000000000000000000e+00
0.000000000000000000e+00 0.000000000000000000e+00 0.000000000000000000e+00 0.000000000000000000e+00 0.000000000000000000e+00
0.000000000000000000e+00 0.000000000000000000e+00 0.000000000000000000e+00 0.000000000000000000e+00 0.000000000000000000e+00
0.000000000000000000e+00 0.000000000000000000e+00 0.000000000000000000e+00 0.000000000000000000e+00 0.000000000000000000e+00
0.000000000000000000e+00 0.000000000000000000e+00 0.000000000000000000e+00 0.000000000000000000e+00 0.000000000000000000e+00
0.000000000000000000e+00 0.000000000000000000e+00 0.000000000000000000e+00 0.000000000000000000e+00 0.000000000000000000e+00
0.000000000000000000e+00 0.000000000000000000e+00 0.000000000000000000e+00 0.000000000000000000e+00 0.000000000000000000e+00
0.000000000000000000e+00 0.000000000000000000e+00 0.000000000000000000e+00 0.000000000000000000e+00 0.000000000000000000e+00
0.000000000000000000e+00 0.000000000000000000e+00 0.000000000000000000e+00 0.000000000000000000e+00 0.000000000000000000e+00
0.000000000000000000e+00 0.000000000000000000e+00 0.000000000000000000e+00 0.000000000000000000e+00 0.000000000000000000e+00
0.000000000000000000e+00 0.000000000000000000e+00 0.000000000000000000e+00 0.000000000000000000e+00 0.000000000000000000e+00
0.000000000000000000e+00 0.000000000000000000e+00 0.000000000000000000e+00 0.000000000000000000e+00 0.000000000000000000e+00
0.000000000000000000e+00 0.000000000000000000e+00 0.000000000000000000e+00 0.000000000000000000e+00 0.000000000000000000e+00
0.000000000000000000e+00 0.000000000000000000e+00 0.000000000000000000e+00 0.000000000000000000e+00 0.000000000000000000e+00
0.000000000000000000e+00 0.000000000000000000e+00 0.000000000000000000e+00 0.000000000000000000e+00 0.000000000000000000e+00
0.000000000000000000e+00 0.000000000000000000e+00 0.000000000000000000e+00 0.000000000000000000e+00 0.000000000000000000e+00
0.000000000000000000e+00 0.000000000000000000e+00 0.000000000000000000e+00 0.000000000000000000e+00 0.000000000000000000e+00
0.000000000000000000e+00 0.000000000000000000e+00 0.000000000000000000e+00 0.000000000000000000e+00 0.000000000000000000e+00
0.000000000000000000e+00 0.000000000000000000e+00 0.000000000000000000e+00 0.000000000000000000e+00 0.000000000000000000e+00
0.000000000000000000e+00 0.000000000000000000e+00 0.000000000000000000e+00 0.000000000000000000e+00 0.000000000000000000e+00
0.000000000000000000e+00 0.000000000000000000e+00 0.000000000000000000e+00 0.000000000000000000e+00 0.000000000000000000e+00
0.000000000000000000e+00 0.000000000000000000e+00 0.000000000000000000e+00 0.000000000000000000e+00 0.000000000000000000e+00
0.000000000000000000e+00 0.000000000000000000e+00 0.000000000000000000e+00 0.000000000000000000e+00 0.000000000000000000e+00
0.000000000000000000e+00 0.000000000000000000e+00 0.000000000000000000e+00 0.000000000000000000e+00 0.000000000000000000e+00
0.000000000000000000e+00 0.000000000000000000e+00 0.000000000000000000e+00 0.000000000000000000e+00 0.000000000000000000e+00
0.000000000000000000e+00 0.000000000000000000e+00 0.000000000000000000e+00 0.000000000000000000e+00 0.000000000000000000e+00
0.000000000000000000e+00 0.000000000000000000e+00 0.000000000000000000e+00 0.000000000000000000e+00 0.000000000000000000e+00
0.000000000000000000e+00 0.000000000000000000e+00 0.000000000000000000e+00 0.000000000000000000e+00 0.000000000000000000e+00
0.000000000000000000e+00 0.000000000000000000e+00 0.000000000000000000e+00 0.000000000000000000e+00 0.000000000000000000e+00
0.000000000000000000e+00 0.000000000000000000e+00 0.000000000000000000e+00 0.000000000000000000e+00 0.000000000000000000e+00
0.000000000000000000e+00 0.000000000000000000e+00 0.000000000000000000e+00 0.000000000000000000e+00 0.000000000000000000e+00
0.000000000000000000e+00 0.000000000000000000e+00 0.000000000000000000e+00 0.000000000000000000e+00 0.000000000000000000e+00
0.000000000000000000e+00 0.000000000000000000e+00 0.000000000000000000e+00 0.000000000000000000e+00 0.000000000000000000e+00
0.000000000000000000e+00 0.000000000000000000e+00 0.000000000000000000e+00 0.000000000000000000e+00 0.000000000000000000e+00
0.000000000000000000e+00 0.000000000000000000e+00 0.000000000000000000e+00 0.000000000000000000e+00 0.000000000000000000e+00
0.000000000000000000e+00 0.000000000000000000e+00 0.000000000000000000e+00 0.000000000000000000e+00 0.000000000000000000e+00
0.000000000000000000e+00 0.000000000000000000e+00 0.000000000000000000e+00 0.000000000000000000e+00 0.000000000000000000e+00
0.000000000000000000e+00 0.000000000000000000e+00 0.000000000000000000e+00 0.000000000000000000e+00 0.000000000000000000e+00
0.000000000000000000e+00 0.000000000000000000e+00 0.000000000000000000e+00 0.000000000000000000e+00 0.000000000000000000e+00
0.000000000000000000e+00 0.000000000000000000e+00 0.000000000000000000e+00 0.000000000000000000e+00 0.000000000000000000e+00
0.000000000000000000e+00 0.000000000000000000e+00 0.000000000000000000e+00 0.000000000000000000e+00 0.000000000000000000e+00
