0.000000000000000000e+00 0.000000000000000000e+00 1.000000000000000000e+00 0.000000000000000000e+00 0.000000000000000000e+00
3.119270801544189453e-01 3.258313834667205811e-01 1.000000000000000000e+00 0.000000000000000000e+00 0.000000000000000000e+00
3.024566918611526489e-02 2.102640867233276367e-01 0.000000000000000000e+00 1.000000000000000000e+00 0.000000000000000000e+00
-4.379569888114929199e-01 7.224482297897338867e-01 1.000000000000000000e+00 0.000000000000000000e+00 0.000000000000000000e+00
3.444835543632507324e-01 1.504903733730316162e-01 1.000000000000000000e+00 0.000000000000000000e+00 0.000000000000000000e+00
4.997897893190383911e-02 2.002528011798858643e-01 0.000000000000000000e+00 1.000000000000000000e+00 0.000000000000000000e+00
-2.923085391521453857e-01 1.188484311103820801e+00 1.000000000000000000e+00 0.000000000000000000e+00 0.000000000000000000e+00
6.400951147079467773e-01 -6.814578771591186523e-01 1.000000000000000000e+00 0.000000000000000000e+00 0.000000000000000000e+00
2.817058265209197998e-01 -4.863976240158081055e-01 0.000000000000000000e+00 1.000000000000000000e+00 0.000000000000000000e+00
9.088156819343566895e-01 -2.267190456390380859e+00 1.000000000000000000e+00 0.000000000000000000e+00 0.000000000000000000e+00
3.648082017898559570e-01 2.491900324821472168e-01 1.000000000000000000e+00 0.000000000000000000e+00 0.000000000000000000e+00
2.493541836738586426e-01 4.254437983036041260e-03 0.000000000000000000e+00 1.000000000000000000e+00 0.000000000000000000e+00
7.579089999198913574e-01 -4.696459174156188965e-01 1.000000000000000000e+00 0.000000000000000000e+00 0.000000000000000000e+00
-1.275372624397277832e+00 1.084305286407470703e+00 1.000000000000000000e+00 0.000000000000000000e+00 0.000000000000000000e+00
9.491302967071533203e-01 -8.560234308242797852e-02 1.000000000000000000e+00 0.000000000000000000e+00 0.000000000000000000e+00
1.434586644172668457e-01 6.810802221298217773e-02 0.000000000000000000e+00 1.000000000000000000e+00 0.000000000000000000e+00
-1.204121351242065430e+00 8.369794487953186035e-01 1.000000000000000000e+00 0.000000000000000000e+00 0.000000000000000000e+00
9.730907678604125977e-01 -5.633343756198883057e-02 1.000000000000000000e+00 0.000000000000000000e+00 0.000000000000000000e+00
9.231396019458770752e-02 5.021707713603973389e-02 0.000000000000000000e+00 1.000000000000000000e+00 0.000000000000000000e+00
-1.454449295997619629e+00 8.505103588104248047e-01 1.000000000000000000e+00 0.000000000000000000e+00 0.000000000000000000e+00
1.317596077919006348e+00 -7.965166121721267700e-02 1.000000000000000000e+00 0.000000000000000000e+00 0.000000000000000000e+00
5.938577651977539062e-01 -1.474401950836181641e-01 0.000000000000000000e+00 1.000000000000000000e+00 0.000000000000000000e+00
-7.236244678497314453e-01 -7.547965049743652344e-01 1.000000000000000000e+00 0.000000000000000000e+00 0.000000000000000000e+00
-1.022062450647354126e-01 1.836097955703735352e+00 1.000000000000000000e+00 0.000000000000000000e+00 0.000000000000000000e+00
1.199958547949790955e-01 1.312759876251220703e+00 0.000000000000000000e+00 1.000000000000000000e+00 0.000000000000000000e+00
-9.027283191680908203e-01 -4.085217475891113281e+00 0.000000000000000000e+00 0.000000000000000000e+00 1.000000000000000000e+00
1.967651098966598511e-01 4.814291596412658691e-01 0.000000000000000000e+00 0.000000000000000000e+00 1.000000000000000000e+00
-1.348067522048950195e+00 -3.513888716697692871e-01 0.000000000000000000e+00 0.000000000000000000e+00 1.000000000000000000e+00
-9.124505519866943359e-01 -4.044671654701232910e-01 0.000000000000000000e+00 0.000000000000000000e+00 1.000000000000000000e+00
-9.416078329086303711e-01 -2.929680943489074707e-01 0.000000000000000000e+00 0.000000000000000000e+00 1.000000000000000000e+00
-9.151121377944946289e-01 -2.645857334136962891e-01 0.000000000000000000e+00 0.000000000000000000e+00 1.000000000000000000e+00
-8.617417812347412109e-01 -2.920779585838317871e-01 0.000000000000000000e+00 0.000000000000000000e+00 1.000000000000000000e+00
-8.093864917755126953e-01 -3.175056576728820801e-01 0.000000000000000000e+00 0.000000000000000000e+00 1.000000000000000000e+00
-8.045179843902587891e-01 -3.141099810600280762e-01 0.000000000000000000e+00 0.000000000000000000e+00 1.000000000000000000e+00
-7.967554330825805664e-01 -3.122791051864624023e-01 0.000000000000000000e+00 0.000000000000000000e+00 1.000000000000000000e+00
-7.748928070068359375e-01 -3.223759531974792480e-01 0.000000000000000000e+00 0.000000000000000000e+00 1.000000000000000000e+00
-7.663563489913940430e-01 -3.162737488746643066e-01 0.000000000000000000e+00 0.000000000000000000e+00 1.000000000000000000e+00
-7.519725561141967773e-01 -3.106665611267089844e-01 0.000000000000000000e+00 0.000000000000000000e+00 1.000000000000000000e+00
-7.271953821182250977e-01 -3.145952820777893066e-01 0.000000000000000000e+00 0.000000000000000000e+00 1.000000000000000000e+00
-7.095882892608642578e-01 -3.212986588478088379e-01 0.000000000000000000e+00 0.000000000000000000e+00 1.000000000000000000e+00
-7.064956426620483398e-01 -3.217492699623107910e-01 0.000000000000000000e+00 0.000000000000000000e+00 1.000000000000000000e+00
-7.051813602447509766e-01 -3.148198723793029785e-01 0.000000000000000000e+00 0.000000000000000000e+00 1.000000000000000000e+00
-7.008292675018310547e-01 -3.077816963195800781e-01 0.000000000000000000e+00 0.000000000000000000e+00 1.000000000000000000e+00
-6.927657723426818848e-01 -3.063632845878601074e-01 0.000000000000000000e+00 0.000000000000000000e+00 1.000000000000000000e+00
-6.800833344459533691e-01 -3.109180927276611328e-01 0.000000000000000000e+00 0.000000000000000000e+00 1.000000000000000000e+00
-6.692696213722229004e-01 -3.183925747871398926e-01 0.000000000000000000e+00 0.000000000000000000e+00 1.000000000000000000e+00
-6.637899279594421387e-01 -3.246558308601379395e-01 0.000000000000000000e+00 0.000000000000000000e+00 1.000000000000000000e+00
-6.619162559509277344e-01 -3.275967240333557129e-01 0.000000000000000000e+00 0.000000000000000000e+00 1.000000000000000000e+00
-6.612693667411804199e-01 -3.243053555488586426e-01 0.000000000000000000e+00 0.000000000000000000e+00 1.000000000000000000e+00
-6.575897336006164551e-01 -3.180016875267028809e-01 0.000000000000000000e+00 0.000000000000000000e+00 1.000000000000000000e+00
-6.479372978210449219e-01 -3.135161995887756348e-01 0.000000000000000000e+00 0.000000000000000000e+00 1.000000000000000000e+00
-6.383585333824157715e-01 -3.105881810188293457e-01 0.000000000000000000e+00 0.000000000000000000e+00 1.000000000000000000e+00
-6.318920254707336426e-01 -3.095123171806335449e-01 0.000000000000000000e+00 0.000000000000000000e+00 1.000000000000000000e+00
-6.286798715591430664e-01 -3.105478882789611816e-01 0.000000000000000000e+00 0.000000000000000000e+00 1.000000000000000000e+00
-6.295925378799438477e-01 -3.089259266853332520e-01 0.000000000000000000e+00 0.000000000000000000e+00 1.000000000000000000e+00
-6.300855875015258789e-01 -3.083583116531372070e-01 0.000000000000000000e+00 0.000000000000000000e+00 1.000000000000000000e+00
-6.233410835266113281e-01 -3.113234043121337891e-01 0.000000000000000000e+00 0.000000000000000000e+00 1.000000000000000000e+00
-6.105573177337646484e-01 -3.155220150947570801e-01 0.000000000000000000e+00 0.000000000000000000e+00 1.000000000000000000e+00
-6.041243076324462891e-01 -3.183401226997375488e-01 0.000000000000000000e+00 0.000000000000000000e+00 1.000000000000000000e+00
-5.997439622879028320e-01 -3.222984671592712402e-01 0.000000000000000000e+00 0.000000000000000000e+00 1.000000000000000000e+00
-5.964641571044921875e-01 -3.221243023872375488e-01 0.000000000000000000e+00 0.000000000000000000e+00 1.000000000000000000e+00
-5.953555703163146973e-01 -3.160595297813415527e-01 0.000000000000000000e+00 0.000000000000000000e+00 1.000000000000000000e+00
-5.939284563064575195e-01 -3.098903894424438477e-01 0.000000000000000000e+00 0.000000000000000000e+00 1.000000000000000000e+00
-5.908350944519042969e-01 -3.066630363464355469e-01 0.000000000000000000e+00 0.000000000000000000e+00 1.000000000000000000e+00
-5.868262052536010742e-01 -3.062524199485778809e-01 0.000000000000000000e+00 0.000000000000000000e+00 1.000000000000000000e+00
-5.843257904052734375e-01 -3.085411787033081055e-01 0.000000000000000000e+00 0.000000000000000000e+00 1.000000000000000000e+00
-5.822851061820983887e-01 -3.121187090873718262e-01 0.000000000000000000e+00 0.000000000000000000e+00 1.000000000000000000e+00
-5.819320678710937500e-01 -3.110585212707519531e-01 0.000000000000000000e+00 0.000000000000000000e+00 1.000000000000000000e+00
-5.820939540863037109e-01 -3.068664669990539551e-01 0.000000000000000000e+00 0.000000000000000000e+00 1.000000000000000000e+00
-5.796605944633483887e-01 -3.043501973152160645e-01 0.000000000000000000e+00 0.000000000000000000e+00 1.000000000000000000e+00
-5.745258331298828125e-01 -3.022429347038269043e-01 0.000000000000000000e+00 0.000000000000000000e+00 1.000000000000000000e+00
0.000000000000000000e+00 0.000000000000000000e+00 0.000000000000000000e+00 0.000000000000000000e+00 0.000000000000000000e+00
0.000000000000000000e+00 0.000000000000000000e+00 0.000000000000000000e+00 0.000000000000000000e+00 0.000000000000000000e+00
0.000000000000000000e+00 0.000000000000000000e+00 0.000000000000000000e+00 0.000000000000000000e+00 0.000000000000000000e+00
0.000000000000000000e+00 0.000000000000000000e+00 0.000000000000000000e+00 0.000000000000000000e+00 0.000000000000000000e+00
0.000000000000000000e+00 0.000000000000000000e+00 0.000000000000000000e+00 0.000000000000000000e+00 0.000000000000000000e+00
0.000000000000000000e+00 0.000000000000000000e+00 0.000000000000000000e+00 0.000000000000000000e+00 0.000000000000000000e+00
0.000000000000000000e+00 0.000000000000000000e+00 0.000000000000000000e+00 0.000000000000000000e+00 0.000000000000000000e+00
0.000000000000000000e+00 0.000000000000000000e+00 0.000000000000000000e+00 0.000000000000000000e+00 0.000000000000000000e+00
0.000000000000000000e+00 0.000000000000000000e+00 0.000000000000000000e+00 0.000000000000000000e+00 0.000000000000000000e+00
0.000000000000000000e+00 0.000000000000000000e+00 0.000000000000000000e+00 0.000000000000000000e+00 0.000000000000000000e+00
0.000000000000000000e+00 0.000000000000000000e+00 0.000000000000000000e+00 0.000000000000000000e+00 0.000000000000000000e+00
0.000000000000000000e+00 0.000000000000000000e+00 0.000000000000000000e+00 0.000000000000000000e+00 0.000000000000000000e+00
0.000000000000000000e+00 0.000000000000000000e+00 0.000000000000000000e+00 0.000000000000000000e+00 0.000000000000000000e+00
0.000000000000000000e+00 0.000000000000000000e+00 0.000000000000000000e+00 0.000000000000000000e+00 0.000000000000000000e+00
0.000000000000000000e+00 0.000000000000000000e+00 0.000000000000000000e+00 0.000000000000000000e+00 0.000000000000000000e+00
0.000000000000000000e+00 0.000000000000000000e+00 0.000000000000000000e+00 0.000000000000000000e+00 0.000000000000000000e+00
0.000000000000000000e+00 0.000000000000000000e+00 0.000000000000000000e+00 0.000000000000000000e+00 0.000000000000000000e+00
0.000000000000000000e+00 0.000000000000000000e+00 0.000000000000000000e+00 0.000000000000000000e+00 0.000000000000000000e+00
0.000000000000000000e+00 0.000000000000000000e+00 0.000000000000000000e+00 0.000000000000000000e+00 0.000000000000000000e+00
0.000000000000000000e+00 0.000000000000000000e+00 0.000000000000000000e+00 0.000000000000000000e+00 0.000000000000000000e+00
0.000000000000000000e+00 0.000000000000000000e+00 0.000000000000000000e+00 0.000000000000000000e+00 0.000000000000000000e+00
0.000000000000000000e+00 0.000000000000000000e+00 0.000000000000000000e+00 0.000000000000000000e+00 0.000000000000000000e+00
0.000000000000000000e+00 0.000000000000000000e+00 0.000000000000000000e+00 0.000000000000000000e+00 0.000000000000000000e+00
0.000000000000000000e+00 0.000000000000000000e+00 0.000000000000000000e+00 0.000000000000000000e+00 0.000000000000000000e+00
0.000000000000000000e+00 0.000000000000000000e+00 0.000000000000000000e+00 0.000000000000000000e+00 0.000000000000000000e+00
0.000000000000000000e+00 0.000000000000000000e+00 0.000000000000000000e+00 0.000000000000000000e+00 0.000000000000000000e+00
0.000000000000000000e+00 0.000000000000000000e+00 0.000000000000000000e+00 0.000000000000000000e+00 0.000000000000000000e+00
0.000000000000000000e+00 0.000000000000000000e+00 0.000000000000000000e+00 0.000000000000000000e+00 0.000000000000000000e+00
0.000000000000000000e+00 0.000000000000000000e+00 0.000000000000000000e+00 0.000000000000000000e+00 0.000000000000000000e+00
0.000000000000000000e+00 0.000000000000000000e+00 0.000000000000000000e+00 0.000000000000000000e+00 0.000000000000000000e+00
0.000000000000000000e+00 0.000000000000000000e+00 0.000000000000000000e+00 0.000000000000000000e+00 0.000000000000000000e+00
0.000000000000000000e+00 0.000000000000000000e+00 0.000000000000000000e+00 0.000000000000000000e+00 0.000000000000000000e+00
0.000000000000000000e+00 0.000000000000000000e+00 0.000000000000000000e+00 0.000000000000000000e+00 0.000000000000000000e+00
0.000000000000000000e+00 0.000000000000000000e+00 0.000000000000000000e+00 0.000000000000000000e+00 0.000000000000000000e+00
0.000000000000000000e+00 0.000000000000000000e+00 0.000000000000000000e+00 0.000000000000000000e+00 0.000000000000000000e+00
0.000000000000000000e+00 0.000000000000000000e+00 0.000000000000000000e+00 0.000000000000000000e+00 0.000000000000000000e+00
0.000000000000000000e+00 0.000000000000000000e+00 0.000000000000000000e+00 0.000000000000000000e+00 0.000000000000000000e+00
0.000000000000000000e+00 0.000000000000000000e+00 0.000000000000000000e+00 0.000000000000000000e+00 0.000000000000000000e+00
0.000000000000000000e+00 0.000000000000000000e+00 0.000000000000000000e+00 0.000000000000000000e+00 0.000000000000000000e+00
0.000000000000000000e+00 0.000000000000000000e+00 0.000000000000000000e+00 0.000000000000000000e+00 0.000000000000000000e+00
0.000000000000000000e+00 0.000000000000000000e+00 0.000000000000000000e+00 0.000000000000000000e+00 0.000000000000000000e+00
0.000000000000000000e+00 0.000000000000000000e+00 0.000000000000000000e+00 0.000000000000000000e+00 0.000000000000000000e+00
0.000000000000000000e+00 0.000000000000000000e+00 0.000000000000000000e+00 0.000000000000000000e+00 0.000000000000000000e+00
0.000000000000000000e+00 0.000000000000000000e+00 0.000000000000000000e+00 0.000000000000000000e+00 0.000000000000000000e+00
0.000000000000000000e+00 0.000000000000000000e+00 0.000000000000000000e+00 0.000000000000000000e+00 0.000000000000000000e+00
0.000000000000000000e+00 0.000000000000000000e+00 0.000000000000000000e+00 0.000000000000000000e+00 0.000000000000000000e+00
0.000000000000000000e+00 0.000000000000000000e+00 0.000000000000000000e+00 0.000000000000000000e+00 0.000000000000000000e+00
0.000000000000000000e+00 0.000000000000000000e+00 0.000000000000000000e+00 0.000000000000000000e+00 0.000000000000000000e+00
0.000000000000000000e+00 0.000000000000000000e+00 0.000000000000000000e+00 0.000000000000000000e+00 0.000000000000000000e+00
0.000000000000000000e+00 0.000000000000000000e+00 0.000000000000000000e+00 0.000000000000000000e+00 0.000000000000000000e+00
