0.000000000000000000e+00 0.000000000000000000e+00 1.000000000000000000e+00 0.000000000000000000e+00 0.000000000000000000e+00
1.857538521289825439e-01 8.979671448469161987e-02 1.000000000000000000e+00 0.000000000000000000e+00 0.000000000000000000e+00
3.528701514005661011e-02 1.454964578151702881e-01 0.000000000000000000e+00 1.000000000000000000e+00 0.000000000000000000e+00
-3.733246326446533203e-01 7.356030941009521484e-01 1.000000000000000000e+00 0.000000000000000000e+00 0.000000000000000000e+00
2.001951038837432861e-01 7.667344808578491211e-02 1.000000000000000000e+00 0.000000000000000000e+00 0.000000000000000000e+00
3.636740148067474365e-02 1.576943993568420410e-01 0.000000000000000000e+00 1.000000000000000000e+00 0.000000000000000000e+00
-2.285872399806976318e-01 1.049833297729492188e+00 1.000000000000000000e+00 0.000000000000000000e+00 0.000000000000000000e+00
5.544840693473815918e-01 -5.742955803871154785e-01 1.000000000000000000e+00 0.000000000000000000e+00 0.000000000000000000e+00
2.103398591279983521e-01 -3.669375479221343994e-01 0.000000000000000000e+00 1.000000000000000000e+00 0.000000000000000000e+00
7.154440283775329590e-01 -1.096489191055297852e+00 1.000000000000000000e+00 0.000000000000000000e+00 0.000000000000000000e+00
8.975347876548767090e-01 -2.511337697505950928e-01 1.000000000000000000e+00 0.000000000000000000e+00 0.000000000000000000e+00
-4.998746514320373535e-02 6.396150588989257812e-02 0.000000000000000000e+00 1.000000000000000000e+00 0.000000000000000000e+00
-1.057662844657897949e+00 1.035610198974609375e+00 1.000000000000000000e+00 0.000000000000000000e+00 0.000000000000000000e+00
7.827267646789550781e-01 -2.132061719894409180e-01 1.000000000000000000e+00 0.000000000000000000e+00 0.000000000000000000e+00
4.193828701972961426e-01 -2.714183330535888672e-01 1.000000000000000000e+00 0.000000000000000000e+00 0.000000000000000000e+00
1.323658078908920288e-01 -2.259426712989807129e-01 0.000000000000000000e+00 1.000000000000000000e+00 0.000000000000000000e+00
-8.186134099960327148e-01 -1.032251238822937012e+00 1.000000000000000000e+00 0.000000000000000000e+00 0.000000000000000000e+00
4.539729356765747070e-01 1.802184820175170898e+00 1.000000000000000000e+00 0.000000000000000000e+00 0.000000000000000000e+00
4.017221629619598389e-01 8.274620771408081055e-01 1.000000000000000000e+00 0.000000000000000000e+00 0.000000000000000000e+00
3.728992640972137451e-01 3.818829655647277832e-01 1.000000000000000000e+00 0.000000000000000000e+00 0.000000000000000000e+00
3.543035089969635010e-01 1.479479223489761353e-01 1.000000000000000000e+00 0.000000000000000000e+00 0.000000000000000000e+00
2.073902487754821777e-01 -8.010749518871307373e-02 1.000000000000000000e+00 0.000000000000000000e+00 0.000000000000000000e+00
7.246518135070800781e-02 -2.367037385702133179e-01 1.000000000000000000e+00 0.000000000000000000e+00 0.000000000000000000e+00
-7.421438395977020264e-02 -3.430626094341278076e-01 1.000000000000000000e+00 0.000000000000000000e+00 0.000000000000000000e+00
-2.256878167390823364e-01 -3.134585022926330566e-01 1.000000000000000000e+00 0.000000000000000000e+00 0.000000000000000000e+00
-3.407901823520660400e-01 -1.259443461894989014e-01 1.000000000000000000e+00 0.000000000000000000e+00 0.000000000000000000e+00
-4.072914421558380127e-01 6.901934742927551270e-02 1.000000000000000000e+00 0.000000000000000000e+00 0.000000000000000000e+00
-1.121034502983093262e+00 7.475504875183105469e-01 1.000000000000000000e+00 0.000000000000000000e+00 0.000000000000000000e+00
-4.315080940723419189e-01 3.119850903749465942e-02 0.000000000000000000e+00 1.000000000000000000e+00 0.000000000000000000e+00
1.744323015213012695e+00 -3.198407411575317383e+00 1.000000000000000000e+00 0.000000000000000000e+00 0.000000000000000000e+00
2.008392959833145142e-01 7.739765942096710205e-02 1.000000000000000000e+00 0.000000000000000000e+00 0.000000000000000000e+00
1.916178166866302490e-01 2.391215413808822632e-01 0.000000000000000000e+00 1.000000000000000000e+00 0.000000000000000000e+00
-1.524813652038574219e+00 2.845265865325927734e-01 0.000000000000000000e+00 0.000000000000000000e+00 1.000000000000000000e+00
-9.774394035339355469e-01 -5.931268334388732910e-01 0.000000000000000000e+00 0.000000000000000000e+00 1.000000000000000000e+00
-1.027110338211059570e+00 -2.022127509117126465e-01 0.000000000000000000e+00 0.000000000000000000e+00 1.000000000000000000e+00
-1.089520454406738281e+00 -4.101968407630920410e-01 0.000000000000000000e+00 0.000000000000000000e+00 1.000000000000000000e+00
-9.305850267410278320e-01 -3.307579159736633301e-01 0.000000000000000000e+00 0.000000000000000000e+00 1.000000000000000000e+00
-9.641510248184204102e-01 -3.875008225440979004e-01 0.000000000000000000e+00 0.000000000000000000e+00 1.000000000000000000e+00
-8.931840658187866211e-01 -3.535314202308654785e-01 0.000000000000000000e+00 0.000000000000000000e+00 1.000000000000000000e+00
-8.942936658859252930e-01 -3.734526038169860840e-01 0.000000000000000000e+00 0.000000000000000000e+00 1.000000000000000000e+00
-8.759397268295288086e-01 -3.724778294563293457e-01 0.000000000000000000e+00 0.000000000000000000e+00 1.000000000000000000e+00
-8.711162805557250977e-01 -3.755522370338439941e-01 0.000000000000000000e+00 0.000000000000000000e+00 1.000000000000000000e+00
-8.607665300369262695e-01 -3.707047104835510254e-01 0.000000000000000000e+00 0.000000000000000000e+00 1.000000000000000000e+00
-8.527104854583740234e-01 -3.576038479804992676e-01 0.000000000000000000e+00 0.000000000000000000e+00 1.000000000000000000e+00
-8.438304662704467773e-01 -3.408527970314025879e-01 0.000000000000000000e+00 0.000000000000000000e+00 1.000000000000000000e+00
-8.348690271377563477e-01 -3.266841769218444824e-01 0.000000000000000000e+00 0.000000000000000000e+00 1.000000000000000000e+00
-8.301967382431030273e-01 -3.170185685157775879e-01 0.000000000000000000e+00 0.000000000000000000e+00 1.000000000000000000e+00
-8.302035331726074219e-01 -3.095016479492187500e-01 0.000000000000000000e+00 0.000000000000000000e+00 1.000000000000000000e+00
-8.312617540359497070e-01 -2.995579242706298828e-01 0.000000000000000000e+00 0.000000000000000000e+00 1.000000000000000000e+00
-8.297513723373413086e-01 -2.866103053092956543e-01 0.000000000000000000e+00 0.000000000000000000e+00 1.000000000000000000e+00
-8.242642879486083984e-01 -2.730532288551330566e-01 0.000000000000000000e+00 0.000000000000000000e+00 1.000000000000000000e+00
-8.187245130538940430e-01 -2.629147768020629883e-01 0.000000000000000000e+00 0.000000000000000000e+00 1.000000000000000000e+00
-8.141057491302490234e-01 -2.577797174453735352e-01 0.000000000000000000e+00 0.000000000000000000e+00 1.000000000000000000e+00
-8.130307197570800781e-01 -2.537937760353088379e-01 0.000000000000000000e+00 0.000000000000000000e+00 1.000000000000000000e+00
-8.132485151290893555e-01 -2.492792606353759766e-01 0.000000000000000000e+00 0.000000000000000000e+00 1.000000000000000000e+00
-8.135160207748413086e-01 -2.444908618927001953e-01 0.000000000000000000e+00 0.000000000000000000e+00 1.000000000000000000e+00
-8.106791973114013672e-01 -2.374628782272338867e-01 0.000000000000000000e+00 0.000000000000000000e+00 1.000000000000000000e+00
-8.044835329055786133e-01 -2.272228598594665527e-01 0.000000000000000000e+00 0.000000000000000000e+00 1.000000000000000000e+00
-8.006535768508911133e-01 -2.206832766532897949e-01 0.000000000000000000e+00 0.000000000000000000e+00 1.000000000000000000e+00
-7.981449365615844727e-01 -2.188904881477355957e-01 0.000000000000000000e+00 0.000000000000000000e+00 1.000000000000000000e+00
0.000000000000000000e+00 0.000000000000000000e+00 0.000000000000000000e+00 0.000000000000000000e+00 0.000000000000000000e+00
0.000000000000000000e+00 0.000000000000000000e+00 0.000000000000000000e+00 0.000000000000000000e+00 0.000000000000000000e+00
0.000000000000000000e+00 0.000000000000000000e+00 0.000000000000000000e+00 0.000000000000000000e+00 0.000000000000000000e+00
0.000000000000000000e+00 0.000000000000000000e+00 0.000000000000000000e+00 0.000000000000000000e+00 0.000000000000000000e+00
0.000000000000000000e+00 0.000000000000000000e+00 0.000000000000000000e+00 0.000000000000000000e+00 0.000000000000000000e+00
0.000000000000000000e+00 0.000000000000000000e+00 0.000000000000000000e+00 0.000000000000000000e+00 0.000000000000000000e+00
0.000000000000000000e+00 0.000000000000000000e+00 0.000000000000000000e+00 0.000000000000000000e+00 0.000000000000000000e+00
0.000000000000000000e+00 0.000000000000000000e+00 0.000000000000000000e+00 0.000000000000000000e+00 0.000000000000000000e+00
0.000000000000000000e+00 0.000000000000000000e+00 0.000000000000000000e+00 0.000000000000000000e+00 0.000000000000000000e+00
0.000000000000000000e+00 0.000000000000000000e+00 0.000000000000000000e+00 0.000000000000000000e+00 0.000000000000000000e+00
0.000000000000000000e+00 0.000000000000000000e+00 0.000000000000000000e+00 0.000000000000000000e+00 0.000000000000000000e+00
0.000000000000000000e+00 0.000000000000000000e+00 0.000000000000000000e+00 0.000000000000000000e+00 0.000000000000000000e+00
0.000000000000000000e+00 0.000000000000000000e+00 0.000000000000000000e+00 0.000000000000000000e+00 0.000000000000000000e+00
0.000000000000000000e+00 0.000000000000000000e+00 0.000000000000000000e+00 0.000000000000000000e+00 0.000000000000000000e+00
0.000000000000000000e+00 0.000000000000000000e+00 0.000000000000000000e+00 0.000000000000000000e+00 0.000000000000000000e+00
0.000000000000000000e+00 0.000000000000000000e+00 0.000000000000000000e+00 0.000000000000000000e+00 0.000000000000000000e+00
0.000000000000000000e+00 0.000000000000000000e+00 0.000000000000000000e+00 0.000000000000000000e+00 0.000000000000000000e+00
0.000000000000000000e+00 0.000000000000000000e+00 0.000000000000000000e+00 0.000000000000000000e+00 0.000000000000000000e+00
0.000000000000000000e+00 0.000000000000000000e+00 0.000000000000000000e+00 0.000000000000000000e+00 0.000000000000000000e+00
0.000000000000000000e+00 0.000000000000000000e+00 0.000000000000000000e+00 0.000000000000000000e+00 0.000000000000000000e+00
0.000000000000000000e+00 0.000000000000000000e+00 0.000000000000000000e+00 0.000000000000000000e+00 0.000000000000000000e+00
0.000000000000000000e+00 0.000000000000000000e+00 0.000000000000000000e+00 0.000000000000000000e+00 0.000000000000000000e+00
0.000000000000000000e+00 0.000000000000000000e+00 0.000000000000000000e+00 0.000000000000000000e+00 0.000000000000000000e+00
0.000000000000000000e+00 0.000000000000000000e+00 0.000000000000000000e+00 0.000000000000000000e+00 0.000000000000000000e+00
0.000000000000000000e+00 0.000000000000000000e+00 0.000000000000000000e+00 0.000000000000000000e+00 0.000000000000000000e+00
0.000000000000000000e+00 0.000000000000000000e+00 0.000000000000000000e+00 0.000000000000000000e+00 0.000000000000000000e+00
0.000000000000000000e+00 0.000000000000000000e+00 0.000000000000000000e+00 0.000000000000000000e+00 0.000000000000000000e+00
0.000000000000000000e+00 0.000000000000000000e+00 0.000000000000000000e+00 0.000000000000000000e+00 0.000000000000000000e+00
0.000000000000000000e+00 0.000000000000000000e+00 0.000000000000000000e+00 0.000000000000000000e+00 0.000000000000000000e+00
0.000000000000000000e+00 0.000000000000000000e+00 0.000000000000000000e+00 0.000000000000000000e+00 0.000000000000000000e+00
0.000000000000000000e+00 0.000000000000000000e+00 0.000000000000000000e+00 0.000000000000000000e+00 0.000000000000000000e+00
0.000000000000000000e+00 0.000000000000000000e+00 0.000000000000000000e+00 0.000000000000000000e+00 0.000000000000000000e+00
0.000000000000000000e+00 0.000000000000000000e+00 0.000000000000000000e+00 0.000000000000000000e+00 0.000000000000000000e+00
0.000000000000000000e+00 0.000000000000000000e+00 0.000000000000000000e+00 0.000000000000000000e+00 0.000000000000000000e+00
0.000000000000000000e+00 0.000000000000000000e+00 0.000000000000000000e+00 0.000000000000000000e+00 0.000000000000000000e+00
0.000000000000000000e+00 0.000000000000000000e+00 0.000000000000000000e+00 0.000000000000000000e+00 0.000000000000000000e+00
0.000000000000000000e+00 0.000000000000000000e+00 0.000000000000000000e+00 0.000000000000000000e+00 0.000000000000000000e+00
0.000000000000000000e+00 0.000000000000000000e+00 0.000000000000000000e+00 0.000000000000000000e+00 0.000000000000000000e+00
0.000000000000000000e+00 0.000000000000000000e+00 0.000000000000000000e+00 0.000000000000000000e+00 0.000000000000000000e+00
0.000000000000000000e+00 0.000000000000000000e+00 0.000000000000000000e+00 0.000000000000000000e+00 0.000000000000000000e+00
0.000000000000000000e+00 0.000000000000000000e+00 0.000000000000000000e+00 0.000000000000000000e+00 0.000000000000000000e+00
0.000000000000000000e+00 0.000000000000000000e+00 0.000000000000000000e+00 0.000000000000000000e+00 0.000000000000000000e+00
0.000000000000000000e+00 0.000000000000000000e+00 0.000000000000000000e+00 0.000000000000000000e+00 0.000000000000000000e+00
0.000000000000000000e+00 0.000000000000000000e+00 0.000000000000000000e+00 0.000000000000000000e+00 0.000000000000000000e+00
0.000000000000000000e+00 0.000000000000000000e+00 0.000000000000000000e+00 0.000000000000000000e+00 0.000000000000000000e+00
0.000000000000000000e+00 0.000000000000000000e+00 0.000000000000000000e+00 0.000000000000000000e+00 0.000000000000000000e+00
0.000000000000000000e+00 0.000000000000000000e+00 0.000000000000000000e+00 0.000000000000000000e+00 0.000000000000000000e+00
0.000000000000000000e+00 0.000000000000000000e+00 0.000000000000000000e+00 0.000000000000000000e+00 0.000000000000000000e+00
0.000000000000000000e+00 0.000000000000000000e+00 0.000000000000000000e+00 0.000000000000000000e+00 0.000000000000000000e+00
0.000000000000000000e+00 0.000000000000000000e+00 0.000000000000000000e+00 0.000000000000000000e+00 0.000000000000000000e+00
0.000000000000000000e+00 0.000000000000000000e+00 0.000000000000000000e+00 0.000000000000000000e+00 0.000000000000000000e+00
0.000000000000000000e+00 0.000000000000000000e+00 0.000000000000000000e+00 0.000000000000000000e+00 0.000000000000000000e+00
0.000000000000000000e+00 0.000000000000000000e+00 0.000000000000000000e+00 0.000000000000000000e+00 0.000000000000000000e+00
0.000000000000000000e+00 0.000000000000000000e+00 0.000000000000000000e+00 0.000000000000000000e+00 0.000000000000000000e+00
0.000000000000000000e+00 0.000000000000000000e+00 0.000000000000000000e+00 0.000000000000000000e+00 0.000000000000000000e+00
0.000000000000000000e+00 0.000000000000000000e+00 0.000000000000000000e+00 0.000000000000000000e+00 0.000000000000000000e+00
0.000000000000000000e+00 0.000000000000000000e+00 0.000000000000000000e+00 0.000000000000000000e+00 0.000000000000000000e+00
0.000000000000000000e+00 0.000000000000000000e+00 0.000000000000000000e+00 0.000000000000000000e+00 0.000000000000000000e+00
0.000000000000000000e+00 0.000000000000000000e+00 0.000000000000000000e+00 0.000000000000000000e+00 0.000000000000000000e+00
0.000000000000000000e+00 0.000000000000000000e+00 0.000000000000000000e+00 0.000000000000000000e+00 0.000000000000000000e+00
0.000000000000000000e+00 0.000000000000000000e+00 0.000000000000000000e+00 0.000000000000000000e+00 0.000000000000000000e+00
