0.000000000000000000e+00 0.000000000000000000e+00 1.000000000000000000e+00 0.000000000000000000e+00 0.000000000000000000e+00
1.721974611282348633e-01 7.871286571025848389e-02 1.000000000000000000e+00 0.000000000000000000e+00 0.000000000000000000e+00
3.164815157651901245e-02 1.148439422249794006e-01 0.000000000000000000e+00 1.000000000000000000e+00 0.000000000000000000e+00
-3.053891956806182861e-01 5.631358623504638672e-01 1.000000000000000000e+00 0.000000000000000000e+00 0.000000000000000000e+00
1.771362125873565674e-01 6.250789761543273926e-02 1.000000000000000000e+00 0.000000000000000000e+00 0.000000000000000000e+00
3.095455467700958252e-02 1.292239129543304443e-01 0.000000000000000000e+00 1.000000000000000000e+00 0.000000000000000000e+00
-2.336587160825729370e-01 8.286994695663452148e-01 1.000000000000000000e+00 0.000000000000000000e+00 0.000000000000000000e+00
4.698149561882019043e-01 -4.069924354553222656e-01 1.000000000000000000e+00 0.000000000000000000e+00 0.000000000000000000e+00
1.716551035642623901e-01 -2.636434435844421387e-01 0.000000000000000000e+00 1.000000000000000000e+00 0.000000000000000000e+00
4.214762747287750244e-01 -8.866325020790100098e-01 1.000000000000000000e+00 0.000000000000000000e+00 0.000000000000000000e+00
7.255151867866516113e-01 -2.298518121242523193e-01 1.000000000000000000e+00 0.000000000000000000e+00 0.000000000000000000e+00
3.062613904476165771e-01 -1.976436972618103027e-01 0.000000000000000000e+00 1.000000000000000000e+00 0.000000000000000000e+00
-4.396631121635437012e-01 -3.054236173629760742e-01 1.000000000000000000e+00 0.000000000000000000e+00 0.000000000000000000e+00
1.192290931940078735e-01 6.584388613700866699e-01 1.000000000000000000e+00 0.000000000000000000e+00 0.000000000000000000e+00
-1.680735312402248383e-02 8.517178297042846680e-01 1.000000000000000000e+00 0.000000000000000000e+00 0.000000000000000000e+00
-6.804936379194259644e-02 2.569968104362487793e-01 1.000000000000000000e+00 0.000000000000000000e+00 0.000000000000000000e+00
-1.154907867312431335e-01 1.378366649150848389e-01 1.000000000000000000e+00 0.000000000000000000e+00 0.000000000000000000e+00
-1.444683372974395752e-01 3.441740572452545166e-02 1.000000000000000000e+00 0.000000000000000000e+00 0.000000000000000000e+00
-1.628434509038925171e-01 -8.490326255559921265e-02 1.000000000000000000e+00 0.000000000000000000e+00 0.000000000000000000e+00
-8.735151588916778564e-02 -1.997919678688049316e-01 1.000000000000000000e+00 0.000000000000000000e+00 0.000000000000000000e+00
4.807648062705993652e-02 -2.177161425352096558e-01 1.000000000000000000e+00 0.000000000000000000e+00 0.000000000000000000e+00
7.859374880790710449e-01 -6.685992479324340820e-01 0.000000000000000000e+00 1.000000000000000000e+00 0.000000000000000000e+00
1.188154578208923340e+00 -1.167968869209289551e+00 1.000000000000000000e+00 0.000000000000000000e+00 0.000000000000000000e+00
-6.552829146385192871e-01 6.883298754692077637e-01 1.000000000000000000e+00 0.000000000000000000e+00 0.000000000000000000e+00
1.387424767017364502e-01 4.445485472679138184e-01 1.000000000000000000e+00 0.000000000000000000e+00 0.000000000000000000e+00
-6.258513778448104858e-02 4.819762706756591797e-01 1.000000000000000000e+00 0.000000000000000000e+00 0.000000000000000000e+00
-2.302010953426361084e-01 5.182716846466064453e-01 1.000000000000000000e+00 0.000000000000000000e+00 0.000000000000000000e+00
-1.108630448579788208e-01 8.650315552949905396e-02 0.000000000000000000e+00 1.000000000000000000e+00 0.000000000000000000e+00
6.191009283065795898e-01 -1.121048688888549805e+00 1.000000000000000000e+00 0.000000000000000000e+00 0.000000000000000000e+00
7.247392535209655762e-01 -1.944151371717453003e-01 1.000000000000000000e+00 0.000000000000000000e+00 0.000000000000000000e+00
-1.103520393371582031e-01 1.195490717887878418e+00 1.000000000000000000e+00 0.000000000000000000e+00 0.000000000000000000e+00
1.100388988852500916e-01 1.136771559715270996e+00 0.000000000000000000e+00 1.000000000000000000e+00 0.000000000000000000e+00
-1.428879618644714355e+00 -3.217622041702270508e+00 0.000000000000000000e+00 0.000000000000000000e+00 1.000000000000000000e+00
1.413093507289886475e-01 4.779338836669921875e-01 0.000000000000000000e+00 0.000000000000000000e+00 1.000000000000000000e+00
-1.531507253646850586e+00 -5.347728729248046875e-04 0.000000000000000000e+00 0.000000000000000000e+00 1.000000000000000000e+00
-9.852807521820068359e-01 -2.293025255203247070e-01 0.000000000000000000e+00 0.000000000000000000e+00 1.000000000000000000e+00
-1.067311882972717285e+00 -2.668222784996032715e-01 0.000000000000000000e+00 0.000000000000000000e+00 1.000000000000000000e+00
-9.856390953063964844e-01 -2.960140109062194824e-01 0.000000000000000000e+00 0.000000000000000000e+00 1.000000000000000000e+00
-9.668096303939819336e-01 -3.211813569068908691e-01 0.000000000000000000e+00 0.000000000000000000e+00 1.000000000000000000e+00
-9.402090311050415039e-01 -3.157926201820373535e-01 0.000000000000000000e+00 0.000000000000000000e+00 1.000000000000000000e+00
-9.235934019088745117e-01 -3.075932860374450684e-01 0.000000000000000000e+00 0.000000000000000000e+00 1.000000000000000000e+00
-9.107503890991210938e-01 -2.927356958389282227e-01 0.000000000000000000e+00 0.000000000000000000e+00 1.000000000000000000e+00
-8.992958068847656250e-01 -2.803817987442016602e-01 0.000000000000000000e+00 0.000000000000000000e+00 1.000000000000000000e+00
-8.873534202575683594e-01 -2.712994813919067383e-01 0.000000000000000000e+00 0.000000000000000000e+00 1.000000000000000000e+00
-8.699256181716918945e-01 -2.743907570838928223e-01 0.000000000000000000e+00 0.000000000000000000e+00 1.000000000000000000e+00
-8.543605804443359375e-01 -2.865196466445922852e-01 0.000000000000000000e+00 0.000000000000000000e+00 1.000000000000000000e+00
-8.426152467727661133e-01 -2.964432835578918457e-01 0.000000000000000000e+00 0.000000000000000000e+00 1.000000000000000000e+00
-8.319767713546752930e-01 -2.997549772262573242e-01 0.000000000000000000e+00 0.000000000000000000e+00 1.000000000000000000e+00
-8.246237039566040039e-01 -2.976701855659484863e-01 0.000000000000000000e+00 0.000000000000000000e+00 1.000000000000000000e+00
-8.185272216796875000e-01 -2.931566238403320312e-01 0.000000000000000000e+00 0.000000000000000000e+00 1.000000000000000000e+00
-8.100268840789794922e-01 -2.895831465721130371e-01 0.000000000000000000e+00 0.000000000000000000e+00 1.000000000000000000e+00
-8.011940717697143555e-01 -2.904136180877685547e-01 0.000000000000000000e+00 0.000000000000000000e+00 1.000000000000000000e+00
-7.926656007766723633e-01 -2.962073087692260742e-01 0.000000000000000000e+00 0.000000000000000000e+00 1.000000000000000000e+00
-7.861384153366088867e-01 -2.989265322685241699e-01 0.000000000000000000e+00 0.000000000000000000e+00 1.000000000000000000e+00
-7.822746038436889648e-01 -2.988656163215637207e-01 0.000000000000000000e+00 0.000000000000000000e+00 1.000000000000000000e+00
-7.796803712844848633e-01 -2.967947125434875488e-01 0.000000000000000000e+00 0.000000000000000000e+00 1.000000000000000000e+00
-7.735822200775146484e-01 -2.960148453712463379e-01 0.000000000000000000e+00 0.000000000000000000e+00 1.000000000000000000e+00
-7.623282670974731445e-01 -3.011012077331542969e-01 0.000000000000000000e+00 0.000000000000000000e+00 1.000000000000000000e+00
-7.527582645416259766e-01 -3.041560053825378418e-01 0.000000000000000000e+00 0.000000000000000000e+00 1.000000000000000000e+00
-7.448245286941528320e-01 -3.083193898200988770e-01 0.000000000000000000e+00 0.000000000000000000e+00 1.000000000000000000e+00
-7.377485036849975586e-01 -3.090671300888061523e-01 0.000000000000000000e+00 0.000000000000000000e+00 1.000000000000000000e+00
-7.331081628799438477e-01 -3.030427098274230957e-01 0.000000000000000000e+00 0.000000000000000000e+00 1.000000000000000000e+00
-7.283917665481567383e-01 -2.972242832183837891e-01 0.000000000000000000e+00 0.000000000000000000e+00 1.000000000000000000e+00
0.000000000000000000e+00 0.000000000000000000e+00 0.000000000000000000e+00 0.000000000000000000e+00 0.000000000000000000e+00
0.000000000000000000e+00 0.000000000000000000e+00 0.000000000000000000e+00 0.000000000000000000e+00 0.000000000000000000e+00
0.000000000000000000e+00 0.000000000000000000e+00 0.000000000000000000e+00 0.000000000000000000e+00 0.000000000000000000e+00
0.000000000000000000e+00 0.000000000000000000e+00 0.000000000000000000e+00 0.000000000000000000e+00 0.000000000000000000e+00
0.000000000000000000e+00 0.000000000000000000e+00 0.000000000000000000e+00 0.000000000000000000e+00 0.000000000000000000e+00
0.000000000000000000e+00 0.000000000000000000e+00 0.000000000000000000e+00 0.000000000000000000e+00 0.000000000000000000e+00
0.000000000000000000e+00 0.000000000000000000e+00 0.000000000000000000e+00 0.000000000000000000e+00 0.000000000000000000e+00
0.000000000000000000e+00 0.000000000000000000e+00 0.000000000000000000e+00 0.000000000000000000e+00 0.000000000000000000e+00
0.000000000000000000e+00 0.000000000000000000e+00 0.000000000000000000e+00 0.000000000000000000e+00 0.000000000000000000e+00
0.000000000000000000e+00 0.000000000000000000e+00 0.000000000000000000e+00 0.000000000000000000e+00 0.000000000000000000e+00
0.000000000000000000e+00 0.000000000000000000e+00 0.000000000000000000e+00 0.000000000000000000e+00 0.000000000000000000e+00
0.000000000000000000e+00 0.000000000000000000e+00 0.000000000000000000e+00 0.000000000000000000e+00 0.000000000000000000e+00
0.000000000000000000e+00 0.000000000000000000e+00 0.000000000000000000e+00 0.000000000000000000e+00 0.000000000000000000e+00
0.000000000000000000e+00 0.000000000000000000e+00 0.000000000000000000e+00 0.000000000000000000e+00 0.000000000000000000e+00
0.000000000000000000e+00 0.000000000000000000e+00 0.000000000000000000e+00 0.000000000000000000e+00 0.000000000000000000e+00
0.000000000000000000e+00 0.000000000000000000e+00 0.000000000000000000e+00 0.000000000000000000e+00 0.000000000000000000e+00
0.000000000000000000e+00 0.000000000000000000e+00 0.000000000000000000e+00 0.000000000000000000e+00 0.000000000000000000e+00
0.000000000000000000e+00 0.000000000000000000e+00 0.000000000000000000e+00 0.000000000000000000e+00 0.000000000000000000e+00
0.000000000000000000e+00 0.000000000000000000e+00 0.000000000000000000e+00 0.000000000000000000e+00 0.000000000000000000e+00
0.000000000000000000e+00 0.000000000000000000e+00 0.000000000000000000e+00 0.000000000000000000e+00 0.000000000000000000e+00
0.000000000000000000e+00 0.000000000000000000e+00 0.000000000000000000e+00 0.000000000000000000e+00 0.000000000000000000e+00
0.000000000000000000e+00 0.000000000000000000e+00 0.000000000000000000e+00 0.000000000000000000e+00 0.000000000000000000e+00
0.000000000000000000e+00 0.000000000000000000e+00 0.000000000000000000e+00 0.000000000000000000e+00 0.000000000000000000e+00
0.000000000000000000e+00 0.000000000000000000e+00 0.000000000000000000e+00 0.000000000000000000e+00 0.000000000000000000e+00
0.000000000000000000e+00 0.000000000000000000e+00 0.000000000000000000e+00 0.000000000000000000e+00 0.000000000000000000e+00
0.000000000000000000e+00 0.000000000000000000e+00 0.000000000000000000e+00 0.000000000000000000e+00 0.000000000000000000e+00
0.000000000000000000e+00 0.000000000000000000e+00 0.000000000000000000e+00 0.000000000000000000e+00 0.000000000000000000e+00
0.000000000000000000e+00 0.000000000000000000e+00 0.000000000000000000e+00 0.000000000000000000e+00 0.000000000000000000e+00
0.000000000000000000e+00 0.000000000000000000e+00 0.000000000000000000e+00 0.000000000000000000e+00 0.000000000000000000e+00
0.000000000000000000e+00 0.000000000000000000e+00 0.000000000000000000e+00 0.000000000000000000e+00 0.000000000000000000e+00
0.000000000000000000e+00 0.000000000000000000e+00 0.000000000000000000e+00 0.000000000000000000e+00 0.000000000000000000e+00
0.000000000000000000e+00 0.000000000000000000e+00 0.000000000000000000e+00 0.000000000000000000e+00 0.000000000000000000e+00
0.000000000000000000e+00 0.000000000000000000e+00 0.000000000000000000e+00 0.000000000000000000e+00 0.000000000000000000e+00
0.000000000000000000e+00 0.000000000000000000e+00 0.000000000000000000e+00 0.000000000000000000e+00 0.000000000000000000e+00
0.000000000000000000e+00 0.000000000000000000e+00 0.000000000000000000e+00 0.000000000000000000e+00 0.000000000000000000e+00
0.000000000000000000e+00 0.000000000000000000e+00 0.000000000000000000e+00 0.000000000000000000e+00 0.000000000000000000e+00
0.000000000000000000e+00 0.000000000000000000e+00 0.000000000000000000e+00 0.000000000000000000e+00 0.000000000000000000e+00
0.000000000000000000e+00 0.000000000000000000e+00 0.000000000000000000e+00 0.000000000000000000e+00 0.000000000000000000e+00
0.000000000000000000e+00 0.000000000000000000e+00 0.000000000000000000e+00 0.000000000000000000e+00 0.000000000000000000e+00
0.000000000000000000e+00 0.000000000000000000e+00 0.000000000000000000e+00 0.000000000000000000e+00 0.000000000000000000e+00
0.000000000000000000e+00 0.000000000000000000e+00 0.000000000000000000e+00 0.000000000000000000e+00 0.000000000000000000e+00
0.000000000000000000e+00 0.000000000000000000e+00 0.000000000000000000e+00 0.000000000000000000e+00 0.000000000000000000e+00
0.000000000000000000e+00 0.000000000000000000e+00 0.000000000000000000e+00 0.000000000000000000e+00 0.000000000000000000e+00
0.000000000000000000e+00 0.000000000000000000e+00 0.000000000000000000e+00 0.000000000000000000e+00 0.000000000000000000e+00
0.000000000000000000e+00 0.000000000000000000e+00 0.000000000000000000e+00 0.000000000000000000e+00 0.000000000000000000e+00
0.000000000000000000e+00 0.000000000000000000e+00 0.000000000000000000e+00 0.000000000000000000e+00 0.000000000000000000e+00
0.000000000000000000e+00 0.000000000000000000e+00 0.000000000000000000e+00 0.000000000000000000e+00 0.000000000000000000e+00
0.000000000000000000e+00 0.000000000000000000e+00 0.000000000000000000e+00 0.000000000000000000e+00 0.000000000000000000e+00
0.000000000000000000e+00 0.000000000000000000e+00 0.000000000000000000e+00 0.000000000000000000e+00 0.000000000000000000e+00
0.000000000000000000e+00 0.000000000000000000e+00 0.000000000000000000e+00 0.000000000000000000e+00 0.000000000000000000e+00
0.000000000000000000e+00 0.000000000000000000e+00 0.000000000000000000e+00 0.000000000000000000e+00 0.000000000000000000e+00
0.000000000000000000e+00 0.000000000000000000e+00 0.000000000000000000e+00 0.000000000000000000e+00 0.000000000000000000e+00
0.000000000000000000e+00 0.000000000000000000e+00 0.000000000000000000e+00 0.000000000000000000e+00 0.000000000000000000e+00
0.000000000000000000e+00 0.000000000000000000e+00 0.000000000000000000e+00 0.000000000000000000e+00 0.000000000000000000e+00
0.000000000000000000e+00 0.000000000000000000e+00 0.000000000000000000e+00 0.000000000000000000e+00 0.000000000000000000e+00
0.000000000000000000e+00 0.000000000000000000e+00 0.000000000000000000e+00 0.000000000000000000e+00 0.000000000000000000e+00
0.000000000000000000e+00 0.000000000000000000e+00 0.000000000000000000e+00 0.000000000000000000e+00 0.000000000000000000e+00
0.000000000000000000e+00 0.000000000000000000e+00 0.000000000000000000e+00 0.000000000000000000e+00 0.000000000000000000e+00
