0.000000000000000000e+00 0.000000000000000000e+00 1.000000000000000000e+00 0.000000000000000000e+00 0.000000000000000000e+00
1.972448825836181641e-01 8.933605253696441650e-02 1.000000000000000000e+00 0.000000000000000000e+00 0.000000000000000000e+00
3.408637642860412598e-02 1.445347368717193604e-01 0.000000000000000000e+00 1.000000000000000000e+00 0.000000000000000000e+00
-3.876911401748657227e-01 7.407721281051635742e-01 1.000000000000000000e+00 0.000000000000000000e+00 0.000000000000000000e+00
3.260048031806945801e-01 1.164994388818740845e-01 1.000000000000000000e+00 0.000000000000000000e+00 0.000000000000000000e+00
3.891324996948242188e-02 1.752561181783676147e-01 0.000000000000000000e+00 1.000000000000000000e+00 0.000000000000000000e+00
-3.040414452552795410e-01 1.126622438430786133e+00 1.000000000000000000e+00 0.000000000000000000e+00 0.000000000000000000e+00
5.946926474571228027e-01 -6.149127483367919922e-01 1.000000000000000000e+00 0.000000000000000000e+00 0.000000000000000000e+00
2.459818869829177856e-01 -4.180194437503814697e-01 0.000000000000000000e+00 1.000000000000000000e+00 0.000000000000000000e+00
6.394888758659362793e-01 -1.779829144477844238e+00 1.000000000000000000e+00 0.000000000000000000e+00 0.000000000000000000e+00
3.863500952720642090e-01 2.259491384029388428e-01 1.000000000000000000e+00 0.000000000000000000e+00 0.000000000000000000e+00
2.939601838588714600e-01 3.388084843754768372e-02 0.000000000000000000e+00 1.000000000000000000e+00 0.000000000000000000e+00
3.820754885673522949e-01 -7.732366919517517090e-01 1.000000000000000000e+00 0.000000000000000000e+00 0.000000000000000000e+00
-7.824962735176086426e-01 1.329604864120483398e+00 1.000000000000000000e+00 0.000000000000000000e+00 0.000000000000000000e+00
-5.024029612541198730e-01 5.097165107727050781e-01 1.000000000000000000e+00 0.000000000000000000e+00 0.000000000000000000e+00
4.936085641384124756e-02 -1.383444368839263916e-01 0.000000000000000000e+00 1.000000000000000000e+00 0.000000000000000000e+00
1.724192023277282715e+00 -1.291808485984802246e+00 1.000000000000000000e+00 0.000000000000000000e+00 0.000000000000000000e+00
-4.788066148757934570e-01 5.697478055953979492e-01 1.000000000000000000e+00 0.000000000000000000e+00 0.000000000000000000e+00
-2.178475260734558105e-02 1.957201659679412842e-01 1.000000000000000000e+00 0.000000000000000000e+00 0.000000000000000000e+00
3.907186090946197510e-01 2.705834209918975830e-01 1.000000000000000000e+00 0.000000000000000000e+00 0.000000000000000000e+00
2.279839664697647095e-02 1.315183043479919434e-01 0.000000000000000000e+00 1.000000000000000000e+00 0.000000000000000000e+00
-1.766370177268981934e+00 7.647621035575866699e-01 1.000000000000000000e+00 0.000000000000000000e+00 0.000000000000000000e+00
5.384947061538696289e-01 2.187914103269577026e-01 1.000000000000000000e+00 0.000000000000000000e+00 0.000000000000000000e+00
2.227877527475357056e-01 -2.685492485761642456e-02 0.000000000000000000e+00 1.000000000000000000e+00 0.000000000000000000e+00
3.790413439273834229e-01 -6.252309083938598633e-01 1.000000000000000000e+00 0.000000000000000000e+00 0.000000000000000000e+00
-7.260225415229797363e-01 1.334509611129760742e+00 1.000000000000000000e+00 0.000000000000000000e+00 0.000000000000000000e+00
-2.985076010227203369e-01 3.171482086181640625e-01 1.000000000000000000e+00 0.000000000000000000e+00 0.000000000000000000e+00
2.269836887717247009e-02 -1.304714083671569824e-01 0.000000000000000000e+00 1.000000000000000000e+00 0.000000000000000000e+00
1.640900611877441406e+00 -1.245420098304748535e+00 1.000000000000000000e+00 0.000000000000000000e+00 0.000000000000000000e+00
-4.940330982208251953e-01 5.290775895118713379e-01 1.000000000000000000e+00 0.000000000000000000e+00 0.000000000000000000e+00
-1.315605640411376953e-02 2.002570927143096924e-01 1.000000000000000000e+00 0.000000000000000000e+00 0.000000000000000000e+00
1.008381843566894531e+00 5.477147102355957031e-01 1.000000000000000000e+00 0.000000000000000000e+00 0.000000000000000000e+00
5.459451675415039062e-01 1.356700509786605835e-01 0.000000000000000000e+00 1.000000000000000000e+00 0.000000000000000000e+00
-2.449043750762939453e+00 -2.588591575622558594e+00 0.000000000000000000e+00 0.000000000000000000e+00 1.000000000000000000e+00
4.513729810714721680e-01 6.925069093704223633e-01 0.000000000000000000e+00 0.000000000000000000e+00 1.000000000000000000e+00
-1.816936016082763672e+00 2.653573155403137207e-01 0.000000000000000000e+00 0.000000000000000000e+00 1.000000000000000000e+00
-1.005892872810363770e+00 -9.340369701385498047e-02 0.000000000000000000e+00 0.000000000000000000e+00 1.000000000000000000e+00
-1.242176890373229980e+00 -3.890348076820373535e-01 0.000000000000000000e+00 0.000000000000000000e+00 1.000000000000000000e+00
-1.055998444557189941e+00 -2.433167695999145508e-01 0.000000000000000000e+00 0.000000000000000000e+00 1.000000000000000000e+00
-1.095300436019897461e+00 -2.725716233253479004e-01 0.000000000000000000e+00 0.000000000000000000e+00 1.000000000000000000e+00
-1.050054311752319336e+00 -1.923430562019348145e-01 0.000000000000000000e+00 0.000000000000000000e+00 1.000000000000000000e+00
-1.056199073791503906e+00 -1.687339544296264648e-01 0.000000000000000000e+00 0.000000000000000000e+00 1.000000000000000000e+00
-1.040857672691345215e+00 -1.264255046844482422e-01 0.000000000000000000e+00 0.000000000000000000e+00 1.000000000000000000e+00
-1.035821795463562012e+00 -1.091242432594299316e-01 0.000000000000000000e+00 0.000000000000000000e+00 1.000000000000000000e+00
-1.013290762901306152e+00 -1.452797055244445801e-01 0.000000000000000000e+00 0.000000000000000000e+00 1.000000000000000000e+00
-9.904986619949340820e-01 -1.704785227775573730e-01 0.000000000000000000e+00 0.000000000000000000e+00 1.000000000000000000e+00
-9.735935926437377930e-01 -1.858745217323303223e-01 0.000000000000000000e+00 0.000000000000000000e+00 1.000000000000000000e+00
-9.646841287612915039e-01 -1.943914294242858887e-01 0.000000000000000000e+00 0.000000000000000000e+00 1.000000000000000000e+00
-9.595948457717895508e-01 -1.903051137924194336e-01 0.000000000000000000e+00 0.000000000000000000e+00 1.000000000000000000e+00
-9.543004035949707031e-01 -1.833644509315490723e-01 0.000000000000000000e+00 0.000000000000000000e+00 1.000000000000000000e+00
-9.473716020584106445e-01 -1.793108582496643066e-01 0.000000000000000000e+00 0.000000000000000000e+00 1.000000000000000000e+00
-9.397290945053100586e-01 -1.812583804130554199e-01 0.000000000000000000e+00 0.000000000000000000e+00 1.000000000000000000e+00
-9.323524236679077148e-01 -1.888777017593383789e-01 0.000000000000000000e+00 0.000000000000000000e+00 1.000000000000000000e+00
-9.260154962539672852e-01 -1.988369226455688477e-01 0.000000000000000000e+00 0.000000000000000000e+00 1.000000000000000000e+00
-9.216915369033813477e-01 -2.052582502365112305e-01 0.000000000000000000e+00 0.000000000000000000e+00 1.000000000000000000e+00
-9.183644056320190430e-01 -2.045342922210693359e-01 0.000000000000000000e+00 0.000000000000000000e+00 1.000000000000000000e+00
-9.126223325729370117e-01 -2.028788328170776367e-01 0.000000000000000000e+00 0.000000000000000000e+00 1.000000000000000000e+00
-9.031213521957397461e-01 -2.063627839088439941e-01 0.000000000000000000e+00 0.000000000000000000e+00 1.000000000000000000e+00
-8.953775167465209961e-01 -2.068086862564086914e-01 0.000000000000000000e+00 0.000000000000000000e+00 1.000000000000000000e+00
-8.877727985382080078e-01 -2.102907299995422363e-01 0.000000000000000000e+00 0.000000000000000000e+00 1.000000000000000000e+00
-8.826308250427246094e-01 -2.099122405052185059e-01 0.000000000000000000e+00 0.000000000000000000e+00 1.000000000000000000e+00
-8.775868415832519531e-01 -2.088772058486938477e-01 0.000000000000000000e+00 0.000000000000000000e+00 1.000000000000000000e+00
-8.702220916748046875e-01 -2.100047469139099121e-01 0.000000000000000000e+00 0.000000000000000000e+00 1.000000000000000000e+00
-8.614740371704101562e-01 -2.136952877044677734e-01 0.000000000000000000e+00 0.000000000000000000e+00 1.000000000000000000e+00
0.000000000000000000e+00 0.000000000000000000e+00 0.000000000000000000e+00 0.000000000000000000e+00 0.000000000000000000e+00
0.000000000000000000e+00 0.000000000000000000e+00 0.000000000000000000e+00 0.000000000000000000e+00 0.000000000000000000e+00
0.000000000000000000e+00 0.000000000000000000e+00 0.000000000000000000e+00 0.000000000000000000e+00 0.000000000000000000e+00
0.000000000000000000e+00 0.000000000000000000e+00 0.000000000000000000e+00 0.000000000000000000e+00 0.000000000000000000e+00
0.000000000000000000e+00 0.000000000000000000e+00 0.000000000000000000e+00 0.000000000000000000e+00 0.000000000000000000e+00
0.000000000000000000e+00 0.000000000000000000e+00 0.000000000000000000e+00 0.000000000000000000e+00 0.000000000000000000e+00
0.000000000000000000e+00 0.000000000000000000e+00 0.000000000000000000e+00 0.000000000000000000e+00 0.000000000000000000e+00
0.000000000000000000e+00 0.000000000000000000e+00 0.000000000000000000e+00 0.000000000000000000e+00 0.000000000000000000e+00
0.000000000000000000e+00 0.000000000000000000e+00 0.000000000000000000e+00 0.000000000000000000e+00 0.000000000000000000e+00
0.000000000000000000e+00 0.000000000000000000e+00 0.000000000000000000e+00 0.000000000000000000e+00 0.000000000000000000e+00
0.000000000000000000e+00 0.000000000000000000e+00 0.000000000000000000e+00 0.000000000000000000e+00 0.000000000000000000e+00
0.000000000000000000e+00 0.000000000000000000e+00 0.000000000000000000e+00 0.000000000000000000e+00 0.000000000000000000e+00
0.000000000000000000e+00 0.000000000000000000e+00 0.000000000000000000e+00 0.000000000000000000e+00 0.000000000000000000e+00
0.000000000000000000e+00 0.000000000000000000e+00 0.000000000000000000e+00 0.000000000000000000e+00 0.000000000000000000e+00
0.000000000000000000e+00 0.000000000000000000e+00 0.000000000000000000e+00 0.000000000000000000e+00 0.000000000000000000e+00
0.000000000000000000e+00 0.000000000000000000e+00 0.000000000000000000e+00 0.000000000000000000e+00 0.000000000000000000e+00
0.000000000000000000e+00 0.000000000000000000e+00 0.000000000000000000e+00 0.000000000000000000e+00 0.000000000000000000e+00
0.000000000000000000e+00 0.000000000000000000e+00 0.000000000000000000e+00 0.000000000000000000e+00 0.000000000000000000e+00
0.000000000000000000e+00 0.000000000000000000e+00 0.000000000000000000e+00 0.000000000000000000e+00 0.000000000000000000e+00
0.000000000000000000e+00 0.000000000000000000e+00 0.000000000000000000e+00 0.000000000000000000e+00 0.000000000000000000e+00
0.000000000000000000e+00 0.000000000000000000e+00 0.000000000000000000e+00 0.000000000000000000e+00 0.000000000000000000e+00
0.000000000000000000e+00 0.000000000000000000e+00 0.000000000000000000e+00 0.000000000000000000e+00 0.000000000000000000e+00
0.000000000000000000e+00 0.000000000000000000e+00 0.000000000000000000e+00 0.000000000000000000e+00 0.000000000000000000e+00
0.000000000000000000e+00 0.000000000000000000e+00 0.000000000000000000e+00 0.000000000000000000e+00 0.000000000000000000e+00
0.000000000000000000e+00 0.000000000000000000e+00 0.000000000000000000e+00 0.000000000000000000e+00 0.000000000000000000e+00
0.000000000000000000e+00 0.000000000000000000e+00 0.000000000000000000e+00 0.000000000000000000e+00 0.000000000000000000e+00
0.000000000000000000e+00 0.000000000000000000e+00 0.000000000000000000e+00 0.000000000000000000e+00 0.000000000000000000e+00
0.000000000000000000e+00 0.000000000000000000e+00 0.000000000000000000e+00 0.000000000000000000e+00 0.000000000000000000e+00
0.000000000000000000e+00 0.000000000000000000e+00 0.000000000000000000e+00 0.000000000000000000e+00 0.000000000000000000e+00
0.000000000000000000e+00 0.000000000000000000e+00 0.000000000000000000e+00 0.000000000000000000e+00 0.000000000000000000e+00
0.000000000000000000e+00 0.000000000000000000e+00 0.000000000000000000e+00 0.000000000000000000e+00 0.000000000000000000e+00
0.000000000000000000e+00 0.000000000000000000e+00 0.000000000000000000e+00 0.000000000000000000e+00 0.000000000000000000e+00
0.000000000000000000e+00 0.000000000000000000e+00 0.000000000000000000e+00 0.000000000000000000e+00 0.000000000000000000e+00
0.000000000000000000e+00 0.000000000000000000e+00 0.000000000000000000e+00 0.000000000000000000e+00 0.000000000000000000e+00
0.000000000000000000e+00 0.000000000000000000e+00 0.000000000000000000e+00 0.000000000000000000e+00 0.000000000000000000e+00
0.000000000000000000e+00 0.000000000000000000e+00 0.000000000000000000e+00 0.000000000000000000e+00 0.000000000000000000e+00
0.000000000000000000e+00 0.000000000000000000e+00 0.000000000000000000e+00 0.000000000000000000e+00 0.000000000000000000e+00
0.000000000000000000e+00 0.000000000000000000e+00 0.000000000000000000e+00 0.000000000000000000e+00 0.000000000000000000e+00
0.000000000000000000e+00 0.000000000000000000e+00 0.000000000000000000e+00 0.000000000000000000e+00 0.000000000000000000e+00
0.000000000000000000e+00 0.000000000000000000e+00 0.000000000000000000e+00 0.000000000000000000e+00 0.000000000000000000e+00
0.000000000000000000e+00 0.000000000000000000e+00 0.000000000000000000e+00 0.000000000000000000e+00 0.000000000000000000e+00
0.000000000000000000e+00 0.000000000000000000e+00 0.000000000000000000e+00 0.000000000000000000e+00 0.000000000000000000e+00
0.000000000000000000e+00 0.000000000000000000e+00 0.000000000000000000e+00 0.000000000000000000e+00 0.000000000000000000e+00
0.000000000000000000e+00 0.000000000000000000e+00 0.000000000000000000e+00 0.000000000000000000e+00 0.000000000000000000e+00
0.000000000000000000e+00 0.000000000000000000e+00 0.000000000000000000e+00 0.000000000000000000e+00 0.000000000000000000e+00
0.000000000000000000e+00 0.000000000000000000e+00 0.000000000000000000e+00 0.000000000000000000e+00 0.000000000000000000e+00
0.000000000000000000e+00 0.000000000000000000e+00 0.000000000000000000e+00 0.000000000000000000e+00 0.000000000000000000e+00
0.000000000000000000e+00 0.000000000000000000e+00 0.000000000000000000e+00 0.000000000000000000e+00 0.000000000000000000e+00
0.000000000000000000e+00 0.000000000000000000e+00 0.000000000000000000e+00 0.000000000000000000e+00 0.000000000000000000e+00
0.000000000000000000e+00 0.000000000000000000e+00 0.000000000000000000e+00 0.000000000000000000e+00 0.000000000000000000e+00
0.000000000000000000e+00 0.000000000000000000e+00 0.000000000000000000e+00 0.000000000000000000e+00 0.000000000000000000e+00
0.000000000000000000e+00 0.000000000000000000e+00 0.000000000000000000e+00 0.000000000000000000e+00 0.000000000000000000e+00
0.000000000000000000e+00 0.000000000000000000e+00 0.000000000000000000e+00 0.000000000000000000e+00 0.000000000000000000e+00
0.000000000000000000e+00 0.000000000000000000e+00 0.000000000000000000e+00 0.000000000000000000e+00 0.000000000000000000e+00
0.000000000000000000e+00 0.000000000000000000e+00 0.000000000000000000e+00 0.000000000000000000e+00 0.000000000000000000e+00
0.000000000000000000e+00 0.000000000000000000e+00 0.000000000000000000e+00 0.000000000000000000e+00 0.000000000000000000e+00
0.000000000000000000e+00 0.000000000000000000e+00 0.000000000000000000e+00 0.000000000000000000e+00 0.000000000000000000e+00
