0.000000000000000000e+00 0.000000000000000000e+00 1.000000000000000000e+00 0.000000000000000000e+00 0.000000000000000000e+00
1.766196936368942261e-01 8.730977028608322144e-02 1.000000000000000000e+00 0.000000000000000000e+00 0.000000000000000000e+00
3.317281603813171387e-02 1.389564424753189087e-01 0.000000000000000000e+00 1.000000000000000000e+00 0.000000000000000000e+00
-3.599770963191986084e-01 7.222778797149658203e-01 1.000000000000000000e+00 0.000000000000000000e+00 0.000000000000000000e+00
1.974056959152221680e-01 7.291328907012939453e-02 1.000000000000000000e+00 0.000000000000000000e+00 0.000000000000000000e+00
6.654219329357147217e-02 1.194164156913757324e-01 0.000000000000000000e+00 1.000000000000000000e+00 0.000000000000000000e+00
-2.451301515102386475e-01 1.420897364616394043e+00 1.000000000000000000e+00 0.000000000000000000e+00 0.000000000000000000e+00
5.901378393173217773e-01 -7.382436990737915039e-01 1.000000000000000000e+00 0.000000000000000000e+00 0.000000000000000000e+00
2.603163421154022217e-01 -4.989822208881378174e-01 0.000000000000000000e+00 1.000000000000000000e+00 0.000000000000000000e+00
1.350399851799011230e+00 -2.547070980072021484e+00 1.000000000000000000e+00 0.000000000000000000e+00 0.000000000000000000e+00
1.271986216306686401e-01 4.178548604249954224e-02 1.000000000000000000e+00 0.000000000000000000e+00 0.000000000000000000e+00
1.008771359920501709e-02 1.257031857967376709e-01 0.000000000000000000e+00 1.000000000000000000e+00 0.000000000000000000e+00
-6.157187223434448242e-01 5.708849430084228516e-01 1.000000000000000000e+00 0.000000000000000000e+00 0.000000000000000000e+00
1.000271201133728027e+00 -1.984897255897521973e-01 1.000000000000000000e+00 0.000000000000000000e+00 0.000000000000000000e+00
4.410781562328338623e-01 -1.751332879066467285e-01 0.000000000000000000e+00 1.000000000000000000e+00 0.000000000000000000e+00
-1.249735713005065918e+00 5.820711851119995117e-01 1.000000000000000000e+00 0.000000000000000000e+00 0.000000000000000000e+00
-3.777320683002471924e-01 1.493188858032226562e+00 1.000000000000000000e+00 0.000000000000000000e+00 0.000000000000000000e+00
-5.032664537429809570e-01 1.120826482772827148e+00 1.000000000000000000e+00 0.000000000000000000e+00 0.000000000000000000e+00
-2.439742833375930786e-01 3.272758424282073975e-01 1.000000000000000000e+00 0.000000000000000000e+00 0.000000000000000000e+00
-1.977934539318084717e-01 1.128234788775444031e-01 0.000000000000000000e+00 1.000000000000000000e+00 0.000000000000000000e+00
1.419577956199645996e+00 -2.389809131622314453e+00 1.000000000000000000e+00 0.000000000000000000e+00 0.000000000000000000e+00
9.625684022903442383e-01 -2.680082917213439941e-01 1.000000000000000000e+00 0.000000000000000000e+00 0.000000000000000000e+00
3.757246732711791992e-01 2.314795553684234619e-02 1.000000000000000000e+00 0.000000000000000000e+00 0.000000000000000000e+00
-2.187776267528533936e-01 8.685725927352905273e-01 1.000000000000000000e+00 0.000000000000000000e+00 0.000000000000000000e+00
-1.399799436330795288e-01 2.251912355422973633e-01 1.000000000000000000e+00 0.000000000000000000e+00 0.000000000000000000e+00
-2.157521843910217285e-01 1.461485028266906738e-01 0.000000000000000000e+00 1.000000000000000000e+00 0.000000000000000000e+00
-8.349134325981140137e-01 -4.392029047012329102e-01 1.000000000000000000e+00 0.000000000000000000e+00 0.000000000000000000e+00
8.742154836654663086e-01 -1.496484577655792236e-01 1.000000000000000000e+00 0.000000000000000000e+00 0.000000000000000000e+00
2.205492258071899414e-01 3.468762338161468506e-02 0.000000000000000000e+00 1.000000000000000000e+00 0.000000000000000000e+00
-1.104270219802856445e+00 6.007945537567138672e-01 1.000000000000000000e+00 0.000000000000000000e+00 0.000000000000000000e+00
8.223828077316284180e-01 -1.014890521764755249e-01 1.000000000000000000e+00 0.000000000000000000e+00 0.000000000000000000e+00
4.142481386661529541e-01 -1.722243428230285645e-01 0.000000000000000000e+00 1.000000000000000000e+00 0.000000000000000000e+00
-4.513540565967559814e-01 -1.230899930000305176e+00 1.000000000000000000e+00 0.000000000000000000e+00 0.000000000000000000e+00
-2.120160162448883057e-01 1.278082847595214844e+00 1.000000000000000000e+00 0.000000000000000000e+00 0.000000000000000000e+00
-1.675765812397003174e-01 4.644016921520233154e-01 0.000000000000000000e+00 1.000000000000000000e+00 0.000000000000000000e+00
-3.259921371936798096e-01 2.290789037942886353e-01 1.000000000000000000e+00 0.000000000000000000e+00 0.000000000000000000e+00
1.853453367948532104e-02 4.555329382419586182e-01 1.000000000000000000e+00 0.000000000000000000e+00 0.000000000000000000e+00
-7.722485810518264771e-02 2.043906152248382568e-01 0.000000000000000000e+00 1.000000000000000000e+00 0.000000000000000000e+00
4.895505905151367188e-01 -6.820549964904785156e-01 1.000000000000000000e+00 0.000000000000000000e+00 0.000000000000000000e+00
6.920696496963500977e-01 3.620290756225585938e-02 1.000000000000000000e+00 0.000000000000000000e+00 0.000000000000000000e+00
1.676559746265411377e-01 1.151350438594818115e-01 1.000000000000000000e+00 0.000000000000000000e+00 0.000000000000000000e+00
-5.513842105865478516e-01 5.566997528076171875e-01 1.000000000000000000e+00 0.000000000000000000e+00 0.000000000000000000e+00
5.929692387580871582e-01 -1.481125801801681519e-01 1.000000000000000000e+00 0.000000000000000000e+00 0.000000000000000000e+00
4.342745244503021240e-01 -2.242681086063385010e-01 0.000000000000000000e+00 1.000000000000000000e+00 0.000000000000000000e+00
-1.727429986000061035e+00 -2.338456630706787109e+00 0.000000000000000000e+00 0.000000000000000000e+00 1.000000000000000000e+00
2.428923547267913818e-01 6.050952672958374023e-01 0.000000000000000000e+00 0.000000000000000000e+00 1.000000000000000000e+00
-1.756608009338378906e+00 1.340889930725097656e-01 0.000000000000000000e+00 0.000000000000000000e+00 1.000000000000000000e+00
-1.041104316711425781e+00 -2.336134910583496094e-01 0.000000000000000000e+00 0.000000000000000000e+00 1.000000000000000000e+00
-1.185310959815979004e+00 -2.513949871063232422e-01 0.000000000000000000e+00 0.000000000000000000e+00 1.000000000000000000e+00
-1.075655817985534668e+00 -2.164927124977111816e-01 0.000000000000000000e+00 0.000000000000000000e+00 1.000000000000000000e+00
-1.085695385932922363e+00 -2.154351472854614258e-01 0.000000000000000000e+00 0.000000000000000000e+00 1.000000000000000000e+00
-1.052115559577941895e+00 -2.231903076171875000e-01 0.000000000000000000e+00 0.000000000000000000e+00 1.000000000000000000e+00
-1.039764761924743652e+00 -2.248517870903015137e-01 0.000000000000000000e+00 0.000000000000000000e+00 1.000000000000000000e+00
-1.027918934822082520e+00 -2.165722846984863281e-01 0.000000000000000000e+00 0.000000000000000000e+00 1.000000000000000000e+00
-1.008533358573913574e+00 -2.410147786140441895e-01 0.000000000000000000e+00 0.000000000000000000e+00 1.000000000000000000e+00
-9.932591915130615234e-01 -2.497744560241699219e-01 0.000000000000000000e+00 0.000000000000000000e+00 1.000000000000000000e+00
-9.838323593139648438e-01 -2.511168718338012695e-01 0.000000000000000000e+00 0.000000000000000000e+00 1.000000000000000000e+00
-9.708861112594604492e-01 -2.523574829101562500e-01 0.000000000000000000e+00 0.000000000000000000e+00 1.000000000000000000e+00
-9.604300260543823242e-01 -2.488905191421508789e-01 0.000000000000000000e+00 0.000000000000000000e+00 1.000000000000000000e+00
0.000000000000000000e+00 0.000000000000000000e+00 0.000000000000000000e+00 0.000000000000000000e+00 0.000000000000000000e+00
0.000000000000000000e+00 0.000000000000000000e+00 0.000000000000000000e+00 0.000000000000000000e+00 0.000000000000000000e+00
0.000000000000000000e+00 0.000000000000000000e+00 0.000000000000000000e+00 0.000000000000000000e+00 0.000000000000000000e+00
0.000000000000000000e+00 0.000000000000000000e+00 0.000000000000000000e+00 0.000000000000000000e+00 0.000000000000000000e+00
0.000000000000000000e+00 0.000000000000000000e+00 0.000000000000000000e+00 0.000000000000000000e+00 0.000000000000000000e+00
0.000000000000000000e+00 0.000000000000000000e+00 0.000000000000000000e+00 0.000000000000000000e+00 0.000000000000000000e+00
0.000000000000000000e+00 0.000000000000000000e+00 0.000000000000000000e+00 0.000000000000000000e+00 0.000000000000000000e+00
0.000000000000000000e+00 0.000000000000000000e+00 0.000000000000000000e+00 0.000000000000000000e+00 0.000000000000000000e+00
0.000000000000000000e+00 0.000000000000000000e+00 0.000000000000000000e+00 0.000000000000000000e+00 0.000000000000000000e+00
0.000000000000000000e+00 0.000000000000000000e+00 0.000000000000000000e+00 0.000000000000000000e+00 0.000000000000000000e+00
0.000000000000000000e+00 0.000000000000000000e+00 0.000000000000000000e+00 0.000000000000000000e+00 0.000000000000000000e+00
0.000000000000000000e+00 0.000000000000000000e+00 0.000000000000000000e+00 0.000000000000000000e+00 0.000000000000000000e+00
0.000000000000000000e+00 0.000000000000000000e+00 0.000000000000000000e+00 0.000000000000000000e+00 0.000000000000000000e+00
0.000000000000000000e+00 0.000000000000000000e+00 0.000000000000000000e+00 0.000000000000000000e+00 0.000000000000000000e+00
0.000000000000000000e+00 0.000000000000000000e+00 0.000000000000000000e+00 0.000000000000000000e+00 0.000000000000000000e+00
0.000000000000000000e+00 0.000000000000000000e+00 0.000000000000000000e+00 0.000000000000000000e+00 0.000000000000000000e+00
0.000000000000000000e+00 0.000000000000000000e+00 0.000000000000000000e+00 0.000000000000000000e+00 0.000000000000000000e+00
0.000000000000000000e+00 0.000000000000000000e+00 0.000000000000000000e+00 0.000000000000000000e+00 0.000000000000000000e+00
0.000000000000000000e+00 0.000000000000000000e+00 0.000000000000000000e+00 0.000000000000000000e+00 0.000000000000000000e+00
0.000000000000000000e+00 0.000000000000000000e+00 0.000000000000000000e+00 0.000000000000000000e+00 0.000000000000000000e+00
0.000000000000000000e+00 0.000000000000000000e+00 0.000000000000000000e+00 0.000000000000000000e+00 0.000000000000000000e+00
0.000000000000000000e+00 0.000000000000000000e+00 0.000000000000000000e+00 0.000000000000000000e+00 0.000000000000000000e+00
0.000000000000000000e+00 0.000000000000000000e+00 0.000000000000000000e+00 0.000000000000000000e+00 0.000000000000000000e+00
0.000000000000000000e+00 0.000000000000000000e+00 0.000000000000000000e+00 0.000000000000000000e+00 0.000000000000000000e+00
0.000000000000000000e+00 0.000000000000000000e+00 0.000000000000000000e+00 0.000000000000000000e+00 0.000000000000000000e+00
0.000000000000000000e+00 0.000000000000000000e+00 0.000000000000000000e+00 0.000000000000000000e+00 0.000000000000000000e+00
0.000000000000000000e+00 0.000000000000000000e+00 0.000000000000000000e+00 0.000000000000000000e+00 0.000000000000000000e+00
0.000000000000000000e+00 0.000000000000000000e+00 0.000000000000000000e+00 0.000000000000000000e+00 0.000000000000000000e+00
0.000000000000000000e+00 0.000000000000000000e+00 0.000000000000000000e+00 0.000000000000000000e+00 0.000000000000000000e+00
0.000000000000000000e+00 0.000000000000000000e+00 0.000000000000000000e+00 0.000000000000000000e+00 0.000000000000000000e+00
0.000000000000000000e+00 0.000000000000000000e+00 0.000000000000000000e+00 0.000000000000000000e+00 0.000000000000000000e+00
0.000000000000000000e+00 0.000000000000000000e+00 0.000000000000000000e+00 0.000000000000000000e+00 0.000000000000000000e+00
0.000000000000000000e+00 0.000000000000000000e+00 0.000000000000000000e+00 0.000000000000000000e+00 0.000000000000000000e+00
0.000000000000000000e+00 0.000000000000000000e+00 0.000000000000000000e+00 0.000000000000000000e+00 0.000000000000000000e+00
0.000000000000000000e+00 0.000000000000000000e+00 0.000000000000000000e+00 0.000000000000000000e+00 0.000000000000000000e+00
0.000000000000000000e+00 0.000000000000000000e+00 0.000000000000000000e+00 0.000000000000000000e+00 0.000000000000000000e+00
0.000000000000000000e+00 0.000000000000000000e+00 0.000000000000000000e+00 0.000000000000000000e+00 0.000000000000000000e+00
0.000000000000000000e+00 0.000000000000000000e+00 0.000000000000000000e+00 0.000000000000000000e+00 0.000000000000000000e+00
0.000000000000000000e+00 0.000000000000000000e+00 0.000000000000000000e+00 0.000000000000000000e+00 0.000000000000000000e+00
0.000000000000000000e+00 0.000000000000000000e+00 0.000000000000000000e+00 0.000000000000000000e+00 0.000000000000000000e+00
0.000000000000000000e+00 0.000000000000000000e+00 0.000000000000000000e+00 0.000000000000000000e+00 0.000000000000000000e+00
0.000000000000000000e+00 0.000000000000000000e+00 0.000000000000000000e+00 0.000000000000000000e+00 0.000000000000000000e+00
0.000000000000000000e+00 0.000000000000000000e+00 0.000000000000000000e+00 0.000000000000000000e+00 0.000000000000000000e+00
0.000000000000000000e+00 0.000000000000000000e+00 0.000000000000000000e+00 0.000000000000000000e+00 0.000000000000000000e+00
0.000000000000000000e+00 0.000000000000000000e+00 0.000000000000000000e+00 0.000000000000000000e+00 0.000000000000000000e+00
0.000000000000000000e+00 0.000000000000000000e+00 0.000000000000000000e+00 0.000000000000000000e+00 0.000000000000000000e+00
0.000000000000000000e+00 0.000000000000000000e+00 0.000000000000000000e+00 0.000000000000000000e+00 0.000000000000000000e+00
0.000000000000000000e+00 0.000000000000000000e+00 0.000000000000000000e+00 0.000000000000000000e+00 0.000000000000000000e+00
0.000000000000000000e+00 0.000000000000000000e+00 0.000000000000000000e+00 0.000000000000000000e+00 0.000000000000000000e+00
0.000000000000000000e+00 0.000000000000000000e+00 0.000000000000000000e+00 0.000000000000000000e+00 0.000000000000000000e+00
0.000000000000000000e+00 0.000000000000000000e+00 0.000000000000000000e+00 0.000000000000000000e+00 0.000000000000000000e+00
0.000000000000000000e+00 0.000000000000000000e+00 0.000000000000000000e+00 0.000000000000000000e+00 0.000000000000000000e+00
0.000000000000000000e+00 0.000000000000000000e+00 0.000000000000000000e+00 0.000000000000000000e+00 0.000000000000000000e+00
0.000000000000000000e+00 0.000000000000000000e+00 0.000000000000000000e+00 0.000000000000000000e+00 0.000000000000000000e+00
0.000000000000000000e+00 0.000000000000000000e+00 0.000000000000000000e+00 0.000000000000000000e+00 0.000000000000000000e+00
0.000000000000000000e+00 0.000000000000000000e+00 0.000000000000000000e+00 0.000000000000000000e+00 0.000000000000000000e+00
0.000000000000000000e+00 0.000000000000000000e+00 0.000000000000000000e+00 0.000000000000000000e+00 0.000000000000000000e+00
0.000000000000000000e+00 0.000000000000000000e+00 0.000000000000000000e+00 0.000000000000000000e+00 0.000000000000000000e+00
0.000000000000000000e+00 0.000000000000000000e+00 0.000000000000000000e+00 0.000000000000000000e+00 0.000000000000000000e+00
0.000000000000000000e+00 0.000000000000000000e+00 0.000000000000000000e+00 0.000000000000000000e+00 0.000000000000000000e+00
0.000000000000000000e+00 0.000000000000000000e+00 0.000000000000000000e+00 0.000000000000000000e+00 0.000000000000000000e+00
0.000000000000000000e+00 0.000000000000000000e+00 0.000000000000000000e+00 0.000000000000000000e+00 0.000000000000000000e+00
