0.000000000000000000e+00 0.000000000000000000e+00 1.000000000000000000e+00 0.000000000000000000e+00 0.000000000000000000e+00
1.702645123004913330e-01 8.390332758426666260e-02 1.000000000000000000e+00 0.000000000000000000e+00 0.000000000000000000e+00
3.285612165927886963e-02 1.318596750497817993e-01 0.000000000000000000e+00 1.000000000000000000e+00 0.000000000000000000e+00
-3.366954326629638672e-01 6.559082865715026855e-01 1.000000000000000000e+00 0.000000000000000000e+00 0.000000000000000000e+00
1.829873323440551758e-01 7.592047005891799927e-02 1.000000000000000000e+00 0.000000000000000000e+00 0.000000000000000000e+00
3.844702243804931641e-02 1.461986005306243896e-01 0.000000000000000000e+00 1.000000000000000000e+00 0.000000000000000000e+00
-2.174626290798187256e-01 1.331761240959167480e+00 1.000000000000000000e+00 0.000000000000000000e+00 0.000000000000000000e+00
5.329450368881225586e-01 -7.131239771842956543e-01 1.000000000000000000e+00 0.000000000000000000e+00 0.000000000000000000e+00
2.075005024671554565e-01 -4.405729770660400391e-01 0.000000000000000000e+00 1.000000000000000000e+00 0.000000000000000000e+00
9.402877092361450195e-01 -1.952061414718627930e+00 1.000000000000000000e+00 0.000000000000000000e+00 0.000000000000000000e+00
8.314384818077087402e-01 -2.101690769195556641e-01 1.000000000000000000e+00 0.000000000000000000e+00 0.000000000000000000e+00
2.197930365800857544e-01 2.179864048957824707e-02 0.000000000000000000e+00 1.000000000000000000e+00 0.000000000000000000e+00
-1.593427538871765137e+00 1.000754594802856445e+00 1.000000000000000000e+00 0.000000000000000000e+00 0.000000000000000000e+00
-4.214568436145782471e-02 6.833363771438598633e-01 1.000000000000000000e+00 0.000000000000000000e+00 0.000000000000000000e+00
-7.167880237102508545e-02 1.557803303003311157e-01 0.000000000000000000e+00 1.000000000000000000e+00 0.000000000000000000e+00
5.039393305778503418e-01 -9.378026723861694336e-01 1.000000000000000000e+00 0.000000000000000000e+00 0.000000000000000000e+00
1.263152599334716797e+00 -2.071740776300430298e-01 1.000000000000000000e+00 0.000000000000000000e+00 0.000000000000000000e+00
7.125858664512634277e-01 7.740151137113571167e-02 1.000000000000000000e+00 0.000000000000000000e+00 0.000000000000000000e+00
3.546310588717460632e-02 2.486252933740615845e-01 1.000000000000000000e+00 0.000000000000000000e+00 0.000000000000000000e+00
-2.732548415660858154e-01 4.237678647041320801e-01 1.000000000000000000e+00 0.000000000000000000e+00 0.000000000000000000e+00
-2.182864844799041748e-01 1.793602705001831055e-01 1.000000000000000000e+00 0.000000000000000000e+00 0.000000000000000000e+00
-2.446546405553817749e-01 5.837965011596679688e-02 0.000000000000000000e+00 1.000000000000000000e+00 0.000000000000000000e+00
-4.426730573177337646e-01 -1.289087176322937012e+00 1.000000000000000000e+00 0.000000000000000000e+00 0.000000000000000000e+00
-5.787577480077743530e-02 1.021829724311828613e+00 1.000000000000000000e+00 0.000000000000000000e+00 0.000000000000000000e+00
-7.431315630674362183e-02 2.247835993766784668e-01 1.000000000000000000e+00 0.000000000000000000e+00 0.000000000000000000e+00
-1.257785409688949585e-01 1.103546544909477234e-01 0.000000000000000000e+00 1.000000000000000000e+00 0.000000000000000000e+00
-3.122619986534118652e-01 -4.521168172359466553e-01 1.000000000000000000e+00 0.000000000000000000e+00 0.000000000000000000e+00
2.606983184814453125e-01 6.031837314367294312e-02 1.000000000000000000e+00 0.000000000000000000e+00 0.000000000000000000e+00
2.172812819480895996e-04 1.018002033233642578e-01 0.000000000000000000e+00 1.000000000000000000e+00 0.000000000000000000e+00
-2.389694750308990479e-01 2.182201147079467773e-01 1.000000000000000000e+00 0.000000000000000000e+00 0.000000000000000000e+00
2.812845408916473389e-01 2.216727659106254578e-02 1.000000000000000000e+00 0.000000000000000000e+00 0.000000000000000000e+00
1.536080539226531982e-01 -7.287074625492095947e-02 0.000000000000000000e+00 1.000000000000000000e+00 0.000000000000000000e+00
7.463275194168090820e-01 -6.422250270843505859e-01 1.000000000000000000e+00 0.000000000000000000e+00 0.000000000000000000e+00
9.737758338451385498e-02 6.726089119911193848e-02 1.000000000000000000e+00 0.000000000000000000e+00 0.000000000000000000e+00
-7.840104401111602783e-03 9.451332688331604004e-02 0.000000000000000000e+00 1.000000000000000000e+00 0.000000000000000000e+00
-3.055655956268310547e-01 3.357448875904083252e-01 1.000000000000000000e+00 0.000000000000000000e+00 0.000000000000000000e+00
1.370227783918380737e-01 7.426377385854721069e-02 0.000000000000000000e+00 1.000000000000000000e+00 0.000000000000000000e+00
-1.506234884262084961e+00 7.001468539237976074e-01 1.000000000000000000e+00 0.000000000000000000e+00 0.000000000000000000e+00
1.020395040512084961e+00 -1.558405160903930664e-01 1.000000000000000000e+00 0.000000000000000000e+00 0.000000000000000000e+00
-1.065608143806457520e+00 7.641556262969970703e-01 1.000000000000000000e+00 0.000000000000000000e+00 0.000000000000000000e+00
-3.938241302967071533e-01 1.531378626823425293e-01 1.000000000000000000e+00 0.000000000000000000e+00 0.000000000000000000e+00
2.249750196933746338e-01 3.180978894233703613e-01 1.000000000000000000e+00 0.000000000000000000e+00 0.000000000000000000e+00
-7.211221847683191299e-03 3.227936625480651855e-01 0.000000000000000000e+00 1.000000000000000000e+00 0.000000000000000000e+00
3.949454128742218018e-01 -8.445577621459960938e-01 1.000000000000000000e+00 0.000000000000000000e+00 0.000000000000000000e+00
1.208047032356262207e+00 -1.806717664003372192e-01 1.000000000000000000e+00 0.000000000000000000e+00 0.000000000000000000e+00
7.800605893135070801e-01 9.179036319255828857e-02 1.000000000000000000e+00 0.000000000000000000e+00 0.000000000000000000e+00
4.098514094948768616e-02 2.440516203641891479e-01 1.000000000000000000e+00 0.000000000000000000e+00 0.000000000000000000e+00
-2.806799709796905518e-01 4.136582314968109131e-01 1.000000000000000000e+00 0.000000000000000000e+00 0.000000000000000000e+00
-2.403703182935714722e-01 1.847143769264221191e-01 1.000000000000000000e+00 0.000000000000000000e+00 0.000000000000000000e+00
-2.851656079292297363e-01 7.585778832435607910e-02 0.000000000000000000e+00 1.000000000000000000e+00 0.000000000000000000e+00
-6.087796688079833984e-01 -6.396484375000000000e-01 1.000000000000000000e+00 0.000000000000000000e+00 0.000000000000000000e+00
-1.124825254082679749e-01 6.026710867881774902e-01 1.000000000000000000e+00 0.000000000000000000e+00 0.000000000000000000e+00
3.627813607454299927e-02 5.312590301036834717e-02 0.000000000000000000e+00 1.000000000000000000e+00 0.000000000000000000e+00
6.201871633529663086e-01 -6.433120965957641602e-01 1.000000000000000000e+00 0.000000000000000000e+00 0.000000000000000000e+00
-1.196264177560806274e-01 1.036134243011474609e+00 1.000000000000000000e+00 0.000000000000000000e+00 0.000000000000000000e+00
-1.698904931545257568e-01 5.218163132667541504e-01 0.000000000000000000e+00 1.000000000000000000e+00 0.000000000000000000e+00
-9.106932878494262695e-01 -3.802379608154296875e+00 0.000000000000000000e+00 0.000000000000000000e+00 1.000000000000000000e+00
1.340763270854949951e-01 4.573880434036254883e-01 0.000000000000000000e+00 0.000000000000000000e+00 1.000000000000000000e+00
-1.672619223594665527e+00 -2.862002253532409668e-01 0.000000000000000000e+00 0.000000000000000000e+00 1.000000000000000000e+00
-1.020958781242370605e+00 -2.218610048294067383e-01 0.000000000000000000e+00 0.000000000000000000e+00 1.000000000000000000e+00
-1.228090643882751465e+00 -3.921743035316467285e-01 0.000000000000000000e+00 0.000000000000000000e+00 1.000000000000000000e+00
-1.086293101310729980e+00 -2.785046696662902832e-01 0.000000000000000000e+00 0.000000000000000000e+00 1.000000000000000000e+00
-1.123314142227172852e+00 -3.237815499305725098e-01 0.000000000000000000e+00 0.000000000000000000e+00 1.000000000000000000e+00
-1.075685381889343262e+00 -3.081465959548950195e-01 0.000000000000000000e+00 0.000000000000000000e+00 1.000000000000000000e+00
-1.071845889091491699e+00 -3.266612887382507324e-01 0.000000000000000000e+00 0.000000000000000000e+00 1.000000000000000000e+00
-1.050699353218078613e+00 -3.284979462623596191e-01 0.000000000000000000e+00 0.000000000000000000e+00 1.000000000000000000e+00
-1.039208769798278809e+00 -3.568585515022277832e-01 0.000000000000000000e+00 0.000000000000000000e+00 1.000000000000000000e+00
-1.025156378746032715e+00 -3.573558926582336426e-01 0.000000000000000000e+00 0.000000000000000000e+00 1.000000000000000000e+00
-1.017500042915344238e+00 -3.463115096092224121e-01 0.000000000000000000e+00 0.000000000000000000e+00 1.000000000000000000e+00
-1.008070826530456543e+00 -3.339126706123352051e-01 0.000000000000000000e+00 0.000000000000000000e+00 1.000000000000000000e+00
-9.988089799880981445e-01 -3.293686509132385254e-01 0.000000000000000000e+00 0.000000000000000000e+00 1.000000000000000000e+00
-9.906153678894042969e-01 -3.255875706672668457e-01 0.000000000000000000e+00 0.000000000000000000e+00 1.000000000000000000e+00
-9.827245473861694336e-01 -3.267325758934020996e-01 0.000000000000000000e+00 0.000000000000000000e+00 1.000000000000000000e+00
-9.736342430114746094e-01 -3.298016190528869629e-01 0.000000000000000000e+00 0.000000000000000000e+00 1.000000000000000000e+00
-9.627801179885864258e-01 -3.293690085411071777e-01 0.000000000000000000e+00 0.000000000000000000e+00 1.000000000000000000e+00
-9.519213438034057617e-01 -3.273891806602478027e-01 0.000000000000000000e+00 0.000000000000000000e+00 1.000000000000000000e+00
-9.437924623489379883e-01 -3.264518380165100098e-01 0.000000000000000000e+00 0.000000000000000000e+00 1.000000000000000000e+00
-9.379593133926391602e-01 -3.273541331291198730e-01 0.000000000000000000e+00 0.000000000000000000e+00 1.000000000000000000e+00
-9.340432882308959961e-01 -3.257932066917419434e-01 0.000000000000000000e+00 0.000000000000000000e+00 1.000000000000000000e+00
-9.315991401672363281e-01 -3.237112164497375488e-01 0.000000000000000000e+00 0.000000000000000000e+00 1.000000000000000000e+00
-9.299632310867309570e-01 -3.194151520729064941e-01 0.000000000000000000e+00 0.000000000000000000e+00 1.000000000000000000e+00
-9.271097183227539062e-01 -3.134401440620422363e-01 0.000000000000000000e+00 0.000000000000000000e+00 1.000000000000000000e+00
-9.205336570739746094e-01 -3.140335679054260254e-01 0.000000000000000000e+00 0.000000000000000000e+00 1.000000000000000000e+00
-9.129687547683715820e-01 -3.233470320701599121e-01 0.000000000000000000e+00 0.000000000000000000e+00 1.000000000000000000e+00
-9.087232351303100586e-01 -3.255700469017028809e-01 0.000000000000000000e+00 0.000000000000000000e+00 1.000000000000000000e+00
0.000000000000000000e+00 0.000000000000000000e+00 0.000000000000000000e+00 0.000000000000000000e+00 0.000000000000000000e+00
0.000000000000000000e+00 0.000000000000000000e+00 0.000000000000000000e+00 0.000000000000000000e+00 0.000000000000000000e+00
0.000000000000000000e+00 0.000000000000000000e+00 0.000000000000000000e+00 0.000000000000000000e+00 0.000000000000000000e+00
0.000000000000000000e+00 0.000000000000000000e+00 0.000000000000000000e+00 0.000000000000000000e+00 0.000000000000000000e+00
0.000000000000000000e+00 0.000000000000000000e+00 0.000000000000000000e+00 0.000000000000000000e+00 0.000000000000000000e+00
0.000000000000000000e+00 0.000000000000000000e+00 0.000000000000000000e+00 0.000000000000000000e+00 0.000000000000000000e+00
0.000000000000000000e+00 0.000000000000000000e+00 0.000000000000000000e+00 0.000000000000000000e+00 0.000000000000000000e+00
0.000000000000000000e+00 0.000000000000000000e+00 0.000000000000000000e+00 0.000000000000000000e+00 0.000000000000000000e+00
0.000000000000000000e+00 0.000000000000000000e+00 0.000000000000000000e+00 0.000000000000000000e+00 0.000000000000000000e+00
0.000000000000000000e+00 0.000000000000000000e+00 0.000000000000000000e+00 0.000000000000000000e+00 0.000000000000000000e+00
0.000000000000000000e+00 0.000000000000000000e+00 0.000000000000000000e+00 0.000000000000000000e+00 0.000000000000000000e+00
0.000000000000000000e+00 0.000000000000000000e+00 0.000000000000000000e+00 0.000000000000000000e+00 0.000000000000000000e+00
0.000000000000000000e+00 0.000000000000000000e+00 0.000000000000000000e+00 0.000000000000000000e+00 0.000000000000000000e+00
0.000000000000000000e+00 0.000000000000000000e+00 0.000000000000000000e+00 0.000000000000000000e+00 0.000000000000000000e+00
0.000000000000000000e+00 0.000000000000000000e+00 0.000000000000000000e+00 0.000000000000000000e+00 0.000000000000000000e+00
0.000000000000000000e+00 0.000000000000000000e+00 0.000000000000000000e+00 0.000000000000000000e+00 0.000000000000000000e+00
0.000000000000000000e+00 0.000000000000000000e+00 0.000000000000000000e+00 0.000000000000000000e+00 0.000000000000000000e+00
0.000000000000000000e+00 0.000000000000000000e+00 0.000000000000000000e+00 0.000000000000000000e+00 0.000000000000000000e+00
0.000000000000000000e+00 0.000000000000000000e+00 0.000000000000000000e+00 0.000000000000000000e+00 0.000000000000000000e+00
0.000000000000000000e+00 0.000000000000000000e+00 0.000000000000000000e+00 0.000000000000000000e+00 0.000000000000000000e+00
0.000000000000000000e+00 0.000000000000000000e+00 0.000000000000000000e+00 0.000000000000000000e+00 0.000000000000000000e+00
0.000000000000000000e+00 0.000000000000000000e+00 0.000000000000000000e+00 0.000000000000000000e+00 0.000000000000000000e+00
0.000000000000000000e+00 0.000000000000000000e+00 0.000000000000000000e+00 0.000000000000000000e+00 0.000000000000000000e+00
0.000000000000000000e+00 0.000000000000000000e+00 0.000000000000000000e+00 0.000000000000000000e+00 0.000000000000000000e+00
0.000000000000000000e+00 0.000000000000000000e+00 0.000000000000000000e+00 0.000000000000000000e+00 0.000000000000000000e+00
0.000000000000000000e+00 0.000000000000000000e+00 0.000000000000000000e+00 0.000000000000000000e+00 0.000000000000000000e+00
0.000000000000000000e+00 0.000000000000000000e+00 0.000000000000000000e+00 0.000000000000000000e+00 0.000000000000000000e+00
0.000000000000000000e+00 0.000000000000000000e+00 0.000000000000000000e+00 0.000000000000000000e+00 0.000000000000000000e+00
0.000000000000000000e+00 0.000000000000000000e+00 0.000000000000000000e+00 0.000000000000000000e+00 0.000000000000000000e+00
0.000000000000000000e+00 0.000000000000000000e+00 0.000000000000000000e+00 0.000000000000000000e+00 0.000000000000000000e+00
0.000000000000000000e+00 0.000000000000000000e+00 0.000000000000000000e+00 0.000000000000000000e+00 0.000000000000000000e+00
0.000000000000000000e+00 0.000000000000000000e+00 0.000000000000000000e+00 0.000000000000000000e+00 0.000000000000000000e+00
0.000000000000000000e+00 0.000000000000000000e+00 0.000000000000000000e+00 0.000000000000000000e+00 0.000000000000000000e+00
0.000000000000000000e+00 0.000000000000000000e+00 0.000000000000000000e+00 0.000000000000000000e+00 0.000000000000000000e+00
0.000000000000000000e+00 0.000000000000000000e+00 0.000000000000000000e+00 0.000000000000000000e+00 0.000000000000000000e+00
0.000000000000000000e+00 0.000000000000000000e+00 0.000000000000000000e+00 0.000000000000000000e+00 0.000000000000000000e+00
