0.000000000000000000e+00 0.000000000000000000e+00 1.000000000000000000e+00 0.000000000000000000e+00 0.000000000000000000e+00
3.492864072322845459e-01 3.226093053817749023e-01 1.000000000000000000e+00 0.000000000000000000e+00 0.000000000000000000e+00
2.976897358894348145e-02 1.958257406949996948e-01 0.000000000000000000e+00 1.000000000000000000e+00 0.000000000000000000e+00
-4.791484475135803223e-01 7.227717638015747070e-01 1.000000000000000000e+00 0.000000000000000000e+00 0.000000000000000000e+00
3.483638465404510498e-01 1.552122682332992554e-01 1.000000000000000000e+00 0.000000000000000000e+00 0.000000000000000000e+00
4.845911264419555664e-02 2.075498104095458984e-01 0.000000000000000000e+00 1.000000000000000000e+00 0.000000000000000000e+00
-3.860578835010528564e-01 1.712958335876464844e+00 1.000000000000000000e+00 0.000000000000000000e+00 0.000000000000000000e+00
6.820591688156127930e-01 -8.303220868110656738e-01 1.000000000000000000e+00 0.000000000000000000e+00 0.000000000000000000e+00
2.772458791732788086e-01 -5.393037796020507812e-01 0.000000000000000000e+00 1.000000000000000000e+00 0.000000000000000000e+00
9.841545224189758301e-01 -2.562458992004394531e+00 1.000000000000000000e+00 0.000000000000000000e+00 0.000000000000000000e+00
5.171665549278259277e-01 1.584339439868927002e-01 1.000000000000000000e+00 0.000000000000000000e+00 0.000000000000000000e+00
7.889739274978637695e-01 -2.596719264984130859e-01 0.000000000000000000e+00 1.000000000000000000e+00 0.000000000000000000e+00
3.855602741241455078e-01 -2.443991899490356445e-01 1.000000000000000000e+00 0.000000000000000000e+00 0.000000000000000000e+00
-1.497253179550170898e+00 1.002854824066162109e+00 1.000000000000000000e+00 0.000000000000000000e+00 0.000000000000000000e+00
1.112100362777709961e+00 -1.953215003013610840e-01 1.000000000000000000e+00 0.000000000000000000e+00 0.000000000000000000e+00
4.830598235130310059e-01 -2.116549313068389893e-01 1.000000000000000000e+00 0.000000000000000000e+00 0.000000000000000000e+00
1.240106672048568726e-01 -1.522849500179290771e-01 0.000000000000000000e+00 1.000000000000000000e+00 0.000000000000000000e+00
-6.867318153381347656e-01 -8.524886369705200195e-01 1.000000000000000000e+00 0.000000000000000000e+00 0.000000000000000000e+00
-7.770542800426483154e-02 1.380911469459533691e+00 1.000000000000000000e+00 0.000000000000000000e+00 0.000000000000000000e+00
-8.712771534919738770e-02 3.724686801433563232e-01 1.000000000000000000e+00 0.000000000000000000e+00 0.000000000000000000e+00
-1.206422522664070129e-01 1.921155899763107300e-01 0.000000000000000000e+00 1.000000000000000000e+00 0.000000000000000000e+00
-1.639868319034576416e-01 -5.066074132919311523e-01 1.000000000000000000e+00 0.000000000000000000e+00 0.000000000000000000e+00
-9.810194969177246094e-01 6.405916213989257812e-01 1.000000000000000000e+00 0.000000000000000000e+00 0.000000000000000000e+00
-1.160046085715293884e-02 -5.764485150575637817e-02 0.000000000000000000e+00 1.000000000000000000e+00 0.000000000000000000e+00
1.547687530517578125e+00 -5.669722557067871094e-01 1.000000000000000000e+00 0.000000000000000000e+00 0.000000000000000000e+00
3.223919272422790527e-01 7.630367577075958252e-02 1.000000000000000000e+00 0.000000000000000000e+00 0.000000000000000000e+00
1.735879033803939819e-01 1.779437363147735596e-01 0.000000000000000000e+00 1.000000000000000000e+00 0.000000000000000000e+00
-1.979163527488708496e+00 6.801956295967102051e-01 1.000000000000000000e+00 0.000000000000000000e+00 0.000000000000000000e+00
1.106239035725593567e-01 6.262771487236022949e-01 1.000000000000000000e+00 0.000000000000000000e+00 0.000000000000000000e+00
-4.176147282123565674e-02 1.496902555227279663e-01 0.000000000000000000e+00 1.000000000000000000e+00 0.000000000000000000e+00
4.815870225429534912e-01 -9.584031701087951660e-01 1.000000000000000000e+00 0.000000000000000000e+00 0.000000000000000000e+00
1.092252969741821289e+00 -1.785428524017333984e-01 1.000000000000000000e+00 0.000000000000000000e+00 0.000000000000000000e+00
3.928859531879425049e-01 5.633335933089256287e-02 1.000000000000000000e+00 0.000000000000000000e+00 0.000000000000000000e+00
-2.508181631565093994e-01 7.190006971359252930e-01 1.000000000000000000e+00 0.000000000000000000e+00 0.000000000000000000e+00
-1.739863008260726929e-01 2.261436581611633301e-01 0.000000000000000000e+00 1.000000000000000000e+00 0.000000000000000000e+00
-8.167563676834106445e-01 -3.560141921043395996e-01 1.000000000000000000e+00 0.000000000000000000e+00 0.000000000000000000e+00
4.906856119632720947e-01 -1.161934807896614075e-01 1.000000000000000000e+00 0.000000000000000000e+00 0.000000000000000000e+00
2.435269653797149658e-01 -1.731384843587875366e-01 0.000000000000000000e+00 1.000000000000000000e+00 0.000000000000000000e+00
-3.286765515804290771e-01 -4.870475828647613525e-02 1.000000000000000000e+00 0.000000000000000000e+00 0.000000000000000000e+00
-2.597822248935699463e-01 6.175836324691772461e-01 1.000000000000000000e+00 0.000000000000000000e+00 0.000000000000000000e+00
4.768669009208679199e-01 -9.495192766189575195e-02 0.000000000000000000e+00 1.000000000000000000e+00 0.000000000000000000e+00
-1.476766705513000488e+00 7.687246203422546387e-01 1.000000000000000000e+00 0.000000000000000000e+00 0.000000000000000000e+00
1.309323549270629883e+00 -1.880659759044647217e-01 1.000000000000000000e+00 0.000000000000000000e+00 0.000000000000000000e+00
5.627521276473999023e-01 -1.741136014461517334e-01 0.000000000000000000e+00 1.000000000000000000e+00 0.000000000000000000e+00
-1.038977384567260742e+00 -1.107868105173110962e-01 1.000000000000000000e+00 0.000000000000000000e+00 0.000000000000000000e+00
-9.340947121381759644e-02 6.330245733261108398e-01 1.000000000000000000e+00 0.000000000000000000e+00 0.000000000000000000e+00
4.288244992494583130e-02 1.075204685330390930e-01 0.000000000000000000e+00 1.000000000000000000e+00 0.000000000000000000e+00
7.588765621185302734e-01 -8.523800373077392578e-01 1.000000000000000000e+00 0.000000000000000000e+00 0.000000000000000000e+00
-6.041438579559326172e-01 8.165212869644165039e-01 1.000000000000000000e+00 0.000000000000000000e+00 0.000000000000000000e+00
-3.341676890850067139e-01 2.373065650463104248e-01 0.000000000000000000e+00 1.000000000000000000e+00 0.000000000000000000e+00
-4.440723359584808350e-01 3.381690382957458496e-02 1.000000000000000000e+00 0.000000000000000000e+00 0.000000000000000000e+00
1.112849593162536621e+00 -2.089760154485702515e-01 1.000000000000000000e+00 0.000000000000000000e+00 0.000000000000000000e+00
3.135487735271453857e-01 2.956165373325347900e-02 1.000000000000000000e+00 0.000000000000000000e+00 0.000000000000000000e+00
-1.124625921249389648e+00 8.425749540328979492e-01 0.000000000000000000e+00 1.000000000000000000e+00 0.000000000000000000e+00
1.366815447807312012e+00 -4.746624231338500977e-01 1.000000000000000000e+00 0.000000000000000000e+00 0.000000000000000000e+00
5.832773447036743164e-01 4.168618023395538330e-01 1.000000000000000000e+00 0.000000000000000000e+00 0.000000000000000000e+00
3.757335245609283447e-01 1.249214708805084229e-01 0.000000000000000000e+00 1.000000000000000000e+00 0.000000000000000000e+00
-1.919530391693115234e+00 -2.610978126525878906e+00 0.000000000000000000e+00 0.000000000000000000e+00 1.000000000000000000e+00
-2.478200793266296387e-01 1.563421010971069336e+00 0.000000000000000000e+00 0.000000000000000000e+00 1.000000000000000000e+00
-1.599860668182373047e+00 -3.435776829719543457e-01 0.000000000000000000e+00 0.000000000000000000e+00 1.000000000000000000e+00
-1.009461045265197754e+00 -2.790051698684692383e-01 0.000000000000000000e+00 0.000000000000000000e+00 1.000000000000000000e+00
-1.179438114166259766e+00 -5.266365408897399902e-01 0.000000000000000000e+00 0.000000000000000000e+00 1.000000000000000000e+00
-1.042411804199218750e+00 -2.996243834495544434e-01 0.000000000000000000e+00 0.000000000000000000e+00 1.000000000000000000e+00
-1.072345614433288574e+00 -3.789386153221130371e-01 0.000000000000000000e+00 0.000000000000000000e+00 1.000000000000000000e+00
-1.029413819313049316e+00 -3.309398293495178223e-01 0.000000000000000000e+00 0.000000000000000000e+00 1.000000000000000000e+00
-1.028240680694580078e+00 -3.392034173011779785e-01 0.000000000000000000e+00 0.000000000000000000e+00 1.000000000000000000e+00
-1.013437509536743164e+00 -3.242302536964416504e-01 0.000000000000000000e+00 0.000000000000000000e+00 1.000000000000000000e+00
-1.001974701881408691e+00 -3.348396420478820801e-01 0.000000000000000000e+00 0.000000000000000000e+00 1.000000000000000000e+00
-9.921844005584716797e-01 -3.189570307731628418e-01 0.000000000000000000e+00 0.000000000000000000e+00 1.000000000000000000e+00
0.000000000000000000e+00 0.000000000000000000e+00 0.000000000000000000e+00 0.000000000000000000e+00 0.000000000000000000e+00
0.000000000000000000e+00 0.000000000000000000e+00 0.000000000000000000e+00 0.000000000000000000e+00 0.000000000000000000e+00
0.000000000000000000e+00 0.000000000000000000e+00 0.000000000000000000e+00 0.000000000000000000e+00 0.000000000000000000e+00
0.000000000000000000e+00 0.000000000000000000e+00 0.000000000000000000e+00 0.000000000000000000e+00 0.000000000000000000e+00
0.000000000000000000e+00 0.000000000000000000e+00 0.000000000000000000e+00 0.000000000000000000e+00 0.000000000000000000e+00
0.000000000000000000e+00 0.000000000000000000e+00 0.000000000000000000e+00 0.000000000000000000e+00 0.000000000000000000e+00
0.000000000000000000e+00 0.000000000000000000e+00 0.000000000000000000e+00 0.000000000000000000e+00 0.000000000000000000e+00
0.000000000000000000e+00 0.000000000000000000e+00 0.000000000000000000e+00 0.000000000000000000e+00 0.000000000000000000e+00
0.000000000000000000e+00 0.000000000000000000e+00 0.000000000000000000e+00 0.000000000000000000e+00 0.000000000000000000e+00
0.000000000000000000e+00 0.000000000000000000e+00 0.000000000000000000e+00 0.000000000000000000e+00 0.000000000000000000e+00
0.000000000000000000e+00 0.000000000000000000e+00 0.000000000000000000e+00 0.000000000000000000e+00 0.000000000000000000e+00
0.000000000000000000e+00 0.000000000000000000e+00 0.000000000000000000e+00 0.000000000000000000e+00 0.000000000000000000e+00
0.000000000000000000e+00 0.000000000000000000e+00 0.000000000000000000e+00 0.000000000000000000e+00 0.000000000000000000e+00
0.000000000000000000e+00 0.000000000000000000e+00 0.000000000000000000e+00 0.000000000000000000e+00 0.000000000000000000e+00
0.000000000000000000e+00 0.000000000000000000e+00 0.000000000000000000e+00 0.000000000000000000e+00 0.000000000000000000e+00
0.000000000000000000e+00 0.000000000000000000e+00 0.000000000000000000e+00 0.000000000000000000e+00 0.000000000000000000e+00
0.000000000000000000e+00 0.000000000000000000e+00 0.000000000000000000e+00 0.000000000000000000e+00 0.000000000000000000e+00
0.000000000000000000e+00 0.000000000000000000e+00 0.000000000000000000e+00 0.000000000000000000e+00 0.000000000000000000e+00
0.000000000000000000e+00 0.000000000000000000e+00 0.000000000000000000e+00 0.000000000000000000e+00 0.000000000000000000e+00
0.000000000000000000e+00 0.000000000000000000e+00 0.000000000000000000e+00 0.000000000000000000e+00 0.000000000000000000e+00
0.000000000000000000e+00 0.000000000000000000e+00 0.000000000000000000e+00 0.000000000000000000e+00 0.000000000000000000e+00
0.000000000000000000e+00 0.000000000000000000e+00 0.000000000000000000e+00 0.000000000000000000e+00 0.000000000000000000e+00
0.000000000000000000e+00 0.000000000000000000e+00 0.000000000000000000e+00 0.000000000000000000e+00 0.000000000000000000e+00
0.000000000000000000e+00 0.000000000000000000e+00 0.000000000000000000e+00 0.000000000000000000e+00 0.000000000000000000e+00
0.000000000000000000e+00 0.000000000000000000e+00 0.000000000000000000e+00 0.000000000000000000e+00 0.000000000000000000e+00
0.000000000000000000e+00 0.000000000000000000e+00 0.000000000000000000e+00 0.000000000000000000e+00 0.000000000000000000e+00
0.000000000000000000e+00 0.000000000000000000e+00 0.000000000000000000e+00 0.000000000000000000e+00 0.000000000000000000e+00
0.000000000000000000e+00 0.000000000000000000e+00 0.000000000000000000e+00 0.000000000000000000e+00 0.000000000000000000e+00
0.000000000000000000e+00 0.000000000000000000e+00 0.000000000000000000e+00 0.000000000000000000e+00 0.000000000000000000e+00
0.000000000000000000e+00 0.000000000000000000e+00 0.000000000000000000e+00 0.000000000000000000e+00 0.000000000000000000e+00
0.000000000000000000e+00 0.000000000000000000e+00 0.000000000000000000e+00 0.000000000000000000e+00 0.000000000000000000e+00
0.000000000000000000e+00 0.000000000000000000e+00 0.000000000000000000e+00 0.000000000000000000e+00 0.000000000000000000e+00
0.000000000000000000e+00 0.000000000000000000e+00 0.000000000000000000e+00 0.000000000000000000e+00 0.000000000000000000e+00
0.000000000000000000e+00 0.000000000000000000e+00 0.000000000000000000e+00 0.000000000000000000e+00 0.000000000000000000e+00
0.000000000000000000e+00 0.000000000000000000e+00 0.000000000000000000e+00 0.000000000000000000e+00 0.000000000000000000e+00
0.000000000000000000e+00 0.000000000000000000e+00 0.000000000000000000e+00 0.000000000000000000e+00 0.000000000000000000e+00
0.000000000000000000e+00 0.000000000000000000e+00 0.000000000000000000e+00 0.000000000000000000e+00 0.000000000000000000e+00
0.000000000000000000e+00 0.000000000000000000e+00 0.000000000000000000e+00 0.000000000000000000e+00 0.000000000000000000e+00
0.000000000000000000e+00 0.000000000000000000e+00 0.000000000000000000e+00 0.000000000000000000e+00 0.000000000000000000e+00
0.000000000000000000e+00 0.000000000000000000e+00 0.000000000000000000e+00 0.000000000000000000e+00 0.000000000000000000e+00
0.000000000000000000e+00 0.000000000000000000e+00 0.000000000000000000e+00 0.000000000000000000e+00 0.000000000000000000e+00
0.000000000000000000e+00 0.000000000000000000e+00 0.000000000000000000e+00 0.000000000000000000e+00 0.000000000000000000e+00
0.000000000000000000e+00 0.000000000000000000e+00 0.000000000000000000e+00 0.000000000000000000e+00 0.000000000000000000e+00
0.000000000000000000e+00 0.000000000000000000e+00 0.000000000000000000e+00 0.000000000000000000e+00 0.000000000000000000e+00
0.000000000000000000e+00 0.000000000000000000e+00 0.000000000000000000e+00 0.000000000000000000e+00 0.000000000000000000e+00
0.000000000000000000e+00 0.000000000000000000e+00 0.000000000000000000e+00 0.000000000000000000e+00 0.000000000000000000e+00
0.000000000000000000e+00 0.000000000000000000e+00 0.000000000000000000e+00 0.000000000000000000e+00 0.000000000000000000e+00
0.000000000000000000e+00 0.000000000000000000e+00 0.000000000000000000e+00 0.000000000000000000e+00 0.000000000000000000e+00
0.000000000000000000e+00 0.000000000000000000e+00 0.000000000000000000e+00 0.000000000000000000e+00 0.000000000000000000e+00
0.000000000000000000e+00 0.000000000000000000e+00 0.000000000000000000e+00 0.000000000000000000e+00 0.000000000000000000e+00
0.000000000000000000e+00 0.000000000000000000e+00 0.000000000000000000e+00 0.000000000000000000e+00 0.000000000000000000e+00
0.000000000000000000e+00 0.000000000000000000e+00 0.000000000000000000e+00 0.000000000000000000e+00 0.000000000000000000e+00
