0.000000000000000000e+00 0.000000000000000000e+00 1.000000000000000000e+00 0.000000000000000000e+00 0.000000000000000000e+00
1.685364544391632080e-01 7.767204195261001587e-02 1.000000000000000000e+00 0.000000000000000000e+00 0.000000000000000000e+00
2.922004461288452148e-02 1.296755671501159668e-01 0.000000000000000000e+00 1.000000000000000000e+00 0.000000000000000000e+00
-3.571157455444335938e-01 6.457722187042236328e-01 1.000000000000000000e+00 0.000000000000000000e+00 0.000000000000000000e+00
1.810749173164367676e-01 7.046529650688171387e-02 1.000000000000000000e+00 0.000000000000000000e+00 0.000000000000000000e+00
3.684072196483612061e-02 1.370127797126770020e-01 0.000000000000000000e+00 1.000000000000000000e+00 0.000000000000000000e+00
-2.016362845897674561e-01 1.027338027954101562e+00 1.000000000000000000e+00 0.000000000000000000e+00 0.000000000000000000e+00
5.186048746109008789e-01 -6.330259442329406738e-01 1.000000000000000000e+00 0.000000000000000000e+00 0.000000000000000000e+00
2.206094712018966675e-01 -4.119521379470825195e-01 0.000000000000000000e+00 1.000000000000000000e+00 0.000000000000000000e+00
1.348950743675231934e+00 -2.119202613830566406e+00 1.000000000000000000e+00 0.000000000000000000e+00 0.000000000000000000e+00
-8.538514375686645508e-01 1.066329240798950195e+00 1.000000000000000000e+00 0.000000000000000000e+00 0.000000000000000000e+00
-2.877946496009826660e-01 2.562988102436065674e-01 0.000000000000000000e+00 1.000000000000000000e+00 0.000000000000000000e+00
1.240515232086181641e+00 -1.002596497535705566e+00 1.000000000000000000e+00 0.000000000000000000e+00 0.000000000000000000e+00
4.838300943374633789e-01 1.496389508247375488e-01 1.000000000000000000e+00 0.000000000000000000e+00 0.000000000000000000e+00
2.030703276395797729e-01 1.882982999086380005e-01 1.000000000000000000e+00 0.000000000000000000e+00 0.000000000000000000e+00
6.702534854412078857e-03 1.209051907062530518e-01 0.000000000000000000e+00 1.000000000000000000e+00 0.000000000000000000e+00
-1.218391418457031250e+00 2.480646669864654541e-01 1.000000000000000000e+00 0.000000000000000000e+00 0.000000000000000000e+00
6.948252916336059570e-01 -1.106981411576271057e-01 1.000000000000000000e+00 0.000000000000000000e+00 0.000000000000000000e+00
1.719787865877151489e-01 4.219056293368339539e-02 0.000000000000000000e+00 1.000000000000000000e+00 0.000000000000000000e+00
-1.386575937271118164e+00 6.909211874008178711e-01 1.000000000000000000e+00 0.000000000000000000e+00 0.000000000000000000e+00
-4.506498575210571289e-03 4.139344990253448486e-01 1.000000000000000000e+00 0.000000000000000000e+00 0.000000000000000000e+00
-5.600525438785552979e-02 1.039553880691528320e-01 0.000000000000000000e+00 1.000000000000000000e+00 0.000000000000000000e+00
3.787729144096374512e-01 -5.663197040557861328e-01 1.000000000000000000e+00 0.000000000000000000e+00 0.000000000000000000e+00
1.903150975704193115e-01 1.115375012159347534e-02 1.000000000000000000e+00 0.000000000000000000e+00 0.000000000000000000e+00
3.326754085719585419e-04 1.718076467514038086e-01 1.000000000000000000e+00 0.000000000000000000e+00 0.000000000000000000e+00
-2.052032947540283203e-01 2.811841964721679688e-01 1.000000000000000000e+00 0.000000000000000000e+00 0.000000000000000000e+00
3.731817603111267090e-01 -2.607492208480834961e-01 0.000000000000000000e+00 1.000000000000000000e+00 0.000000000000000000e+00
3.703085184097290039e-01 -2.466563284397125244e-01 1.000000000000000000e+00 0.000000000000000000e+00 0.000000000000000000e+00
-7.113120704889297485e-02 4.248378574848175049e-01 1.000000000000000000e+00 0.000000000000000000e+00 0.000000000000000000e+00
8.947141468524932861e-03 -6.300388276576995850e-02 0.000000000000000000e+00 1.000000000000000000e+00 0.000000000000000000e+00
3.477326035499572754e-01 -4.297469258308410645e-01 1.000000000000000000e+00 0.000000000000000000e+00 0.000000000000000000e+00
1.530447006225585938e-01 2.272101119160652161e-02 1.000000000000000000e+00 0.000000000000000000e+00 0.000000000000000000e+00
-2.311510965228080750e-02 1.862878650426864624e-01 1.000000000000000000e+00 0.000000000000000000e+00 0.000000000000000000e+00
-2.608648538589477539e-01 2.838019430637359619e-01 1.000000000000000000e+00 0.000000000000000000e+00 0.000000000000000000e+00
2.543580532073974609e-01 -1.308698952198028564e-01 0.000000000000000000e+00 1.000000000000000000e+00 0.000000000000000000e+00
5.071386098861694336e-01 -4.438703656196594238e-01 1.000000000000000000e+00 0.000000000000000000e+00 0.000000000000000000e+00
-1.292052567005157471e-01 5.558836460113525391e-01 1.000000000000000000e+00 0.000000000000000000e+00 0.000000000000000000e+00
-7.289885729551315308e-02 9.519462287425994873e-02 0.000000000000000000e+00 1.000000000000000000e+00 0.000000000000000000e+00
4.191870987415313721e-01 -7.646423578262329102e-01 1.000000000000000000e+00 0.000000000000000000e+00 0.000000000000000000e+00
1.815260946750640869e-01 2.349514886736869812e-02 1.000000000000000000e+00 0.000000000000000000e+00 0.000000000000000000e+00
1.358730345964431763e-02 2.012989372014999390e-01 1.000000000000000000e+00 0.000000000000000000e+00 0.000000000000000000e+00
-2.480710595846176147e-01 3.547408878803253174e-01 1.000000000000000000e+00 0.000000000000000000e+00 0.000000000000000000e+00
2.308843433856964111e-01 -7.043054699897766113e-02 0.000000000000000000e+00 1.000000000000000000e+00 0.000000000000000000e+00
-2.673787117004394531e+00 1.076989173889160156e+00 1.000000000000000000e+00 0.000000000000000000e+00 0.000000000000000000e+00
5.721040070056915283e-02 7.415882945060729980e-01 1.000000000000000000e+00 0.000000000000000000e+00 0.000000000000000000e+00
-4.484713450074195862e-02 1.854268461465835571e-01 0.000000000000000000e+00 1.000000000000000000e+00 0.000000000000000000e+00
4.309213161468505859e-01 -1.157939076423645020e+00 1.000000000000000000e+00 0.000000000000000000e+00 0.000000000000000000e+00
1.218704104423522949e+00 -2.042206674814224243e-01 1.000000000000000000e+00 0.000000000000000000e+00 0.000000000000000000e+00
7.535629272460937500e-01 8.521149307489395142e-02 1.000000000000000000e+00 0.000000000000000000e+00 0.000000000000000000e+00
8.172974735498428345e-02 3.325434923171997070e-01 1.000000000000000000e+00 0.000000000000000000e+00 0.000000000000000000e+00
-1.064000502228736877e-01 5.244936943054199219e-01 1.000000000000000000e+00 0.000000000000000000e+00 0.000000000000000000e+00
-1.112194210290908813e-01 2.210013866424560547e-01 1.000000000000000000e+00 0.000000000000000000e+00 0.000000000000000000e+00
-1.761045753955841064e-01 1.538257002830505371e-01 0.000000000000000000e+00 1.000000000000000000e+00 0.000000000000000000e+00
-1.406958341598510742e+00 -7.234700322151184082e-01 1.000000000000000000e+00 0.000000000000000000e+00 0.000000000000000000e+00
7.902985811233520508e-01 -9.696228802204132080e-02 1.000000000000000000e+00 0.000000000000000000e+00 0.000000000000000000e+00
3.485314548015594482e-01 -1.316660046577453613e-01 0.000000000000000000e+00 1.000000000000000000e+00 0.000000000000000000e+00
-7.477999925613403320e-01 -6.875507533550262451e-02 1.000000000000000000e+00 0.000000000000000000e+00 0.000000000000000000e+00
-1.069251298904418945e-01 6.693060994148254395e-01 1.000000000000000000e+00 0.000000000000000000e+00 0.000000000000000000e+00
3.340417891740798950e-02 8.413614332675933838e-02 0.000000000000000000e+00 1.000000000000000000e+00 0.000000000000000000e+00
6.450628042221069336e-01 -8.997790813446044922e-01 1.000000000000000000e+00 0.000000000000000000e+00 0.000000000000000000e+00
-1.573560833930969238e-01 1.096745252609252930e+00 1.000000000000000000e+00 0.000000000000000000e+00 0.000000000000000000e+00
-1.240351721644401550e-01 3.144280314445495605e-01 0.000000000000000000e+00 1.000000000000000000e+00 0.000000000000000000e+00
-1.162466406822204590e+00 -3.033804178237915039e+00 0.000000000000000000e+00 0.000000000000000000e+00 1.000000000000000000e+00
-2.982678413391113281e-01 1.470479249954223633e+00 0.000000000000000000e+00 0.000000000000000000e+00 1.000000000000000000e+00
-1.970051169395446777e+00 -1.407618522644042969e-01 0.000000000000000000e+00 0.000000000000000000e+00 1.000000000000000000e+00
0.000000000000000000e+00 0.000000000000000000e+00 0.000000000000000000e+00 0.000000000000000000e+00 0.000000000000000000e+00
0.000000000000000000e+00 0.000000000000000000e+00 0.000000000000000000e+00 0.000000000000000000e+00 0.000000000000000000e+00
0.000000000000000000e+00 0.000000000000000000e+00 0.000000000000000000e+00 0.000000000000000000e+00 0.000000000000000000e+00
0.000000000000000000e+00 0.000000000000000000e+00 0.000000000000000000e+00 0.000000000000000000e+00 0.000000000000000000e+00
0.000000000000000000e+00 0.000000000000000000e+00 0.000000000000000000e+00 0.000000000000000000e+00 0.000000000000000000e+00
0.000000000000000000e+00 0.000000000000000000e+00 0.000000000000000000e+00 0.000000000000000000e+00 0.000000000000000000e+00
0.000000000000000000e+00 0.000000000000000000e+00 0.000000000000000000e+00 0.000000000000000000e+00 0.000000000000000000e+00
0.000000000000000000e+00 0.000000000000000000e+00 0.000000000000000000e+00 0.000000000000000000e+00 0.000000000000000000e+00
0.000000000000000000e+00 0.000000000000000000e+00 0.000000000000000000e+00 0.000000000000000000e+00 0.000000000000000000e+00
0.000000000000000000e+00 0.000000000000000000e+00 0.000000000000000000e+00 0.000000000000000000e+00 0.000000000000000000e+00
0.000000000000000000e+00 0.000000000000000000e+00 0.000000000000000000e+00 0.000000000000000000e+00 0.000000000000000000e+00
0.000000000000000000e+00 0.000000000000000000e+00 0.000000000000000000e+00 0.000000000000000000e+00 0.000000000000000000e+00
0.000000000000000000e+00 0.000000000000000000e+00 0.000000000000000000e+00 0.000000000000000000e+00 0.000000000000000000e+00
0.000000000000000000e+00 0.000000000000000000e+00 0.000000000000000000e+00 0.000000000000000000e+00 0.000000000000000000e+00
0.000000000000000000e+00 0.000000000000000000e+00 0.000000000000000000e+00 0.000000000000000000e+00 0.000000000000000000e+00
0.000000000000000000e+00 0.000000000000000000e+00 0.000000000000000000e+00 0.000000000000000000e+00 0.000000000000000000e+00
0.000000000000000000e+00 0.000000000000000000e+00 0.000000000000000000e+00 0.000000000000000000e+00 0.000000000000000000e+00
0.000000000000000000e+00 0.000000000000000000e+00 0.000000000000000000e+00 0.000000000000000000e+00 0.000000000000000000e+00
0.000000000000000000e+00 0.000000000000000000e+00 0.000000000000000000e+00 0.000000000000000000e+00 0.000000000000000000e+00
0.000000000000000000e+00 0.000000000000000000e+00 0.000000000000000000e+00 0.000000000000000000e+00 0.000000000000000000e+00
0.000000000000000000e+00 0.000000000000000000e+00 0.000000000000000000e+00 0.000000000000000000e+00 0.000000000000000000e+00
0.000000000000000000e+00 0.000000000000000000e+00 0.000000000000000000e+00 0.000000000000000000e+00 0.000000000000000000e+00
0.000000000000000000e+00 0.000000000000000000e+00 0.000000000000000000e+00 0.000000000000000000e+00 0.000000000000000000e+00
0.000000000000000000e+00 0.000000000000000000e+00 0.000000000000000000e+00 0.000000000000000000e+00 0.000000000000000000e+00
0.000000000000000000e+00 0.000000000000000000e+00 0.000000000000000000e+00 0.000000000000000000e+00 0.000000000000000000e+00
0.000000000000000000e+00 0.000000000000000000e+00 0.000000000000000000e+00 0.000000000000000000e+00 0.000000000000000000e+00
0.000000000000000000e+00 0.000000000000000000e+00 0.000000000000000000e+00 0.000000000000000000e+00 0.000000000000000000e+00
0.000000000000000000e+00 0.000000000000000000e+00 0.000000000000000000e+00 0.000000000000000000e+00 0.000000000000000000e+00
0.000000000000000000e+00 0.000000000000000000e+00 0.000000000000000000e+00 0.000000000000000000e+00 0.000000000000000000e+00
0.000000000000000000e+00 0.000000000000000000e+00 0.000000000000000000e+00 0.000000000000000000e+00 0.000000000000000000e+00
0.000000000000000000e+00 0.000000000000000000e+00 0.000000000000000000e+00 0.000000000000000000e+00 0.000000000000000000e+00
0.000000000000000000e+00 0.000000000000000000e+00 0.000000000000000000e+00 0.000000000000000000e+00 0.000000000000000000e+00
0.000000000000000000e+00 0.000000000000000000e+00 0.000000000000000000e+00 0.000000000000000000e+00 0.000000000000000000e+00
0.000000000000000000e+00 0.000000000000000000e+00 0.000000000000000000e+00 0.000000000000000000e+00 0.000000000000000000e+00
0.000000000000000000e+00 0.000000000000000000e+00 0.000000000000000000e+00 0.000000000000000000e+00 0.000000000000000000e+00
0.000000000000000000e+00 0.000000000000000000e+00 0.000000000000000000e+00 0.000000000000000000e+00 0.000000000000000000e+00
0.000000000000000000e+00 0.000000000000000000e+00 0.000000000000000000e+00 0.000000000000000000e+00 0.000000000000000000e+00
0.000000000000000000e+00 0.000000000000000000e+00 0.000000000000000000e+00 0.000000000000000000e+00 0.000000000000000000e+00
0.000000000000000000e+00 0.000000000000000000e+00 0.000000000000000000e+00 0.000000000000000000e+00 0.000000000000000000e+00
0.000000000000000000e+00 0.000000000000000000e+00 0.000000000000000000e+00 0.000000000000000000e+00 0.000000000000000000e+00
0.000000000000000000e+00 0.000000000000000000e+00 0.000000000000000000e+00 0.000000000000000000e+00 0.000000000000000000e+00
0.000000000000000000e+00 0.000000000000000000e+00 0.000000000000000000e+00 0.000000000000000000e+00 0.000000000000000000e+00
0.000000000000000000e+00 0.000000000000000000e+00 0.000000000000000000e+00 0.000000000000000000e+00 0.000000000000000000e+00
0.000000000000000000e+00 0.000000000000000000e+00 0.000000000000000000e+00 0.000000000000000000e+00 0.000000000000000000e+00
0.000000000000000000e+00 0.000000000000000000e+00 0.000000000000000000e+00 0.000000000000000000e+00 0.000000000000000000e+00
0.000000000000000000e+00 0.000000000000000000e+00 0.000000000000000000e+00 0.000000000000000000e+00 0.000000000000000000e+00
0.000000000000000000e+00 0.000000000000000000e+00 0.000000000000000000e+00 0.000000000000000000e+00 0.000000000000000000e+00
0.000000000000000000e+00 0.000000000000000000e+00 0.000000000000000000e+00 0.000000000000000000e+00 0.000000000000000000e+00
0.000000000000000000e+00 0.000000000000000000e+00 0.000000000000000000e+00 0.000000000000000000e+00 0.000000000000000000e+00
0.000000000000000000e+00 0.000000000000000000e+00 0.000000000000000000e+00 0.000000000000000000e+00 0.000000000000000000e+00
0.000000000000000000e+00 0.000000000000000000e+00 0.000000000000000000e+00 0.000000000000000000e+00 0.000000000000000000e+00
0.000000000000000000e+00 0.000000000000000000e+00 0.000000000000000000e+00 0.000000000000000000e+00 0.000000000000000000e+00
0.000000000000000000e+00 0.000000000000000000e+00 0.000000000000000000e+00 0.000000000000000000e+00 0.000000000000000000e+00
0.000000000000000000e+00 0.000000000000000000e+00 0.000000000000000000e+00 0.000000000000000000e+00 0.000000000000000000e+00
0.000000000000000000e+00 0.000000000000000000e+00 0.000000000000000000e+00 0.000000000000000000e+00 0.000000000000000000e+00
0.000000000000000000e+00 0.000000000000000000e+00 0.000000000000000000e+00 0.000000000000000000e+00 0.000000000000000000e+00
