0.000000000000000000e+00 0.000000000000000000e+00 1.000000000000000000e+00 0.000000000000000000e+00 0.000000000000000000e+00
-1.345321774482727051e+00 1.470089912414550781e+00 1.000000000000000000e+00 0.000000000000000000e+00 0.000000000000000000e+00
1.378485202789306641e+00 -1.683255732059478760e-01 1.000000000000000000e+00 0.000000000000000000e+00 0.000000000000000000e+00
1.053033351898193359e+00 -4.548074007034301758e-01 1.000000000000000000e+00 0.000000000000000000e+00 0.000000000000000000e+00
-1.106674075126647949e-01 7.580178380012512207e-01 1.000000000000000000e+00 0.000000000000000000e+00 0.000000000000000000e+00
-2.117986232042312622e-01 3.645537495613098145e-01 0.000000000000000000e+00 1.000000000000000000e+00 0.000000000000000000e+00
-2.357665300369262695e+00 8.084719181060791016e-01 1.000000000000000000e+00 0.000000000000000000e+00 0.000000000000000000e+00
5.907697975635528564e-02 8.253696560859680176e-01 1.000000000000000000e+00 0.000000000000000000e+00 0.000000000000000000e+00
-1.069591343402862549e-01 3.367713987827301025e-01 0.000000000000000000e+00 1.000000000000000000e+00 0.000000000000000000e+00
8.499138355255126953e-01 -1.100538253784179688e+00 1.000000000000000000e+00 0.000000000000000000e+00 0.000000000000000000e+00
1.054413437843322754e+00 -9.680683910846710205e-02 1.000000000000000000e+00 0.000000000000000000e+00 0.000000000000000000e+00
2.901288568973541260e-01 1.251792311668395996e-01 1.000000000000000000e+00 0.000000000000000000e+00 0.000000000000000000e+00
-8.960000276565551758e-01 8.369703292846679688e-01 1.000000000000000000e+00 0.000000000000000000e+00 0.000000000000000000e+00
-4.656163752079010010e-01 2.055856585502624512e-01 1.000000000000000000e+00 0.000000000000000000e+00 0.000000000000000000e+00
8.420495986938476562e-01 -2.406980097293853760e-01 0.000000000000000000e+00 1.000000000000000000e+00 0.000000000000000000e+00
-2.181640386581420898e+00 1.189042091369628906e+00 1.000000000000000000e+00 0.000000000000000000e+00 0.000000000000000000e+00
7.523057460784912109e-01 3.838710188865661621e-01 1.000000000000000000e+00 0.000000000000000000e+00 0.000000000000000000e+00
4.988839328289031982e-01 3.517003357410430908e-02 0.000000000000000000e+00 1.000000000000000000e+00 0.000000000000000000e+00
7.362689971923828125e-01 -1.001501560211181641e+00 1.000000000000000000e+00 0.000000000000000000e+00 0.000000000000000000e+00
-1.197383880615234375e+00 1.682036042213439941e+00 1.000000000000000000e+00 0.000000000000000000e+00 0.000000000000000000e+00
-8.458152413368225098e-01 7.375582456588745117e-01 1.000000000000000000e+00 0.000000000000000000e+00 0.000000000000000000e+00
-4.589945375919342041e-01 1.990981101989746094e-01 1.000000000000000000e+00 0.000000000000000000e+00 0.000000000000000000e+00
-1.385017186403274536e-01 -1.198499500751495361e-01 0.000000000000000000e+00 1.000000000000000000e+00 0.000000000000000000e+00
3.327555179595947266e+00 -2.025994539260864258e+00 1.000000000000000000e+00 0.000000000000000000e+00 0.000000000000000000e+00
-8.019849061965942383e-01 7.770522236824035645e-01 1.000000000000000000e+00 0.000000000000000000e+00 0.000000000000000000e+00
-3.170084208250045776e-02 2.680876851081848145e-01 1.000000000000000000e+00 0.000000000000000000e+00 0.000000000000000000e+00
1.308299660682678223e+00 7.479985952377319336e-01 1.000000000000000000e+00 0.000000000000000000e+00 0.000000000000000000e+00
7.383545637130737305e-01 1.985872387886047363e-01 1.000000000000000000e+00 0.000000000000000000e+00 0.000000000000000000e+00
8.333667516708374023e-01 9.771883487701416016e-04 0.000000000000000000e+00 1.000000000000000000e+00 0.000000000000000000e+00
-2.357036113739013672e+00 -3.241564989089965820e+00 0.000000000000000000e+00 0.000000000000000000e+00 1.000000000000000000e+00
-5.958405733108520508e-01 1.516886949539184570e+00 0.000000000000000000e+00 0.000000000000000000e+00 1.000000000000000000e+00
-1.095490574836730957e+00 -6.332831978797912598e-01 0.000000000000000000e+00 0.000000000000000000e+00 1.000000000000000000e+00
-9.038912057876586914e-01 -5.388500094413757324e-01 0.000000000000000000e+00 0.000000000000000000e+00 1.000000000000000000e+00
-8.972389698028564453e-01 -3.573685288429260254e-01 0.000000000000000000e+00 0.000000000000000000e+00 1.000000000000000000e+00
-8.779684305191040039e-01 -3.135548233985900879e-01 0.000000000000000000e+00 0.000000000000000000e+00 1.000000000000000000e+00
-8.676438331604003906e-01 -3.004223704338073730e-01 0.000000000000000000e+00 0.000000000000000000e+00 1.000000000000000000e+00
-8.602708578109741211e-01 -2.823046445846557617e-01 0.000000000000000000e+00 0.000000000000000000e+00 1.000000000000000000e+00
-8.665037155151367188e-01 -2.688711285591125488e-01 0.000000000000000000e+00 0.000000000000000000e+00 1.000000000000000000e+00
-8.694760799407958984e-01 -2.566407322883605957e-01 0.000000000000000000e+00 0.000000000000000000e+00 1.000000000000000000e+00
-8.307362794876098633e-01 -2.887099981307983398e-01 0.000000000000000000e+00 0.000000000000000000e+00 1.000000000000000000e+00
-8.071409463882446289e-01 -2.930324673652648926e-01 0.000000000000000000e+00 0.000000000000000000e+00 1.000000000000000000e+00
-7.925097942352294922e-01 -2.899369001388549805e-01 0.000000000000000000e+00 0.000000000000000000e+00 1.000000000000000000e+00
-7.885018587112426758e-01 -2.761664390563964844e-01 0.000000000000000000e+00 0.000000000000000000e+00 1.000000000000000000e+00
-7.865685224533081055e-01 -2.583903670310974121e-01 0.000000000000000000e+00 0.000000000000000000e+00 1.000000000000000000e+00
-7.813832759857177734e-01 -2.474018335342407227e-01 0.000000000000000000e+00 0.000000000000000000e+00 1.000000000000000000e+00
-7.719500064849853516e-01 -2.475743889808654785e-01 0.000000000000000000e+00 0.000000000000000000e+00 1.000000000000000000e+00
-7.581695318222045898e-01 -2.564100623130798340e-01 0.000000000000000000e+00 0.000000000000000000e+00 1.000000000000000000e+00
-7.469847202301025391e-01 -2.655749917030334473e-01 0.000000000000000000e+00 0.000000000000000000e+00 1.000000000000000000e+00
-7.418318986892700195e-01 -2.708128094673156738e-01 0.000000000000000000e+00 0.000000000000000000e+00 1.000000000000000000e+00
-7.424089908599853516e-01 -2.629732489585876465e-01 0.000000000000000000e+00 0.000000000000000000e+00 1.000000000000000000e+00
-7.451518774032592773e-01 -2.491233944892883301e-01 0.000000000000000000e+00 0.000000000000000000e+00 1.000000000000000000e+00
-7.458943128585815430e-01 -2.389028072357177734e-01 0.000000000000000000e+00 0.000000000000000000e+00 1.000000000000000000e+00
-7.428010702133178711e-01 -2.379916310310363770e-01 0.000000000000000000e+00 0.000000000000000000e+00 1.000000000000000000e+00
-7.385493516921997070e-01 -2.432278990745544434e-01 0.000000000000000000e+00 0.000000000000000000e+00 1.000000000000000000e+00
-7.356359958648681641e-01 -2.488194108009338379e-01 0.000000000000000000e+00 0.000000000000000000e+00 1.000000000000000000e+00
-7.356381416320800781e-01 -2.489317059516906738e-01 0.000000000000000000e+00 0.000000000000000000e+00 1.000000000000000000e+00
-7.361305952072143555e-01 -2.432946562767028809e-01 0.000000000000000000e+00 0.000000000000000000e+00 1.000000000000000000e+00
-7.330156564712524414e-01 -2.384137511253356934e-01 0.000000000000000000e+00 0.000000000000000000e+00 1.000000000000000000e+00
-7.245180606842041016e-01 -2.435232996940612793e-01 0.000000000000000000e+00 0.000000000000000000e+00 1.000000000000000000e+00
-7.135411500930786133e-01 -2.545440793037414551e-01 0.000000000000000000e+00 0.000000000000000000e+00 1.000000000000000000e+00
-7.063355445861816406e-01 -2.603611946105957031e-01 0.000000000000000000e+00 0.000000000000000000e+00 1.000000000000000000e+00
-7.021460533142089844e-01 -2.597700357437133789e-01 0.000000000000000000e+00 0.000000000000000000e+00 1.000000000000000000e+00
-7.002049088478088379e-01 -2.523020505905151367e-01 0.000000000000000000e+00 0.000000000000000000e+00 1.000000000000000000e+00
-7.005804181098937988e-01 -2.388103008270263672e-01 0.000000000000000000e+00 0.000000000000000000e+00 1.000000000000000000e+00
-6.988451480865478516e-01 -2.298493981361389160e-01 0.000000000000000000e+00 0.000000000000000000e+00 1.000000000000000000e+00
-6.936402320861816406e-01 -2.328929901123046875e-01 0.000000000000000000e+00 0.000000000000000000e+00 1.000000000000000000e+00
-6.884443759918212891e-01 -2.403625249862670898e-01 0.000000000000000000e+00 0.000000000000000000e+00 1.000000000000000000e+00
-6.848826408386230469e-01 -2.443089485168457031e-01 0.000000000000000000e+00 0.000000000000000000e+00 1.000000000000000000e+00
-6.817072629928588867e-01 -2.435749769210815430e-01 0.000000000000000000e+00 0.000000000000000000e+00 1.000000000000000000e+00
-6.814074516296386719e-01 -2.338132858276367188e-01 0.000000000000000000e+00 0.000000000000000000e+00 1.000000000000000000e+00
-6.819715499877929688e-01 -2.217795252799987793e-01 0.000000000000000000e+00 0.000000000000000000e+00 1.000000000000000000e+00
-6.781399250030517578e-01 -2.214732766151428223e-01 0.000000000000000000e+00 0.000000000000000000e+00 1.000000000000000000e+00
-6.716344356536865234e-01 -2.316226363182067871e-01 0.000000000000000000e+00 0.000000000000000000e+00 1.000000000000000000e+00
-6.671515107154846191e-01 -2.406674027442932129e-01 0.000000000000000000e+00 0.000000000000000000e+00 1.000000000000000000e+00
-6.621875762939453125e-01 -2.477719187736511230e-01 0.000000000000000000e+00 0.000000000000000000e+00 1.000000000000000000e+00
-6.555136442184448242e-01 -2.502575516700744629e-01 0.000000000000000000e+00 0.000000000000000000e+00 1.000000000000000000e+00
-6.523913741111755371e-01 -2.395057678222656250e-01 0.000000000000000000e+00 0.000000000000000000e+00 1.000000000000000000e+00
-6.502236723899841309e-01 -2.261152863502502441e-01 0.000000000000000000e+00 0.000000000000000000e+00 1.000000000000000000e+00
-6.461192369461059570e-01 -2.226546406745910645e-01 0.000000000000000000e+00 0.000000000000000000e+00 1.000000000000000000e+00
-6.460614204406738281e-01 -2.189223170280456543e-01 0.000000000000000000e+00 0.000000000000000000e+00 1.000000000000000000e+00
-6.514051556587219238e-01 -2.136468291282653809e-01 0.000000000000000000e+00 0.000000000000000000e+00 1.000000000000000000e+00
-6.558907032012939453e-01 -2.160186171531677246e-01 0.000000000000000000e+00 0.000000000000000000e+00 1.000000000000000000e+00
-6.530799865722656250e-01 -2.279487848281860352e-01 0.000000000000000000e+00 0.000000000000000000e+00 1.000000000000000000e+00
-6.456687450408935547e-01 -2.357048392295837402e-01 0.000000000000000000e+00 0.000000000000000000e+00 1.000000000000000000e+00
-6.385524272918701172e-01 -2.362837195396423340e-01 0.000000000000000000e+00 0.000000000000000000e+00 1.000000000000000000e+00
-6.301169395446777344e-01 -2.367172241210937500e-01 0.000000000000000000e+00 0.000000000000000000e+00 1.000000000000000000e+00
-6.271082162857055664e-01 -2.270783782005310059e-01 0.000000000000000000e+00 0.000000000000000000e+00 1.000000000000000000e+00
-6.298558115959167480e-01 -2.088693380355834961e-01 0.000000000000000000e+00 0.000000000000000000e+00 1.000000000000000000e+00
-6.332005262374877930e-01 -1.970045566558837891e-01 0.000000000000000000e+00 0.000000000000000000e+00 1.000000000000000000e+00
-6.348369121551513672e-01 -1.950193643569946289e-01 0.000000000000000000e+00 0.000000000000000000e+00 1.000000000000000000e+00
-6.337577700614929199e-01 -2.022891640663146973e-01 0.000000000000000000e+00 0.000000000000000000e+00 1.000000000000000000e+00
-6.279662847518920898e-01 -2.190542221069335938e-01 0.000000000000000000e+00 0.000000000000000000e+00 1.000000000000000000e+00
-6.213746070861816406e-01 -2.341035604476928711e-01 0.000000000000000000e+00 0.000000000000000000e+00 1.000000000000000000e+00
-6.196118593215942383e-01 -2.355170845985412598e-01 0.000000000000000000e+00 0.000000000000000000e+00 1.000000000000000000e+00
-6.209807395935058594e-01 -2.290599346160888672e-01 0.000000000000000000e+00 0.000000000000000000e+00 1.000000000000000000e+00
-6.233102083206176758e-01 -2.189081907272338867e-01 0.000000000000000000e+00 0.000000000000000000e+00 1.000000000000000000e+00
-6.258507370948791504e-01 -2.060111761093139648e-01 0.000000000000000000e+00 0.000000000000000000e+00 1.000000000000000000e+00
-6.256420612335205078e-01 -2.012664079666137695e-01 0.000000000000000000e+00 0.000000000000000000e+00 1.000000000000000000e+00
-6.211133003234863281e-01 -2.078946828842163086e-01 0.000000000000000000e+00 0.000000000000000000e+00 1.000000000000000000e+00
0.000000000000000000e+00 0.000000000000000000e+00 0.000000000000000000e+00 0.000000000000000000e+00 0.000000000000000000e+00
0.000000000000000000e+00 0.000000000000000000e+00 0.000000000000000000e+00 0.000000000000000000e+00 0.000000000000000000e+00
0.000000000000000000e+00 0.000000000000000000e+00 0.000000000000000000e+00 0.000000000000000000e+00 0.000000000000000000e+00
0.000000000000000000e+00 0.000000000000000000e+00 0.000000000000000000e+00 0.000000000000000000e+00 0.000000000000000000e+00
0.000000000000000000e+00 0.000000000000000000e+00 0.000000000000000000e+00 0.000000000000000000e+00 0.000000000000000000e+00
0.000000000000000000e+00 0.000000000000000000e+00 0.000000000000000000e+00 0.000000000000000000e+00 0.000000000000000000e+00
0.000000000000000000e+00 0.000000000000000000e+00 0.000000000000000000e+00 0.000000000000000000e+00 0.000000000000000000e+00
0.000000000000000000e+00 0.000000000000000000e+00 0.000000000000000000e+00 0.000000000000000000e+00 0.000000000000000000e+00
0.000000000000000000e+00 0.000000000000000000e+00 0.000000000000000000e+00 0.000000000000000000e+00 0.000000000000000000e+00
0.000000000000000000e+00 0.000000000000000000e+00 0.000000000000000000e+00 0.000000000000000000e+00 0.000000000000000000e+00
0.000000000000000000e+00 0.000000000000000000e+00 0.000000000000000000e+00 0.000000000000000000e+00 0.000000000000000000e+00
0.000000000000000000e+00 0.000000000000000000e+00 0.000000000000000000e+00 0.000000000000000000e+00 0.000000000000000000e+00
0.000000000000000000e+00 0.000000000000000000e+00 0.000000000000000000e+00 0.000000000000000000e+00 0.000000000000000000e+00
0.000000000000000000e+00 0.000000000000000000e+00 0.000000000000000000e+00 0.000000000000000000e+00 0.000000000000000000e+00
0.000000000000000000e+00 0.000000000000000000e+00 0.000000000000000000e+00 0.000000000000000000e+00 0.000000000000000000e+00
0.000000000000000000e+00 0.000000000000000000e+00 0.000000000000000000e+00 0.000000000000000000e+00 0.000000000000000000e+00
0.000000000000000000e+00 0.000000000000000000e+00 0.000000000000000000e+00 0.000000000000000000e+00 0.000000000000000000e+00
0.000000000000000000e+00 0.000000000000000000e+00 0.000000000000000000e+00 0.000000000000000000e+00 0.000000000000000000e+00
0.000000000000000000e+00 0.000000000000000000e+00 0.000000000000000000e+00 0.000000000000000000e+00 0.000000000000000000e+00
0.000000000000000000e+00 0.000000000000000000e+00 0.000000000000000000e+00 0.000000000000000000e+00 0.000000000000000000e+00
0.000000000000000000e+00 0.000000000000000000e+00 0.000000000000000000e+00 0.000000000000000000e+00 0.000000000000000000e+00
0.000000000000000000e+00 0.000000000000000000e+00 0.000000000000000000e+00 0.000000000000000000e+00 0.000000000000000000e+00
