0.000000000000000000e+00 0.000000000000000000e+00 1.000000000000000000e+00 0.000000000000000000e+00 0.000000000000000000e+00
3.476946949958801270e-01 2.885228991508483887e-01 1.000000000000000000e+00 0.000000000000000000e+00 0.000000000000000000e+00
1.655213832855224609e-01 3.553870618343353271e-01 0.000000000000000000e+00 1.000000000000000000e+00 0.000000000000000000e+00
3.420543670654296875e-01 -1.222104907035827637e+00 1.000000000000000000e+00 0.000000000000000000e+00 0.000000000000000000e+00
-8.899364620447158813e-03 5.523134469985961914e-01 1.000000000000000000e+00 0.000000000000000000e+00 0.000000000000000000e+00
-1.215321123600006104e-01 4.879059195518493652e-01 1.000000000000000000e+00 0.000000000000000000e+00 0.000000000000000000e+00
-4.776257276535034180e-01 1.047067165374755859e+00 1.000000000000000000e+00 0.000000000000000000e+00 0.000000000000000000e+00
-2.096174955368041992e-01 2.625547349452972412e-01 1.000000000000000000e+00 0.000000000000000000e+00 0.000000000000000000e+00
-1.163782775402069092e-01 3.717886283993721008e-02 0.000000000000000000e+00 1.000000000000000000e+00 0.000000000000000000e+00
1.518916487693786621e+00 -1.741364955902099609e+00 1.000000000000000000e+00 0.000000000000000000e+00 0.000000000000000000e+00
-5.219064950942993164e-01 5.546005368232727051e-01 1.000000000000000000e+00 0.000000000000000000e+00 0.000000000000000000e+00
-5.152284353971481323e-02 1.923797726631164551e-01 1.000000000000000000e+00 0.000000000000000000e+00 0.000000000000000000e+00
6.227006912231445312e-01 4.752627909183502197e-01 1.000000000000000000e+00 0.000000000000000000e+00 0.000000000000000000e+00
2.845872640609741211e-01 8.543541282415390015e-02 0.000000000000000000e+00 1.000000000000000000e+00 0.000000000000000000e+00
1.073961377143859863e+00 -2.637964725494384766e+00 1.000000000000000000e+00 0.000000000000000000e+00 0.000000000000000000e+00
-7.972247600555419922e-01 8.728580474853515625e-01 1.000000000000000000e+00 0.000000000000000000e+00 0.000000000000000000e+00
-3.353071212768554688e-01 2.373708784580230713e-01 1.000000000000000000e+00 0.000000000000000000e+00 0.000000000000000000e+00
-2.463366389274597168e-01 5.799095332622528076e-02 1.000000000000000000e+00 0.000000000000000000e+00 0.000000000000000000e+00
-4.543576762080192566e-02 -7.516158372163772583e-02 1.000000000000000000e+00 0.000000000000000000e+00 0.000000000000000000e+00
1.095715612173080444e-01 -1.529754698276519775e-01 1.000000000000000000e+00 0.000000000000000000e+00 0.000000000000000000e+00
1.758067309856414795e-01 -9.447742253541946411e-02 1.000000000000000000e+00 0.000000000000000000e+00 0.000000000000000000e+00
1.604850292205810547e-01 -9.061619639396667480e-04 1.000000000000000000e+00 0.000000000000000000e+00 0.000000000000000000e+00
1.086988300085067749e-01 8.369323611259460449e-02 1.000000000000000000e+00 0.000000000000000000e+00 0.000000000000000000e+00
4.199554771184921265e-02 7.279822230339050293e-01 1.000000000000000000e+00 0.000000000000000000e+00 0.000000000000000000e+00
6.040295213460922241e-02 3.737772256135940552e-02 0.000000000000000000e+00 1.000000000000000000e+00 0.000000000000000000e+00
1.057625293731689453e+00 -1.252457857131958008e+00 1.000000000000000000e+00 0.000000000000000000e+00 0.000000000000000000e+00
-4.227281808853149414e-01 5.746634006500244141e-01 1.000000000000000000e+00 0.000000000000000000e+00 0.000000000000000000e+00
-2.359559237957000732e-01 1.602016389369964600e-01 1.000000000000000000e+00 0.000000000000000000e+00 0.000000000000000000e+00
-1.600173860788345337e-01 -8.126534521579742432e-03 1.000000000000000000e+00 0.000000000000000000e+00 0.000000000000000000e+00
-6.950390338897705078e-02 -1.421487331390380859e-01 1.000000000000000000e+00 0.000000000000000000e+00 0.000000000000000000e+00
4.289185628294944763e-02 -2.348771691322326660e-01 1.000000000000000000e+00 0.000000000000000000e+00 0.000000000000000000e+00
1.338178664445877075e-01 -2.061968147754669189e-01 1.000000000000000000e+00 0.000000000000000000e+00 0.000000000000000000e+00
8.363170921802520752e-02 -2.913285046815872192e-02 1.000000000000000000e+00 0.000000000000000000e+00 0.000000000000000000e+00
2.166823148727416992e-01 7.013475298881530762e-01 1.000000000000000000e+00 0.000000000000000000e+00 0.000000000000000000e+00
2.520759701728820801e-01 2.284296751022338867e-01 1.000000000000000000e+00 0.000000000000000000e+00 0.000000000000000000e+00
2.979903519153594971e-01 7.692738622426986694e-02 0.000000000000000000e+00 1.000000000000000000e+00 0.000000000000000000e+00
-1.859770894050598145e+00 6.914182901382446289e-01 1.000000000000000000e+00 0.000000000000000000e+00 0.000000000000000000e+00
1.124716877937316895e+00 -8.301650732755661011e-02 1.000000000000000000e+00 0.000000000000000000e+00 0.000000000000000000e+00
5.474420785903930664e-01 -1.372520327568054199e-01 0.000000000000000000e+00 1.000000000000000000e+00 0.000000000000000000e+00
-7.068720459938049316e-01 -3.543350994586944580e-01 1.000000000000000000e+00 0.000000000000000000e+00 0.000000000000000000e+00
-7.180972397327423096e-02 1.383302927017211914e+00 1.000000000000000000e+00 0.000000000000000000e+00 0.000000000000000000e+00
-7.918811589479446411e-02 4.407048821449279785e-01 0.000000000000000000e+00 1.000000000000000000e+00 0.000000000000000000e+00
-7.149411439895629883e-01 -3.333503723144531250e+00 0.000000000000000000e+00 0.000000000000000000e+00 1.000000000000000000e+00
-4.492209851741790771e-01 1.184327960014343262e+00 0.000000000000000000e+00 0.000000000000000000e+00 1.000000000000000000e+00
-1.495604634284973145e+00 -4.347832798957824707e-01 0.000000000000000000e+00 0.000000000000000000e+00 1.000000000000000000e+00
-9.565057754516601562e-01 -1.764252781867980957e-01 0.000000000000000000e+00 0.000000000000000000e+00 1.000000000000000000e+00
-1.115478634834289551e+00 -3.502078652381896973e-01 0.000000000000000000e+00 0.000000000000000000e+00 1.000000000000000000e+00
-1.001961708068847656e+00 -2.593695521354675293e-01 0.000000000000000000e+00 0.000000000000000000e+00 1.000000000000000000e+00
-1.030721783638000488e+00 -2.424200177192687988e-01 0.000000000000000000e+00 0.000000000000000000e+00 1.000000000000000000e+00
-1.006155252456665039e+00 -2.181017398834228516e-01 0.000000000000000000e+00 0.000000000000000000e+00 1.000000000000000000e+00
-1.000335931777954102e+00 -2.098824381828308105e-01 0.000000000000000000e+00 0.000000000000000000e+00 1.000000000000000000e+00
-9.863803386688232422e-01 -2.007205486297607422e-01 0.000000000000000000e+00 0.000000000000000000e+00 1.000000000000000000e+00
-9.712132215499877930e-01 -2.177710533142089844e-01 0.000000000000000000e+00 0.000000000000000000e+00 1.000000000000000000e+00
-9.585316181182861328e-01 -2.302321791648864746e-01 0.000000000000000000e+00 0.000000000000000000e+00 1.000000000000000000e+00
-9.529017210006713867e-01 -2.373557090759277344e-01 0.000000000000000000e+00 0.000000000000000000e+00 1.000000000000000000e+00
-9.467890262603759766e-01 -2.422422766685485840e-01 0.000000000000000000e+00 0.000000000000000000e+00 1.000000000000000000e+00
-9.385322332382202148e-01 -2.475518584251403809e-01 0.000000000000000000e+00 0.000000000000000000e+00 1.000000000000000000e+00
-9.276078939437866211e-01 -2.533840537071228027e-01 0.000000000000000000e+00 0.000000000000000000e+00 1.000000000000000000e+00
-9.178328514099121094e-01 -2.599896192550659180e-01 0.000000000000000000e+00 0.000000000000000000e+00 1.000000000000000000e+00
-9.084808826446533203e-01 -2.652081251144409180e-01 0.000000000000000000e+00 0.000000000000000000e+00 1.000000000000000000e+00
-9.008305072784423828e-01 -2.683765292167663574e-01 0.000000000000000000e+00 0.000000000000000000e+00 1.000000000000000000e+00
-8.943504095077514648e-01 -2.675605416297912598e-01 0.000000000000000000e+00 0.000000000000000000e+00 1.000000000000000000e+00
-8.890110254287719727e-01 -2.635260820388793945e-01 0.000000000000000000e+00 0.000000000000000000e+00 1.000000000000000000e+00
-8.829580545425415039e-01 -2.616451382637023926e-01 0.000000000000000000e+00 0.000000000000000000e+00 1.000000000000000000e+00
-8.763879537582397461e-01 -2.634195089340209961e-01 0.000000000000000000e+00 0.000000000000000000e+00 1.000000000000000000e+00
-8.724970817565917969e-01 -2.623606920242309570e-01 0.000000000000000000e+00 0.000000000000000000e+00 1.000000000000000000e+00
-8.709230422973632812e-01 -2.626492381095886230e-01 0.000000000000000000e+00 0.000000000000000000e+00 1.000000000000000000e+00
-8.680554628372192383e-01 -2.632146477699279785e-01 0.000000000000000000e+00 0.000000000000000000e+00 1.000000000000000000e+00
-8.660088777542114258e-01 -2.605456113815307617e-01 0.000000000000000000e+00 0.000000000000000000e+00 1.000000000000000000e+00
-8.642613887786865234e-01 -2.554439902305603027e-01 0.000000000000000000e+00 0.000000000000000000e+00 1.000000000000000000e+00
-8.606775999069213867e-01 -2.531485557556152344e-01 0.000000000000000000e+00 0.000000000000000000e+00 1.000000000000000000e+00
0.000000000000000000e+00 0.000000000000000000e+00 0.000000000000000000e+00 0.000000000000000000e+00 0.000000000000000000e+00
0.000000000000000000e+00 0.000000000000000000e+00 0.000000000000000000e+00 0.000000000000000000e+00 0.000000000000000000e+00
0.000000000000000000e+00 0.000000000000000000e+00 0.000000000000000000e+00 0.000000000000000000e+00 0.000000000000000000e+00
0.000000000000000000e+00 0.000000000000000000e+00 0.000000000000000000e+00 0.000000000000000000e+00 0.000000000000000000e+00
0.000000000000000000e+00 0.000000000000000000e+00 0.000000000000000000e+00 0.000000000000000000e+00 0.000000000000000000e+00
0.000000000000000000e+00 0.000000000000000000e+00 0.000000000000000000e+00 0.000000000000000000e+00 0.000000000000000000e+00
0.000000000000000000e+00 0.000000000000000000e+00 0.000000000000000000e+00 0.000000000000000000e+00 0.000000000000000000e+00
0.000000000000000000e+00 0.000000000000000000e+00 0.000000000000000000e+00 0.000000000000000000e+00 0.000000000000000000e+00
0.000000000000000000e+00 0.000000000000000000e+00 0.000000000000000000e+00 0.000000000000000000e+00 0.000000000000000000e+00
0.000000000000000000e+00 0.000000000000000000e+00 0.000000000000000000e+00 0.000000000000000000e+00 0.000000000000000000e+00
0.000000000000000000e+00 0.000000000000000000e+00 0.000000000000000000e+00 0.000000000000000000e+00 0.000000000000000000e+00
0.000000000000000000e+00 0.000000000000000000e+00 0.000000000000000000e+00 0.000000000000000000e+00 0.000000000000000000e+00
0.000000000000000000e+00 0.000000000000000000e+00 0.000000000000000000e+00 0.000000000000000000e+00 0.000000000000000000e+00
0.000000000000000000e+00 0.000000000000000000e+00 0.000000000000000000e+00 0.000000000000000000e+00 0.000000000000000000e+00
0.000000000000000000e+00 0.000000000000000000e+00 0.000000000000000000e+00 0.000000000000000000e+00 0.000000000000000000e+00
0.000000000000000000e+00 0.000000000000000000e+00 0.000000000000000000e+00 0.000000000000000000e+00 0.000000000000000000e+00
0.000000000000000000e+00 0.000000000000000000e+00 0.000000000000000000e+00 0.000000000000000000e+00 0.000000000000000000e+00
0.000000000000000000e+00 0.000000000000000000e+00 0.000000000000000000e+00 0.000000000000000000e+00 0.000000000000000000e+00
0.000000000000000000e+00 0.000000000000000000e+00 0.000000000000000000e+00 0.000000000000000000e+00 0.000000000000000000e+00
0.000000000000000000e+00 0.000000000000000000e+00 0.000000000000000000e+00 0.000000000000000000e+00 0.000000000000000000e+00
0.000000000000000000e+00 0.000000000000000000e+00 0.000000000000000000e+00 0.000000000000000000e+00 0.000000000000000000e+00
0.000000000000000000e+00 0.000000000000000000e+00 0.000000000000000000e+00 0.000000000000000000e+00 0.000000000000000000e+00
0.000000000000000000e+00 0.000000000000000000e+00 0.000000000000000000e+00 0.000000000000000000e+00 0.000000000000000000e+00
0.000000000000000000e+00 0.000000000000000000e+00 0.000000000000000000e+00 0.000000000000000000e+00 0.000000000000000000e+00
0.000000000000000000e+00 0.000000000000000000e+00 0.000000000000000000e+00 0.000000000000000000e+00 0.000000000000000000e+00
0.000000000000000000e+00 0.000000000000000000e+00 0.000000000000000000e+00 0.000000000000000000e+00 0.000000000000000000e+00
0.000000000000000000e+00 0.000000000000000000e+00 0.000000000000000000e+00 0.000000000000000000e+00 0.000000000000000000e+00
0.000000000000000000e+00 0.000000000000000000e+00 0.000000000000000000e+00 0.000000000000000000e+00 0.000000000000000000e+00
0.000000000000000000e+00 0.000000000000000000e+00 0.000000000000000000e+00 0.000000000000000000e+00 0.000000000000000000e+00
0.000000000000000000e+00 0.000000000000000000e+00 0.000000000000000000e+00 0.000000000000000000e+00 0.000000000000000000e+00
0.000000000000000000e+00 0.000000000000000000e+00 0.000000000000000000e+00 0.000000000000000000e+00 0.000000000000000000e+00
0.000000000000000000e+00 0.000000000000000000e+00 0.000000000000000000e+00 0.000000000000000000e+00 0.000000000000000000e+00
0.000000000000000000e+00 0.000000000000000000e+00 0.000000000000000000e+00 0.000000000000000000e+00 0.000000000000000000e+00
0.000000000000000000e+00 0.000000000000000000e+00 0.000000000000000000e+00 0.000000000000000000e+00 0.000000000000000000e+00
0.000000000000000000e+00 0.000000000000000000e+00 0.000000000000000000e+00 0.000000000000000000e+00 0.000000000000000000e+00
0.000000000000000000e+00 0.000000000000000000e+00 0.000000000000000000e+00 0.000000000000000000e+00 0.000000000000000000e+00
0.000000000000000000e+00 0.000000000000000000e+00 0.000000000000000000e+00 0.000000000000000000e+00 0.000000000000000000e+00
0.000000000000000000e+00 0.000000000000000000e+00 0.000000000000000000e+00 0.000000000000000000e+00 0.000000000000000000e+00
0.000000000000000000e+00 0.000000000000000000e+00 0.000000000000000000e+00 0.000000000000000000e+00 0.000000000000000000e+00
0.000000000000000000e+00 0.000000000000000000e+00 0.000000000000000000e+00 0.000000000000000000e+00 0.000000000000000000e+00
0.000000000000000000e+00 0.000000000000000000e+00 0.000000000000000000e+00 0.000000000000000000e+00 0.000000000000000000e+00
0.000000000000000000e+00 0.000000000000000000e+00 0.000000000000000000e+00 0.000000000000000000e+00 0.000000000000000000e+00
0.000000000000000000e+00 0.000000000000000000e+00 0.000000000000000000e+00 0.000000000000000000e+00 0.000000000000000000e+00
0.000000000000000000e+00 0.000000000000000000e+00 0.000000000000000000e+00 0.000000000000000000e+00 0.000000000000000000e+00
0.000000000000000000e+00 0.000000000000000000e+00 0.000000000000000000e+00 0.000000000000000000e+00 0.000000000000000000e+00
0.000000000000000000e+00 0.000000000000000000e+00 0.000000000000000000e+00 0.000000000000000000e+00 0.000000000000000000e+00
0.000000000000000000e+00 0.000000000000000000e+00 0.000000000000000000e+00 0.000000000000000000e+00 0.000000000000000000e+00
0.000000000000000000e+00 0.000000000000000000e+00 0.000000000000000000e+00 0.000000000000000000e+00 0.000000000000000000e+00
0.000000000000000000e+00 0.000000000000000000e+00 0.000000000000000000e+00 0.000000000000000000e+00 0.000000000000000000e+00
0.000000000000000000e+00 0.000000000000000000e+00 0.000000000000000000e+00 0.000000000000000000e+00 0.000000000000000000e+00
