0.000000000000000000e+00 0.000000000000000000e+00 1.000000000000000000e+00 0.000000000000000000e+00 0.000000000000000000e+00
3.877378106117248535e-01 3.267370760440826416e-01 1.000000000000000000e+00 0.000000000000000000e+00 0.000000000000000000e+00
1.816504001617431641e-01 3.735850453376770020e-01 0.000000000000000000e+00 1.000000000000000000e+00 0.000000000000000000e+00
3.279988765716552734e-01 -1.292145609855651855e+00 1.000000000000000000e+00 0.000000000000000000e+00 0.000000000000000000e+00
5.185641348361968994e-03 5.929893255233764648e-01 1.000000000000000000e+00 0.000000000000000000e+00 0.000000000000000000e+00
-1.162448897957801819e-01 5.176215171813964844e-01 1.000000000000000000e+00 0.000000000000000000e+00 0.000000000000000000e+00
-4.846435785293579102e-01 1.109900474548339844e+00 1.000000000000000000e+00 0.000000000000000000e+00 0.000000000000000000e+00
-2.246106117963790894e-01 2.901390194892883301e-01 1.000000000000000000e+00 0.000000000000000000e+00 0.000000000000000000e+00
-1.307156533002853394e-01 4.849361628293991089e-02 0.000000000000000000e+00 1.000000000000000000e+00 0.000000000000000000e+00
1.518231749534606934e+00 -1.854506254196166992e+00 1.000000000000000000e+00 0.000000000000000000e+00 0.000000000000000000e+00
-5.099912285804748535e-01 6.091616749763488770e-01 1.000000000000000000e+00 0.000000000000000000e+00 0.000000000000000000e+00
-4.296077042818069458e-02 2.054121494293212891e-01 1.000000000000000000e+00 0.000000000000000000e+00 0.000000000000000000e+00
6.581666469573974609e-01 4.948690533638000488e-01 1.000000000000000000e+00 0.000000000000000000e+00 0.000000000000000000e+00
3.114929497241973877e-01 9.183804690837860107e-02 0.000000000000000000e+00 1.000000000000000000e+00 0.000000000000000000e+00
2.539663910865783691e-01 -2.221910715103149414e+00 1.000000000000000000e+00 0.000000000000000000e+00 0.000000000000000000e+00
9.930889010429382324e-01 -2.362970560789108276e-01 1.000000000000000000e+00 0.000000000000000000e+00 0.000000000000000000e+00
4.074152410030364990e-01 -1.890556067228317261e-01 0.000000000000000000e+00 1.000000000000000000e+00 0.000000000000000000e+00
-9.681831598281860352e-01 -2.690015435218811035e-01 1.000000000000000000e+00 0.000000000000000000e+00 0.000000000000000000e+00
-1.573943495750427246e-01 1.240395784378051758e+00 1.000000000000000000e+00 0.000000000000000000e+00 0.000000000000000000e+00
2.319017797708511353e-02 2.562837004661560059e-01 0.000000000000000000e+00 1.000000000000000000e+00 0.000000000000000000e+00
8.447061777114868164e-01 -1.560718297958374023e+00 1.000000000000000000e+00 0.000000000000000000e+00 0.000000000000000000e+00
-1.899433434009552002e-01 1.195025205612182617e+00 1.000000000000000000e+00 0.000000000000000000e+00 0.000000000000000000e+00
-1.115695759654045105e-01 2.838613986968994141e-01 0.000000000000000000e+00 1.000000000000000000e+00 0.000000000000000000e+00
-2.308625280857086182e-01 -4.824942648410797119e-01 1.000000000000000000e+00 0.000000000000000000e+00 0.000000000000000000e+00
2.558866441249847412e-01 -1.902244985103607178e-02 1.000000000000000000e+00 0.000000000000000000e+00 0.000000000000000000e+00
-3.874462097883224487e-02 7.266575098037719727e-02 0.000000000000000000e+00 1.000000000000000000e+00 0.000000000000000000e+00
-3.343827724456787109e-01 3.379136919975280762e-01 1.000000000000000000e+00 0.000000000000000000e+00 0.000000000000000000e+00
4.135253429412841797e-01 -2.913025021553039551e-02 0.000000000000000000e+00 1.000000000000000000e+00 0.000000000000000000e+00
-1.032266855239868164e+00 7.844222784042358398e-01 1.000000000000000000e+00 0.000000000000000000e+00 0.000000000000000000e+00
1.028814792633056641e+00 -1.535595357418060303e-01 1.000000000000000000e+00 0.000000000000000000e+00 0.000000000000000000e+00
4.528582394123077393e-01 -1.643449366092681885e-01 0.000000000000000000e+00 1.000000000000000000e+00 0.000000000000000000e+00
-5.312168002128601074e-01 -1.857205331325531006e-01 1.000000000000000000e+00 0.000000000000000000e+00 0.000000000000000000e+00
-1.014962643384933472e-01 1.260012745857238770e+00 1.000000000000000000e+00 0.000000000000000000e+00 0.000000000000000000e+00
-6.814020127058029175e-02 1.906066834926605225e-01 0.000000000000000000e+00 1.000000000000000000e+00 0.000000000000000000e+00
-1.564873754978179932e-01 -6.450612545013427734e-01 1.000000000000000000e+00 0.000000000000000000e+00 0.000000000000000000e+00
-2.114442288875579834e-01 5.472959578037261963e-02 1.000000000000000000e+00 0.000000000000000000e+00 0.000000000000000000e+00
-6.517049074172973633e-01 6.424533128738403320e-01 1.000000000000000000e+00 0.000000000000000000e+00 0.000000000000000000e+00
-1.677941530942916870e-03 -5.378091707825660706e-02 0.000000000000000000e+00 1.000000000000000000e+00 0.000000000000000000e+00
1.371557474136352539e+00 -5.239714384078979492e-01 1.000000000000000000e+00 0.000000000000000000e+00 0.000000000000000000e+00
5.376310944557189941e-01 4.540118873119354248e-01 1.000000000000000000e+00 0.000000000000000000e+00 0.000000000000000000e+00
3.682668805122375488e-01 1.448295712471008301e-01 0.000000000000000000e+00 1.000000000000000000e+00 0.000000000000000000e+00
-1.891016960144042969e+00 -2.455399036407470703e+00 0.000000000000000000e+00 0.000000000000000000e+00 1.000000000000000000e+00
-1.356542110443115234e-01 1.425156354904174805e+00 0.000000000000000000e+00 0.000000000000000000e+00 1.000000000000000000e+00
-1.337406158447265625e+00 -1.517988443374633789e-01 0.000000000000000000e+00 0.000000000000000000e+00 1.000000000000000000e+00
-9.007956981658935547e-01 -3.314434885978698730e-01 0.000000000000000000e+00 0.000000000000000000e+00 1.000000000000000000e+00
-9.275510311126708984e-01 -3.146463036537170410e-01 0.000000000000000000e+00 0.000000000000000000e+00 1.000000000000000000e+00
-8.877661228179931641e-01 -3.388569951057434082e-01 0.000000000000000000e+00 0.000000000000000000e+00 1.000000000000000000e+00
-8.690725564956665039e-01 -3.370571732521057129e-01 0.000000000000000000e+00 0.000000000000000000e+00 1.000000000000000000e+00
-8.538614511489868164e-01 -3.298595547676086426e-01 0.000000000000000000e+00 0.000000000000000000e+00 1.000000000000000000e+00
-8.481904268264770508e-01 -3.125251531600952148e-01 0.000000000000000000e+00 0.000000000000000000e+00 1.000000000000000000e+00
-8.378585577011108398e-01 -3.047288656234741211e-01 0.000000000000000000e+00 0.000000000000000000e+00 1.000000000000000000e+00
-8.258972167968750000e-01 -3.114829063415527344e-01 0.000000000000000000e+00 0.000000000000000000e+00 1.000000000000000000e+00
-8.194229602813720703e-01 -3.156176209449768066e-01 0.000000000000000000e+00 0.000000000000000000e+00 1.000000000000000000e+00
-8.142898082733154297e-01 -3.143234848976135254e-01 0.000000000000000000e+00 0.000000000000000000e+00 1.000000000000000000e+00
-8.092856407165527344e-01 -3.138120770454406738e-01 0.000000000000000000e+00 0.000000000000000000e+00 1.000000000000000000e+00
-8.058731555938720703e-01 -3.114469051361083984e-01 0.000000000000000000e+00 0.000000000000000000e+00 1.000000000000000000e+00
-7.973892688751220703e-01 -3.124015331268310547e-01 0.000000000000000000e+00 0.000000000000000000e+00 1.000000000000000000e+00
-7.821487188339233398e-01 -3.237074017524719238e-01 0.000000000000000000e+00 0.000000000000000000e+00 1.000000000000000000e+00
-7.698156833648681641e-01 -3.311732411384582520e-01 0.000000000000000000e+00 0.000000000000000000e+00 1.000000000000000000e+00
-7.628281116485595703e-01 -3.317237496376037598e-01 0.000000000000000000e+00 0.000000000000000000e+00 1.000000000000000000e+00
-7.576342821121215820e-01 -3.309071660041809082e-01 0.000000000000000000e+00 0.000000000000000000e+00 1.000000000000000000e+00
-7.509377002716064453e-01 -3.300221562385559082e-01 0.000000000000000000e+00 0.000000000000000000e+00 1.000000000000000000e+00
-7.436784505844116211e-01 -3.282662034034729004e-01 0.000000000000000000e+00 0.000000000000000000e+00 1.000000000000000000e+00
-7.371778488159179688e-01 -3.254355788230895996e-01 0.000000000000000000e+00 0.000000000000000000e+00 1.000000000000000000e+00
-7.305339574813842773e-01 -3.257281184196472168e-01 0.000000000000000000e+00 0.000000000000000000e+00 1.000000000000000000e+00
-7.271013259887695312e-01 -3.244180083274841309e-01 0.000000000000000000e+00 0.000000000000000000e+00 1.000000000000000000e+00
-7.250025272369384766e-01 -3.232508301734924316e-01 0.000000000000000000e+00 0.000000000000000000e+00 1.000000000000000000e+00
-7.206461429595947266e-01 -3.236940503120422363e-01 0.000000000000000000e+00 0.000000000000000000e+00 1.000000000000000000e+00
-7.184125185012817383e-01 -3.206868767738342285e-01 0.000000000000000000e+00 0.000000000000000000e+00 1.000000000000000000e+00
-7.167311906814575195e-01 -3.139476180076599121e-01 0.000000000000000000e+00 0.000000000000000000e+00 1.000000000000000000e+00
-7.132583856582641602e-01 -3.110089302062988281e-01 0.000000000000000000e+00 0.000000000000000000e+00 1.000000000000000000e+00
-7.112931013107299805e-01 -3.099813461303710938e-01 0.000000000000000000e+00 0.000000000000000000e+00 1.000000000000000000e+00
-7.092627286911010742e-01 -3.117197751998901367e-01 0.000000000000000000e+00 0.000000000000000000e+00 1.000000000000000000e+00
-7.004251480102539062e-01 -3.200231194496154785e-01 0.000000000000000000e+00 0.000000000000000000e+00 1.000000000000000000e+00
-6.895189285278320312e-01 -3.302138447761535645e-01 0.000000000000000000e+00 0.000000000000000000e+00 1.000000000000000000e+00
-6.838395595550537109e-01 -3.284463286399841309e-01 0.000000000000000000e+00 0.000000000000000000e+00 1.000000000000000000e+00
-6.796296238899230957e-01 -3.226092457771301270e-01 0.000000000000000000e+00 0.000000000000000000e+00 1.000000000000000000e+00
-6.741344928741455078e-01 -3.192384839057922363e-01 0.000000000000000000e+00 0.000000000000000000e+00 1.000000000000000000e+00
-6.753245592117309570e-01 -3.148065209388732910e-01 0.000000000000000000e+00 0.000000000000000000e+00 1.000000000000000000e+00
-6.850270628929138184e-01 -3.041679263114929199e-01 0.000000000000000000e+00 0.000000000000000000e+00 1.000000000000000000e+00
-6.915179491043090820e-01 -2.993476986885070801e-01 0.000000000000000000e+00 0.000000000000000000e+00 1.000000000000000000e+00
-6.845644712448120117e-01 -3.123196363449096680e-01 0.000000000000000000e+00 0.000000000000000000e+00 1.000000000000000000e+00
-6.760975122451782227e-01 -3.230438828468322754e-01 0.000000000000000000e+00 0.000000000000000000e+00 1.000000000000000000e+00
0.000000000000000000e+00 0.000000000000000000e+00 0.000000000000000000e+00 0.000000000000000000e+00 0.000000000000000000e+00
0.000000000000000000e+00 0.000000000000000000e+00 0.000000000000000000e+00 0.000000000000000000e+00 0.000000000000000000e+00
0.000000000000000000e+00 0.000000000000000000e+00 0.000000000000000000e+00 0.000000000000000000e+00 0.000000000000000000e+00
0.000000000000000000e+00 0.000000000000000000e+00 0.000000000000000000e+00 0.000000000000000000e+00 0.000000000000000000e+00
0.000000000000000000e+00 0.000000000000000000e+00 0.000000000000000000e+00 0.000000000000000000e+00 0.000000000000000000e+00
0.000000000000000000e+00 0.000000000000000000e+00 0.000000000000000000e+00 0.000000000000000000e+00 0.000000000000000000e+00
0.000000000000000000e+00 0.000000000000000000e+00 0.000000000000000000e+00 0.000000000000000000e+00 0.000000000000000000e+00
0.000000000000000000e+00 0.000000000000000000e+00 0.000000000000000000e+00 0.000000000000000000e+00 0.000000000000000000e+00
0.000000000000000000e+00 0.000000000000000000e+00 0.000000000000000000e+00 0.000000000000000000e+00 0.000000000000000000e+00
0.000000000000000000e+00 0.000000000000000000e+00 0.000000000000000000e+00 0.000000000000000000e+00 0.000000000000000000e+00
0.000000000000000000e+00 0.000000000000000000e+00 0.000000000000000000e+00 0.000000000000000000e+00 0.000000000000000000e+00
0.000000000000000000e+00 0.000000000000000000e+00 0.000000000000000000e+00 0.000000000000000000e+00 0.000000000000000000e+00
0.000000000000000000e+00 0.000000000000000000e+00 0.000000000000000000e+00 0.000000000000000000e+00 0.000000000000000000e+00
0.000000000000000000e+00 0.000000000000000000e+00 0.000000000000000000e+00 0.000000000000000000e+00 0.000000000000000000e+00
0.000000000000000000e+00 0.000000000000000000e+00 0.000000000000000000e+00 0.000000000000000000e+00 0.000000000000000000e+00
0.000000000000000000e+00 0.000000000000000000e+00 0.000000000000000000e+00 0.000000000000000000e+00 0.000000000000000000e+00
0.000000000000000000e+00 0.000000000000000000e+00 0.000000000000000000e+00 0.000000000000000000e+00 0.000000000000000000e+00
0.000000000000000000e+00 0.000000000000000000e+00 0.000000000000000000e+00 0.000000000000000000e+00 0.000000000000000000e+00
0.000000000000000000e+00 0.000000000000000000e+00 0.000000000000000000e+00 0.000000000000000000e+00 0.000000000000000000e+00
0.000000000000000000e+00 0.000000000000000000e+00 0.000000000000000000e+00 0.000000000000000000e+00 0.000000000000000000e+00
0.000000000000000000e+00 0.000000000000000000e+00 0.000000000000000000e+00 0.000000000000000000e+00 0.000000000000000000e+00
0.000000000000000000e+00 0.000000000000000000e+00 0.000000000000000000e+00 0.000000000000000000e+00 0.000000000000000000e+00
0.000000000000000000e+00 0.000000000000000000e+00 0.000000000000000000e+00 0.000000000000000000e+00 0.000000000000000000e+00
0.000000000000000000e+00 0.000000000000000000e+00 0.000000000000000000e+00 0.000000000000000000e+00 0.000000000000000000e+00
0.000000000000000000e+00 0.000000000000000000e+00 0.000000000000000000e+00 0.000000000000000000e+00 0.000000000000000000e+00
0.000000000000000000e+00 0.000000000000000000e+00 0.000000000000000000e+00 0.000000000000000000e+00 0.000000000000000000e+00
0.000000000000000000e+00 0.000000000000000000e+00 0.000000000000000000e+00 0.000000000000000000e+00 0.000000000000000000e+00
0.000000000000000000e+00 0.000000000000000000e+00 0.000000000000000000e+00 0.000000000000000000e+00 0.000000000000000000e+00
0.000000000000000000e+00 0.000000000000000000e+00 0.000000000000000000e+00 0.000000000000000000e+00 0.000000000000000000e+00
0.000000000000000000e+00 0.000000000000000000e+00 0.000000000000000000e+00 0.000000000000000000e+00 0.000000000000000000e+00
0.000000000000000000e+00 0.000000000000000000e+00 0.000000000000000000e+00 0.000000000000000000e+00 0.000000000000000000e+00
0.000000000000000000e+00 0.000000000000000000e+00 0.000000000000000000e+00 0.000000000000000000e+00 0.000000000000000000e+00
0.000000000000000000e+00 0.000000000000000000e+00 0.000000000000000000e+00 0.000000000000000000e+00 0.000000000000000000e+00
0.000000000000000000e+00 0.000000000000000000e+00 0.000000000000000000e+00 0.000000000000000000e+00 0.000000000000000000e+00
0.000000000000000000e+00 0.000000000000000000e+00 0.000000000000000000e+00 0.000000000000000000e+00 0.000000000000000000e+00
0.000000000000000000e+00 0.000000000000000000e+00 0.000000000000000000e+00 0.000000000000000000e+00 0.000000000000000000e+00
0.000000000000000000e+00 0.000000000000000000e+00 0.000000000000000000e+00 0.000000000000000000e+00 0.000000000000000000e+00
0.000000000000000000e+00 0.000000000000000000e+00 0.000000000000000000e+00 0.000000000000000000e+00 0.000000000000000000e+00
