0.000000000000000000e+00 0.000000000000000000e+00 1.000000000000000000e+00 0.000000000000000000e+00 0.000000000000000000e+00
-8.308309316635131836e-01 9.769356250762939453e-01 1.000000000000000000e+00 0.000000000000000000e+00 0.000000000000000000e+00
-1.690271794795989990e-01 4.649941921234130859e-01 1.000000000000000000e+00 0.000000000000000000e+00 0.000000000000000000e+00
4.657180905342102051e-01 4.391919448971748352e-02 1.000000000000000000e+00 0.000000000000000000e+00 0.000000000000000000e+00
8.728206157684326172e-01 -3.423265218734741211e-01 1.000000000000000000e+00 0.000000000000000000e+00 0.000000000000000000e+00
-1.874229907989501953e-01 5.919846296310424805e-01 1.000000000000000000e+00 0.000000000000000000e+00 0.000000000000000000e+00
-2.255672961473464966e-01 3.149459064006805420e-01 0.000000000000000000e+00 1.000000000000000000e+00 0.000000000000000000e+00
-8.986817002296447754e-01 2.454016953706741333e-01 1.000000000000000000e+00 0.000000000000000000e+00 0.000000000000000000e+00
-1.418644189834594727e-01 1.018781304359436035e+00 1.000000000000000000e+00 0.000000000000000000e+00 0.000000000000000000e+00
-1.076699942350387573e-01 2.776134610176086426e-01 0.000000000000000000e+00 1.000000000000000000e+00 0.000000000000000000e+00
6.306184530258178711e-01 -1.384556174278259277e+00 1.000000000000000000e+00 0.000000000000000000e+00 0.000000000000000000e+00
6.551190614700317383e-01 -1.725001037120819092e-01 1.000000000000000000e+00 0.000000000000000000e+00 0.000000000000000000e+00
2.475213110446929932e-01 1.107424348592758179e-01 1.000000000000000000e+00 0.000000000000000000e+00 0.000000000000000000e+00
-5.777604132890701294e-02 1.303770780563354492e+00 1.000000000000000000e+00 0.000000000000000000e+00 0.000000000000000000e+00
-9.168415516614913940e-02 2.258686125278472900e-01 1.000000000000000000e+00 0.000000000000000000e+00 0.000000000000000000e+00
-1.474691927433013916e-01 9.336930513381958008e-02 0.000000000000000000e+00 1.000000000000000000e+00 0.000000000000000000e+00
-4.224400818347930908e-01 -1.022966861724853516e+00 1.000000000000000000e+00 0.000000000000000000e+00 0.000000000000000000e+00
2.816556692123413086e-01 -5.700223147869110107e-02 1.000000000000000000e+00 0.000000000000000000e+00 0.000000000000000000e+00
4.426438361406326294e-02 6.024978682398796082e-02 0.000000000000000000e+00 1.000000000000000000e+00 0.000000000000000000e+00
-2.491430640220642090e-01 3.558517694473266602e-01 1.000000000000000000e+00 0.000000000000000000e+00 0.000000000000000000e+00
5.240458846092224121e-01 -2.764137387275695801e-01 1.000000000000000000e+00 0.000000000000000000e+00 0.000000000000000000e+00
2.811454534530639648e-01 -3.015339374542236328e-01 0.000000000000000000e+00 1.000000000000000000e+00 0.000000000000000000e+00
8.596492409706115723e-01 -1.569952368736267090e+00 1.000000000000000000e+00 0.000000000000000000e+00 0.000000000000000000e+00
-3.824785351753234863e-03 7.348881363868713379e-01 1.000000000000000000e+00 0.000000000000000000e+00 0.000000000000000000e+00
2.045768946409225464e-01 3.608924746513366699e-01 1.000000000000000000e+00 0.000000000000000000e+00 0.000000000000000000e+00
2.849331498146057129e-01 9.597338736057281494e-02 1.000000000000000000e+00 0.000000000000000000e+00 0.000000000000000000e+00
3.006787598133087158e-01 -1.559149026870727539e-01 1.000000000000000000e+00 0.000000000000000000e+00 0.000000000000000000e+00
1.668003648519515991e-01 -2.509025633335113525e-01 1.000000000000000000e+00 0.000000000000000000e+00 0.000000000000000000e+00
1.581276208162307739e-02 -2.302130013704299927e-01 1.000000000000000000e+00 0.000000000000000000e+00 0.000000000000000000e+00
-1.844666004180908203e-01 -6.859032064676284790e-02 1.000000000000000000e+00 0.000000000000000000e+00 0.000000000000000000e+00
-3.239989876747131348e-01 1.317622065544128418e-01 1.000000000000000000e+00 0.000000000000000000e+00 0.000000000000000000e+00
-9.951789379119873047e-01 1.028225541114807129e+00 1.000000000000000000e+00 0.000000000000000000e+00 0.000000000000000000e+00
-2.226066291332244873e-01 5.459730029106140137e-01 0.000000000000000000e+00 1.000000000000000000e+00 0.000000000000000000e+00
-6.639545559883117676e-01 7.725466489791870117e-01 1.000000000000000000e+00 0.000000000000000000e+00 0.000000000000000000e+00
-7.821391522884368896e-02 1.389128863811492920e-01 1.000000000000000000e+00 0.000000000000000000e+00 0.000000000000000000e+00
1.408552229404449463e-01 3.141942918300628662e-01 1.000000000000000000e+00 0.000000000000000000e+00 0.000000000000000000e+00
2.326764464378356934e-01 1.113557368516921997e-01 0.000000000000000000e+00 1.000000000000000000e+00 0.000000000000000000e+00
6.150566339492797852e-01 -4.214922487735748291e-01 1.000000000000000000e+00 0.000000000000000000e+00 0.000000000000000000e+00
2.637832760810852051e-01 2.729372680187225342e-01 1.000000000000000000e+00 0.000000000000000000e+00 0.000000000000000000e+00
2.338106483221054077e-01 3.080369532108306885e-02 0.000000000000000000e+00 1.000000000000000000e+00 0.000000000000000000e+00
8.457698822021484375e-01 -3.287214636802673340e-01 1.000000000000000000e+00 0.000000000000000000e+00 0.000000000000000000e+00
1.935463696718215942e-01 3.718517124652862549e-01 1.000000000000000000e+00 0.000000000000000000e+00 0.000000000000000000e+00
2.272025644779205322e-01 1.625753343105316162e-01 0.000000000000000000e+00 1.000000000000000000e+00 0.000000000000000000e+00
-2.211444854736328125e+00 -2.272715091705322266e+00 0.000000000000000000e+00 0.000000000000000000e+00 1.000000000000000000e+00
-2.648913264274597168e-01 1.567035913467407227e+00 0.000000000000000000e+00 0.000000000000000000e+00 1.000000000000000000e+00
-1.436159610748291016e+00 -1.782779693603515625e-01 0.000000000000000000e+00 0.000000000000000000e+00 1.000000000000000000e+00
-1.022528886795043945e+00 -3.002308011054992676e-01 0.000000000000000000e+00 0.000000000000000000e+00 1.000000000000000000e+00
-1.051549196243286133e+00 -3.129718303680419922e-01 0.000000000000000000e+00 0.000000000000000000e+00 1.000000000000000000e+00
-1.007190823554992676e+00 -2.950459122657775879e-01 0.000000000000000000e+00 0.000000000000000000e+00 1.000000000000000000e+00
-9.955539703369140625e-01 -2.904631495475769043e-01 0.000000000000000000e+00 0.000000000000000000e+00 1.000000000000000000e+00
-9.800822734832763672e-01 -2.711278796195983887e-01 0.000000000000000000e+00 0.000000000000000000e+00 1.000000000000000000e+00
-9.837679862976074219e-01 -2.309353351593017578e-01 0.000000000000000000e+00 0.000000000000000000e+00 1.000000000000000000e+00
-9.795405864715576172e-01 -2.252218723297119141e-01 0.000000000000000000e+00 0.000000000000000000e+00 1.000000000000000000e+00
-9.548907279968261719e-01 -2.799014449119567871e-01 0.000000000000000000e+00 0.000000000000000000e+00 1.000000000000000000e+00
-9.409295320510864258e-01 -2.905498147010803223e-01 0.000000000000000000e+00 0.000000000000000000e+00 1.000000000000000000e+00
-9.351061582565307617e-01 -2.887333035469055176e-01 0.000000000000000000e+00 0.000000000000000000e+00 1.000000000000000000e+00
-9.303241968154907227e-01 -2.811451554298400879e-01 0.000000000000000000e+00 0.000000000000000000e+00 1.000000000000000000e+00
-9.252830743789672852e-01 -2.742882966995239258e-01 0.000000000000000000e+00 0.000000000000000000e+00 1.000000000000000000e+00
-9.231646060943603516e-01 -2.613623738288879395e-01 0.000000000000000000e+00 0.000000000000000000e+00 1.000000000000000000e+00
-9.134902954101562500e-01 -2.666918635368347168e-01 0.000000000000000000e+00 0.000000000000000000e+00 1.000000000000000000e+00
-8.933724164962768555e-01 -2.852198481559753418e-01 0.000000000000000000e+00 0.000000000000000000e+00 1.000000000000000000e+00
-8.812904357910156250e-01 -2.918817996978759766e-01 0.000000000000000000e+00 0.000000000000000000e+00 1.000000000000000000e+00
-8.740520477294921875e-01 -2.916463017463684082e-01 0.000000000000000000e+00 0.000000000000000000e+00 1.000000000000000000e+00
-8.706240653991699219e-01 -2.849733829498291016e-01 0.000000000000000000e+00 0.000000000000000000e+00 1.000000000000000000e+00
-8.700938224792480469e-01 -2.777262926101684570e-01 0.000000000000000000e+00 0.000000000000000000e+00 1.000000000000000000e+00
-8.692764043807983398e-01 -2.743261456489562988e-01 0.000000000000000000e+00 0.000000000000000000e+00 1.000000000000000000e+00
-8.651236295700073242e-01 -2.787451148033142090e-01 0.000000000000000000e+00 0.000000000000000000e+00 1.000000000000000000e+00
-8.585604429244995117e-01 -2.871162891387939453e-01 0.000000000000000000e+00 0.000000000000000000e+00 1.000000000000000000e+00
-8.511406183242797852e-01 -2.925500869750976562e-01 0.000000000000000000e+00 0.000000000000000000e+00 1.000000000000000000e+00
-8.470580577850341797e-01 -2.893846631050109863e-01 0.000000000000000000e+00 0.000000000000000000e+00 1.000000000000000000e+00
-8.460780382156372070e-01 -2.826551795005798340e-01 0.000000000000000000e+00 0.000000000000000000e+00 1.000000000000000000e+00
-8.452218770980834961e-01 -2.807394266128540039e-01 0.000000000000000000e+00 0.000000000000000000e+00 1.000000000000000000e+00
-8.419834375381469727e-01 -2.861622571945190430e-01 0.000000000000000000e+00 0.000000000000000000e+00 1.000000000000000000e+00
-8.369929790496826172e-01 -2.926307320594787598e-01 0.000000000000000000e+00 0.000000000000000000e+00 1.000000000000000000e+00
0.000000000000000000e+00 0.000000000000000000e+00 0.000000000000000000e+00 0.000000000000000000e+00 0.000000000000000000e+00
0.000000000000000000e+00 0.000000000000000000e+00 0.000000000000000000e+00 0.000000000000000000e+00 0.000000000000000000e+00
0.000000000000000000e+00 0.000000000000000000e+00 0.000000000000000000e+00 0.000000000000000000e+00 0.000000000000000000e+00
0.000000000000000000e+00 0.000000000000000000e+00 0.000000000000000000e+00 0.000000000000000000e+00 0.000000000000000000e+00
0.000000000000000000e+00 0.000000000000000000e+00 0.000000000000000000e+00 0.000000000000000000e+00 0.000000000000000000e+00
0.000000000000000000e+00 0.000000000000000000e+00 0.000000000000000000e+00 0.000000000000000000e+00 0.000000000000000000e+00
0.000000000000000000e+00 0.000000000000000000e+00 0.000000000000000000e+00 0.000000000000000000e+00 0.000000000000000000e+00
0.000000000000000000e+00 0.000000000000000000e+00 0.000000000000000000e+00 0.000000000000000000e+00 0.000000000000000000e+00
0.000000000000000000e+00 0.000000000000000000e+00 0.000000000000000000e+00 0.000000000000000000e+00 0.000000000000000000e+00
0.000000000000000000e+00 0.000000000000000000e+00 0.000000000000000000e+00 0.000000000000000000e+00 0.000000000000000000e+00
0.000000000000000000e+00 0.000000000000000000e+00 0.000000000000000000e+00 0.000000000000000000e+00 0.000000000000000000e+00
0.000000000000000000e+00 0.000000000000000000e+00 0.000000000000000000e+00 0.000000000000000000e+00 0.000000000000000000e+00
0.000000000000000000e+00 0.000000000000000000e+00 0.000000000000000000e+00 0.000000000000000000e+00 0.000000000000000000e+00
0.000000000000000000e+00 0.000000000000000000e+00 0.000000000000000000e+00 0.000000000000000000e+00 0.000000000000000000e+00
0.000000000000000000e+00 0.000000000000000000e+00 0.000000000000000000e+00 0.000000000000000000e+00 0.000000000000000000e+00
0.000000000000000000e+00 0.000000000000000000e+00 0.000000000000000000e+00 0.000000000000000000e+00 0.000000000000000000e+00
0.000000000000000000e+00 0.000000000000000000e+00 0.000000000000000000e+00 0.000000000000000000e+00 0.000000000000000000e+00
0.000000000000000000e+00 0.000000000000000000e+00 0.000000000000000000e+00 0.000000000000000000e+00 0.000000000000000000e+00
0.000000000000000000e+00 0.000000000000000000e+00 0.000000000000000000e+00 0.000000000000000000e+00 0.000000000000000000e+00
0.000000000000000000e+00 0.000000000000000000e+00 0.000000000000000000e+00 0.000000000000000000e+00 0.000000000000000000e+00
0.000000000000000000e+00 0.000000000000000000e+00 0.000000000000000000e+00 0.000000000000000000e+00 0.000000000000000000e+00
0.000000000000000000e+00 0.000000000000000000e+00 0.000000000000000000e+00 0.000000000000000000e+00 0.000000000000000000e+00
0.000000000000000000e+00 0.000000000000000000e+00 0.000000000000000000e+00 0.000000000000000000e+00 0.000000000000000000e+00
0.000000000000000000e+00 0.000000000000000000e+00 0.000000000000000000e+00 0.000000000000000000e+00 0.000000000000000000e+00
0.000000000000000000e+00 0.000000000000000000e+00 0.000000000000000000e+00 0.000000000000000000e+00 0.000000000000000000e+00
0.000000000000000000e+00 0.000000000000000000e+00 0.000000000000000000e+00 0.000000000000000000e+00 0.000000000000000000e+00
0.000000000000000000e+00 0.000000000000000000e+00 0.000000000000000000e+00 0.000000000000000000e+00 0.000000000000000000e+00
0.000000000000000000e+00 0.000000000000000000e+00 0.000000000000000000e+00 0.000000000000000000e+00 0.000000000000000000e+00
0.000000000000000000e+00 0.000000000000000000e+00 0.000000000000000000e+00 0.000000000000000000e+00 0.000000000000000000e+00
0.000000000000000000e+00 0.000000000000000000e+00 0.000000000000000000e+00 0.000000000000000000e+00 0.000000000000000000e+00
0.000000000000000000e+00 0.000000000000000000e+00 0.000000000000000000e+00 0.000000000000000000e+00 0.000000000000000000e+00
0.000000000000000000e+00 0.000000000000000000e+00 0.000000000000000000e+00 0.000000000000000000e+00 0.000000000000000000e+00
0.000000000000000000e+00 0.000000000000000000e+00 0.000000000000000000e+00 0.000000000000000000e+00 0.000000000000000000e+00
0.000000000000000000e+00 0.000000000000000000e+00 0.000000000000000000e+00 0.000000000000000000e+00 0.000000000000000000e+00
0.000000000000000000e+00 0.000000000000000000e+00 0.000000000000000000e+00 0.000000000000000000e+00 0.000000000000000000e+00
0.000000000000000000e+00 0.000000000000000000e+00 0.000000000000000000e+00 0.000000000000000000e+00 0.000000000000000000e+00
0.000000000000000000e+00 0.000000000000000000e+00 0.000000000000000000e+00 0.000000000000000000e+00 0.000000000000000000e+00
0.000000000000000000e+00 0.000000000000000000e+00 0.000000000000000000e+00 0.000000000000000000e+00 0.000000000000000000e+00
0.000000000000000000e+00 0.000000000000000000e+00 0.000000000000000000e+00 0.000000000000000000e+00 0.000000000000000000e+00
0.000000000000000000e+00 0.000000000000000000e+00 0.000000000000000000e+00 0.000000000000000000e+00 0.000000000000000000e+00
0.000000000000000000e+00 0.000000000000000000e+00 0.000000000000000000e+00 0.000000000000000000e+00 0.000000000000000000e+00
0.000000000000000000e+00 0.000000000000000000e+00 0.000000000000000000e+00 0.000000000000000000e+00 0.000000000000000000e+00
0.000000000000000000e+00 0.000000000000000000e+00 0.000000000000000000e+00 0.000000000000000000e+00 0.000000000000000000e+00
0.000000000000000000e+00 0.000000000000000000e+00 0.000000000000000000e+00 0.000000000000000000e+00 0.000000000000000000e+00
0.000000000000000000e+00 0.000000000000000000e+00 0.000000000000000000e+00 0.000000000000000000e+00 0.000000000000000000e+00
0.000000000000000000e+00 0.000000000000000000e+00 0.000000000000000000e+00 0.000000000000000000e+00 0.000000000000000000e+00
0.000000000000000000e+00 0.000000000000000000e+00 0.000000000000000000e+00 0.000000000000000000e+00 0.000000000000000000e+00
