0.000000000000000000e+00 0.000000000000000000e+00 1.000000000000000000e+00 0.000000000000000000e+00 0.000000000000000000e+00
9.887986183166503906e-01 -1.841011047363281250e-01 1.000000000000000000e+00 0.000000000000000000e+00 0.000000000000000000e+00
4.086825251579284668e-01 -1.597984731197357178e-01 0.000000000000000000e+00 1.000000000000000000e+00 0.000000000000000000e+00
-9.117308855056762695e-01 3.471682071685791016e-01 1.000000000000000000e+00 0.000000000000000000e+00 0.000000000000000000e+00
-1.508366763591766357e-01 1.669597923755645752e-01 1.000000000000000000e+00 0.000000000000000000e+00 0.000000000000000000e+00
-3.408704400062561035e-01 1.350124001502990723e+00 1.000000000000000000e+00 0.000000000000000000e+00 0.000000000000000000e+00
-6.324738264083862305e-03 6.194378137588500977e-01 1.000000000000000000e+00 0.000000000000000000e+00 0.000000000000000000e+00
1.065122336149215698e-01 1.349110752344131470e-01 1.000000000000000000e+00 0.000000000000000000e+00 0.000000000000000000e+00
3.398966193199157715e-01 9.746925532817840576e-02 1.000000000000000000e+00 0.000000000000000000e+00 0.000000000000000000e+00
9.789689779281616211e-01 -1.429745554924011230e-01 1.000000000000000000e+00 0.000000000000000000e+00 0.000000000000000000e+00
3.775903582572937012e-01 -1.585512459278106689e-01 1.000000000000000000e+00 0.000000000000000000e+00 0.000000000000000000e+00
1.198439151048660278e-01 -1.564702391624450684e-01 0.000000000000000000e+00 1.000000000000000000e+00 0.000000000000000000e+00
-9.063040018081665039e-01 -1.571910262107849121e+00 1.000000000000000000e+00 0.000000000000000000e+00 0.000000000000000000e+00
-9.535977989435195923e-02 4.595533013343811035e-02 1.000000000000000000e+00 0.000000000000000000e+00 0.000000000000000000e+00
-2.769546955823898315e-02 3.628889620304107666e-01 1.000000000000000000e+00 0.000000000000000000e+00 0.000000000000000000e+00
-9.114845097064971924e-02 1.467318385839462280e-01 0.000000000000000000e+00 1.000000000000000000e+00 0.000000000000000000e+00
-1.664412319660186768e-01 2.884483337402343750e-02 1.000000000000000000e+00 0.000000000000000000e+00 0.000000000000000000e+00
5.169030427932739258e-01 -7.168958336114883423e-02 1.000000000000000000e+00 0.000000000000000000e+00 0.000000000000000000e+00
-4.408432841300964355e-01 5.241931080818176270e-01 1.000000000000000000e+00 0.000000000000000000e+00 0.000000000000000000e+00
3.451094031333923340e-01 -1.076770499348640442e-01 1.000000000000000000e+00 0.000000000000000000e+00 0.000000000000000000e+00
-1.398362368345260620e-01 6.630378961563110352e-01 0.000000000000000000e+00 1.000000000000000000e+00 0.000000000000000000e+00
1.200242400169372559e+00 -1.962978601455688477e+00 1.000000000000000000e+00 0.000000000000000000e+00 0.000000000000000000e+00
6.412900686264038086e-01 -6.042195856571197510e-02 1.000000000000000000e+00 0.000000000000000000e+00 0.000000000000000000e+00
-4.934638440608978271e-01 6.944667696952819824e-01 1.000000000000000000e+00 0.000000000000000000e+00 0.000000000000000000e+00
-2.538770437240600586e-01 1.790208816528320312e-01 1.000000000000000000e+00 0.000000000000000000e+00 0.000000000000000000e+00
4.328622221946716309e-01 -1.521309614181518555e-01 1.000000000000000000e+00 0.000000000000000000e+00 0.000000000000000000e+00
7.888317108154296875e-02 -9.871041774749755859e-02 0.000000000000000000e+00 1.000000000000000000e+00 0.000000000000000000e+00
-4.711043238639831543e-01 -1.579636037349700928e-01 1.000000000000000000e+00 0.000000000000000000e+00 0.000000000000000000e+00
-2.184245288372039795e-01 9.773823022842407227e-01 1.000000000000000000e+00 0.000000000000000000e+00 0.000000000000000000e+00
4.994462803006172180e-02 1.932236552238464355e-01 1.000000000000000000e+00 0.000000000000000000e+00 0.000000000000000000e+00
1.416856646537780762e-01 1.142051368951797485e-01 1.000000000000000000e+00 0.000000000000000000e+00 0.000000000000000000e+00
3.950166106224060059e-01 7.774151861667633057e-02 1.000000000000000000e+00 0.000000000000000000e+00 0.000000000000000000e+00
8.484712839126586914e-01 -1.705003082752227783e-01 1.000000000000000000e+00 0.000000000000000000e+00 0.000000000000000000e+00
3.220057487487792969e-01 -1.805282086133956909e-01 1.000000000000000000e+00 0.000000000000000000e+00 0.000000000000000000e+00
-1.554802358150482178e-01 -2.182662785053253174e-01 1.000000000000000000e+00 0.000000000000000000e+00 0.000000000000000000e+00
-3.011474609375000000e-01 -1.345620155334472656e-01 0.000000000000000000e+00 1.000000000000000000e+00 0.000000000000000000e+00
-2.959850072860717773e+00 1.694530248641967773e+00 1.000000000000000000e+00 0.000000000000000000e+00 0.000000000000000000e+00
-1.282295584678649902e-01 1.075059249997138977e-01 1.000000000000000000e+00 0.000000000000000000e+00 0.000000000000000000e+00
-2.362701296806335449e-02 3.968100547790527344e-01 1.000000000000000000e+00 0.000000000000000000e+00 0.000000000000000000e+00
7.228649407625198364e-02 1.267342418432235718e-01 0.000000000000000000e+00 1.000000000000000000e+00 0.000000000000000000e+00
9.965010881423950195e-01 -5.033559203147888184e-01 1.000000000000000000e+00 0.000000000000000000e+00 0.000000000000000000e+00
2.869532108306884766e-01 3.077282011508941650e-01 1.000000000000000000e+00 0.000000000000000000e+00 0.000000000000000000e+00
2.115667015314102173e-01 6.415930390357971191e-02 0.000000000000000000e+00 1.000000000000000000e+00 0.000000000000000000e+00
5.544308423995971680e-01 -3.206776678562164307e-01 1.000000000000000000e+00 0.000000000000000000e+00 0.000000000000000000e+00
2.248705625534057617e-01 2.714059352874755859e-01 1.000000000000000000e+00 0.000000000000000000e+00 0.000000000000000000e+00
2.005127668380737305e-01 5.134565383195877075e-02 0.000000000000000000e+00 1.000000000000000000e+00 0.000000000000000000e+00
9.246006608009338379e-01 -3.219805955886840820e-01 1.000000000000000000e+00 0.000000000000000000e+00 0.000000000000000000e+00
1.939075142145156860e-01 3.676705658435821533e-01 1.000000000000000000e+00 0.000000000000000000e+00 0.000000000000000000e+00
-1.362378150224685669e-02 2.404307126998901367e-01 0.000000000000000000e+00 1.000000000000000000e+00 0.000000000000000000e+00
-2.046285867691040039e+00 -2.344653844833374023e+00 0.000000000000000000e+00 0.000000000000000000e+00 1.000000000000000000e+00
-4.784510135650634766e-01 1.301757335662841797e+00 0.000000000000000000e+00 0.000000000000000000e+00 1.000000000000000000e+00
-1.423829555511474609e+00 -3.075629472732543945e-01 0.000000000000000000e+00 0.000000000000000000e+00 1.000000000000000000e+00
-1.135031104087829590e+00 -2.224966883659362793e-01 0.000000000000000000e+00 0.000000000000000000e+00 1.000000000000000000e+00
-1.160478115081787109e+00 -2.305930852890014648e-01 0.000000000000000000e+00 0.000000000000000000e+00 1.000000000000000000e+00
-1.128842234611511230e+00 -1.860678791999816895e-01 0.000000000000000000e+00 0.000000000000000000e+00 1.000000000000000000e+00
-1.131421923637390137e+00 -1.659112572669982910e-01 0.000000000000000000e+00 0.000000000000000000e+00 1.000000000000000000e+00
-1.120491385459899902e+00 -1.554847359657287598e-01 0.000000000000000000e+00 0.000000000000000000e+00 1.000000000000000000e+00
-1.107422351837158203e+00 -1.506043076515197754e-01 0.000000000000000000e+00 0.000000000000000000e+00 1.000000000000000000e+00
-1.094285011291503906e+00 -1.672623157501220703e-01 0.000000000000000000e+00 0.000000000000000000e+00 1.000000000000000000e+00
-1.084449410438537598e+00 -1.729381084442138672e-01 0.000000000000000000e+00 0.000000000000000000e+00 1.000000000000000000e+00
-1.076415181159973145e+00 -1.783125996589660645e-01 0.000000000000000000e+00 0.000000000000000000e+00 1.000000000000000000e+00
-1.069374203681945801e+00 -1.772152185440063477e-01 0.000000000000000000e+00 0.000000000000000000e+00 1.000000000000000000e+00
-1.064233899116516113e+00 -1.755045056343078613e-01 0.000000000000000000e+00 0.000000000000000000e+00 1.000000000000000000e+00
-1.054544448852539062e+00 -1.785736680030822754e-01 0.000000000000000000e+00 0.000000000000000000e+00 1.000000000000000000e+00
-1.042337179183959961e+00 -1.848188638687133789e-01 0.000000000000000000e+00 0.000000000000000000e+00 1.000000000000000000e+00
0.000000000000000000e+00 0.000000000000000000e+00 0.000000000000000000e+00 0.000000000000000000e+00 0.000000000000000000e+00
0.000000000000000000e+00 0.000000000000000000e+00 0.000000000000000000e+00 0.000000000000000000e+00 0.000000000000000000e+00
0.000000000000000000e+00 0.000000000000000000e+00 0.000000000000000000e+00 0.000000000000000000e+00 0.000000000000000000e+00
0.000000000000000000e+00 0.000000000000000000e+00 0.000000000000000000e+00 0.000000000000000000e+00 0.000000000000000000e+00
0.000000000000000000e+00 0.000000000000000000e+00 0.000000000000000000e+00 0.000000000000000000e+00 0.000000000000000000e+00
0.000000000000000000e+00 0.000000000000000000e+00 0.000000000000000000e+00 0.000000000000000000e+00 0.000000000000000000e+00
0.000000000000000000e+00 0.000000000000000000e+00 0.000000000000000000e+00 0.000000000000000000e+00 0.000000000000000000e+00
0.000000000000000000e+00 0.000000000000000000e+00 0.000000000000000000e+00 0.000000000000000000e+00 0.000000000000000000e+00
0.000000000000000000e+00 0.000000000000000000e+00 0.000000000000000000e+00 0.000000000000000000e+00 0.000000000000000000e+00
0.000000000000000000e+00 0.000000000000000000e+00 0.000000000000000000e+00 0.000000000000000000e+00 0.000000000000000000e+00
0.000000000000000000e+00 0.000000000000000000e+00 0.000000000000000000e+00 0.000000000000000000e+00 0.000000000000000000e+00
0.000000000000000000e+00 0.000000000000000000e+00 0.000000000000000000e+00 0.000000000000000000e+00 0.000000000000000000e+00
0.000000000000000000e+00 0.000000000000000000e+00 0.000000000000000000e+00 0.000000000000000000e+00 0.000000000000000000e+00
0.000000000000000000e+00 0.000000000000000000e+00 0.000000000000000000e+00 0.000000000000000000e+00 0.000000000000000000e+00
0.000000000000000000e+00 0.000000000000000000e+00 0.000000000000000000e+00 0.000000000000000000e+00 0.000000000000000000e+00
0.000000000000000000e+00 0.000000000000000000e+00 0.000000000000000000e+00 0.000000000000000000e+00 0.000000000000000000e+00
0.000000000000000000e+00 0.000000000000000000e+00 0.000000000000000000e+00 0.000000000000000000e+00 0.000000000000000000e+00
0.000000000000000000e+00 0.000000000000000000e+00 0.000000000000000000e+00 0.000000000000000000e+00 0.000000000000000000e+00
0.000000000000000000e+00 0.000000000000000000e+00 0.000000000000000000e+00 0.000000000000000000e+00 0.000000000000000000e+00
0.000000000000000000e+00 0.000000000000000000e+00 0.000000000000000000e+00 0.000000000000000000e+00 0.000000000000000000e+00
0.000000000000000000e+00 0.000000000000000000e+00 0.000000000000000000e+00 0.000000000000000000e+00 0.000000000000000000e+00
0.000000000000000000e+00 0.000000000000000000e+00 0.000000000000000000e+00 0.000000000000000000e+00 0.000000000000000000e+00
0.000000000000000000e+00 0.000000000000000000e+00 0.000000000000000000e+00 0.000000000000000000e+00 0.000000000000000000e+00
0.000000000000000000e+00 0.000000000000000000e+00 0.000000000000000000e+00 0.000000000000000000e+00 0.000000000000000000e+00
0.000000000000000000e+00 0.000000000000000000e+00 0.000000000000000000e+00 0.000000000000000000e+00 0.000000000000000000e+00
0.000000000000000000e+00 0.000000000000000000e+00 0.000000000000000000e+00 0.000000000000000000e+00 0.000000000000000000e+00
0.000000000000000000e+00 0.000000000000000000e+00 0.000000000000000000e+00 0.000000000000000000e+00 0.000000000000000000e+00
0.000000000000000000e+00 0.000000000000000000e+00 0.000000000000000000e+00 0.000000000000000000e+00 0.000000000000000000e+00
0.000000000000000000e+00 0.000000000000000000e+00 0.000000000000000000e+00 0.000000000000000000e+00 0.000000000000000000e+00
0.000000000000000000e+00 0.000000000000000000e+00 0.000000000000000000e+00 0.000000000000000000e+00 0.000000000000000000e+00
0.000000000000000000e+00 0.000000000000000000e+00 0.000000000000000000e+00 0.000000000000000000e+00 0.000000000000000000e+00
0.000000000000000000e+00 0.000000000000000000e+00 0.000000000000000000e+00 0.000000000000000000e+00 0.000000000000000000e+00
0.000000000000000000e+00 0.000000000000000000e+00 0.000000000000000000e+00 0.000000000000000000e+00 0.000000000000000000e+00
0.000000000000000000e+00 0.000000000000000000e+00 0.000000000000000000e+00 0.000000000000000000e+00 0.000000000000000000e+00
0.000000000000000000e+00 0.000000000000000000e+00 0.000000000000000000e+00 0.000000000000000000e+00 0.000000000000000000e+00
0.000000000000000000e+00 0.000000000000000000e+00 0.000000000000000000e+00 0.000000000000000000e+00 0.000000000000000000e+00
0.000000000000000000e+00 0.000000000000000000e+00 0.000000000000000000e+00 0.000000000000000000e+00 0.000000000000000000e+00
0.000000000000000000e+00 0.000000000000000000e+00 0.000000000000000000e+00 0.000000000000000000e+00 0.000000000000000000e+00
0.000000000000000000e+00 0.000000000000000000e+00 0.000000000000000000e+00 0.000000000000000000e+00 0.000000000000000000e+00
0.000000000000000000e+00 0.000000000000000000e+00 0.000000000000000000e+00 0.000000000000000000e+00 0.000000000000000000e+00
0.000000000000000000e+00 0.000000000000000000e+00 0.000000000000000000e+00 0.000000000000000000e+00 0.000000000000000000e+00
0.000000000000000000e+00 0.000000000000000000e+00 0.000000000000000000e+00 0.000000000000000000e+00 0.000000000000000000e+00
0.000000000000000000e+00 0.000000000000000000e+00 0.000000000000000000e+00 0.000000000000000000e+00 0.000000000000000000e+00
0.000000000000000000e+00 0.000000000000000000e+00 0.000000000000000000e+00 0.000000000000000000e+00 0.000000000000000000e+00
0.000000000000000000e+00 0.000000000000000000e+00 0.000000000000000000e+00 0.000000000000000000e+00 0.000000000000000000e+00
0.000000000000000000e+00 0.000000000000000000e+00 0.000000000000000000e+00 0.000000000000000000e+00 0.000000000000000000e+00
0.000000000000000000e+00 0.000000000000000000e+00 0.000000000000000000e+00 0.000000000000000000e+00 0.000000000000000000e+00
0.000000000000000000e+00 0.000000000000000000e+00 0.000000000000000000e+00 0.000000000000000000e+00 0.000000000000000000e+00
0.000000000000000000e+00 0.000000000000000000e+00 0.000000000000000000e+00 0.000000000000000000e+00 0.000000000000000000e+00
0.000000000000000000e+00 0.000000000000000000e+00 0.000000000000000000e+00 0.000000000000000000e+00 0.000000000000000000e+00
0.000000000000000000e+00 0.000000000000000000e+00 0.000000000000000000e+00 0.000000000000000000e+00 0.000000000000000000e+00
0.000000000000000000e+00 0.000000000000000000e+00 0.000000000000000000e+00 0.000000000000000000e+00 0.000000000000000000e+00
0.000000000000000000e+00 0.000000000000000000e+00 0.000000000000000000e+00 0.000000000000000000e+00 0.000000000000000000e+00
0.000000000000000000e+00 0.000000000000000000e+00 0.000000000000000000e+00 0.000000000000000000e+00 0.000000000000000000e+00
0.000000000000000000e+00 0.000000000000000000e+00 0.000000000000000000e+00 0.000000000000000000e+00 0.000000000000000000e+00
0.000000000000000000e+00 0.000000000000000000e+00 0.000000000000000000e+00 0.000000000000000000e+00 0.000000000000000000e+00
