0.000000000000000000e+00 0.000000000000000000e+00 1.000000000000000000e+00 0.000000000000000000e+00 0.000000000000000000e+00
-8.544176816940307617e-01 1.074449300765991211e+00 1.000000000000000000e+00 0.000000000000000000e+00 0.000000000000000000e+00
-3.866952061653137207e-01 3.447104096412658691e-01 1.000000000000000000e+00 0.000000000000000000e+00 0.000000000000000000e+00
-3.501777052879333496e-01 1.837313622236251831e-01 0.000000000000000000e+00 1.000000000000000000e+00 0.000000000000000000e+00
4.723976254463195801e-01 -1.098020076751708984e+00 1.000000000000000000e+00 0.000000000000000000e+00 0.000000000000000000e+00
2.951253652572631836e-01 6.246565282344818115e-02 1.000000000000000000e+00 0.000000000000000000e+00 0.000000000000000000e+00
3.032944798469543457e-01 2.617719173431396484e-01 1.000000000000000000e+00 0.000000000000000000e+00 0.000000000000000000e+00
2.195268571376800537e-01 5.759750604629516602e-01 1.000000000000000000e+00 0.000000000000000000e+00 0.000000000000000000e+00
-3.621985390782356262e-02 6.123390197753906250e-01 1.000000000000000000e+00 0.000000000000000000e+00 0.000000000000000000e+00
-1.071551665663719177e-01 2.499188929796218872e-01 1.000000000000000000e+00 0.000000000000000000e+00 0.000000000000000000e+00
-1.328332126140594482e-01 1.254107654094696045e-01 1.000000000000000000e+00 0.000000000000000000e+00 0.000000000000000000e+00
-1.259945780038833618e-01 9.799752384424209595e-03 1.000000000000000000e+00 0.000000000000000000e+00 0.000000000000000000e+00
-1.321393400430679321e-01 -1.247036978602409363e-01 1.000000000000000000e+00 0.000000000000000000e+00 0.000000000000000000e+00
-6.643629074096679688e-02 -2.920501828193664551e-01 1.000000000000000000e+00 0.000000000000000000e+00 0.000000000000000000e+00
5.589281767606735229e-02 -3.547786772251129150e-01 1.000000000000000000e+00 0.000000000000000000e+00 0.000000000000000000e+00
1.426124572753906250e-01 -2.451665848493576050e-01 1.000000000000000000e+00 0.000000000000000000e+00 0.000000000000000000e+00
-6.688760519027709961e-01 7.420939207077026367e-01 1.000000000000000000e+00 0.000000000000000000e+00 0.000000000000000000e+00
-2.352879196405410767e-01 1.492239385843276978e-01 0.000000000000000000e+00 1.000000000000000000e+00 0.000000000000000000e+00
2.019732475280761719e+00 -1.962510824203491211e+00 1.000000000000000000e+00 0.000000000000000000e+00 0.000000000000000000e+00
-1.762923598289489746e-02 6.441483497619628906e-01 1.000000000000000000e+00 0.000000000000000000e+00 0.000000000000000000e+00
-5.973363295197486877e-02 1.745226681232452393e-01 0.000000000000000000e+00 1.000000000000000000e+00 0.000000000000000000e+00
3.495382666587829590e-01 -1.113070487976074219e+00 1.000000000000000000e+00 0.000000000000000000e+00 0.000000000000000000e+00
8.151811361312866211e-01 -1.168955862522125244e-01 1.000000000000000000e+00 0.000000000000000000e+00 0.000000000000000000e+00
2.731272876262664795e-01 5.655106529593467712e-02 1.000000000000000000e+00 0.000000000000000000e+00 0.000000000000000000e+00
-2.920646686106920242e-03 2.724269926548004150e-01 1.000000000000000000e+00 0.000000000000000000e+00 0.000000000000000000e+00
-1.856421828269958496e-01 4.748505055904388428e-01 1.000000000000000000e+00 0.000000000000000000e+00 0.000000000000000000e+00
-1.441396772861480713e-01 2.188651263713836670e-01 1.000000000000000000e+00 0.000000000000000000e+00 0.000000000000000000e+00
-1.922106891870498657e-01 1.390399187803268433e-01 0.000000000000000000e+00 1.000000000000000000e+00 0.000000000000000000e+00
-4.054256379604339600e-01 -5.007357597351074219e-01 1.000000000000000000e+00 0.000000000000000000e+00 0.000000000000000000e+00
4.040980339050292969e-01 -2.339494228363037109e-02 1.000000000000000000e+00 0.000000000000000000e+00 0.000000000000000000e+00
-3.868316859006881714e-02 5.036935210227966309e-02 0.000000000000000000e+00 1.000000000000000000e+00 0.000000000000000000e+00
-4.251968562602996826e-01 3.487442433834075928e-01 1.000000000000000000e+00 0.000000000000000000e+00 0.000000000000000000e+00
4.916928410530090332e-01 -2.801106870174407959e-02 1.000000000000000000e+00 0.000000000000000000e+00 0.000000000000000000e+00
-2.662122994661331177e-02 5.083000659942626953e-02 0.000000000000000000e+00 1.000000000000000000e+00 0.000000000000000000e+00
-6.559094190597534180e-01 4.594682753086090088e-01 1.000000000000000000e+00 0.000000000000000000e+00 0.000000000000000000e+00
6.748444437980651855e-01 -5.833701789379119873e-02 1.000000000000000000e+00 0.000000000000000000e+00 0.000000000000000000e+00
2.778565287590026855e-01 -1.208986937999725342e-01 0.000000000000000000e+00 1.000000000000000000e+00 0.000000000000000000e+00
-3.205728530883789062e-01 -9.016526937484741211e-01 1.000000000000000000e+00 0.000000000000000000e+00 0.000000000000000000e+00
-1.410613358020782471e-01 1.098420023918151855e+00 1.000000000000000000e+00 0.000000000000000000e+00 0.000000000000000000e+00
-1.091460511088371277e-01 3.248845040798187256e-01 1.000000000000000000e+00 0.000000000000000000e+00 0.000000000000000000e+00
-1.513629853725433350e-01 2.231594324111938477e-01 0.000000000000000000e+00 1.000000000000000000e+00 0.000000000000000000e+00
-2.657756805419921875e-01 -3.337797522544860840e-02 1.000000000000000000e+00 0.000000000000000000e+00 0.000000000000000000e+00
9.849885106086730957e-01 -3.675951063632965088e-02 1.000000000000000000e+00 0.000000000000000000e+00 0.000000000000000000e+00
3.976342678070068359e-01 7.802007347345352173e-02 0.000000000000000000e+00 1.000000000000000000e+00 0.000000000000000000e+00
-1.676253318786621094e+00 -1.571223258972167969e+00 0.000000000000000000e+00 0.000000000000000000e+00 1.000000000000000000e+00
-4.342663288116455078e-01 1.039199233055114746e+00 0.000000000000000000e+00 0.000000000000000000e+00 1.000000000000000000e+00
-1.463009953498840332e+00 -3.754237294197082520e-01 0.000000000000000000e+00 0.000000000000000000e+00 1.000000000000000000e+00
-9.307296276092529297e-01 -2.586196064949035645e-01 0.000000000000000000e+00 0.000000000000000000e+00 1.000000000000000000e+00
-1.110117197036743164e+00 -2.792468667030334473e-01 0.000000000000000000e+00 0.000000000000000000e+00 1.000000000000000000e+00
-1.016030073165893555e+00 -2.554135322570800781e-01 0.000000000000000000e+00 0.000000000000000000e+00 1.000000000000000000e+00
-1.026240468025207520e+00 -3.011533617973327637e-01 0.000000000000000000e+00 0.000000000000000000e+00 1.000000000000000000e+00
-1.000739336013793945e+00 -2.998216152191162109e-01 0.000000000000000000e+00 0.000000000000000000e+00 1.000000000000000000e+00
-9.949808120727539062e-01 -2.818164825439453125e-01 0.000000000000000000e+00 0.000000000000000000e+00 1.000000000000000000e+00
-9.893895387649536133e-01 -2.830522060394287109e-01 0.000000000000000000e+00 0.000000000000000000e+00 1.000000000000000000e+00
-9.834302663803100586e-01 -3.334558606147766113e-01 0.000000000000000000e+00 0.000000000000000000e+00 1.000000000000000000e+00
-9.659941196441650391e-01 -3.452034592628479004e-01 0.000000000000000000e+00 0.000000000000000000e+00 1.000000000000000000e+00
-9.589420557022094727e-01 -3.423975110054016113e-01 0.000000000000000000e+00 0.000000000000000000e+00 1.000000000000000000e+00
-9.519319534301757812e-01 -3.318156599998474121e-01 0.000000000000000000e+00 0.000000000000000000e+00 1.000000000000000000e+00
-9.458755254745483398e-01 -3.236864209175109863e-01 0.000000000000000000e+00 0.000000000000000000e+00 1.000000000000000000e+00
-9.400045871734619141e-01 -3.116174936294555664e-01 0.000000000000000000e+00 0.000000000000000000e+00 1.000000000000000000e+00
-9.344350099563598633e-01 -3.137232661247253418e-01 0.000000000000000000e+00 0.000000000000000000e+00 1.000000000000000000e+00
-9.240008592605590820e-01 -3.236654400825500488e-01 0.000000000000000000e+00 0.000000000000000000e+00 1.000000000000000000e+00
-9.148069620132446289e-01 -3.233416676521301270e-01 0.000000000000000000e+00 0.000000000000000000e+00 1.000000000000000000e+00
-9.096825122833251953e-01 -3.169783949851989746e-01 0.000000000000000000e+00 0.000000000000000000e+00 1.000000000000000000e+00
-9.070600271224975586e-01 -3.115478754043579102e-01 0.000000000000000000e+00 0.000000000000000000e+00 1.000000000000000000e+00
-9.055360555648803711e-01 -3.095178604125976562e-01 0.000000000000000000e+00 0.000000000000000000e+00 1.000000000000000000e+00
-9.032675027847290039e-01 -3.093609213829040527e-01 0.000000000000000000e+00 0.000000000000000000e+00 1.000000000000000000e+00
-8.992080688476562500e-01 -3.107196688652038574e-01 0.000000000000000000e+00 0.000000000000000000e+00 1.000000000000000000e+00
-8.939977884292602539e-01 -3.084189891815185547e-01 0.000000000000000000e+00 0.000000000000000000e+00 1.000000000000000000e+00
-8.901919126510620117e-01 -3.010439276695251465e-01 0.000000000000000000e+00 0.000000000000000000e+00 1.000000000000000000e+00
0.000000000000000000e+00 0.000000000000000000e+00 0.000000000000000000e+00 0.000000000000000000e+00 0.000000000000000000e+00
0.000000000000000000e+00 0.000000000000000000e+00 0.000000000000000000e+00 0.000000000000000000e+00 0.000000000000000000e+00
0.000000000000000000e+00 0.000000000000000000e+00 0.000000000000000000e+00 0.000000000000000000e+00 0.000000000000000000e+00
0.000000000000000000e+00 0.000000000000000000e+00 0.000000000000000000e+00 0.000000000000000000e+00 0.000000000000000000e+00
0.000000000000000000e+00 0.000000000000000000e+00 0.000000000000000000e+00 0.000000000000000000e+00 0.000000000000000000e+00
0.000000000000000000e+00 0.000000000000000000e+00 0.000000000000000000e+00 0.000000000000000000e+00 0.000000000000000000e+00
0.000000000000000000e+00 0.000000000000000000e+00 0.000000000000000000e+00 0.000000000000000000e+00 0.000000000000000000e+00
0.000000000000000000e+00 0.000000000000000000e+00 0.000000000000000000e+00 0.000000000000000000e+00 0.000000000000000000e+00
0.000000000000000000e+00 0.000000000000000000e+00 0.000000000000000000e+00 0.000000000000000000e+00 0.000000000000000000e+00
0.000000000000000000e+00 0.000000000000000000e+00 0.000000000000000000e+00 0.000000000000000000e+00 0.000000000000000000e+00
0.000000000000000000e+00 0.000000000000000000e+00 0.000000000000000000e+00 0.000000000000000000e+00 0.000000000000000000e+00
0.000000000000000000e+00 0.000000000000000000e+00 0.000000000000000000e+00 0.000000000000000000e+00 0.000000000000000000e+00
0.000000000000000000e+00 0.000000000000000000e+00 0.000000000000000000e+00 0.000000000000000000e+00 0.000000000000000000e+00
0.000000000000000000e+00 0.000000000000000000e+00 0.000000000000000000e+00 0.000000000000000000e+00 0.000000000000000000e+00
0.000000000000000000e+00 0.000000000000000000e+00 0.000000000000000000e+00 0.000000000000000000e+00 0.000000000000000000e+00
0.000000000000000000e+00 0.000000000000000000e+00 0.000000000000000000e+00 0.000000000000000000e+00 0.000000000000000000e+00
0.000000000000000000e+00 0.000000000000000000e+00 0.000000000000000000e+00 0.000000000000000000e+00 0.000000000000000000e+00
0.000000000000000000e+00 0.000000000000000000e+00 0.000000000000000000e+00 0.000000000000000000e+00 0.000000000000000000e+00
0.000000000000000000e+00 0.000000000000000000e+00 0.000000000000000000e+00 0.000000000000000000e+00 0.000000000000000000e+00
0.000000000000000000e+00 0.000000000000000000e+00 0.000000000000000000e+00 0.000000000000000000e+00 0.000000000000000000e+00
0.000000000000000000e+00 0.000000000000000000e+00 0.000000000000000000e+00 0.000000000000000000e+00 0.000000000000000000e+00
0.000000000000000000e+00 0.000000000000000000e+00 0.000000000000000000e+00 0.000000000000000000e+00 0.000000000000000000e+00
0.000000000000000000e+00 0.000000000000000000e+00 0.000000000000000000e+00 0.000000000000000000e+00 0.000000000000000000e+00
0.000000000000000000e+00 0.000000000000000000e+00 0.000000000000000000e+00 0.000000000000000000e+00 0.000000000000000000e+00
0.000000000000000000e+00 0.000000000000000000e+00 0.000000000000000000e+00 0.000000000000000000e+00 0.000000000000000000e+00
0.000000000000000000e+00 0.000000000000000000e+00 0.000000000000000000e+00 0.000000000000000000e+00 0.000000000000000000e+00
0.000000000000000000e+00 0.000000000000000000e+00 0.000000000000000000e+00 0.000000000000000000e+00 0.000000000000000000e+00
0.000000000000000000e+00 0.000000000000000000e+00 0.000000000000000000e+00 0.000000000000000000e+00 0.000000000000000000e+00
0.000000000000000000e+00 0.000000000000000000e+00 0.000000000000000000e+00 0.000000000000000000e+00 0.000000000000000000e+00
0.000000000000000000e+00 0.000000000000000000e+00 0.000000000000000000e+00 0.000000000000000000e+00 0.000000000000000000e+00
0.000000000000000000e+00 0.000000000000000000e+00 0.000000000000000000e+00 0.000000000000000000e+00 0.000000000000000000e+00
0.000000000000000000e+00 0.000000000000000000e+00 0.000000000000000000e+00 0.000000000000000000e+00 0.000000000000000000e+00
0.000000000000000000e+00 0.000000000000000000e+00 0.000000000000000000e+00 0.000000000000000000e+00 0.000000000000000000e+00
0.000000000000000000e+00 0.000000000000000000e+00 0.000000000000000000e+00 0.000000000000000000e+00 0.000000000000000000e+00
0.000000000000000000e+00 0.000000000000000000e+00 0.000000000000000000e+00 0.000000000000000000e+00 0.000000000000000000e+00
0.000000000000000000e+00 0.000000000000000000e+00 0.000000000000000000e+00 0.000000000000000000e+00 0.000000000000000000e+00
0.000000000000000000e+00 0.000000000000000000e+00 0.000000000000000000e+00 0.000000000000000000e+00 0.000000000000000000e+00
0.000000000000000000e+00 0.000000000000000000e+00 0.000000000000000000e+00 0.000000000000000000e+00 0.000000000000000000e+00
0.000000000000000000e+00 0.000000000000000000e+00 0.000000000000000000e+00 0.000000000000000000e+00 0.000000000000000000e+00
0.000000000000000000e+00 0.000000000000000000e+00 0.000000000000000000e+00 0.000000000000000000e+00 0.000000000000000000e+00
0.000000000000000000e+00 0.000000000000000000e+00 0.000000000000000000e+00 0.000000000000000000e+00 0.000000000000000000e+00
0.000000000000000000e+00 0.000000000000000000e+00 0.000000000000000000e+00 0.000000000000000000e+00 0.000000000000000000e+00
0.000000000000000000e+00 0.000000000000000000e+00 0.000000000000000000e+00 0.000000000000000000e+00 0.000000000000000000e+00
0.000000000000000000e+00 0.000000000000000000e+00 0.000000000000000000e+00 0.000000000000000000e+00 0.000000000000000000e+00
0.000000000000000000e+00 0.000000000000000000e+00 0.000000000000000000e+00 0.000000000000000000e+00 0.000000000000000000e+00
0.000000000000000000e+00 0.000000000000000000e+00 0.000000000000000000e+00 0.000000000000000000e+00 0.000000000000000000e+00
0.000000000000000000e+00 0.000000000000000000e+00 0.000000000000000000e+00 0.000000000000000000e+00 0.000000000000000000e+00
0.000000000000000000e+00 0.000000000000000000e+00 0.000000000000000000e+00 0.000000000000000000e+00 0.000000000000000000e+00
0.000000000000000000e+00 0.000000000000000000e+00 0.000000000000000000e+00 0.000000000000000000e+00 0.000000000000000000e+00
0.000000000000000000e+00 0.000000000000000000e+00 0.000000000000000000e+00 0.000000000000000000e+00 0.000000000000000000e+00
0.000000000000000000e+00 0.000000000000000000e+00 0.000000000000000000e+00 0.000000000000000000e+00 0.000000000000000000e+00
