0.000000000000000000e+00 0.000000000000000000e+00 1.000000000000000000e+00 0.000000000000000000e+00 0.000000000000000000e+00
-6.925009489059448242e-01 8.833689689636230469e-01 1.000000000000000000e+00 0.000000000000000000e+00 0.000000000000000000e+00
-3.007788658142089844e-01 2.654691338539123535e-01 1.000000000000000000e+00 0.000000000000000000e+00 0.000000000000000000e+00
-2.760887145996093750e-01 1.434237957000732422e-01 0.000000000000000000e+00 1.000000000000000000e+00 0.000000000000000000e+00
3.926123380661010742e-01 -8.783265352249145508e-01 1.000000000000000000e+00 0.000000000000000000e+00 0.000000000000000000e+00
2.487964034080505371e-01 5.688320472836494446e-02 1.000000000000000000e+00 0.000000000000000000e+00 0.000000000000000000e+00
2.483638823032379150e-01 2.195408791303634644e-01 1.000000000000000000e+00 0.000000000000000000e+00 0.000000000000000000e+00
1.657933890819549561e-01 4.731454551219940186e-01 1.000000000000000000e+00 0.000000000000000000e+00 0.000000000000000000e+00
-4.258507490158081055e-02 5.211558341979980469e-01 1.000000000000000000e+00 0.000000000000000000e+00 0.000000000000000000e+00
-9.062191843986511230e-02 2.073573172092437744e-01 1.000000000000000000e+00 0.000000000000000000e+00 0.000000000000000000e+00
-1.068841367959976196e-01 1.051810681819915771e-01 1.000000000000000000e+00 0.000000000000000000e+00 0.000000000000000000e+00
-9.836301207542419434e-02 1.215833052992820740e-02 1.000000000000000000e+00 0.000000000000000000e+00 0.000000000000000000e+00
-1.055715382099151611e-01 -9.601765871047973633e-02 1.000000000000000000e+00 0.000000000000000000e+00 0.000000000000000000e+00
-4.985432699322700500e-02 -2.356003224849700928e-01 1.000000000000000000e+00 0.000000000000000000e+00 0.000000000000000000e+00
5.247779190540313721e-02 -2.852202057838439941e-01 1.000000000000000000e+00 0.000000000000000000e+00 0.000000000000000000e+00
-4.855950474739074707e-01 5.192977190017700195e-01 1.000000000000000000e+00 0.000000000000000000e+00 0.000000000000000000e+00
-2.015949189662933350e-01 1.188580468297004700e-01 0.000000000000000000e+00 1.000000000000000000e+00 0.000000000000000000e+00
1.302453756332397461e+00 -1.202825784683227539e+00 1.000000000000000000e+00 0.000000000000000000e+00 0.000000000000000000e+00
6.917514801025390625e-01 -1.796102821826934814e-01 1.000000000000000000e+00 0.000000000000000000e+00 0.000000000000000000e+00
2.344463169574737549e-01 -1.327145099639892578e-01 0.000000000000000000e+00 1.000000000000000000e+00 0.000000000000000000e+00
-3.394844532012939453e-01 -2.333121597766876221e-01 1.000000000000000000e+00 0.000000000000000000e+00 0.000000000000000000e+00
-5.391740053892135620e-02 4.152458906173706055e-01 1.000000000000000000e+00 0.000000000000000000e+00 0.000000000000000000e+00
-9.160061180591583252e-02 2.661909759044647217e-01 1.000000000000000000e+00 0.000000000000000000e+00 0.000000000000000000e+00
-1.397013217210769653e-01 2.477585375308990479e-01 0.000000000000000000e+00 1.000000000000000000e+00 0.000000000000000000e+00
-1.355789303779602051e-01 5.910256505012512207e-02 1.000000000000000000e+00 0.000000000000000000e+00 0.000000000000000000e+00
-5.313573777675628662e-02 3.200770020484924316e-01 1.000000000000000000e+00 0.000000000000000000e+00 0.000000000000000000e+00
-5.689398944377899170e-02 8.518399298191070557e-02 0.000000000000000000e+00 1.000000000000000000e+00 0.000000000000000000e+00
4.007802009582519531e-01 -5.162916779518127441e-01 1.000000000000000000e+00 0.000000000000000000e+00 0.000000000000000000e+00
1.572024226188659668e-01 2.034312486648559570e-02 1.000000000000000000e+00 0.000000000000000000e+00 0.000000000000000000e+00
-8.064769208431243896e-03 1.816439628601074219e-01 1.000000000000000000e+00 0.000000000000000000e+00 0.000000000000000000e+00
-2.046746164560317993e-01 2.592513263225555420e-01 1.000000000000000000e+00 0.000000000000000000e+00 0.000000000000000000e+00
3.331182599067687988e-01 -2.857387661933898926e-01 0.000000000000000000e+00 1.000000000000000000e+00 0.000000000000000000e+00
5.789522528648376465e-01 -9.401320219039916992e-01 1.000000000000000000e+00 0.000000000000000000e+00 0.000000000000000000e+00
-1.668621003627777100e-01 9.744257926940917969e-01 1.000000000000000000e+00 0.000000000000000000e+00 0.000000000000000000e+00
-9.159619361162185669e-02 2.574173212051391602e-01 1.000000000000000000e+00 0.000000000000000000e+00 0.000000000000000000e+00
-1.045554280281066895e-01 1.339074671268463135e-01 0.000000000000000000e+00 1.000000000000000000e+00 0.000000000000000000e+00
5.677077770233154297e-01 -1.791414737701416016e+00 1.000000000000000000e+00 0.000000000000000000e+00 0.000000000000000000e+00
4.702105522155761719e-01 -7.229209691286087036e-02 1.000000000000000000e+00 0.000000000000000000e+00 0.000000000000000000e+00
1.419989317655563354e-01 1.000275090336799622e-01 1.000000000000000000e+00 0.000000000000000000e+00 0.000000000000000000e+00
-9.066022932529449463e-02 1.593739509582519531e+00 1.000000000000000000e+00 0.000000000000000000e+00 0.000000000000000000e+00
-6.071955710649490356e-02 2.277917563915252686e-01 1.000000000000000000e+00 0.000000000000000000e+00 0.000000000000000000e+00
-8.354967832565307617e-02 9.095104038715362549e-02 1.000000000000000000e+00 0.000000000000000000e+00 0.000000000000000000e+00
-1.183857396245002747e-01 1.477154903113842010e-02 0.000000000000000000e+00 1.000000000000000000e+00 0.000000000000000000e+00
-1.929625123739242554e-01 -1.239259958267211914e+00 1.000000000000000000e+00 0.000000000000000000e+00 0.000000000000000000e+00
1.274549663066864014e-01 2.458279207348823547e-02 1.000000000000000000e+00 0.000000000000000000e+00 0.000000000000000000e+00
1.051685214042663574e-02 7.821269333362579346e-02 0.000000000000000000e+00 1.000000000000000000e+00 0.000000000000000000e+00
-1.978527456521987915e-01 3.109961450099945068e-01 1.000000000000000000e+00 0.000000000000000000e+00 0.000000000000000000e+00
4.187604784965515137e-01 -7.010206580162048340e-02 1.000000000000000000e+00 0.000000000000000000e+00 0.000000000000000000e+00
1.955075412988662720e-01 -1.015266329050064087e-01 0.000000000000000000e+00 1.000000000000000000e+00 0.000000000000000000e+00
-1.189677715301513672e+00 -1.232880115509033203e+00 0.000000000000000000e+00 0.000000000000000000e+00 1.000000000000000000e+00
-5.941058397293090820e-01 5.925909280776977539e-01 0.000000000000000000e+00 0.000000000000000000e+00 1.000000000000000000e+00
-1.276723384857177734e+00 -4.185317158699035645e-01 0.000000000000000000e+00 0.000000000000000000e+00 1.000000000000000000e+00
-9.361777305603027344e-01 -2.029243111610412598e-01 0.000000000000000000e+00 0.000000000000000000e+00 1.000000000000000000e+00
-1.045409321784973145e+00 -3.468580842018127441e-01 0.000000000000000000e+00 0.000000000000000000e+00 1.000000000000000000e+00
-1.003286838531494141e+00 -3.035390377044677734e-01 0.000000000000000000e+00 0.000000000000000000e+00 1.000000000000000000e+00
-1.016218423843383789e+00 -3.146153092384338379e-01 0.000000000000000000e+00 0.000000000000000000e+00 1.000000000000000000e+00
-1.002825140953063965e+00 -3.148193955421447754e-01 0.000000000000000000e+00 0.000000000000000000e+00 1.000000000000000000e+00
-9.935519695281982422e-01 -3.163672089576721191e-01 0.000000000000000000e+00 0.000000000000000000e+00 1.000000000000000000e+00
0.000000000000000000e+00 0.000000000000000000e+00 0.000000000000000000e+00 0.000000000000000000e+00 0.000000000000000000e+00
0.000000000000000000e+00 0.000000000000000000e+00 0.000000000000000000e+00 0.000000000000000000e+00 0.000000000000000000e+00
0.000000000000000000e+00 0.000000000000000000e+00 0.000000000000000000e+00 0.000000000000000000e+00 0.000000000000000000e+00
0.000000000000000000e+00 0.000000000000000000e+00 0.000000000000000000e+00 0.000000000000000000e+00 0.000000000000000000e+00
0.000000000000000000e+00 0.000000000000000000e+00 0.000000000000000000e+00 0.000000000000000000e+00 0.000000000000000000e+00
0.000000000000000000e+00 0.000000000000000000e+00 0.000000000000000000e+00 0.000000000000000000e+00 0.000000000000000000e+00
0.000000000000000000e+00 0.000000000000000000e+00 0.000000000000000000e+00 0.000000000000000000e+00 0.000000000000000000e+00
0.000000000000000000e+00 0.000000000000000000e+00 0.000000000000000000e+00 0.000000000000000000e+00 0.000000000000000000e+00
0.000000000000000000e+00 0.000000000000000000e+00 0.000000000000000000e+00 0.000000000000000000e+00 0.000000000000000000e+00
0.000000000000000000e+00 0.000000000000000000e+00 0.000000000000000000e+00 0.000000000000000000e+00 0.000000000000000000e+00
0.000000000000000000e+00 0.000000000000000000e+00 0.000000000000000000e+00 0.000000000000000000e+00 0.000000000000000000e+00
0.000000000000000000e+00 0.000000000000000000e+00 0.000000000000000000e+00 0.000000000000000000e+00 0.000000000000000000e+00
0.000000000000000000e+00 0.000000000000000000e+00 0.000000000000000000e+00 0.000000000000000000e+00 0.000000000000000000e+00
0.000000000000000000e+00 0.000000000000000000e+00 0.000000000000000000e+00 0.000000000000000000e+00 0.000000000000000000e+00
0.000000000000000000e+00 0.000000000000000000e+00 0.000000000000000000e+00 0.000000000000000000e+00 0.000000000000000000e+00
0.000000000000000000e+00 0.000000000000000000e+00 0.000000000000000000e+00 0.000000000000000000e+00 0.000000000000000000e+00
0.000000000000000000e+00 0.000000000000000000e+00 0.000000000000000000e+00 0.000000000000000000e+00 0.000000000000000000e+00
0.000000000000000000e+00 0.000000000000000000e+00 0.000000000000000000e+00 0.000000000000000000e+00 0.000000000000000000e+00
0.000000000000000000e+00 0.000000000000000000e+00 0.000000000000000000e+00 0.000000000000000000e+00 0.000000000000000000e+00
0.000000000000000000e+00 0.000000000000000000e+00 0.000000000000000000e+00 0.000000000000000000e+00 0.000000000000000000e+00
0.000000000000000000e+00 0.000000000000000000e+00 0.000000000000000000e+00 0.000000000000000000e+00 0.000000000000000000e+00
0.000000000000000000e+00 0.000000000000000000e+00 0.000000000000000000e+00 0.000000000000000000e+00 0.000000000000000000e+00
0.000000000000000000e+00 0.000000000000000000e+00 0.000000000000000000e+00 0.000000000000000000e+00 0.000000000000000000e+00
0.000000000000000000e+00 0.000000000000000000e+00 0.000000000000000000e+00 0.000000000000000000e+00 0.000000000000000000e+00
0.000000000000000000e+00 0.000000000000000000e+00 0.000000000000000000e+00 0.000000000000000000e+00 0.000000000000000000e+00
0.000000000000000000e+00 0.000000000000000000e+00 0.000000000000000000e+00 0.000000000000000000e+00 0.000000000000000000e+00
0.000000000000000000e+00 0.000000000000000000e+00 0.000000000000000000e+00 0.000000000000000000e+00 0.000000000000000000e+00
0.000000000000000000e+00 0.000000000000000000e+00 0.000000000000000000e+00 0.000000000000000000e+00 0.000000000000000000e+00
0.000000000000000000e+00 0.000000000000000000e+00 0.000000000000000000e+00 0.000000000000000000e+00 0.000000000000000000e+00
0.000000000000000000e+00 0.000000000000000000e+00 0.000000000000000000e+00 0.000000000000000000e+00 0.000000000000000000e+00
0.000000000000000000e+00 0.000000000000000000e+00 0.000000000000000000e+00 0.000000000000000000e+00 0.000000000000000000e+00
0.000000000000000000e+00 0.000000000000000000e+00 0.000000000000000000e+00 0.000000000000000000e+00 0.000000000000000000e+00
0.000000000000000000e+00 0.000000000000000000e+00 0.000000000000000000e+00 0.000000000000000000e+00 0.000000000000000000e+00
0.000000000000000000e+00 0.000000000000000000e+00 0.000000000000000000e+00 0.000000000000000000e+00 0.000000000000000000e+00
0.000000000000000000e+00 0.000000000000000000e+00 0.000000000000000000e+00 0.000000000000000000e+00 0.000000000000000000e+00
0.000000000000000000e+00 0.000000000000000000e+00 0.000000000000000000e+00 0.000000000000000000e+00 0.000000000000000000e+00
0.000000000000000000e+00 0.000000000000000000e+00 0.000000000000000000e+00 0.000000000000000000e+00 0.000000000000000000e+00
0.000000000000000000e+00 0.000000000000000000e+00 0.000000000000000000e+00 0.000000000000000000e+00 0.000000000000000000e+00
0.000000000000000000e+00 0.000000000000000000e+00 0.000000000000000000e+00 0.000000000000000000e+00 0.000000000000000000e+00
0.000000000000000000e+00 0.000000000000000000e+00 0.000000000000000000e+00 0.000000000000000000e+00 0.000000000000000000e+00
0.000000000000000000e+00 0.000000000000000000e+00 0.000000000000000000e+00 0.000000000000000000e+00 0.000000000000000000e+00
0.000000000000000000e+00 0.000000000000000000e+00 0.000000000000000000e+00 0.000000000000000000e+00 0.000000000000000000e+00
0.000000000000000000e+00 0.000000000000000000e+00 0.000000000000000000e+00 0.000000000000000000e+00 0.000000000000000000e+00
0.000000000000000000e+00 0.000000000000000000e+00 0.000000000000000000e+00 0.000000000000000000e+00 0.000000000000000000e+00
0.000000000000000000e+00 0.000000000000000000e+00 0.000000000000000000e+00 0.000000000000000000e+00 0.000000000000000000e+00
0.000000000000000000e+00 0.000000000000000000e+00 0.000000000000000000e+00 0.000000000000000000e+00 0.000000000000000000e+00
0.000000000000000000e+00 0.000000000000000000e+00 0.000000000000000000e+00 0.000000000000000000e+00 0.000000000000000000e+00
0.000000000000000000e+00 0.000000000000000000e+00 0.000000000000000000e+00 0.000000000000000000e+00 0.000000000000000000e+00
0.000000000000000000e+00 0.000000000000000000e+00 0.000000000000000000e+00 0.000000000000000000e+00 0.000000000000000000e+00
0.000000000000000000e+00 0.000000000000000000e+00 0.000000000000000000e+00 0.000000000000000000e+00 0.000000000000000000e+00
0.000000000000000000e+00 0.000000000000000000e+00 0.000000000000000000e+00 0.000000000000000000e+00 0.000000000000000000e+00
0.000000000000000000e+00 0.000000000000000000e+00 0.000000000000000000e+00 0.000000000000000000e+00 0.000000000000000000e+00
0.000000000000000000e+00 0.000000000000000000e+00 0.000000000000000000e+00 0.000000000000000000e+00 0.000000000000000000e+00
0.000000000000000000e+00 0.000000000000000000e+00 0.000000000000000000e+00 0.000000000000000000e+00 0.000000000000000000e+00
0.000000000000000000e+00 0.000000000000000000e+00 0.000000000000000000e+00 0.000000000000000000e+00 0.000000000000000000e+00
0.000000000000000000e+00 0.000000000000000000e+00 0.000000000000000000e+00 0.000000000000000000e+00 0.000000000000000000e+00
0.000000000000000000e+00 0.000000000000000000e+00 0.000000000000000000e+00 0.000000000000000000e+00 0.000000000000000000e+00
0.000000000000000000e+00 0.000000000000000000e+00 0.000000000000000000e+00 0.000000000000000000e+00 0.000000000000000000e+00
0.000000000000000000e+00 0.000000000000000000e+00 0.000000000000000000e+00 0.000000000000000000e+00 0.000000000000000000e+00
0.000000000000000000e+00 0.000000000000000000e+00 0.000000000000000000e+00 0.000000000000000000e+00 0.000000000000000000e+00
0.000000000000000000e+00 0.000000000000000000e+00 0.000000000000000000e+00 0.000000000000000000e+00 0.000000000000000000e+00
0.000000000000000000e+00 0.000000000000000000e+00 0.000000000000000000e+00 0.000000000000000000e+00 0.000000000000000000e+00
0.000000000000000000e+00 0.000000000000000000e+00 0.000000000000000000e+00 0.000000000000000000e+00 0.000000000000000000e+00
