0.000000000000000000e+00 0.000000000000000000e+00 1.000000000000000000e+00 0.000000000000000000e+00 0.000000000000000000e+00
-9.066083431243896484e-01 1.106094002723693848e+00 1.000000000000000000e+00 0.000000000000000000e+00 0.000000000000000000e+00
-3.916035890579223633e-01 3.393015861511230469e-01 1.000000000000000000e+00 0.000000000000000000e+00 0.000000000000000000e+00
-3.458153009414672852e-01 1.698104441165924072e-01 0.000000000000000000e+00 1.000000000000000000e+00 0.000000000000000000e+00
5.355948805809020996e-01 -1.110312223434448242e+00 1.000000000000000000e+00 0.000000000000000000e+00 0.000000000000000000e+00
3.009957969188690186e-01 6.225199997425079346e-02 1.000000000000000000e+00 0.000000000000000000e+00 0.000000000000000000e+00
2.184194326400756836e-01 1.760955601930618286e-01 1.000000000000000000e+00 0.000000000000000000e+00 0.000000000000000000e+00
1.691121757030487061e-01 2.706014513969421387e-01 1.000000000000000000e+00 0.000000000000000000e+00 0.000000000000000000e+00
1.040818765759468079e-01 6.748384237289428711e-01 1.000000000000000000e+00 0.000000000000000000e+00 0.000000000000000000e+00
-6.720032542943954468e-02 3.127630352973937988e-01 1.000000000000000000e+00 0.000000000000000000e+00 0.000000000000000000e+00
-1.335345804691314697e-01 2.401730120182037354e-01 1.000000000000000000e+00 0.000000000000000000e+00 0.000000000000000000e+00
-1.530930548906326294e-01 1.140079349279403687e-01 1.000000000000000000e+00 0.000000000000000000e+00 0.000000000000000000e+00
-1.577517241239547729e-01 -1.980110257863998413e-02 1.000000000000000000e+00 0.000000000000000000e+00 0.000000000000000000e+00
-1.333897262811660767e-01 -1.718941777944564819e-01 1.000000000000000000e+00 0.000000000000000000e+00 0.000000000000000000e+00
-2.762636542320251465e-02 -3.095037639141082764e-01 1.000000000000000000e+00 0.000000000000000000e+00 0.000000000000000000e+00
9.559488296508789062e-02 -3.020558655261993408e-01 1.000000000000000000e+00 0.000000000000000000e+00 0.000000000000000000e+00
-6.133676767349243164e-01 6.600236892700195312e-01 1.000000000000000000e+00 0.000000000000000000e+00 0.000000000000000000e+00
-2.429309785366058350e-01 1.482244133949279785e-01 0.000000000000000000e+00 1.000000000000000000e+00 0.000000000000000000e+00
1.913086652755737305e+00 -1.829257726669311523e+00 1.000000000000000000e+00 0.000000000000000000e+00 0.000000000000000000e+00
9.967970848083496094e-01 -2.502711117267608643e-01 1.000000000000000000e+00 0.000000000000000000e+00 0.000000000000000000e+00
3.710686564445495605e-01 -1.752189993858337402e-01 0.000000000000000000e+00 1.000000000000000000e+00 0.000000000000000000e+00
-8.728227615356445312e-01 -2.350652515888214111e-01 1.000000000000000000e+00 0.000000000000000000e+00 0.000000000000000000e+00
-1.170756667852401733e-01 8.136071562767028809e-01 1.000000000000000000e+00 0.000000000000000000e+00 0.000000000000000000e+00
3.219744190573692322e-02 1.445811390876770020e-01 0.000000000000000000e+00 1.000000000000000000e+00 0.000000000000000000e+00
7.848261594772338867e-01 -1.019301056861877441e+00 1.000000000000000000e+00 0.000000000000000000e+00 0.000000000000000000e+00
-6.505390405654907227e-01 9.736303687095642090e-01 1.000000000000000000e+00 0.000000000000000000e+00 0.000000000000000000e+00
-3.121982216835021973e-01 3.400588035583496094e-01 0.000000000000000000e+00 1.000000000000000000e+00 0.000000000000000000e+00
-3.312373757362365723e-01 1.189927458763122559e-01 1.000000000000000000e+00 0.000000000000000000e+00 0.000000000000000000e+00
3.249885886907577515e-02 6.427886486053466797e-01 1.000000000000000000e+00 0.000000000000000000e+00 0.000000000000000000e+00
-4.690477252006530762e-02 1.725471913814544678e-01 0.000000000000000000e+00 1.000000000000000000e+00 0.000000000000000000e+00
4.333382844924926758e-01 -9.744944572448730469e-01 1.000000000000000000e+00 0.000000000000000000e+00 0.000000000000000000e+00
9.362444281578063965e-01 -1.401436179876327515e-01 1.000000000000000000e+00 0.000000000000000000e+00 0.000000000000000000e+00
3.235280513763427734e-01 4.383304715156555176e-02 1.000000000000000000e+00 0.000000000000000000e+00 0.000000000000000000e+00
1.250057853758335114e-02 2.754343152046203613e-01 1.000000000000000000e+00 0.000000000000000000e+00 0.000000000000000000e+00
-1.576554179191589355e-01 4.947860240936279297e-01 1.000000000000000000e+00 0.000000000000000000e+00 0.000000000000000000e+00
-1.288797259330749512e-01 2.228125333786010742e-01 1.000000000000000000e+00 0.000000000000000000e+00 0.000000000000000000e+00
-1.821340620517730713e-01 1.488843262195587158e-01 0.000000000000000000e+00 1.000000000000000000e+00 0.000000000000000000e+00
-6.601105928421020508e-01 -5.065951943397521973e-01 1.000000000000000000e+00 0.000000000000000000e+00 0.000000000000000000e+00
4.673757553100585938e-01 -7.168323546648025513e-02 1.000000000000000000e+00 0.000000000000000000e+00 0.000000000000000000e+00
2.447119355201721191e-01 -1.314682662487030029e-01 0.000000000000000000e+00 1.000000000000000000e+00 0.000000000000000000e+00
-3.170832097530364990e-01 -1.088160797953605652e-01 1.000000000000000000e+00 0.000000000000000000e+00 0.000000000000000000e+00
-2.249747514724731445e-01 6.844437718391418457e-01 1.000000000000000000e+00 0.000000000000000000e+00 0.000000000000000000e+00
-1.749663650989532471e-01 2.202806174755096436e-01 1.000000000000000000e+00 0.000000000000000000e+00 0.000000000000000000e+00
6.426985263824462891e-01 -1.183393076062202454e-01 1.000000000000000000e+00 0.000000000000000000e+00 0.000000000000000000e+00
6.175330281257629395e-01 2.429166436195373535e-02 0.000000000000000000e+00 1.000000000000000000e+00 0.000000000000000000e+00
-1.755773067474365234e+00 -1.829948425292968750e+00 0.000000000000000000e+00 0.000000000000000000e+00 1.000000000000000000e+00
-2.361003458499908447e-01 1.270857334136962891e+00 0.000000000000000000e+00 0.000000000000000000e+00 1.000000000000000000e+00
-1.613164305686950684e+00 -3.144636750221252441e-01 0.000000000000000000e+00 0.000000000000000000e+00 1.000000000000000000e+00
-9.544895887374877930e-01 -2.204694747924804688e-01 0.000000000000000000e+00 0.000000000000000000e+00 1.000000000000000000e+00
-1.202091574668884277e+00 -3.720865845680236816e-01 0.000000000000000000e+00 0.000000000000000000e+00 1.000000000000000000e+00
-1.038208961486816406e+00 -2.932610511779785156e-01 0.000000000000000000e+00 0.000000000000000000e+00 1.000000000000000000e+00
-1.079830169677734375e+00 -3.009034991264343262e-01 0.000000000000000000e+00 0.000000000000000000e+00 1.000000000000000000e+00
-1.041530728340148926e+00 -3.056741356849670410e-01 0.000000000000000000e+00 0.000000000000000000e+00 1.000000000000000000e+00
-1.035745501518249512e+00 -3.231633305549621582e-01 0.000000000000000000e+00 0.000000000000000000e+00 1.000000000000000000e+00
-1.022603154182434082e+00 -3.148825764656066895e-01 0.000000000000000000e+00 0.000000000000000000e+00 1.000000000000000000e+00
-1.005406498908996582e+00 -3.446169495582580566e-01 0.000000000000000000e+00 0.000000000000000000e+00 1.000000000000000000e+00
-9.872400760650634766e-01 -3.399896025657653809e-01 0.000000000000000000e+00 0.000000000000000000e+00 1.000000000000000000e+00
-9.779961109161376953e-01 -3.329612612724304199e-01 0.000000000000000000e+00 0.000000000000000000e+00 1.000000000000000000e+00
-9.721994400024414062e-01 -3.245188593864440918e-01 0.000000000000000000e+00 0.000000000000000000e+00 1.000000000000000000e+00
-9.682629108428955078e-01 -3.168533444404602051e-01 0.000000000000000000e+00 0.000000000000000000e+00 1.000000000000000000e+00
-9.642479419708251953e-01 -3.085375428199768066e-01 0.000000000000000000e+00 0.000000000000000000e+00 1.000000000000000000e+00
-9.579110145568847656e-01 -3.070053458213806152e-01 0.000000000000000000e+00 0.000000000000000000e+00 1.000000000000000000e+00
-9.463292360305786133e-01 -3.144221901893615723e-01 0.000000000000000000e+00 0.000000000000000000e+00 1.000000000000000000e+00
-9.371043443679809570e-01 -3.146720528602600098e-01 0.000000000000000000e+00 0.000000000000000000e+00 1.000000000000000000e+00
-9.311884641647338867e-01 -3.121606707572937012e-01 0.000000000000000000e+00 0.000000000000000000e+00 1.000000000000000000e+00
-9.265867471694946289e-01 -3.134565353393554688e-01 0.000000000000000000e+00 0.000000000000000000e+00 1.000000000000000000e+00
-9.223456382751464844e-01 -3.146651387214660645e-01 0.000000000000000000e+00 0.000000000000000000e+00 1.000000000000000000e+00
-9.181755781173706055e-01 -3.162027001380920410e-01 0.000000000000000000e+00 0.000000000000000000e+00 1.000000000000000000e+00
-9.131859540939331055e-01 -3.131865262985229492e-01 0.000000000000000000e+00 0.000000000000000000e+00 1.000000000000000000e+00
0.000000000000000000e+00 0.000000000000000000e+00 0.000000000000000000e+00 0.000000000000000000e+00 0.000000000000000000e+00
0.000000000000000000e+00 0.000000000000000000e+00 0.000000000000000000e+00 0.000000000000000000e+00 0.000000000000000000e+00
0.000000000000000000e+00 0.000000000000000000e+00 0.000000000000000000e+00 0.000000000000000000e+00 0.000000000000000000e+00
0.000000000000000000e+00 0.000000000000000000e+00 0.000000000000000000e+00 0.000000000000000000e+00 0.000000000000000000e+00
0.000000000000000000e+00 0.000000000000000000e+00 0.000000000000000000e+00 0.000000000000000000e+00 0.000000000000000000e+00
0.000000000000000000e+00 0.000000000000000000e+00 0.000000000000000000e+00 0.000000000000000000e+00 0.000000000000000000e+00
0.000000000000000000e+00 0.000000000000000000e+00 0.000000000000000000e+00 0.000000000000000000e+00 0.000000000000000000e+00
0.000000000000000000e+00 0.000000000000000000e+00 0.000000000000000000e+00 0.000000000000000000e+00 0.000000000000000000e+00
0.000000000000000000e+00 0.000000000000000000e+00 0.000000000000000000e+00 0.000000000000000000e+00 0.000000000000000000e+00
0.000000000000000000e+00 0.000000000000000000e+00 0.000000000000000000e+00 0.000000000000000000e+00 0.000000000000000000e+00
0.000000000000000000e+00 0.000000000000000000e+00 0.000000000000000000e+00 0.000000000000000000e+00 0.000000000000000000e+00
0.000000000000000000e+00 0.000000000000000000e+00 0.000000000000000000e+00 0.000000000000000000e+00 0.000000000000000000e+00
0.000000000000000000e+00 0.000000000000000000e+00 0.000000000000000000e+00 0.000000000000000000e+00 0.000000000000000000e+00
0.000000000000000000e+00 0.000000000000000000e+00 0.000000000000000000e+00 0.000000000000000000e+00 0.000000000000000000e+00
0.000000000000000000e+00 0.000000000000000000e+00 0.000000000000000000e+00 0.000000000000000000e+00 0.000000000000000000e+00
0.000000000000000000e+00 0.000000000000000000e+00 0.000000000000000000e+00 0.000000000000000000e+00 0.000000000000000000e+00
0.000000000000000000e+00 0.000000000000000000e+00 0.000000000000000000e+00 0.000000000000000000e+00 0.000000000000000000e+00
0.000000000000000000e+00 0.000000000000000000e+00 0.000000000000000000e+00 0.000000000000000000e+00 0.000000000000000000e+00
0.000000000000000000e+00 0.000000000000000000e+00 0.000000000000000000e+00 0.000000000000000000e+00 0.000000000000000000e+00
0.000000000000000000e+00 0.000000000000000000e+00 0.000000000000000000e+00 0.000000000000000000e+00 0.000000000000000000e+00
0.000000000000000000e+00 0.000000000000000000e+00 0.000000000000000000e+00 0.000000000000000000e+00 0.000000000000000000e+00
0.000000000000000000e+00 0.000000000000000000e+00 0.000000000000000000e+00 0.000000000000000000e+00 0.000000000000000000e+00
0.000000000000000000e+00 0.000000000000000000e+00 0.000000000000000000e+00 0.000000000000000000e+00 0.000000000000000000e+00
0.000000000000000000e+00 0.000000000000000000e+00 0.000000000000000000e+00 0.000000000000000000e+00 0.000000000000000000e+00
0.000000000000000000e+00 0.000000000000000000e+00 0.000000000000000000e+00 0.000000000000000000e+00 0.000000000000000000e+00
0.000000000000000000e+00 0.000000000000000000e+00 0.000000000000000000e+00 0.000000000000000000e+00 0.000000000000000000e+00
0.000000000000000000e+00 0.000000000000000000e+00 0.000000000000000000e+00 0.000000000000000000e+00 0.000000000000000000e+00
0.000000000000000000e+00 0.000000000000000000e+00 0.000000000000000000e+00 0.000000000000000000e+00 0.000000000000000000e+00
0.000000000000000000e+00 0.000000000000000000e+00 0.000000000000000000e+00 0.000000000000000000e+00 0.000000000000000000e+00
0.000000000000000000e+00 0.000000000000000000e+00 0.000000000000000000e+00 0.000000000000000000e+00 0.000000000000000000e+00
0.000000000000000000e+00 0.000000000000000000e+00 0.000000000000000000e+00 0.000000000000000000e+00 0.000000000000000000e+00
0.000000000000000000e+00 0.000000000000000000e+00 0.000000000000000000e+00 0.000000000000000000e+00 0.000000000000000000e+00
0.000000000000000000e+00 0.000000000000000000e+00 0.000000000000000000e+00 0.000000000000000000e+00 0.000000000000000000e+00
0.000000000000000000e+00 0.000000000000000000e+00 0.000000000000000000e+00 0.000000000000000000e+00 0.000000000000000000e+00
0.000000000000000000e+00 0.000000000000000000e+00 0.000000000000000000e+00 0.000000000000000000e+00 0.000000000000000000e+00
0.000000000000000000e+00 0.000000000000000000e+00 0.000000000000000000e+00 0.000000000000000000e+00 0.000000000000000000e+00
0.000000000000000000e+00 0.000000000000000000e+00 0.000000000000000000e+00 0.000000000000000000e+00 0.000000000000000000e+00
0.000000000000000000e+00 0.000000000000000000e+00 0.000000000000000000e+00 0.000000000000000000e+00 0.000000000000000000e+00
0.000000000000000000e+00 0.000000000000000000e+00 0.000000000000000000e+00 0.000000000000000000e+00 0.000000000000000000e+00
0.000000000000000000e+00 0.000000000000000000e+00 0.000000000000000000e+00 0.000000000000000000e+00 0.000000000000000000e+00
0.000000000000000000e+00 0.000000000000000000e+00 0.000000000000000000e+00 0.000000000000000000e+00 0.000000000000000000e+00
0.000000000000000000e+00 0.000000000000000000e+00 0.000000000000000000e+00 0.000000000000000000e+00 0.000000000000000000e+00
0.000000000000000000e+00 0.000000000000000000e+00 0.000000000000000000e+00 0.000000000000000000e+00 0.000000000000000000e+00
0.000000000000000000e+00 0.000000000000000000e+00 0.000000000000000000e+00 0.000000000000000000e+00 0.000000000000000000e+00
0.000000000000000000e+00 0.000000000000000000e+00 0.000000000000000000e+00 0.000000000000000000e+00 0.000000000000000000e+00
0.000000000000000000e+00 0.000000000000000000e+00 0.000000000000000000e+00 0.000000000000000000e+00 0.000000000000000000e+00
0.000000000000000000e+00 0.000000000000000000e+00 0.000000000000000000e+00 0.000000000000000000e+00 0.000000000000000000e+00
0.000000000000000000e+00 0.000000000000000000e+00 0.000000000000000000e+00 0.000000000000000000e+00 0.000000000000000000e+00
0.000000000000000000e+00 0.000000000000000000e+00 0.000000000000000000e+00 0.000000000000000000e+00 0.000000000000000000e+00
0.000000000000000000e+00 0.000000000000000000e+00 0.000000000000000000e+00 0.000000000000000000e+00 0.000000000000000000e+00
0.000000000000000000e+00 0.000000000000000000e+00 0.000000000000000000e+00 0.000000000000000000e+00 0.000000000000000000e+00
0.000000000000000000e+00 0.000000000000000000e+00 0.000000000000000000e+00 0.000000000000000000e+00 0.000000000000000000e+00
