0.000000000000000000e+00 0.000000000000000000e+00 1.000000000000000000e+00 0.000000000000000000e+00 0.000000000000000000e+00
-9.314737319946289062e-01 1.182643055915832520e+00 1.000000000000000000e+00 0.000000000000000000e+00 0.000000000000000000e+00
-4.016588330268859863e-01 3.666922450065612793e-01 1.000000000000000000e+00 0.000000000000000000e+00 0.000000000000000000e+00
-3.607935309410095215e-01 2.018386423587799072e-01 0.000000000000000000e+00 1.000000000000000000e+00 0.000000000000000000e+00
5.311197638511657715e-01 -1.234076261520385742e+00 1.000000000000000000e+00 0.000000000000000000e+00 0.000000000000000000e+00
2.987768054008483887e-01 7.004790008068084717e-02 1.000000000000000000e+00 0.000000000000000000e+00 0.000000000000000000e+00
3.177066743373870850e-01 2.857206463813781738e-01 1.000000000000000000e+00 0.000000000000000000e+00 0.000000000000000000e+00
2.434148937463760376e-01 6.545277833938598633e-01 1.000000000000000000e+00 0.000000000000000000e+00 0.000000000000000000e+00
-3.003701567649841309e-02 6.948028206825256348e-01 1.000000000000000000e+00 0.000000000000000000e+00 0.000000000000000000e+00
-1.065768450498580933e-01 2.827256023883819580e-01 1.000000000000000000e+00 0.000000000000000000e+00 0.000000000000000000e+00
-1.351421773433685303e-01 1.484821885824203491e-01 1.000000000000000000e+00 0.000000000000000000e+00 0.000000000000000000e+00
-1.287685334682464600e-01 2.639432251453399658e-02 1.000000000000000000e+00 0.000000000000000000e+00 0.000000000000000000e+00
-1.388166695833206177e-01 -1.139077544212341309e-01 1.000000000000000000e+00 0.000000000000000000e+00 0.000000000000000000e+00
-8.160643279552459717e-02 -2.943508327007293701e-01 1.000000000000000000e+00 0.000000000000000000e+00 0.000000000000000000e+00
4.778471961617469788e-02 -3.861408233642578125e-01 1.000000000000000000e+00 0.000000000000000000e+00 0.000000000000000000e+00
1.468528062105178833e-01 -2.770016789436340332e-01 1.000000000000000000e+00 0.000000000000000000e+00 0.000000000000000000e+00
-7.675691246986389160e-01 8.452290296554565430e-01 1.000000000000000000e+00 0.000000000000000000e+00 0.000000000000000000e+00
-2.688497602939605713e-01 1.656655371189117432e-01 0.000000000000000000e+00 1.000000000000000000e+00 0.000000000000000000e+00
2.887062072753906250e+00 -3.305017948150634766e+00 1.000000000000000000e+00 0.000000000000000000e+00 0.000000000000000000e+00
1.266581416130065918e-01 3.982373327016830444e-02 1.000000000000000000e+00 0.000000000000000000e+00 0.000000000000000000e+00
7.847070693969726562e-03 9.951955825090408325e-02 0.000000000000000000e+00 1.000000000000000000e+00 0.000000000000000000e+00
-5.431126356124877930e-01 3.760479688644409180e-01 1.000000000000000000e+00 0.000000000000000000e+00 0.000000000000000000e+00
6.785463094711303711e-01 -1.204751655459403992e-01 1.000000000000000000e+00 0.000000000000000000e+00 0.000000000000000000e+00
-6.099445819854736328e-01 6.341233253479003906e-01 0.000000000000000000e+00 1.000000000000000000e+00 0.000000000000000000e+00
7.517930865287780762e-01 -3.497400283813476562e-01 1.000000000000000000e+00 0.000000000000000000e+00 0.000000000000000000e+00
-9.593466520309448242e-01 6.504970788955688477e-01 1.000000000000000000e+00 0.000000000000000000e+00 0.000000000000000000e+00
9.281429648399353027e-01 -1.574069261550903320e-01 1.000000000000000000e+00 0.000000000000000000e+00 0.000000000000000000e+00
2.009571492671966553e-01 2.524375915527343750e-02 0.000000000000000000e+00 1.000000000000000000e+00 0.000000000000000000e+00
-1.092495918273925781e+00 5.179586410522460938e-01 1.000000000000000000e+00 0.000000000000000000e+00 0.000000000000000000e+00
-1.111990213394165039e-02 5.393226146697998047e-01 1.000000000000000000e+00 0.000000000000000000e+00 0.000000000000000000e+00
-5.491537600755691528e-02 1.265069693326950073e-01 0.000000000000000000e+00 1.000000000000000000e+00 0.000000000000000000e+00
4.525958597660064697e-01 -7.544438838958740234e-01 1.000000000000000000e+00 0.000000000000000000e+00 0.000000000000000000e+00
6.969035267829895020e-01 -5.815421044826507568e-02 1.000000000000000000e+00 0.000000000000000000e+00 0.000000000000000000e+00
1.849363893270492554e-01 7.558758556842803955e-02 1.000000000000000000e+00 0.000000000000000000e+00 0.000000000000000000e+00
-4.335264563560485840e-01 5.287894606590270996e-01 1.000000000000000000e+00 0.000000000000000000e+00 0.000000000000000000e+00
-2.348542660474777222e-01 1.553331315517425537e-01 0.000000000000000000e+00 1.000000000000000000e+00 0.000000000000000000e+00
-1.051368117332458496e-01 -3.746387362480163574e-01 1.000000000000000000e+00 0.000000000000000000e+00 0.000000000000000000e+00
3.157708346843719482e-01 -1.546837389469146729e-02 1.000000000000000000e+00 0.000000000000000000e+00 0.000000000000000000e+00
-5.295352637767791748e-02 5.937344580888748169e-02 0.000000000000000000e+00 1.000000000000000000e+00 0.000000000000000000e+00
-3.079565763473510742e-01 2.345903813838958740e-01 1.000000000000000000e+00 0.000000000000000000e+00 0.000000000000000000e+00
3.850924968719482422e-01 -7.732838392257690430e-03 1.000000000000000000e+00 0.000000000000000000e+00 0.000000000000000000e+00
-5.231187492609024048e-02 6.255216151475906372e-02 0.000000000000000000e+00 1.000000000000000000e+00 0.000000000000000000e+00
-9.925512075424194336e-01 5.393848419189453125e-01 1.000000000000000000e+00 0.000000000000000000e+00 0.000000000000000000e+00
1.103129386901855469e+00 -9.356261044740676880e-02 1.000000000000000000e+00 0.000000000000000000e+00 0.000000000000000000e+00
3.906215131282806396e-01 -9.987074881792068481e-02 0.000000000000000000e+00 1.000000000000000000e+00 0.000000000000000000e+00
-5.279770493507385254e-01 -2.630342245101928711e-01 1.000000000000000000e+00 0.000000000000000000e+00 0.000000000000000000e+00
-1.232581362128257751e-01 1.258585453033447266e+00 1.000000000000000000e+00 0.000000000000000000e+00 0.000000000000000000e+00
-9.994982928037643433e-02 3.922241032123565674e-01 0.000000000000000000e+00 1.000000000000000000e+00 0.000000000000000000e+00
-8.147935867309570312e-01 -3.354666709899902344e+00 0.000000000000000000e+00 0.000000000000000000e+00 1.000000000000000000e+00
3.385719656944274902e-02 3.627182245254516602e-01 0.000000000000000000e+00 0.000000000000000000e+00 1.000000000000000000e+00
-1.556756734848022461e+00 -2.965387701988220215e-01 0.000000000000000000e+00 0.000000000000000000e+00 1.000000000000000000e+00
-8.890552520751953125e-01 -2.461330294609069824e-01 0.000000000000000000e+00 0.000000000000000000e+00 1.000000000000000000e+00
-1.126831293106079102e+00 -3.148356080055236816e-01 0.000000000000000000e+00 0.000000000000000000e+00 1.000000000000000000e+00
-1.011027574539184570e+00 -2.445181012153625488e-01 0.000000000000000000e+00 0.000000000000000000e+00 1.000000000000000000e+00
-1.033897638320922852e+00 -3.186326622962951660e-01 0.000000000000000000e+00 0.000000000000000000e+00 1.000000000000000000e+00
-9.909116029739379883e-01 -3.474028706550598145e-01 0.000000000000000000e+00 0.000000000000000000e+00 1.000000000000000000e+00
-9.774678945541381836e-01 -3.596711754798889160e-01 0.000000000000000000e+00 0.000000000000000000e+00 1.000000000000000000e+00
-9.602417945861816406e-01 -3.626299500465393066e-01 0.000000000000000000e+00 0.000000000000000000e+00 1.000000000000000000e+00
-9.474434852600097656e-01 -3.609942793846130371e-01 0.000000000000000000e+00 0.000000000000000000e+00 1.000000000000000000e+00
-9.370033740997314453e-01 -3.565843701362609863e-01 0.000000000000000000e+00 0.000000000000000000e+00 1.000000000000000000e+00
-9.285111427307128906e-01 -3.473866581916809082e-01 0.000000000000000000e+00 0.000000000000000000e+00 1.000000000000000000e+00
-9.192243814468383789e-01 -3.454892039299011230e-01 0.000000000000000000e+00 0.000000000000000000e+00 1.000000000000000000e+00
-9.072492122650146484e-01 -3.462955355644226074e-01 0.000000000000000000e+00 0.000000000000000000e+00 1.000000000000000000e+00
0.000000000000000000e+00 0.000000000000000000e+00 0.000000000000000000e+00 0.000000000000000000e+00 0.000000000000000000e+00
0.000000000000000000e+00 0.000000000000000000e+00 0.000000000000000000e+00 0.000000000000000000e+00 0.000000000000000000e+00
0.000000000000000000e+00 0.000000000000000000e+00 0.000000000000000000e+00 0.000000000000000000e+00 0.000000000000000000e+00
0.000000000000000000e+00 0.000000000000000000e+00 0.000000000000000000e+00 0.000000000000000000e+00 0.000000000000000000e+00
0.000000000000000000e+00 0.000000000000000000e+00 0.000000000000000000e+00 0.000000000000000000e+00 0.000000000000000000e+00
0.000000000000000000e+00 0.000000000000000000e+00 0.000000000000000000e+00 0.000000000000000000e+00 0.000000000000000000e+00
0.000000000000000000e+00 0.000000000000000000e+00 0.000000000000000000e+00 0.000000000000000000e+00 0.000000000000000000e+00
0.000000000000000000e+00 0.000000000000000000e+00 0.000000000000000000e+00 0.000000000000000000e+00 0.000000000000000000e+00
0.000000000000000000e+00 0.000000000000000000e+00 0.000000000000000000e+00 0.000000000000000000e+00 0.000000000000000000e+00
0.000000000000000000e+00 0.000000000000000000e+00 0.000000000000000000e+00 0.000000000000000000e+00 0.000000000000000000e+00
0.000000000000000000e+00 0.000000000000000000e+00 0.000000000000000000e+00 0.000000000000000000e+00 0.000000000000000000e+00
0.000000000000000000e+00 0.000000000000000000e+00 0.000000000000000000e+00 0.000000000000000000e+00 0.000000000000000000e+00
0.000000000000000000e+00 0.000000000000000000e+00 0.000000000000000000e+00 0.000000000000000000e+00 0.000000000000000000e+00
0.000000000000000000e+00 0.000000000000000000e+00 0.000000000000000000e+00 0.000000000000000000e+00 0.000000000000000000e+00
0.000000000000000000e+00 0.000000000000000000e+00 0.000000000000000000e+00 0.000000000000000000e+00 0.000000000000000000e+00
0.000000000000000000e+00 0.000000000000000000e+00 0.000000000000000000e+00 0.000000000000000000e+00 0.000000000000000000e+00
0.000000000000000000e+00 0.000000000000000000e+00 0.000000000000000000e+00 0.000000000000000000e+00 0.000000000000000000e+00
0.000000000000000000e+00 0.000000000000000000e+00 0.000000000000000000e+00 0.000000000000000000e+00 0.000000000000000000e+00
0.000000000000000000e+00 0.000000000000000000e+00 0.000000000000000000e+00 0.000000000000000000e+00 0.000000000000000000e+00
0.000000000000000000e+00 0.000000000000000000e+00 0.000000000000000000e+00 0.000000000000000000e+00 0.000000000000000000e+00
0.000000000000000000e+00 0.000000000000000000e+00 0.000000000000000000e+00 0.000000000000000000e+00 0.000000000000000000e+00
0.000000000000000000e+00 0.000000000000000000e+00 0.000000000000000000e+00 0.000000000000000000e+00 0.000000000000000000e+00
0.000000000000000000e+00 0.000000000000000000e+00 0.000000000000000000e+00 0.000000000000000000e+00 0.000000000000000000e+00
0.000000000000000000e+00 0.000000000000000000e+00 0.000000000000000000e+00 0.000000000000000000e+00 0.000000000000000000e+00
0.000000000000000000e+00 0.000000000000000000e+00 0.000000000000000000e+00 0.000000000000000000e+00 0.000000000000000000e+00
0.000000000000000000e+00 0.000000000000000000e+00 0.000000000000000000e+00 0.000000000000000000e+00 0.000000000000000000e+00
0.000000000000000000e+00 0.000000000000000000e+00 0.000000000000000000e+00 0.000000000000000000e+00 0.000000000000000000e+00
0.000000000000000000e+00 0.000000000000000000e+00 0.000000000000000000e+00 0.000000000000000000e+00 0.000000000000000000e+00
0.000000000000000000e+00 0.000000000000000000e+00 0.000000000000000000e+00 0.000000000000000000e+00 0.000000000000000000e+00
0.000000000000000000e+00 0.000000000000000000e+00 0.000000000000000000e+00 0.000000000000000000e+00 0.000000000000000000e+00
0.000000000000000000e+00 0.000000000000000000e+00 0.000000000000000000e+00 0.000000000000000000e+00 0.000000000000000000e+00
0.000000000000000000e+00 0.000000000000000000e+00 0.000000000000000000e+00 0.000000000000000000e+00 0.000000000000000000e+00
0.000000000000000000e+00 0.000000000000000000e+00 0.000000000000000000e+00 0.000000000000000000e+00 0.000000000000000000e+00
0.000000000000000000e+00 0.000000000000000000e+00 0.000000000000000000e+00 0.000000000000000000e+00 0.000000000000000000e+00
0.000000000000000000e+00 0.000000000000000000e+00 0.000000000000000000e+00 0.000000000000000000e+00 0.000000000000000000e+00
0.000000000000000000e+00 0.000000000000000000e+00 0.000000000000000000e+00 0.000000000000000000e+00 0.000000000000000000e+00
0.000000000000000000e+00 0.000000000000000000e+00 0.000000000000000000e+00 0.000000000000000000e+00 0.000000000000000000e+00
0.000000000000000000e+00 0.000000000000000000e+00 0.000000000000000000e+00 0.000000000000000000e+00 0.000000000000000000e+00
0.000000000000000000e+00 0.000000000000000000e+00 0.000000000000000000e+00 0.000000000000000000e+00 0.000000000000000000e+00
0.000000000000000000e+00 0.000000000000000000e+00 0.000000000000000000e+00 0.000000000000000000e+00 0.000000000000000000e+00
0.000000000000000000e+00 0.000000000000000000e+00 0.000000000000000000e+00 0.000000000000000000e+00 0.000000000000000000e+00
0.000000000000000000e+00 0.000000000000000000e+00 0.000000000000000000e+00 0.000000000000000000e+00 0.000000000000000000e+00
0.000000000000000000e+00 0.000000000000000000e+00 0.000000000000000000e+00 0.000000000000000000e+00 0.000000000000000000e+00
0.000000000000000000e+00 0.000000000000000000e+00 0.000000000000000000e+00 0.000000000000000000e+00 0.000000000000000000e+00
0.000000000000000000e+00 0.000000000000000000e+00 0.000000000000000000e+00 0.000000000000000000e+00 0.000000000000000000e+00
0.000000000000000000e+00 0.000000000000000000e+00 0.000000000000000000e+00 0.000000000000000000e+00 0.000000000000000000e+00
0.000000000000000000e+00 0.000000000000000000e+00 0.000000000000000000e+00 0.000000000000000000e+00 0.000000000000000000e+00
0.000000000000000000e+00 0.000000000000000000e+00 0.000000000000000000e+00 0.000000000000000000e+00 0.000000000000000000e+00
0.000000000000000000e+00 0.000000000000000000e+00 0.000000000000000000e+00 0.000000000000000000e+00 0.000000000000000000e+00
0.000000000000000000e+00 0.000000000000000000e+00 0.000000000000000000e+00 0.000000000000000000e+00 0.000000000000000000e+00
0.000000000000000000e+00 0.000000000000000000e+00 0.000000000000000000e+00 0.000000000000000000e+00 0.000000000000000000e+00
0.000000000000000000e+00 0.000000000000000000e+00 0.000000000000000000e+00 0.000000000000000000e+00 0.000000000000000000e+00
0.000000000000000000e+00 0.000000000000000000e+00 0.000000000000000000e+00 0.000000000000000000e+00 0.000000000000000000e+00
0.000000000000000000e+00 0.000000000000000000e+00 0.000000000000000000e+00 0.000000000000000000e+00 0.000000000000000000e+00
0.000000000000000000e+00 0.000000000000000000e+00 0.000000000000000000e+00 0.000000000000000000e+00 0.000000000000000000e+00
0.000000000000000000e+00 0.000000000000000000e+00 0.000000000000000000e+00 0.000000000000000000e+00 0.000000000000000000e+00
0.000000000000000000e+00 0.000000000000000000e+00 0.000000000000000000e+00 0.000000000000000000e+00 0.000000000000000000e+00
0.000000000000000000e+00 0.000000000000000000e+00 0.000000000000000000e+00 0.000000000000000000e+00 0.000000000000000000e+00
