0.000000000000000000e+00 0.000000000000000000e+00 1.000000000000000000e+00 0.000000000000000000e+00 0.000000000000000000e+00
-8.621081709861755371e-01 1.054318189620971680e+00 1.000000000000000000e+00 0.000000000000000000e+00 0.000000000000000000e+00
-4.017543792724609375e-01 3.556659519672393799e-01 1.000000000000000000e+00 0.000000000000000000e+00 0.000000000000000000e+00
-3.665404319763183594e-01 2.004926502704620361e-01 0.000000000000000000e+00 1.000000000000000000e+00 0.000000000000000000e+00
5.233235955238342285e-01 -1.200496435165405273e+00 1.000000000000000000e+00 0.000000000000000000e+00 0.000000000000000000e+00
2.872281074523925781e-01 5.781006440520286560e-02 1.000000000000000000e+00 0.000000000000000000e+00 0.000000000000000000e+00
2.171749174594879150e-01 1.759091466665267944e-01 1.000000000000000000e+00 0.000000000000000000e+00 0.000000000000000000e+00
1.725572198629379272e-01 2.790857255458831787e-01 1.000000000000000000e+00 0.000000000000000000e+00 0.000000000000000000e+00
1.199783757328987122e-01 7.222909927368164062e-01 1.000000000000000000e+00 0.000000000000000000e+00 0.000000000000000000e+00
-5.870230495929718018e-02 3.465307950973510742e-01 1.000000000000000000e+00 0.000000000000000000e+00 0.000000000000000000e+00
-1.280916035175323486e-01 2.835060358047485352e-01 1.000000000000000000e+00 0.000000000000000000e+00 0.000000000000000000e+00
-1.549657583236694336e-01 1.530614644289016724e-01 1.000000000000000000e+00 0.000000000000000000e+00 0.000000000000000000e+00
-1.334032565355300903e-01 2.660159207880496979e-02 1.000000000000000000e+00 0.000000000000000000e+00 0.000000000000000000e+00
-1.273820251226425171e-01 -1.101165115833282471e-01 1.000000000000000000e+00 0.000000000000000000e+00 0.000000000000000000e+00
-5.947924777865409851e-02 -2.820470333099365234e-01 1.000000000000000000e+00 0.000000000000000000e+00 0.000000000000000000e+00
6.566898524761199951e-02 -3.719789981842041016e-01 1.000000000000000000e+00 0.000000000000000000e+00 0.000000000000000000e+00
1.540283262729644775e-01 -2.710589170455932617e-01 1.000000000000000000e+00 0.000000000000000000e+00 0.000000000000000000e+00
-7.301170229911804199e-01 8.004428148269653320e-01 1.000000000000000000e+00 0.000000000000000000e+00 0.000000000000000000e+00
-2.612892091274261475e-01 1.661981344223022461e-01 0.000000000000000000e+00 1.000000000000000000e+00 0.000000000000000000e+00
2.097978115081787109e+00 -2.216001510620117188e+00 1.000000000000000000e+00 0.000000000000000000e+00 0.000000000000000000e+00
9.494664669036865234e-01 -2.663125395774841309e-01 1.000000000000000000e+00 0.000000000000000000e+00 0.000000000000000000e+00
3.907448053359985352e-01 -1.993401795625686646e-01 0.000000000000000000e+00 1.000000000000000000e+00 0.000000000000000000e+00
-2.889236211776733398e-01 -3.754654228687286377e-01 1.000000000000000000e+00 0.000000000000000000e+00 0.000000000000000000e+00
-6.850025057792663574e-01 1.181519508361816406e+00 1.000000000000000000e+00 0.000000000000000000e+00 0.000000000000000000e+00
-5.758696794509887695e-01 6.816488504409790039e-01 1.000000000000000000e+00 0.000000000000000000e+00 0.000000000000000000e+00
-2.655514776706695557e-01 1.803511381149291992e-01 0.000000000000000000e+00 1.000000000000000000e+00 0.000000000000000000e+00
1.054938435554504395e+00 -7.996622920036315918e-01 1.000000000000000000e+00 0.000000000000000000e+00 0.000000000000000000e+00
6.850972175598144531e-01 3.782163858413696289e-01 1.000000000000000000e+00 0.000000000000000000e+00 0.000000000000000000e+00
5.053608864545822144e-02 1.214845776557922363e-01 0.000000000000000000e+00 1.000000000000000000e+00 0.000000000000000000e+00
-1.497491836547851562e+00 -5.338709354400634766e-01 1.000000000000000000e+00 0.000000000000000000e+00 0.000000000000000000e+00
3.526299893856048584e-01 1.416202038526535034e-01 1.000000000000000000e+00 0.000000000000000000e+00 0.000000000000000000e+00
2.391364276409149170e-01 -2.157309651374816895e-02 0.000000000000000000e+00 1.000000000000000000e+00 0.000000000000000000e+00
1.055273532867431641e+00 -4.214977622032165527e-01 1.000000000000000000e+00 0.000000000000000000e+00 0.000000000000000000e+00
-9.108943939208984375e-01 6.638264060020446777e-01 1.000000000000000000e+00 0.000000000000000000e+00 0.000000000000000000e+00
-4.105779826641082764e-01 1.983528435230255127e-01 0.000000000000000000e+00 1.000000000000000000e+00 0.000000000000000000e+00
-2.488367557525634766e-01 1.282103210687637329e-01 1.000000000000000000e+00 0.000000000000000000e+00 0.000000000000000000e+00
7.328470796346664429e-02 5.341171622276306152e-01 1.000000000000000000e+00 0.000000000000000000e+00 0.000000000000000000e+00
-4.034499824047088623e-02 1.234000325202941895e-01 0.000000000000000000e+00 1.000000000000000000e+00 0.000000000000000000e+00
3.777210712432861328e-01 -7.447172999382019043e-01 1.000000000000000000e+00 0.000000000000000000e+00 0.000000000000000000e+00
7.285858392715454102e-01 -7.337182015180587769e-02 1.000000000000000000e+00 0.000000000000000000e+00 0.000000000000000000e+00
1.946268975734710693e-01 6.847505271434783936e-02 1.000000000000000000e+00 0.000000000000000000e+00 0.000000000000000000e+00
-4.671148583292961121e-02 2.312040776014328003e-01 1.000000000000000000e+00 0.000000000000000000e+00 0.000000000000000000e+00
-1.207381784915924072e-01 1.765604615211486816e-01 1.000000000000000000e+00 0.000000000000000000e+00 0.000000000000000000e+00
-1.928398162126541138e-01 1.646404117345809937e-01 0.000000000000000000e+00 1.000000000000000000e+00 0.000000000000000000e+00
-4.814687073230743408e-01 -2.448751032352447510e-01 1.000000000000000000e+00 0.000000000000000000e+00 0.000000000000000000e+00
3.391004502773284912e-01 -1.405034959316253662e-02 1.000000000000000000e+00 0.000000000000000000e+00 0.000000000000000000e+00
-4.317338764667510986e-02 4.662360250949859619e-02 0.000000000000000000e+00 1.000000000000000000e+00 0.000000000000000000e+00
-2.688792347908020020e-01 2.384412735700607300e-01 1.000000000000000000e+00 0.000000000000000000e+00 0.000000000000000000e+00
4.185598790645599365e-01 -7.041314244270324707e-02 1.000000000000000000e+00 0.000000000000000000e+00 0.000000000000000000e+00
-6.930116564035415649e-02 9.120614528656005859e-01 1.000000000000000000e+00 0.000000000000000000e+00 0.000000000000000000e+00
-3.044806718826293945e-01 -2.269163876771926880e-01 1.000000000000000000e+00 0.000000000000000000e+00 0.000000000000000000e+00
-1.899609267711639404e-01 -3.153129816055297852e-01 1.000000000000000000e+00 0.000000000000000000e+00 0.000000000000000000e+00
-4.215384423732757568e-01 4.743075072765350342e-01 1.000000000000000000e+00 0.000000000000000000e+00 0.000000000000000000e+00
2.101029828190803528e-02 -4.681483283638954163e-02 0.000000000000000000e+00 1.000000000000000000e+00 0.000000000000000000e+00
1.406555175781250000e+00 -4.240020513534545898e-01 1.000000000000000000e+00 0.000000000000000000e+00 0.000000000000000000e+00
2.158748507499694824e-01 1.156108975410461426e-01 1.000000000000000000e+00 0.000000000000000000e+00 0.000000000000000000e+00
1.426683664321899414e-01 2.486250847578048706e-01 0.000000000000000000e+00 1.000000000000000000e+00 0.000000000000000000e+00
-1.869868755340576172e+00 -2.265357494354248047e+00 0.000000000000000000e+00 0.000000000000000000e+00 1.000000000000000000e+00
-2.374351322650909424e-01 1.384336471557617188e+00 0.000000000000000000e+00 0.000000000000000000e+00 1.000000000000000000e+00
-1.693505287170410156e+00 -9.133398532867431641e-02 0.000000000000000000e+00 0.000000000000000000e+00 1.000000000000000000e+00
-1.000531435012817383e+00 -1.063062548637390137e-01 0.000000000000000000e+00 0.000000000000000000e+00 1.000000000000000000e+00
-1.309029579162597656e+00 -3.421048521995544434e-01 0.000000000000000000e+00 0.000000000000000000e+00 1.000000000000000000e+00
-1.087281942367553711e+00 -1.616252660751342773e-01 0.000000000000000000e+00 0.000000000000000000e+00 1.000000000000000000e+00
-1.199589729309082031e+00 -3.037232160568237305e-01 0.000000000000000000e+00 0.000000000000000000e+00 1.000000000000000000e+00
-1.106263160705566406e+00 -2.284291982650756836e-01 0.000000000000000000e+00 0.000000000000000000e+00 1.000000000000000000e+00
-1.140338182449340820e+00 -2.730126380920410156e-01 0.000000000000000000e+00 0.000000000000000000e+00 1.000000000000000000e+00
-1.104943871498107910e+00 -2.343893647193908691e-01 0.000000000000000000e+00 0.000000000000000000e+00 1.000000000000000000e+00
-1.111038804054260254e+00 -2.637684941291809082e-01 0.000000000000000000e+00 0.000000000000000000e+00 1.000000000000000000e+00
-1.089643955230712891e+00 -2.403979301452636719e-01 0.000000000000000000e+00 0.000000000000000000e+00 1.000000000000000000e+00
-1.087602972984313965e+00 -2.322384715080261230e-01 0.000000000000000000e+00 0.000000000000000000e+00 1.000000000000000000e+00
-1.078853726387023926e+00 -2.198399901390075684e-01 0.000000000000000000e+00 0.000000000000000000e+00 1.000000000000000000e+00
-1.073138713836669922e+00 -2.470118999481201172e-01 0.000000000000000000e+00 0.000000000000000000e+00 1.000000000000000000e+00
-1.062614679336547852e+00 -2.597475647926330566e-01 0.000000000000000000e+00 0.000000000000000000e+00 1.000000000000000000e+00
-1.054681897163391113e+00 -2.761722803115844727e-01 0.000000000000000000e+00 0.000000000000000000e+00 1.000000000000000000e+00
-1.042164444923400879e+00 -2.883573174476623535e-01 0.000000000000000000e+00 0.000000000000000000e+00 1.000000000000000000e+00
-1.030522704124450684e+00 -3.017561435699462891e-01 0.000000000000000000e+00 0.000000000000000000e+00 1.000000000000000000e+00
-1.020161747932434082e+00 -3.063601255416870117e-01 0.000000000000000000e+00 0.000000000000000000e+00 1.000000000000000000e+00
-1.014692187309265137e+00 -3.032749295234680176e-01 0.000000000000000000e+00 0.000000000000000000e+00 1.000000000000000000e+00
-1.010949850082397461e+00 -3.014420270919799805e-01 0.000000000000000000e+00 0.000000000000000000e+00 1.000000000000000000e+00
-1.007362723350524902e+00 -3.014802336692810059e-01 0.000000000000000000e+00 0.000000000000000000e+00 1.000000000000000000e+00
-1.002265572547912598e+00 -3.021668195724487305e-01 0.000000000000000000e+00 0.000000000000000000e+00 1.000000000000000000e+00
-9.960926771163940430e-01 -3.027666807174682617e-01 0.000000000000000000e+00 0.000000000000000000e+00 1.000000000000000000e+00
-9.881496429443359375e-01 -3.062371611595153809e-01 0.000000000000000000e+00 0.000000000000000000e+00 1.000000000000000000e+00
-9.807330369949340820e-01 -3.089969158172607422e-01 0.000000000000000000e+00 0.000000000000000000e+00 1.000000000000000000e+00
-9.770858287811279297e-01 -3.061490654945373535e-01 0.000000000000000000e+00 0.000000000000000000e+00 1.000000000000000000e+00
0.000000000000000000e+00 0.000000000000000000e+00 0.000000000000000000e+00 0.000000000000000000e+00 0.000000000000000000e+00
0.000000000000000000e+00 0.000000000000000000e+00 0.000000000000000000e+00 0.000000000000000000e+00 0.000000000000000000e+00
0.000000000000000000e+00 0.000000000000000000e+00 0.000000000000000000e+00 0.000000000000000000e+00 0.000000000000000000e+00
0.000000000000000000e+00 0.000000000000000000e+00 0.000000000000000000e+00 0.000000000000000000e+00 0.000000000000000000e+00
0.000000000000000000e+00 0.000000000000000000e+00 0.000000000000000000e+00 0.000000000000000000e+00 0.000000000000000000e+00
0.000000000000000000e+00 0.000000000000000000e+00 0.000000000000000000e+00 0.000000000000000000e+00 0.000000000000000000e+00
0.000000000000000000e+00 0.000000000000000000e+00 0.000000000000000000e+00 0.000000000000000000e+00 0.000000000000000000e+00
0.000000000000000000e+00 0.000000000000000000e+00 0.000000000000000000e+00 0.000000000000000000e+00 0.000000000000000000e+00
0.000000000000000000e+00 0.000000000000000000e+00 0.000000000000000000e+00 0.000000000000000000e+00 0.000000000000000000e+00
0.000000000000000000e+00 0.000000000000000000e+00 0.000000000000000000e+00 0.000000000000000000e+00 0.000000000000000000e+00
0.000000000000000000e+00 0.000000000000000000e+00 0.000000000000000000e+00 0.000000000000000000e+00 0.000000000000000000e+00
0.000000000000000000e+00 0.000000000000000000e+00 0.000000000000000000e+00 0.000000000000000000e+00 0.000000000000000000e+00
0.000000000000000000e+00 0.000000000000000000e+00 0.000000000000000000e+00 0.000000000000000000e+00 0.000000000000000000e+00
0.000000000000000000e+00 0.000000000000000000e+00 0.000000000000000000e+00 0.000000000000000000e+00 0.000000000000000000e+00
0.000000000000000000e+00 0.000000000000000000e+00 0.000000000000000000e+00 0.000000000000000000e+00 0.000000000000000000e+00
0.000000000000000000e+00 0.000000000000000000e+00 0.000000000000000000e+00 0.000000000000000000e+00 0.000000000000000000e+00
0.000000000000000000e+00 0.000000000000000000e+00 0.000000000000000000e+00 0.000000000000000000e+00 0.000000000000000000e+00
0.000000000000000000e+00 0.000000000000000000e+00 0.000000000000000000e+00 0.000000000000000000e+00 0.000000000000000000e+00
0.000000000000000000e+00 0.000000000000000000e+00 0.000000000000000000e+00 0.000000000000000000e+00 0.000000000000000000e+00
0.000000000000000000e+00 0.000000000000000000e+00 0.000000000000000000e+00 0.000000000000000000e+00 0.000000000000000000e+00
0.000000000000000000e+00 0.000000000000000000e+00 0.000000000000000000e+00 0.000000000000000000e+00 0.000000000000000000e+00
0.000000000000000000e+00 0.000000000000000000e+00 0.000000000000000000e+00 0.000000000000000000e+00 0.000000000000000000e+00
0.000000000000000000e+00 0.000000000000000000e+00 0.000000000000000000e+00 0.000000000000000000e+00 0.000000000000000000e+00
0.000000000000000000e+00 0.000000000000000000e+00 0.000000000000000000e+00 0.000000000000000000e+00 0.000000000000000000e+00
0.000000000000000000e+00 0.000000000000000000e+00 0.000000000000000000e+00 0.000000000000000000e+00 0.000000000000000000e+00
0.000000000000000000e+00 0.000000000000000000e+00 0.000000000000000000e+00 0.000000000000000000e+00 0.000000000000000000e+00
0.000000000000000000e+00 0.000000000000000000e+00 0.000000000000000000e+00 0.000000000000000000e+00 0.000000000000000000e+00
0.000000000000000000e+00 0.000000000000000000e+00 0.000000000000000000e+00 0.000000000000000000e+00 0.000000000000000000e+00
0.000000000000000000e+00 0.000000000000000000e+00 0.000000000000000000e+00 0.000000000000000000e+00 0.000000000000000000e+00
0.000000000000000000e+00 0.000000000000000000e+00 0.000000000000000000e+00 0.000000000000000000e+00 0.000000000000000000e+00
0.000000000000000000e+00 0.000000000000000000e+00 0.000000000000000000e+00 0.000000000000000000e+00 0.000000000000000000e+00
0.000000000000000000e+00 0.000000000000000000e+00 0.000000000000000000e+00 0.000000000000000000e+00 0.000000000000000000e+00
0.000000000000000000e+00 0.000000000000000000e+00 0.000000000000000000e+00 0.000000000000000000e+00 0.000000000000000000e+00
0.000000000000000000e+00 0.000000000000000000e+00 0.000000000000000000e+00 0.000000000000000000e+00 0.000000000000000000e+00
0.000000000000000000e+00 0.000000000000000000e+00 0.000000000000000000e+00 0.000000000000000000e+00 0.000000000000000000e+00
0.000000000000000000e+00 0.000000000000000000e+00 0.000000000000000000e+00 0.000000000000000000e+00 0.000000000000000000e+00
