0.000000000000000000e+00 0.000000000000000000e+00 1.000000000000000000e+00 0.000000000000000000e+00 0.000000000000000000e+00
8.010766506195068359e-01 -1.660379022359848022e-01 1.000000000000000000e+00 0.000000000000000000e+00 0.000000000000000000e+00
1.853776872158050537e-01 5.000510066747665405e-02 0.000000000000000000e+00 1.000000000000000000e+00 0.000000000000000000e+00
-1.010804176330566406e+00 1.101038694381713867e+00 1.000000000000000000e+00 0.000000000000000000e+00 0.000000000000000000e+00
6.645904779434204102e-01 -1.123747900128364563e-01 1.000000000000000000e+00 0.000000000000000000e+00 0.000000000000000000e+00
3.408594727516174316e-01 -1.929832696914672852e-01 0.000000000000000000e+00 1.000000000000000000e+00 0.000000000000000000e+00
-3.989989161491394043e-01 -1.128942295908927917e-01 1.000000000000000000e+00 0.000000000000000000e+00 0.000000000000000000e+00
-1.436363756656646729e-01 1.238806128501892090e+00 1.000000000000000000e+00 0.000000000000000000e+00 0.000000000000000000e+00
4.111089557409286499e-02 2.150619328022003174e-01 1.000000000000000000e+00 0.000000000000000000e+00 0.000000000000000000e+00
8.675488084554672241e-02 2.967012301087379456e-02 1.000000000000000000e+00 0.000000000000000000e+00 0.000000000000000000e+00
3.587257266044616699e-01 -4.640920758247375488e-01 1.000000000000000000e+00 0.000000000000000000e+00 0.000000000000000000e+00
2.550258040428161621e-01 -5.583106875419616699e-01 0.000000000000000000e+00 1.000000000000000000e+00 0.000000000000000000e+00
1.192132472991943359e+00 -2.054412364959716797e+00 1.000000000000000000e+00 0.000000000000000000e+00 0.000000000000000000e+00
-6.486590504646301270e-01 9.556074142456054688e-01 1.000000000000000000e+00 0.000000000000000000e+00 0.000000000000000000e+00
7.027468681335449219e-01 -2.539295852184295654e-01 1.000000000000000000e+00 0.000000000000000000e+00 0.000000000000000000e+00
3.019517064094543457e-01 3.101503290235996246e-02 1.000000000000000000e+00 0.000000000000000000e+00 0.000000000000000000e+00
1.894002407789230347e-02 9.991391003131866455e-02 1.000000000000000000e+00 0.000000000000000000e+00 0.000000000000000000e+00
-5.253372788429260254e-01 6.773238182067871094e-01 1.000000000000000000e+00 0.000000000000000000e+00 0.000000000000000000e+00
-9.118961095809936523e-01 7.748947143554687500e-01 1.000000000000000000e+00 0.000000000000000000e+00 0.000000000000000000e+00
-4.364178776741027832e-01 2.553555369377136230e-01 1.000000000000000000e+00 0.000000000000000000e+00 0.000000000000000000e+00
-3.041771948337554932e-01 1.590166240930557251e-02 0.000000000000000000e+00 1.000000000000000000e+00 0.000000000000000000e+00
9.055503606796264648e-01 -9.045222997665405273e-01 1.000000000000000000e+00 0.000000000000000000e+00 0.000000000000000000e+00
5.055165290832519531e-01 4.443817585706710815e-02 1.000000000000000000e+00 0.000000000000000000e+00 0.000000000000000000e+00
1.234396100044250488e+00 5.244590640068054199e-01 1.000000000000000000e+00 0.000000000000000000e+00 0.000000000000000000e+00
7.878664880990982056e-02 1.255823373794555664e-01 0.000000000000000000e+00 1.000000000000000000e+00 0.000000000000000000e+00
-1.611657381057739258e+00 3.037639260292053223e-01 1.000000000000000000e+00 0.000000000000000000e+00 0.000000000000000000e+00
-3.576462715864181519e-02 5.873970389366149902e-01 1.000000000000000000e+00 0.000000000000000000e+00 0.000000000000000000e+00
-7.081321626901626587e-02 1.424561738967895508e-01 0.000000000000000000e+00 1.000000000000000000e+00 0.000000000000000000e+00
5.594968795776367188e-01 -7.643502950668334961e-01 1.000000000000000000e+00 0.000000000000000000e+00 0.000000000000000000e+00
4.568593502044677734e-01 8.393697440624237061e-02 1.000000000000000000e+00 0.000000000000000000e+00 0.000000000000000000e+00
1.421862244606018066e-01 1.498079299926757812e-01 1.000000000000000000e+00 0.000000000000000000e+00 0.000000000000000000e+00
-3.881112933158874512e-01 5.351710915565490723e-01 1.000000000000000000e+00 0.000000000000000000e+00 0.000000000000000000e+00
5.847477912902832031e-01 -1.380401551723480225e-01 1.000000000000000000e+00 0.000000000000000000e+00 0.000000000000000000e+00
4.498873353004455566e-01 -2.251752912998199463e-01 0.000000000000000000e+00 1.000000000000000000e+00 0.000000000000000000e+00
-1.773107528686523438e+00 -2.204595088958740234e+00 0.000000000000000000e+00 0.000000000000000000e+00 1.000000000000000000e+00
-3.065962791442871094e-01 1.306641817092895508e+00 0.000000000000000000e+00 0.000000000000000000e+00 1.000000000000000000e+00
-1.617532372474670410e+00 1.732349395751953125e-03 0.000000000000000000e+00 0.000000000000000000e+00 1.000000000000000000e+00
-1.066802978515625000e+00 -2.692746520042419434e-01 0.000000000000000000e+00 0.000000000000000000e+00 1.000000000000000000e+00
-1.136158704757690430e+00 -2.264590263366699219e-01 0.000000000000000000e+00 0.000000000000000000e+00 1.000000000000000000e+00
-1.071249723434448242e+00 -1.700071096420288086e-01 0.000000000000000000e+00 0.000000000000000000e+00 1.000000000000000000e+00
-1.066619396209716797e+00 -1.399657130241394043e-01 0.000000000000000000e+00 0.000000000000000000e+00 1.000000000000000000e+00
-1.045121192932128906e+00 -1.461220383644104004e-01 0.000000000000000000e+00 0.000000000000000000e+00 1.000000000000000000e+00
-1.032746195793151855e+00 -1.390826106071472168e-01 0.000000000000000000e+00 0.000000000000000000e+00 1.000000000000000000e+00
-1.012997865676879883e+00 -1.375544071197509766e-01 0.000000000000000000e+00 0.000000000000000000e+00 1.000000000000000000e+00
-9.878289699554443359e-01 -1.518613100051879883e-01 0.000000000000000000e+00 0.000000000000000000e+00 1.000000000000000000e+00
-9.702646732330322266e-01 -1.649563908576965332e-01 0.000000000000000000e+00 0.000000000000000000e+00 1.000000000000000000e+00
-9.588934183120727539e-01 -1.722019314765930176e-01 0.000000000000000000e+00 0.000000000000000000e+00 1.000000000000000000e+00
-9.516849517822265625e-01 -1.784680485725402832e-01 0.000000000000000000e+00 0.000000000000000000e+00 1.000000000000000000e+00
-9.477128982543945312e-01 -1.810317635536193848e-01 0.000000000000000000e+00 0.000000000000000000e+00 1.000000000000000000e+00
-9.434392452239990234e-01 -1.792573332786560059e-01 0.000000000000000000e+00 0.000000000000000000e+00 1.000000000000000000e+00
-9.355355501174926758e-01 -1.755203604698181152e-01 0.000000000000000000e+00 0.000000000000000000e+00 1.000000000000000000e+00
-9.266775846481323242e-01 -1.734019517898559570e-01 0.000000000000000000e+00 0.000000000000000000e+00 1.000000000000000000e+00
-9.198046922683715820e-01 -1.751102805137634277e-01 0.000000000000000000e+00 0.000000000000000000e+00 1.000000000000000000e+00
-9.152567386627197266e-01 -1.803114414215087891e-01 0.000000000000000000e+00 0.000000000000000000e+00 1.000000000000000000e+00
-9.118165969848632812e-01 -1.837279200553894043e-01 0.000000000000000000e+00 0.000000000000000000e+00 1.000000000000000000e+00
-9.085385799407958984e-01 -1.866973042488098145e-01 0.000000000000000000e+00 0.000000000000000000e+00 1.000000000000000000e+00
-9.015709161758422852e-01 -1.910743713378906250e-01 0.000000000000000000e+00 0.000000000000000000e+00 1.000000000000000000e+00
-8.911019563674926758e-01 -1.950808763504028320e-01 0.000000000000000000e+00 0.000000000000000000e+00 1.000000000000000000e+00
-8.807700872421264648e-01 -1.997651457786560059e-01 0.000000000000000000e+00 0.000000000000000000e+00 1.000000000000000000e+00
0.000000000000000000e+00 0.000000000000000000e+00 0.000000000000000000e+00 0.000000000000000000e+00 0.000000000000000000e+00
0.000000000000000000e+00 0.000000000000000000e+00 0.000000000000000000e+00 0.000000000000000000e+00 0.000000000000000000e+00
0.000000000000000000e+00 0.000000000000000000e+00 0.000000000000000000e+00 0.000000000000000000e+00 0.000000000000000000e+00
0.000000000000000000e+00 0.000000000000000000e+00 0.000000000000000000e+00 0.000000000000000000e+00 0.000000000000000000e+00
0.000000000000000000e+00 0.000000000000000000e+00 0.000000000000000000e+00 0.000000000000000000e+00 0.000000000000000000e+00
0.000000000000000000e+00 0.000000000000000000e+00 0.000000000000000000e+00 0.000000000000000000e+00 0.000000000000000000e+00
0.000000000000000000e+00 0.000000000000000000e+00 0.000000000000000000e+00 0.000000000000000000e+00 0.000000000000000000e+00
0.000000000000000000e+00 0.000000000000000000e+00 0.000000000000000000e+00 0.000000000000000000e+00 0.000000000000000000e+00
0.000000000000000000e+00 0.000000000000000000e+00 0.000000000000000000e+00 0.000000000000000000e+00 0.000000000000000000e+00
0.000000000000000000e+00 0.000000000000000000e+00 0.000000000000000000e+00 0.000000000000000000e+00 0.000000000000000000e+00
0.000000000000000000e+00 0.000000000000000000e+00 0.000000000000000000e+00 0.000000000000000000e+00 0.000000000000000000e+00
0.000000000000000000e+00 0.000000000000000000e+00 0.000000000000000000e+00 0.000000000000000000e+00 0.000000000000000000e+00
0.000000000000000000e+00 0.000000000000000000e+00 0.000000000000000000e+00 0.000000000000000000e+00 0.000000000000000000e+00
0.000000000000000000e+00 0.000000000000000000e+00 0.000000000000000000e+00 0.000000000000000000e+00 0.000000000000000000e+00
0.000000000000000000e+00 0.000000000000000000e+00 0.000000000000000000e+00 0.000000000000000000e+00 0.000000000000000000e+00
0.000000000000000000e+00 0.000000000000000000e+00 0.000000000000000000e+00 0.000000000000000000e+00 0.000000000000000000e+00
0.000000000000000000e+00 0.000000000000000000e+00 0.000000000000000000e+00 0.000000000000000000e+00 0.000000000000000000e+00
0.000000000000000000e+00 0.000000000000000000e+00 0.000000000000000000e+00 0.000000000000000000e+00 0.000000000000000000e+00
0.000000000000000000e+00 0.000000000000000000e+00 0.000000000000000000e+00 0.000000000000000000e+00 0.000000000000000000e+00
0.000000000000000000e+00 0.000000000000000000e+00 0.000000000000000000e+00 0.000000000000000000e+00 0.000000000000000000e+00
0.000000000000000000e+00 0.000000000000000000e+00 0.000000000000000000e+00 0.000000000000000000e+00 0.000000000000000000e+00
0.000000000000000000e+00 0.000000000000000000e+00 0.000000000000000000e+00 0.000000000000000000e+00 0.000000000000000000e+00
0.000000000000000000e+00 0.000000000000000000e+00 0.000000000000000000e+00 0.000000000000000000e+00 0.000000000000000000e+00
0.000000000000000000e+00 0.000000000000000000e+00 0.000000000000000000e+00 0.000000000000000000e+00 0.000000000000000000e+00
0.000000000000000000e+00 0.000000000000000000e+00 0.000000000000000000e+00 0.000000000000000000e+00 0.000000000000000000e+00
0.000000000000000000e+00 0.000000000000000000e+00 0.000000000000000000e+00 0.000000000000000000e+00 0.000000000000000000e+00
0.000000000000000000e+00 0.000000000000000000e+00 0.000000000000000000e+00 0.000000000000000000e+00 0.000000000000000000e+00
0.000000000000000000e+00 0.000000000000000000e+00 0.000000000000000000e+00 0.000000000000000000e+00 0.000000000000000000e+00
0.000000000000000000e+00 0.000000000000000000e+00 0.000000000000000000e+00 0.000000000000000000e+00 0.000000000000000000e+00
0.000000000000000000e+00 0.000000000000000000e+00 0.000000000000000000e+00 0.000000000000000000e+00 0.000000000000000000e+00
0.000000000000000000e+00 0.000000000000000000e+00 0.000000000000000000e+00 0.000000000000000000e+00 0.000000000000000000e+00
0.000000000000000000e+00 0.000000000000000000e+00 0.000000000000000000e+00 0.000000000000000000e+00 0.000000000000000000e+00
0.000000000000000000e+00 0.000000000000000000e+00 0.000000000000000000e+00 0.000000000000000000e+00 0.000000000000000000e+00
0.000000000000000000e+00 0.000000000000000000e+00 0.000000000000000000e+00 0.000000000000000000e+00 0.000000000000000000e+00
0.000000000000000000e+00 0.000000000000000000e+00 0.000000000000000000e+00 0.000000000000000000e+00 0.000000000000000000e+00
0.000000000000000000e+00 0.000000000000000000e+00 0.000000000000000000e+00 0.000000000000000000e+00 0.000000000000000000e+00
0.000000000000000000e+00 0.000000000000000000e+00 0.000000000000000000e+00 0.000000000000000000e+00 0.000000000000000000e+00
0.000000000000000000e+00 0.000000000000000000e+00 0.000000000000000000e+00 0.000000000000000000e+00 0.000000000000000000e+00
0.000000000000000000e+00 0.000000000000000000e+00 0.000000000000000000e+00 0.000000000000000000e+00 0.000000000000000000e+00
0.000000000000000000e+00 0.000000000000000000e+00 0.000000000000000000e+00 0.000000000000000000e+00 0.000000000000000000e+00
0.000000000000000000e+00 0.000000000000000000e+00 0.000000000000000000e+00 0.000000000000000000e+00 0.000000000000000000e+00
0.000000000000000000e+00 0.000000000000000000e+00 0.000000000000000000e+00 0.000000000000000000e+00 0.000000000000000000e+00
0.000000000000000000e+00 0.000000000000000000e+00 0.000000000000000000e+00 0.000000000000000000e+00 0.000000000000000000e+00
0.000000000000000000e+00 0.000000000000000000e+00 0.000000000000000000e+00 0.000000000000000000e+00 0.000000000000000000e+00
0.000000000000000000e+00 0.000000000000000000e+00 0.000000000000000000e+00 0.000000000000000000e+00 0.000000000000000000e+00
0.000000000000000000e+00 0.000000000000000000e+00 0.000000000000000000e+00 0.000000000000000000e+00 0.000000000000000000e+00
0.000000000000000000e+00 0.000000000000000000e+00 0.000000000000000000e+00 0.000000000000000000e+00 0.000000000000000000e+00
0.000000000000000000e+00 0.000000000000000000e+00 0.000000000000000000e+00 0.000000000000000000e+00 0.000000000000000000e+00
0.000000000000000000e+00 0.000000000000000000e+00 0.000000000000000000e+00 0.000000000000000000e+00 0.000000000000000000e+00
0.000000000000000000e+00 0.000000000000000000e+00 0.000000000000000000e+00 0.000000000000000000e+00 0.000000000000000000e+00
0.000000000000000000e+00 0.000000000000000000e+00 0.000000000000000000e+00 0.000000000000000000e+00 0.000000000000000000e+00
0.000000000000000000e+00 0.000000000000000000e+00 0.000000000000000000e+00 0.000000000000000000e+00 0.000000000000000000e+00
0.000000000000000000e+00 0.000000000000000000e+00 0.000000000000000000e+00 0.000000000000000000e+00 0.000000000000000000e+00
0.000000000000000000e+00 0.000000000000000000e+00 0.000000000000000000e+00 0.000000000000000000e+00 0.000000000000000000e+00
0.000000000000000000e+00 0.000000000000000000e+00 0.000000000000000000e+00 0.000000000000000000e+00 0.000000000000000000e+00
0.000000000000000000e+00 0.000000000000000000e+00 0.000000000000000000e+00 0.000000000000000000e+00 0.000000000000000000e+00
0.000000000000000000e+00 0.000000000000000000e+00 0.000000000000000000e+00 0.000000000000000000e+00 0.000000000000000000e+00
0.000000000000000000e+00 0.000000000000000000e+00 0.000000000000000000e+00 0.000000000000000000e+00 0.000000000000000000e+00
0.000000000000000000e+00 0.000000000000000000e+00 0.000000000000000000e+00 0.000000000000000000e+00 0.000000000000000000e+00
0.000000000000000000e+00 0.000000000000000000e+00 0.000000000000000000e+00 0.000000000000000000e+00 0.000000000000000000e+00
0.000000000000000000e+00 0.000000000000000000e+00 0.000000000000000000e+00 0.000000000000000000e+00 0.000000000000000000e+00
0.000000000000000000e+00 0.000000000000000000e+00 0.000000000000000000e+00 0.000000000000000000e+00 0.000000000000000000e+00
