0.000000000000000000e+00 0.000000000000000000e+00 1.000000000000000000e+00 0.000000000000000000e+00 0.000000000000000000e+00
7.424345016479492188e-01 -1.509258151054382324e-01 1.000000000000000000e+00 0.000000000000000000e+00 0.000000000000000000e+00
1.867652833461761475e-01 4.954349622130393982e-02 0.000000000000000000e+00 1.000000000000000000e+00 0.000000000000000000e+00
-9.603559970855712891e-01 1.097290992736816406e+00 1.000000000000000000e+00 0.000000000000000000e+00 0.000000000000000000e+00
6.617264151573181152e-01 -1.211768090724945068e-01 1.000000000000000000e+00 0.000000000000000000e+00 0.000000000000000000e+00
3.379807472229003906e-01 -1.973622739315032959e-01 0.000000000000000000e+00 1.000000000000000000e+00 0.000000000000000000e+00
-3.948273658752441406e-01 -1.072749719023704529e-01 1.000000000000000000e+00 0.000000000000000000e+00 0.000000000000000000e+00
-1.307776272296905518e-01 1.218716502189636230e+00 1.000000000000000000e+00 0.000000000000000000e+00 0.000000000000000000e+00
4.092913493514060974e-02 2.200842201709747314e-01 1.000000000000000000e+00 0.000000000000000000e+00 0.000000000000000000e+00
8.515444397926330566e-02 3.662779182195663452e-02 1.000000000000000000e+00 0.000000000000000000e+00 0.000000000000000000e+00
3.187533915042877197e-01 -4.311899542808532715e-01 1.000000000000000000e+00 0.000000000000000000e+00 0.000000000000000000e+00
3.435516357421875000e-01 -7.798871994018554688e-01 0.000000000000000000e+00 1.000000000000000000e+00 0.000000000000000000e+00
4.586243629455566406e-01 -1.060316324234008789e+00 1.000000000000000000e+00 0.000000000000000000e+00 0.000000000000000000e+00
-4.905962944030761719e-02 8.581727743148803711e-01 1.000000000000000000e+00 0.000000000000000000e+00 0.000000000000000000e+00
-7.142528891563415527e-02 2.030598819255828857e-01 0.000000000000000000e+00 1.000000000000000000e+00 0.000000000000000000e+00
4.190068244934082031e-01 -1.341534614562988281e+00 1.000000000000000000e+00 0.000000000000000000e+00 0.000000000000000000e+00
9.169232249259948730e-01 -1.398535817861557007e-01 1.000000000000000000e+00 0.000000000000000000e+00 0.000000000000000000e+00
3.322862088680267334e-01 6.727444380521774292e-02 1.000000000000000000e+00 0.000000000000000000e+00 0.000000000000000000e+00
-2.046592831611633301e-01 1.063317179679870605e+00 1.000000000000000000e+00 0.000000000000000000e+00 0.000000000000000000e+00
-1.239024028182029724e-01 2.616671621799468994e-01 1.000000000000000000e+00 0.000000000000000000e+00 0.000000000000000000e+00
-1.874696612358093262e-01 1.686460226774215698e-01 0.000000000000000000e+00 1.000000000000000000e+00 0.000000000000000000e+00
-5.359121561050415039e-01 -6.572787761688232422e-01 1.000000000000000000e+00 0.000000000000000000e+00 0.000000000000000000e+00
4.471676051616668701e-01 -2.677144110202789307e-02 1.000000000000000000e+00 0.000000000000000000e+00 0.000000000000000000e+00
-3.843372315168380737e-02 5.933505296707153320e-02 0.000000000000000000e+00 1.000000000000000000e+00 0.000000000000000000e+00
-4.379973411560058594e-01 4.180341064929962158e-01 1.000000000000000000e+00 0.000000000000000000e+00 0.000000000000000000e+00
5.286144018173217773e-01 -2.914638817310333252e-02 1.000000000000000000e+00 0.000000000000000000e+00 0.000000000000000000e+00
-2.003530412912368774e-02 6.400283426046371460e-02 0.000000000000000000e+00 1.000000000000000000e+00 0.000000000000000000e+00
-7.505115270614624023e-01 5.820068120956420898e-01 1.000000000000000000e+00 0.000000000000000000e+00 0.000000000000000000e+00
7.623250484466552734e-01 -8.385886251926422119e-02 1.000000000000000000e+00 0.000000000000000000e+00 0.000000000000000000e+00
3.295438885688781738e-01 -1.514084488153457642e-01 0.000000000000000000e+00 1.000000000000000000e+00 0.000000000000000000e+00
-3.736054897308349609e-01 -1.034281134605407715e+00 1.000000000000000000e+00 0.000000000000000000e+00 0.000000000000000000e+00
-1.385740339756011963e-01 1.259666204452514648e+00 1.000000000000000000e+00 0.000000000000000000e+00 0.000000000000000000e+00
-1.247343346476554871e-01 3.883309662342071533e-01 1.000000000000000000e+00 0.000000000000000000e+00 0.000000000000000000e+00
-1.766993552446365356e-01 2.763556838035583496e-01 0.000000000000000000e+00 1.000000000000000000e+00 0.000000000000000000e+00
-3.575771450996398926e-01 3.977268934249877930e-03 1.000000000000000000e+00 0.000000000000000000e+00 0.000000000000000000e+00
1.181367039680480957e+00 -5.790522694587707520e-02 1.000000000000000000e+00 0.000000000000000000e+00 0.000000000000000000e+00
7.511436343193054199e-01 1.227666735649108887e-01 0.000000000000000000e+00 1.000000000000000000e+00 0.000000000000000000e+00
-2.094850540161132812e+00 -2.017899513244628906e+00 0.000000000000000000e+00 0.000000000000000000e+00 1.000000000000000000e+00
-3.041895627975463867e-01 1.384180784225463867e+00 0.000000000000000000e+00 0.000000000000000000e+00 1.000000000000000000e+00
-1.468100309371948242e+00 -1.772292256355285645e-01 0.000000000000000000e+00 0.000000000000000000e+00 1.000000000000000000e+00
-1.031667947769165039e+00 -3.018792867660522461e-01 0.000000000000000000e+00 0.000000000000000000e+00 1.000000000000000000e+00
-1.081945896148681641e+00 -2.229126095771789551e-01 0.000000000000000000e+00 0.000000000000000000e+00 1.000000000000000000e+00
-1.036956667900085449e+00 -1.769593954086303711e-01 0.000000000000000000e+00 0.000000000000000000e+00 1.000000000000000000e+00
-1.021002769470214844e+00 -1.994107961654663086e-01 0.000000000000000000e+00 0.000000000000000000e+00 1.000000000000000000e+00
-9.979269504547119141e-01 -2.086952328681945801e-01 0.000000000000000000e+00 0.000000000000000000e+00 1.000000000000000000e+00
-9.824420213699340820e-01 -2.206373810768127441e-01 0.000000000000000000e+00 0.000000000000000000e+00 1.000000000000000000e+00
-9.659243822097778320e-01 -2.330447435379028320e-01 0.000000000000000000e+00 0.000000000000000000e+00 1.000000000000000000e+00
-9.487901926040649414e-01 -2.531234025955200195e-01 0.000000000000000000e+00 0.000000000000000000e+00 1.000000000000000000e+00
-9.393259286880493164e-01 -2.567405104637145996e-01 0.000000000000000000e+00 0.000000000000000000e+00 1.000000000000000000e+00
-9.304897785186767578e-01 -2.520321607589721680e-01 0.000000000000000000e+00 0.000000000000000000e+00 1.000000000000000000e+00
-9.208961725234985352e-01 -2.458239793777465820e-01 0.000000000000000000e+00 0.000000000000000000e+00 1.000000000000000000e+00
-9.127740859985351562e-01 -2.400522232055664062e-01 0.000000000000000000e+00 0.000000000000000000e+00 1.000000000000000000e+00
-9.060363769531250000e-01 -2.416006922721862793e-01 0.000000000000000000e+00 0.000000000000000000e+00 1.000000000000000000e+00
-8.982927799224853516e-01 -2.505531907081604004e-01 0.000000000000000000e+00 0.000000000000000000e+00 1.000000000000000000e+00
-8.918014764785766602e-01 -2.581917643547058105e-01 0.000000000000000000e+00 0.000000000000000000e+00 1.000000000000000000e+00
-8.830676078796386719e-01 -2.652358412742614746e-01 0.000000000000000000e+00 0.000000000000000000e+00 1.000000000000000000e+00
-8.720245361328125000e-01 -2.692632079124450684e-01 0.000000000000000000e+00 0.000000000000000000e+00 1.000000000000000000e+00
-8.594709634780883789e-01 -2.733625769615173340e-01 0.000000000000000000e+00 0.000000000000000000e+00 1.000000000000000000e+00
-8.498339653015136719e-01 -2.747576236724853516e-01 0.000000000000000000e+00 0.000000000000000000e+00 1.000000000000000000e+00
-8.419014215469360352e-01 -2.801585793495178223e-01 0.000000000000000000e+00 0.000000000000000000e+00 1.000000000000000000e+00
-8.330227136611938477e-01 -2.874649763107299805e-01 0.000000000000000000e+00 0.000000000000000000e+00 1.000000000000000000e+00
-8.255794048309326172e-01 -2.886824011802673340e-01 0.000000000000000000e+00 0.000000000000000000e+00 1.000000000000000000e+00
-8.195376396179199219e-01 -2.850898504257202148e-01 0.000000000000000000e+00 0.000000000000000000e+00 1.000000000000000000e+00
-8.130630254745483398e-01 -2.826132178306579590e-01 0.000000000000000000e+00 0.000000000000000000e+00 1.000000000000000000e+00
-8.055093288421630859e-01 -2.837337851524353027e-01 0.000000000000000000e+00 0.000000000000000000e+00 1.000000000000000000e+00
-8.006625175476074219e-01 -2.867388725280761719e-01 0.000000000000000000e+00 0.000000000000000000e+00 1.000000000000000000e+00
-7.975952625274658203e-01 -2.908826470375061035e-01 0.000000000000000000e+00 0.000000000000000000e+00 1.000000000000000000e+00
-7.951200008392333984e-01 -2.925951480865478516e-01 0.000000000000000000e+00 0.000000000000000000e+00 1.000000000000000000e+00
-7.929760217666625977e-01 -2.886849045753479004e-01 0.000000000000000000e+00 0.000000000000000000e+00 1.000000000000000000e+00
-7.899770736694335938e-01 -2.811645269393920898e-01 0.000000000000000000e+00 0.000000000000000000e+00 1.000000000000000000e+00
0.000000000000000000e+00 0.000000000000000000e+00 0.000000000000000000e+00 0.000000000000000000e+00 0.000000000000000000e+00
0.000000000000000000e+00 0.000000000000000000e+00 0.000000000000000000e+00 0.000000000000000000e+00 0.000000000000000000e+00
0.000000000000000000e+00 0.000000000000000000e+00 0.000000000000000000e+00 0.000000000000000000e+00 0.000000000000000000e+00
0.000000000000000000e+00 0.000000000000000000e+00 0.000000000000000000e+00 0.000000000000000000e+00 0.000000000000000000e+00
0.000000000000000000e+00 0.000000000000000000e+00 0.000000000000000000e+00 0.000000000000000000e+00 0.000000000000000000e+00
0.000000000000000000e+00 0.000000000000000000e+00 0.000000000000000000e+00 0.000000000000000000e+00 0.000000000000000000e+00
0.000000000000000000e+00 0.000000000000000000e+00 0.000000000000000000e+00 0.000000000000000000e+00 0.000000000000000000e+00
0.000000000000000000e+00 0.000000000000000000e+00 0.000000000000000000e+00 0.000000000000000000e+00 0.000000000000000000e+00
0.000000000000000000e+00 0.000000000000000000e+00 0.000000000000000000e+00 0.000000000000000000e+00 0.000000000000000000e+00
0.000000000000000000e+00 0.000000000000000000e+00 0.000000000000000000e+00 0.000000000000000000e+00 0.000000000000000000e+00
0.000000000000000000e+00 0.000000000000000000e+00 0.000000000000000000e+00 0.000000000000000000e+00 0.000000000000000000e+00
0.000000000000000000e+00 0.000000000000000000e+00 0.000000000000000000e+00 0.000000000000000000e+00 0.000000000000000000e+00
0.000000000000000000e+00 0.000000000000000000e+00 0.000000000000000000e+00 0.000000000000000000e+00 0.000000000000000000e+00
0.000000000000000000e+00 0.000000000000000000e+00 0.000000000000000000e+00 0.000000000000000000e+00 0.000000000000000000e+00
0.000000000000000000e+00 0.000000000000000000e+00 0.000000000000000000e+00 0.000000000000000000e+00 0.000000000000000000e+00
0.000000000000000000e+00 0.000000000000000000e+00 0.000000000000000000e+00 0.000000000000000000e+00 0.000000000000000000e+00
0.000000000000000000e+00 0.000000000000000000e+00 0.000000000000000000e+00 0.000000000000000000e+00 0.000000000000000000e+00
0.000000000000000000e+00 0.000000000000000000e+00 0.000000000000000000e+00 0.000000000000000000e+00 0.000000000000000000e+00
0.000000000000000000e+00 0.000000000000000000e+00 0.000000000000000000e+00 0.000000000000000000e+00 0.000000000000000000e+00
0.000000000000000000e+00 0.000000000000000000e+00 0.000000000000000000e+00 0.000000000000000000e+00 0.000000000000000000e+00
0.000000000000000000e+00 0.000000000000000000e+00 0.000000000000000000e+00 0.000000000000000000e+00 0.000000000000000000e+00
0.000000000000000000e+00 0.000000000000000000e+00 0.000000000000000000e+00 0.000000000000000000e+00 0.000000000000000000e+00
0.000000000000000000e+00 0.000000000000000000e+00 0.000000000000000000e+00 0.000000000000000000e+00 0.000000000000000000e+00
0.000000000000000000e+00 0.000000000000000000e+00 0.000000000000000000e+00 0.000000000000000000e+00 0.000000000000000000e+00
0.000000000000000000e+00 0.000000000000000000e+00 0.000000000000000000e+00 0.000000000000000000e+00 0.000000000000000000e+00
0.000000000000000000e+00 0.000000000000000000e+00 0.000000000000000000e+00 0.000000000000000000e+00 0.000000000000000000e+00
0.000000000000000000e+00 0.000000000000000000e+00 0.000000000000000000e+00 0.000000000000000000e+00 0.000000000000000000e+00
0.000000000000000000e+00 0.000000000000000000e+00 0.000000000000000000e+00 0.000000000000000000e+00 0.000000000000000000e+00
0.000000000000000000e+00 0.000000000000000000e+00 0.000000000000000000e+00 0.000000000000000000e+00 0.000000000000000000e+00
0.000000000000000000e+00 0.000000000000000000e+00 0.000000000000000000e+00 0.000000000000000000e+00 0.000000000000000000e+00
0.000000000000000000e+00 0.000000000000000000e+00 0.000000000000000000e+00 0.000000000000000000e+00 0.000000000000000000e+00
0.000000000000000000e+00 0.000000000000000000e+00 0.000000000000000000e+00 0.000000000000000000e+00 0.000000000000000000e+00
0.000000000000000000e+00 0.000000000000000000e+00 0.000000000000000000e+00 0.000000000000000000e+00 0.000000000000000000e+00
0.000000000000000000e+00 0.000000000000000000e+00 0.000000000000000000e+00 0.000000000000000000e+00 0.000000000000000000e+00
0.000000000000000000e+00 0.000000000000000000e+00 0.000000000000000000e+00 0.000000000000000000e+00 0.000000000000000000e+00
0.000000000000000000e+00 0.000000000000000000e+00 0.000000000000000000e+00 0.000000000000000000e+00 0.000000000000000000e+00
0.000000000000000000e+00 0.000000000000000000e+00 0.000000000000000000e+00 0.000000000000000000e+00 0.000000000000000000e+00
0.000000000000000000e+00 0.000000000000000000e+00 0.000000000000000000e+00 0.000000000000000000e+00 0.000000000000000000e+00
0.000000000000000000e+00 0.000000000000000000e+00 0.000000000000000000e+00 0.000000000000000000e+00 0.000000000000000000e+00
0.000000000000000000e+00 0.000000000000000000e+00 0.000000000000000000e+00 0.000000000000000000e+00 0.000000000000000000e+00
0.000000000000000000e+00 0.000000000000000000e+00 0.000000000000000000e+00 0.000000000000000000e+00 0.000000000000000000e+00
0.000000000000000000e+00 0.000000000000000000e+00 0.000000000000000000e+00 0.000000000000000000e+00 0.000000000000000000e+00
0.000000000000000000e+00 0.000000000000000000e+00 0.000000000000000000e+00 0.000000000000000000e+00 0.000000000000000000e+00
0.000000000000000000e+00 0.000000000000000000e+00 0.000000000000000000e+00 0.000000000000000000e+00 0.000000000000000000e+00
0.000000000000000000e+00 0.000000000000000000e+00 0.000000000000000000e+00 0.000000000000000000e+00 0.000000000000000000e+00
0.000000000000000000e+00 0.000000000000000000e+00 0.000000000000000000e+00 0.000000000000000000e+00 0.000000000000000000e+00
0.000000000000000000e+00 0.000000000000000000e+00 0.000000000000000000e+00 0.000000000000000000e+00 0.000000000000000000e+00
0.000000000000000000e+00 0.000000000000000000e+00 0.000000000000000000e+00 0.000000000000000000e+00 0.000000000000000000e+00
0.000000000000000000e+00 0.000000000000000000e+00 0.000000000000000000e+00 0.000000000000000000e+00 0.000000000000000000e+00
0.000000000000000000e+00 0.000000000000000000e+00 0.000000000000000000e+00 0.000000000000000000e+00 0.000000000000000000e+00
0.000000000000000000e+00 0.000000000000000000e+00 0.000000000000000000e+00 0.000000000000000000e+00 0.000000000000000000e+00
