0.000000000000000000e+00 0.000000000000000000e+00 1.000000000000000000e+00 0.000000000000000000e+00 0.000000000000000000e+00
7.145317792892456055e-01 -1.600926667451858521e-01 1.000000000000000000e+00 0.000000000000000000e+00 0.000000000000000000e+00
9.145450592041015625e-02 3.295710682868957520e-02 0.000000000000000000e+00 1.000000000000000000e+00 0.000000000000000000e+00
-8.344167470932006836e-01 9.616205096244812012e-01 1.000000000000000000e+00 0.000000000000000000e+00 0.000000000000000000e+00
5.962888598442077637e-01 -1.144975721836090088e-01 1.000000000000000000e+00 0.000000000000000000e+00 0.000000000000000000e+00
2.946111261844635010e-01 -1.762659400701522827e-01 0.000000000000000000e+00 1.000000000000000000e+00 0.000000000000000000e+00
-3.526190817356109619e-01 -8.901204913854598999e-02 1.000000000000000000e+00 0.000000000000000000e+00 0.000000000000000000e+00
-1.380268037319183350e-01 1.096996665000915527e+00 1.000000000000000000e+00 0.000000000000000000e+00 0.000000000000000000e+00
3.622604161500930786e-02 1.756530404090881348e-01 1.000000000000000000e+00 0.000000000000000000e+00 0.000000000000000000e+00
7.656747102737426758e-02 2.582254260778427124e-02 1.000000000000000000e+00 0.000000000000000000e+00 0.000000000000000000e+00
3.017055988311767578e-01 -3.410950303077697754e-01 1.000000000000000000e+00 0.000000000000000000e+00 0.000000000000000000e+00
2.163878232240676880e-01 -4.364121556282043457e-01 0.000000000000000000e+00 1.000000000000000000e+00 0.000000000000000000e+00
1.116659522056579590e+00 -2.089870929718017578e+00 1.000000000000000000e+00 0.000000000000000000e+00 0.000000000000000000e+00
-7.508649677038192749e-02 4.541709646582603455e-02 1.000000000000000000e+00 0.000000000000000000e+00 0.000000000000000000e+00
2.645745873451232910e-03 3.675067126750946045e-01 0.000000000000000000e+00 1.000000000000000000e+00 0.000000000000000000e+00
-3.420076072216033936e-01 3.290084898471832275e-01 1.000000000000000000e+00 0.000000000000000000e+00 0.000000000000000000e+00
6.356720328330993652e-01 -7.995341718196868896e-02 1.000000000000000000e+00 0.000000000000000000e+00 0.000000000000000000e+00
-7.219175100326538086e-01 8.578981161117553711e-01 1.000000000000000000e+00 0.000000000000000000e+00 0.000000000000000000e+00
6.981341242790222168e-01 -1.267929077148437500e-01 1.000000000000000000e+00 0.000000000000000000e+00 0.000000000000000000e+00
2.042626589536666870e-01 5.091777071356773376e-02 1.000000000000000000e+00 0.000000000000000000e+00 0.000000000000000000e+00
-1.147210597991943359e-03 8.950731158256530762e-02 0.000000000000000000e+00 1.000000000000000000e+00 0.000000000000000000e+00
-7.133026123046875000e-01 2.957263886928558350e-01 1.000000000000000000e+00 0.000000000000000000e+00 0.000000000000000000e+00
-5.082021951675415039e-01 8.172202706336975098e-01 1.000000000000000000e+00 0.000000000000000000e+00 0.000000000000000000e+00
-2.305490970611572266e-01 2.308554351329803467e-01 0.000000000000000000e+00 1.000000000000000000e+00 0.000000000000000000e+00
8.073266744613647461e-01 -6.610271930694580078e-01 1.000000000000000000e+00 0.000000000000000000e+00 0.000000000000000000e+00
-9.573161602020263672e-02 6.056716442108154297e-01 1.000000000000000000e+00 0.000000000000000000e+00 0.000000000000000000e+00
1.054023019969463348e-02 -4.956269264221191406e-02 0.000000000000000000e+00 1.000000000000000000e+00 0.000000000000000000e+00
4.482701718807220459e-01 -5.018548965454101562e-01 1.000000000000000000e+00 0.000000000000000000e+00 0.000000000000000000e+00
8.026530593633651733e-02 5.349303483963012695e-01 1.000000000000000000e+00 0.000000000000000000e+00 0.000000000000000000e+00
1.244590282440185547e-01 1.655261367559432983e-01 1.000000000000000000e+00 0.000000000000000000e+00 0.000000000000000000e+00
3.303779661655426025e-01 1.273409277200698853e-01 1.000000000000000000e+00 0.000000000000000000e+00 0.000000000000000000e+00
5.152951478958129883e-01 -5.368554592132568359e-02 1.000000000000000000e+00 0.000000000000000000e+00 0.000000000000000000e+00
4.024641811847686768e-01 -2.060648798942565918e-01 1.000000000000000000e+00 0.000000000000000000e+00 0.000000000000000000e+00
8.860109746456146240e-02 -1.590719372034072876e-01 1.000000000000000000e+00 0.000000000000000000e+00 0.000000000000000000e+00
-9.751577675342559814e-02 -3.738344609737396240e-01 1.000000000000000000e+00 0.000000000000000000e+00 0.000000000000000000e+00
-2.750514149665832520e-01 -4.338074624538421631e-01 0.000000000000000000e+00 1.000000000000000000e+00 0.000000000000000000e+00
-1.877394676208496094e+00 -1.037728309631347656e+00 0.000000000000000000e+00 0.000000000000000000e+00 1.000000000000000000e+00
-1.929510533809661865e-01 8.775796890258789062e-01 0.000000000000000000e+00 0.000000000000000000e+00 1.000000000000000000e+00
-1.508028388023376465e+00 -1.944364309310913086e-01 0.000000000000000000e+00 0.000000000000000000e+00 1.000000000000000000e+00
-9.695481061935424805e-01 -1.457250714302062988e-01 0.000000000000000000e+00 0.000000000000000000e+00 1.000000000000000000e+00
-1.114040732383728027e+00 -2.442291378974914551e-01 0.000000000000000000e+00 0.000000000000000000e+00 1.000000000000000000e+00
-1.015057682991027832e+00 -1.729733347892761230e-01 0.000000000000000000e+00 0.000000000000000000e+00 1.000000000000000000e+00
-1.017073273658752441e+00 -2.264652848243713379e-01 0.000000000000000000e+00 0.000000000000000000e+00 1.000000000000000000e+00
-9.819750785827636719e-01 -2.005959749221801758e-01 0.000000000000000000e+00 0.000000000000000000e+00 1.000000000000000000e+00
-9.697159528732299805e-01 -1.971294879913330078e-01 0.000000000000000000e+00 0.000000000000000000e+00 1.000000000000000000e+00
-9.558137655258178711e-01 -1.923605799674987793e-01 0.000000000000000000e+00 0.000000000000000000e+00 1.000000000000000000e+00
-9.427957534790039062e-01 -2.109820246696472168e-01 0.000000000000000000e+00 0.000000000000000000e+00 1.000000000000000000e+00
-9.337010383605957031e-01 -2.143929600715637207e-01 0.000000000000000000e+00 0.000000000000000000e+00 1.000000000000000000e+00
-9.263134002685546875e-01 -2.128962278366088867e-01 0.000000000000000000e+00 0.000000000000000000e+00 1.000000000000000000e+00
-9.169883728027343750e-01 -2.066146731376647949e-01 0.000000000000000000e+00 0.000000000000000000e+00 1.000000000000000000e+00
-9.067215919494628906e-01 -2.002139687538146973e-01 0.000000000000000000e+00 0.000000000000000000e+00 1.000000000000000000e+00
-8.998669385910034180e-01 -1.941737532615661621e-01 0.000000000000000000e+00 0.000000000000000000e+00 1.000000000000000000e+00
-8.933440446853637695e-01 -1.924017071723937988e-01 0.000000000000000000e+00 0.000000000000000000e+00 1.000000000000000000e+00
-8.885183334350585938e-01 -1.950471997261047363e-01 0.000000000000000000e+00 0.000000000000000000e+00 1.000000000000000000e+00
-8.849893808364868164e-01 -1.975993514060974121e-01 0.000000000000000000e+00 0.000000000000000000e+00 1.000000000000000000e+00
-8.811451196670532227e-01 -1.984664201736450195e-01 0.000000000000000000e+00 0.000000000000000000e+00 1.000000000000000000e+00
-8.747564554214477539e-01 -1.986933350563049316e-01 0.000000000000000000e+00 0.000000000000000000e+00 1.000000000000000000e+00
-8.659412860870361328e-01 -1.978432536125183105e-01 0.000000000000000000e+00 0.000000000000000000e+00 1.000000000000000000e+00
-8.606294393539428711e-01 -1.942672729492187500e-01 0.000000000000000000e+00 0.000000000000000000e+00 1.000000000000000000e+00
-8.561785221099853516e-01 -1.927309036254882812e-01 0.000000000000000000e+00 0.000000000000000000e+00 1.000000000000000000e+00
-8.508641719818115234e-01 -1.938779950141906738e-01 0.000000000000000000e+00 0.000000000000000000e+00 1.000000000000000000e+00
-8.446415662765502930e-01 -1.967938542366027832e-01 0.000000000000000000e+00 0.000000000000000000e+00 1.000000000000000000e+00
-8.405674695968627930e-01 -1.974306106567382812e-01 0.000000000000000000e+00 0.000000000000000000e+00 1.000000000000000000e+00
-8.356831073760986328e-01 -1.977269649505615234e-01 0.000000000000000000e+00 0.000000000000000000e+00 1.000000000000000000e+00
-8.290144205093383789e-01 -2.000606656074523926e-01 0.000000000000000000e+00 0.000000000000000000e+00 1.000000000000000000e+00
-8.246319293975830078e-01 -2.011857628822326660e-01 0.000000000000000000e+00 0.000000000000000000e+00 1.000000000000000000e+00
-8.221974372863769531e-01 -2.029911279678344727e-01 0.000000000000000000e+00 0.000000000000000000e+00 1.000000000000000000e+00
-8.194946050643920898e-01 -2.050617337226867676e-01 0.000000000000000000e+00 0.000000000000000000e+00 1.000000000000000000e+00
-8.173466920852661133e-01 -2.036392688751220703e-01 0.000000000000000000e+00 0.000000000000000000e+00 1.000000000000000000e+00
-8.146053552627563477e-01 -1.986569762229919434e-01 0.000000000000000000e+00 0.000000000000000000e+00 1.000000000000000000e+00
-8.108923435211181641e-01 -1.947460770606994629e-01 0.000000000000000000e+00 0.000000000000000000e+00 1.000000000000000000e+00
-8.085010051727294922e-01 -1.915597319602966309e-01 0.000000000000000000e+00 0.000000000000000000e+00 1.000000000000000000e+00
0.000000000000000000e+00 0.000000000000000000e+00 0.000000000000000000e+00 0.000000000000000000e+00 0.000000000000000000e+00
0.000000000000000000e+00 0.000000000000000000e+00 0.000000000000000000e+00 0.000000000000000000e+00 0.000000000000000000e+00
0.000000000000000000e+00 0.000000000000000000e+00 0.000000000000000000e+00 0.000000000000000000e+00 0.000000000000000000e+00
0.000000000000000000e+00 0.000000000000000000e+00 0.000000000000000000e+00 0.000000000000000000e+00 0.000000000000000000e+00
0.000000000000000000e+00 0.000000000000000000e+00 0.000000000000000000e+00 0.000000000000000000e+00 0.000000000000000000e+00
0.000000000000000000e+00 0.000000000000000000e+00 0.000000000000000000e+00 0.000000000000000000e+00 0.000000000000000000e+00
0.000000000000000000e+00 0.000000000000000000e+00 0.000000000000000000e+00 0.000000000000000000e+00 0.000000000000000000e+00
0.000000000000000000e+00 0.000000000000000000e+00 0.000000000000000000e+00 0.000000000000000000e+00 0.000000000000000000e+00
0.000000000000000000e+00 0.000000000000000000e+00 0.000000000000000000e+00 0.000000000000000000e+00 0.000000000000000000e+00
0.000000000000000000e+00 0.000000000000000000e+00 0.000000000000000000e+00 0.000000000000000000e+00 0.000000000000000000e+00
0.000000000000000000e+00 0.000000000000000000e+00 0.000000000000000000e+00 0.000000000000000000e+00 0.000000000000000000e+00
0.000000000000000000e+00 0.000000000000000000e+00 0.000000000000000000e+00 0.000000000000000000e+00 0.000000000000000000e+00
0.000000000000000000e+00 0.000000000000000000e+00 0.000000000000000000e+00 0.000000000000000000e+00 0.000000000000000000e+00
0.000000000000000000e+00 0.000000000000000000e+00 0.000000000000000000e+00 0.000000000000000000e+00 0.000000000000000000e+00
0.000000000000000000e+00 0.000000000000000000e+00 0.000000000000000000e+00 0.000000000000000000e+00 0.000000000000000000e+00
0.000000000000000000e+00 0.000000000000000000e+00 0.000000000000000000e+00 0.000000000000000000e+00 0.000000000000000000e+00
0.000000000000000000e+00 0.000000000000000000e+00 0.000000000000000000e+00 0.000000000000000000e+00 0.000000000000000000e+00
0.000000000000000000e+00 0.000000000000000000e+00 0.000000000000000000e+00 0.000000000000000000e+00 0.000000000000000000e+00
0.000000000000000000e+00 0.000000000000000000e+00 0.000000000000000000e+00 0.000000000000000000e+00 0.000000000000000000e+00
0.000000000000000000e+00 0.000000000000000000e+00 0.000000000000000000e+00 0.000000000000000000e+00 0.000000000000000000e+00
0.000000000000000000e+00 0.000000000000000000e+00 0.000000000000000000e+00 0.000000000000000000e+00 0.000000000000000000e+00
0.000000000000000000e+00 0.000000000000000000e+00 0.000000000000000000e+00 0.000000000000000000e+00 0.000000000000000000e+00
0.000000000000000000e+00 0.000000000000000000e+00 0.000000000000000000e+00 0.000000000000000000e+00 0.000000000000000000e+00
0.000000000000000000e+00 0.000000000000000000e+00 0.000000000000000000e+00 0.000000000000000000e+00 0.000000000000000000e+00
0.000000000000000000e+00 0.000000000000000000e+00 0.000000000000000000e+00 0.000000000000000000e+00 0.000000000000000000e+00
0.000000000000000000e+00 0.000000000000000000e+00 0.000000000000000000e+00 0.000000000000000000e+00 0.000000000000000000e+00
0.000000000000000000e+00 0.000000000000000000e+00 0.000000000000000000e+00 0.000000000000000000e+00 0.000000000000000000e+00
0.000000000000000000e+00 0.000000000000000000e+00 0.000000000000000000e+00 0.000000000000000000e+00 0.000000000000000000e+00
0.000000000000000000e+00 0.000000000000000000e+00 0.000000000000000000e+00 0.000000000000000000e+00 0.000000000000000000e+00
0.000000000000000000e+00 0.000000000000000000e+00 0.000000000000000000e+00 0.000000000000000000e+00 0.000000000000000000e+00
0.000000000000000000e+00 0.000000000000000000e+00 0.000000000000000000e+00 0.000000000000000000e+00 0.000000000000000000e+00
0.000000000000000000e+00 0.000000000000000000e+00 0.000000000000000000e+00 0.000000000000000000e+00 0.000000000000000000e+00
0.000000000000000000e+00 0.000000000000000000e+00 0.000000000000000000e+00 0.000000000000000000e+00 0.000000000000000000e+00
0.000000000000000000e+00 0.000000000000000000e+00 0.000000000000000000e+00 0.000000000000000000e+00 0.000000000000000000e+00
0.000000000000000000e+00 0.000000000000000000e+00 0.000000000000000000e+00 0.000000000000000000e+00 0.000000000000000000e+00
0.000000000000000000e+00 0.000000000000000000e+00 0.000000000000000000e+00 0.000000000000000000e+00 0.000000000000000000e+00
0.000000000000000000e+00 0.000000000000000000e+00 0.000000000000000000e+00 0.000000000000000000e+00 0.000000000000000000e+00
0.000000000000000000e+00 0.000000000000000000e+00 0.000000000000000000e+00 0.000000000000000000e+00 0.000000000000000000e+00
0.000000000000000000e+00 0.000000000000000000e+00 0.000000000000000000e+00 0.000000000000000000e+00 0.000000000000000000e+00
0.000000000000000000e+00 0.000000000000000000e+00 0.000000000000000000e+00 0.000000000000000000e+00 0.000000000000000000e+00
0.000000000000000000e+00 0.000000000000000000e+00 0.000000000000000000e+00 0.000000000000000000e+00 0.000000000000000000e+00
0.000000000000000000e+00 0.000000000000000000e+00 0.000000000000000000e+00 0.000000000000000000e+00 0.000000000000000000e+00
0.000000000000000000e+00 0.000000000000000000e+00 0.000000000000000000e+00 0.000000000000000000e+00 0.000000000000000000e+00
0.000000000000000000e+00 0.000000000000000000e+00 0.000000000000000000e+00 0.000000000000000000e+00 0.000000000000000000e+00
0.000000000000000000e+00 0.000000000000000000e+00 0.000000000000000000e+00 0.000000000000000000e+00 0.000000000000000000e+00
0.000000000000000000e+00 0.000000000000000000e+00 0.000000000000000000e+00 0.000000000000000000e+00 0.000000000000000000e+00
0.000000000000000000e+00 0.000000000000000000e+00 0.000000000000000000e+00 0.000000000000000000e+00 0.000000000000000000e+00
0.000000000000000000e+00 0.000000000000000000e+00 0.000000000000000000e+00 0.000000000000000000e+00 0.000000000000000000e+00
0.000000000000000000e+00 0.000000000000000000e+00 0.000000000000000000e+00 0.000000000000000000e+00 0.000000000000000000e+00
