0.000000000000000000e+00 0.000000000000000000e+00 1.000000000000000000e+00 0.000000000000000000e+00 0.000000000000000000e+00
7.373989820480346680e-01 -1.740395873785018921e-01 1.000000000000000000e+00 0.000000000000000000e+00 0.000000000000000000e+00
1.899436563253402710e-01 4.525265842676162720e-02 0.000000000000000000e+00 1.000000000000000000e+00 0.000000000000000000e+00
-9.473658800125122070e-01 1.076741099357604980e+00 1.000000000000000000e+00 0.000000000000000000e+00 0.000000000000000000e+00
6.556201577186584473e-01 -1.203661262989044189e-01 1.000000000000000000e+00 0.000000000000000000e+00 0.000000000000000000e+00
3.291530907154083252e-01 -1.912188827991485596e-01 0.000000000000000000e+00 1.000000000000000000e+00 0.000000000000000000e+00
-3.998463749885559082e-01 -1.066140010952949524e-01 1.000000000000000000e+00 0.000000000000000000e+00 0.000000000000000000e+00
-1.324804723262786865e-01 1.254241228103637695e+00 1.000000000000000000e+00 0.000000000000000000e+00 0.000000000000000000e+00
4.088056087493896484e-02 2.310339808464050293e-01 1.000000000000000000e+00 0.000000000000000000e+00 0.000000000000000000e+00
8.200363069772720337e-02 4.627410694956779480e-02 1.000000000000000000e+00 0.000000000000000000e+00 0.000000000000000000e+00
3.071894049644470215e-01 -3.640681207180023193e-01 1.000000000000000000e+00 0.000000000000000000e+00 0.000000000000000000e+00
1.988422721624374390e-01 -4.489799439907073975e-01 0.000000000000000000e+00 1.000000000000000000e+00 0.000000000000000000e+00
6.864634156227111816e-01 -1.608474969863891602e+00 1.000000000000000000e+00 0.000000000000000000e+00 0.000000000000000000e+00
9.338946342468261719e-01 -2.415053397417068481e-01 1.000000000000000000e+00 0.000000000000000000e+00 0.000000000000000000e+00
4.057530164718627930e-01 -2.073731422424316406e-01 0.000000000000000000e+00 1.000000000000000000e+00 0.000000000000000000e+00
-3.052995800971984863e-01 -2.750632762908935547e-01 1.000000000000000000e+00 0.000000000000000000e+00 0.000000000000000000e+00
-8.899257183074951172e-01 1.280969142913818359e+00 1.000000000000000000e+00 0.000000000000000000e+00 0.000000000000000000e+00
-5.774234533309936523e-01 5.673576593399047852e-01 1.000000000000000000e+00 0.000000000000000000e+00 0.000000000000000000e+00
-3.409636616706848145e-01 1.916668415069580078e-01 0.000000000000000000e+00 1.000000000000000000e+00 0.000000000000000000e+00
1.389997482299804688e+00 -9.049984812736511230e-01 1.000000000000000000e+00 0.000000000000000000e+00 0.000000000000000000e+00
3.155761957168579102e-01 6.858158111572265625e-02 1.000000000000000000e+00 0.000000000000000000e+00 0.000000000000000000e+00
1.898442208766937256e-01 1.729402542114257812e-01 0.000000000000000000e+00 1.000000000000000000e+00 0.000000000000000000e+00
-1.412007451057434082e+00 5.317497253417968750e-01 1.000000000000000000e+00 0.000000000000000000e+00 0.000000000000000000e+00
9.244035482406616211e-01 -1.417085677385330200e-01 1.000000000000000000e+00 0.000000000000000000e+00 0.000000000000000000e+00
4.451628625392913818e-01 -1.444379538297653198e-01 0.000000000000000000e+00 1.000000000000000000e+00 0.000000000000000000e+00
-1.268522858619689941e+00 7.718851566314697266e-01 1.000000000000000000e+00 0.000000000000000000e+00 0.000000000000000000e+00
-9.738625586032867432e-02 1.256262660026550293e-01 1.000000000000000000e+00 0.000000000000000000e+00 0.000000000000000000e+00
2.207092568278312683e-02 3.244807124137878418e-01 1.000000000000000000e+00 0.000000000000000000e+00 0.000000000000000000e+00
4.453685283660888672e-01 -3.098644912242889404e-01 1.000000000000000000e+00 0.000000000000000000e+00 0.000000000000000000e+00
2.038040906190872192e-01 3.481186926364898682e-03 1.000000000000000000e+00 0.000000000000000000e+00 0.000000000000000000e+00
-2.786952257156372070e-02 2.230317592620849609e-01 1.000000000000000000e+00 0.000000000000000000e+00 0.000000000000000000e+00
-1.591155678033828735e-01 1.616854071617126465e-01 1.000000000000000000e+00 0.000000000000000000e+00 0.000000000000000000e+00
-1.901424676179885864e-02 -1.297245621681213379e-01 0.000000000000000000e+00 1.000000000000000000e+00 0.000000000000000000e+00
5.654453039169311523e-01 -5.686140060424804688e-01 1.000000000000000000e+00 0.000000000000000000e+00 0.000000000000000000e+00
1.520829051733016968e-01 1.158719509840011597e-01 1.000000000000000000e+00 0.000000000000000000e+00 0.000000000000000000e+00
1.099727824330329895e-01 5.222207307815551758e-01 1.000000000000000000e+00 0.000000000000000000e+00 0.000000000000000000e+00
-3.063493967056274414e-02 7.770297527313232422e-01 1.000000000000000000e+00 0.000000000000000000e+00 0.000000000000000000e+00
-9.636462479829788208e-02 3.020371198654174805e-01 1.000000000000000000e+00 0.000000000000000000e+00 0.000000000000000000e+00
-1.554318368434906006e-01 1.745163500308990479e-01 1.000000000000000000e+00 0.000000000000000000e+00 0.000000000000000000e+00
-2.113080471754074097e-01 7.161241024732589722e-02 1.000000000000000000e+00 0.000000000000000000e+00 0.000000000000000000e+00
-3.047415614128112793e-01 -5.175662040710449219e-02 1.000000000000000000e+00 0.000000000000000000e+00 0.000000000000000000e+00
-4.086445569992065430e-01 -2.374577820301055908e-01 0.000000000000000000e+00 1.000000000000000000e+00 0.000000000000000000e+00
-6.031985282897949219e-01 -2.454433441162109375e+00 0.000000000000000000e+00 0.000000000000000000e+00 1.000000000000000000e+00
-7.527202367782592773e-01 8.300008773803710938e-01 0.000000000000000000e+00 0.000000000000000000e+00 1.000000000000000000e+00
-1.486895322799682617e+00 -4.837284684181213379e-01 0.000000000000000000e+00 0.000000000000000000e+00 1.000000000000000000e+00
-9.291898012161254883e-01 -1.355791091918945312e-01 0.000000000000000000e+00 0.000000000000000000e+00 1.000000000000000000e+00
-1.156309604644775391e+00 -3.467871546745300293e-01 0.000000000000000000e+00 0.000000000000000000e+00 1.000000000000000000e+00
-1.013612031936645508e+00 -2.120145559310913086e-01 0.000000000000000000e+00 0.000000000000000000e+00 1.000000000000000000e+00
-1.049923658370971680e+00 -3.007656931877136230e-01 0.000000000000000000e+00 0.000000000000000000e+00 1.000000000000000000e+00
-1.003219604492187500e+00 -2.718954682350158691e-01 0.000000000000000000e+00 0.000000000000000000e+00 1.000000000000000000e+00
-9.927179813385009766e-01 -3.101906776428222656e-01 0.000000000000000000e+00 0.000000000000000000e+00 1.000000000000000000e+00
-9.697639942169189453e-01 -3.126869797706604004e-01 0.000000000000000000e+00 0.000000000000000000e+00 1.000000000000000000e+00
-9.588394165039062500e-01 -3.360705971717834473e-01 0.000000000000000000e+00 0.000000000000000000e+00 1.000000000000000000e+00
-9.457826614379882812e-01 -3.295608162879943848e-01 0.000000000000000000e+00 0.000000000000000000e+00 1.000000000000000000e+00
-9.399894475936889648e-01 -3.169069886207580566e-01 0.000000000000000000e+00 0.000000000000000000e+00 1.000000000000000000e+00
-9.334396123886108398e-01 -3.062514662742614746e-01 0.000000000000000000e+00 0.000000000000000000e+00 1.000000000000000000e+00
-9.256910085678100586e-01 -3.001087307929992676e-01 0.000000000000000000e+00 0.000000000000000000e+00 1.000000000000000000e+00
-9.149317741394042969e-01 -2.929068803787231445e-01 0.000000000000000000e+00 0.000000000000000000e+00 1.000000000000000000e+00
-9.065268039703369141e-01 -2.836389541625976562e-01 0.000000000000000000e+00 0.000000000000000000e+00 1.000000000000000000e+00
-8.985465764999389648e-01 -2.751492857933044434e-01 0.000000000000000000e+00 0.000000000000000000e+00 1.000000000000000000e+00
-8.923991918563842773e-01 -2.683393359184265137e-01 0.000000000000000000e+00 0.000000000000000000e+00 1.000000000000000000e+00
-8.872892856597900391e-01 -2.614880204200744629e-01 0.000000000000000000e+00 0.000000000000000000e+00 1.000000000000000000e+00
-8.822168111801147461e-01 -2.554537653923034668e-01 0.000000000000000000e+00 0.000000000000000000e+00 1.000000000000000000e+00
-8.762562274932861328e-01 -2.518492341041564941e-01 0.000000000000000000e+00 0.000000000000000000e+00 1.000000000000000000e+00
-8.702242374420166016e-01 -2.502295374870300293e-01 0.000000000000000000e+00 0.000000000000000000e+00 1.000000000000000000e+00
-8.667325973510742188e-01 -2.480048537254333496e-01 0.000000000000000000e+00 0.000000000000000000e+00 1.000000000000000000e+00
-8.636727333068847656e-01 -2.466207146644592285e-01 0.000000000000000000e+00 0.000000000000000000e+00 1.000000000000000000e+00
-8.597660064697265625e-01 -2.463388442993164062e-01 0.000000000000000000e+00 0.000000000000000000e+00 1.000000000000000000e+00
-8.544371128082275391e-01 -2.455721497535705566e-01 0.000000000000000000e+00 0.000000000000000000e+00 1.000000000000000000e+00
-8.482955694198608398e-01 -2.432730793952941895e-01 0.000000000000000000e+00 0.000000000000000000e+00 1.000000000000000000e+00
0.000000000000000000e+00 0.000000000000000000e+00 0.000000000000000000e+00 0.000000000000000000e+00 0.000000000000000000e+00
0.000000000000000000e+00 0.000000000000000000e+00 0.000000000000000000e+00 0.000000000000000000e+00 0.000000000000000000e+00
0.000000000000000000e+00 0.000000000000000000e+00 0.000000000000000000e+00 0.000000000000000000e+00 0.000000000000000000e+00
0.000000000000000000e+00 0.000000000000000000e+00 0.000000000000000000e+00 0.000000000000000000e+00 0.000000000000000000e+00
0.000000000000000000e+00 0.000000000000000000e+00 0.000000000000000000e+00 0.000000000000000000e+00 0.000000000000000000e+00
0.000000000000000000e+00 0.000000000000000000e+00 0.000000000000000000e+00 0.000000000000000000e+00 0.000000000000000000e+00
0.000000000000000000e+00 0.000000000000000000e+00 0.000000000000000000e+00 0.000000000000000000e+00 0.000000000000000000e+00
0.000000000000000000e+00 0.000000000000000000e+00 0.000000000000000000e+00 0.000000000000000000e+00 0.000000000000000000e+00
0.000000000000000000e+00 0.000000000000000000e+00 0.000000000000000000e+00 0.000000000000000000e+00 0.000000000000000000e+00
0.000000000000000000e+00 0.000000000000000000e+00 0.000000000000000000e+00 0.000000000000000000e+00 0.000000000000000000e+00
0.000000000000000000e+00 0.000000000000000000e+00 0.000000000000000000e+00 0.000000000000000000e+00 0.000000000000000000e+00
0.000000000000000000e+00 0.000000000000000000e+00 0.000000000000000000e+00 0.000000000000000000e+00 0.000000000000000000e+00
0.000000000000000000e+00 0.000000000000000000e+00 0.000000000000000000e+00 0.000000000000000000e+00 0.000000000000000000e+00
0.000000000000000000e+00 0.000000000000000000e+00 0.000000000000000000e+00 0.000000000000000000e+00 0.000000000000000000e+00
0.000000000000000000e+00 0.000000000000000000e+00 0.000000000000000000e+00 0.000000000000000000e+00 0.000000000000000000e+00
0.000000000000000000e+00 0.000000000000000000e+00 0.000000000000000000e+00 0.000000000000000000e+00 0.000000000000000000e+00
0.000000000000000000e+00 0.000000000000000000e+00 0.000000000000000000e+00 0.000000000000000000e+00 0.000000000000000000e+00
0.000000000000000000e+00 0.000000000000000000e+00 0.000000000000000000e+00 0.000000000000000000e+00 0.000000000000000000e+00
0.000000000000000000e+00 0.000000000000000000e+00 0.000000000000000000e+00 0.000000000000000000e+00 0.000000000000000000e+00
0.000000000000000000e+00 0.000000000000000000e+00 0.000000000000000000e+00 0.000000000000000000e+00 0.000000000000000000e+00
0.000000000000000000e+00 0.000000000000000000e+00 0.000000000000000000e+00 0.000000000000000000e+00 0.000000000000000000e+00
0.000000000000000000e+00 0.000000000000000000e+00 0.000000000000000000e+00 0.000000000000000000e+00 0.000000000000000000e+00
0.000000000000000000e+00 0.000000000000000000e+00 0.000000000000000000e+00 0.000000000000000000e+00 0.000000000000000000e+00
0.000000000000000000e+00 0.000000000000000000e+00 0.000000000000000000e+00 0.000000000000000000e+00 0.000000000000000000e+00
0.000000000000000000e+00 0.000000000000000000e+00 0.000000000000000000e+00 0.000000000000000000e+00 0.000000000000000000e+00
0.000000000000000000e+00 0.000000000000000000e+00 0.000000000000000000e+00 0.000000000000000000e+00 0.000000000000000000e+00
0.000000000000000000e+00 0.000000000000000000e+00 0.000000000000000000e+00 0.000000000000000000e+00 0.000000000000000000e+00
0.000000000000000000e+00 0.000000000000000000e+00 0.000000000000000000e+00 0.000000000000000000e+00 0.000000000000000000e+00
0.000000000000000000e+00 0.000000000000000000e+00 0.000000000000000000e+00 0.000000000000000000e+00 0.000000000000000000e+00
0.000000000000000000e+00 0.000000000000000000e+00 0.000000000000000000e+00 0.000000000000000000e+00 0.000000000000000000e+00
0.000000000000000000e+00 0.000000000000000000e+00 0.000000000000000000e+00 0.000000000000000000e+00 0.000000000000000000e+00
0.000000000000000000e+00 0.000000000000000000e+00 0.000000000000000000e+00 0.000000000000000000e+00 0.000000000000000000e+00
0.000000000000000000e+00 0.000000000000000000e+00 0.000000000000000000e+00 0.000000000000000000e+00 0.000000000000000000e+00
0.000000000000000000e+00 0.000000000000000000e+00 0.000000000000000000e+00 0.000000000000000000e+00 0.000000000000000000e+00
0.000000000000000000e+00 0.000000000000000000e+00 0.000000000000000000e+00 0.000000000000000000e+00 0.000000000000000000e+00
0.000000000000000000e+00 0.000000000000000000e+00 0.000000000000000000e+00 0.000000000000000000e+00 0.000000000000000000e+00
0.000000000000000000e+00 0.000000000000000000e+00 0.000000000000000000e+00 0.000000000000000000e+00 0.000000000000000000e+00
0.000000000000000000e+00 0.000000000000000000e+00 0.000000000000000000e+00 0.000000000000000000e+00 0.000000000000000000e+00
0.000000000000000000e+00 0.000000000000000000e+00 0.000000000000000000e+00 0.000000000000000000e+00 0.000000000000000000e+00
0.000000000000000000e+00 0.000000000000000000e+00 0.000000000000000000e+00 0.000000000000000000e+00 0.000000000000000000e+00
0.000000000000000000e+00 0.000000000000000000e+00 0.000000000000000000e+00 0.000000000000000000e+00 0.000000000000000000e+00
0.000000000000000000e+00 0.000000000000000000e+00 0.000000000000000000e+00 0.000000000000000000e+00 0.000000000000000000e+00
0.000000000000000000e+00 0.000000000000000000e+00 0.000000000000000000e+00 0.000000000000000000e+00 0.000000000000000000e+00
0.000000000000000000e+00 0.000000000000000000e+00 0.000000000000000000e+00 0.000000000000000000e+00 0.000000000000000000e+00
0.000000000000000000e+00 0.000000000000000000e+00 0.000000000000000000e+00 0.000000000000000000e+00 0.000000000000000000e+00
0.000000000000000000e+00 0.000000000000000000e+00 0.000000000000000000e+00 0.000000000000000000e+00 0.000000000000000000e+00
0.000000000000000000e+00 0.000000000000000000e+00 0.000000000000000000e+00 0.000000000000000000e+00 0.000000000000000000e+00
0.000000000000000000e+00 0.000000000000000000e+00 0.000000000000000000e+00 0.000000000000000000e+00 0.000000000000000000e+00
0.000000000000000000e+00 0.000000000000000000e+00 0.000000000000000000e+00 0.000000000000000000e+00 0.000000000000000000e+00
0.000000000000000000e+00 0.000000000000000000e+00 0.000000000000000000e+00 0.000000000000000000e+00 0.000000000000000000e+00
0.000000000000000000e+00 0.000000000000000000e+00 0.000000000000000000e+00 0.000000000000000000e+00 0.000000000000000000e+00
