0.000000000000000000e+00 0.000000000000000000e+00 1.000000000000000000e+00 0.000000000000000000e+00 0.000000000000000000e+00
8.154879808425903320e-01 -1.934664249420166016e-01 1.000000000000000000e+00 0.000000000000000000e+00 0.000000000000000000e+00
-4.140443354845046997e-02 8.679559826850891113e-02 0.000000000000000000e+00 1.000000000000000000e+00 0.000000000000000000e+00
-8.892338871955871582e-01 1.123244524002075195e+00 1.000000000000000000e+00 0.000000000000000000e+00 0.000000000000000000e+00
6.621598601341247559e-01 -1.560727059841156006e-01 1.000000000000000000e+00 0.000000000000000000e+00 0.000000000000000000e+00
3.286820650100708008e-01 -2.206645607948303223e-01 0.000000000000000000e+00 1.000000000000000000e+00 0.000000000000000000e+00
-3.877947926521301270e-01 -9.383217245340347290e-02 1.000000000000000000e+00 0.000000000000000000e+00 0.000000000000000000e+00
-1.252542436122894287e-01 1.280516505241394043e+00 1.000000000000000000e+00 0.000000000000000000e+00 0.000000000000000000e+00
4.394835606217384338e-02 2.397273778915405273e-01 1.000000000000000000e+00 0.000000000000000000e+00 0.000000000000000000e+00
8.750770241022109985e-02 4.721326753497123718e-02 1.000000000000000000e+00 0.000000000000000000e+00 0.000000000000000000e+00
3.058747351169586182e-01 -3.615443706512451172e-01 1.000000000000000000e+00 0.000000000000000000e+00 0.000000000000000000e+00
2.012438923120498657e-01 -4.554249048233032227e-01 0.000000000000000000e+00 1.000000000000000000e+00 0.000000000000000000e+00
6.592044830322265625e-01 -1.709568500518798828e+00 1.000000000000000000e+00 0.000000000000000000e+00 0.000000000000000000e+00
1.036326527595520020e+00 -2.681968808174133301e-01 1.000000000000000000e+00 0.000000000000000000e+00 0.000000000000000000e+00
3.976657986640930176e-01 -2.005146741867065430e-01 0.000000000000000000e+00 1.000000000000000000e+00 0.000000000000000000e+00
-9.280093908309936523e-01 -2.233373522758483887e-01 1.000000000000000000e+00 0.000000000000000000e+00 0.000000000000000000e+00
-1.138776391744613647e-01 9.548243284225463867e-01 1.000000000000000000e+00 0.000000000000000000e+00 0.000000000000000000e+00
3.860417380928993225e-02 1.660654544830322266e-01 0.000000000000000000e+00 1.000000000000000000e+00 0.000000000000000000e+00
8.039318323135375977e-01 -1.161333203315734863e+00 1.000000000000000000e+00 0.000000000000000000e+00 0.000000000000000000e+00
-7.132039070129394531e-01 1.028901457786560059e+00 1.000000000000000000e+00 0.000000000000000000e+00 0.000000000000000000e+00
-3.392926454544067383e-01 3.364354670047760010e-01 1.000000000000000000e+00 0.000000000000000000e+00 0.000000000000000000e+00
-3.265715241432189941e-01 1.469811201095581055e-01 1.000000000000000000e+00 0.000000000000000000e+00 0.000000000000000000e+00
1.110152363777160645e+00 -3.438315391540527344e-01 1.000000000000000000e+00 0.000000000000000000e+00 0.000000000000000000e+00
4.212944507598876953e-01 -3.766454756259918213e-02 0.000000000000000000e+00 1.000000000000000000e+00 0.000000000000000000e+00
-1.437361359596252441e+00 8.531810045242309570e-01 1.000000000000000000e+00 0.000000000000000000e+00 0.000000000000000000e+00
-3.329831734299659729e-02 6.714617609977722168e-01 1.000000000000000000e+00 0.000000000000000000e+00 0.000000000000000000e+00
-6.599633395671844482e-02 1.528691649436950684e-01 0.000000000000000000e+00 1.000000000000000000e+00 0.000000000000000000e+00
4.850375652313232422e-01 -8.854038119316101074e-01 1.000000000000000000e+00 0.000000000000000000e+00 0.000000000000000000e+00
9.419887065887451172e-01 -1.517976373434066772e-01 1.000000000000000000e+00 0.000000000000000000e+00 0.000000000000000000e+00
3.287370502948760986e-01 5.812060087919235229e-02 1.000000000000000000e+00 0.000000000000000000e+00 0.000000000000000000e+00
-2.758916467428207397e-02 2.573466598987579346e-01 1.000000000000000000e+00 0.000000000000000000e+00 0.000000000000000000e+00
-3.159793615341186523e-01 4.453998208045959473e-01 1.000000000000000000e+00 0.000000000000000000e+00 0.000000000000000000e+00
-2.278614640235900879e-01 1.787195205688476562e-01 0.000000000000000000e+00 1.000000000000000000e+00 0.000000000000000000e+00
-5.722078680992126465e-01 -3.358480930328369141e-01 1.000000000000000000e+00 0.000000000000000000e+00 0.000000000000000000e+00
4.528011083602905273e-01 -1.121157109737396240e-01 1.000000000000000000e+00 0.000000000000000000e+00 0.000000000000000000e+00
2.320857942104339600e-01 -1.659248471260070801e-01 0.000000000000000000e+00 1.000000000000000000e+00 0.000000000000000000e+00
-1.927424669265747070e-01 -4.209072589874267578e-01 1.000000000000000000e+00 0.000000000000000000e+00 0.000000000000000000e+00
-2.737997472286224365e-01 8.521696329116821289e-01 1.000000000000000000e+00 0.000000000000000000e+00 0.000000000000000000e+00
-2.117813825607299805e-01 2.868814468383789062e-01 1.000000000000000000e+00 0.000000000000000000e+00 0.000000000000000000e+00
5.752796530723571777e-01 -1.848879903554916382e-01 0.000000000000000000e+00 1.000000000000000000e+00 0.000000000000000000e+00
-5.561360120773315430e-01 3.800585865974426270e-01 1.000000000000000000e+00 0.000000000000000000e+00 0.000000000000000000e+00
-6.133469343185424805e-01 6.921498775482177734e-01 1.000000000000000000e+00 0.000000000000000000e+00 0.000000000000000000e+00
-1.587053537368774414e-01 3.686731755733489990e-01 0.000000000000000000e+00 1.000000000000000000e+00 0.000000000000000000e+00
1.338905334472656250e+00 -6.267538666725158691e-01 1.000000000000000000e+00 0.000000000000000000e+00 0.000000000000000000e+00
4.720780849456787109e-01 4.218972921371459961e-01 1.000000000000000000e+00 0.000000000000000000e+00 0.000000000000000000e+00
3.337013125419616699e-01 1.371627449989318848e-01 0.000000000000000000e+00 1.000000000000000000e+00 0.000000000000000000e+00
-1.872570276260375977e+00 -2.636471033096313477e+00 0.000000000000000000e+00 0.000000000000000000e+00 1.000000000000000000e+00
-2.159512937068939209e-01 1.416386723518371582e+00 0.000000000000000000e+00 0.000000000000000000e+00 1.000000000000000000e+00
-1.616117238998413086e+00 -1.792128086090087891e-01 0.000000000000000000e+00 0.000000000000000000e+00 1.000000000000000000e+00
-1.025511145591735840e+00 -3.685525059700012207e-01 0.000000000000000000e+00 0.000000000000000000e+00 1.000000000000000000e+00
-1.133034467697143555e+00 -4.029927849769592285e-01 0.000000000000000000e+00 0.000000000000000000e+00 1.000000000000000000e+00
-1.048136949539184570e+00 -2.931023240089416504e-01 0.000000000000000000e+00 0.000000000000000000e+00 1.000000000000000000e+00
-1.050697445869445801e+00 -2.757120728492736816e-01 0.000000000000000000e+00 0.000000000000000000e+00 1.000000000000000000e+00
-1.021139144897460938e+00 -2.947224378585815430e-01 0.000000000000000000e+00 0.000000000000000000e+00 1.000000000000000000e+00
-1.009945511817932129e+00 -2.956874966621398926e-01 0.000000000000000000e+00 0.000000000000000000e+00 1.000000000000000000e+00
-9.932284355163574219e-01 -2.944384217262268066e-01 0.000000000000000000e+00 0.000000000000000000e+00 1.000000000000000000e+00
-9.735244512557983398e-01 -3.010057210922241211e-01 0.000000000000000000e+00 0.000000000000000000e+00 1.000000000000000000e+00
-9.600063562393188477e-01 -2.988458871841430664e-01 0.000000000000000000e+00 0.000000000000000000e+00 1.000000000000000000e+00
-9.504581689834594727e-01 -2.907335162162780762e-01 0.000000000000000000e+00 0.000000000000000000e+00 1.000000000000000000e+00
-9.410780668258666992e-01 -2.904171347618103027e-01 0.000000000000000000e+00 0.000000000000000000e+00 1.000000000000000000e+00
-9.295048713684082031e-01 -2.943393588066101074e-01 0.000000000000000000e+00 0.000000000000000000e+00 1.000000000000000000e+00
-9.213140010833740234e-01 -2.914737462997436523e-01 0.000000000000000000e+00 0.000000000000000000e+00 1.000000000000000000e+00
-9.120092391967773438e-01 -2.879872918128967285e-01 0.000000000000000000e+00 0.000000000000000000e+00 1.000000000000000000e+00
-9.008824825286865234e-01 -2.890422940254211426e-01 0.000000000000000000e+00 0.000000000000000000e+00 1.000000000000000000e+00
-8.917516469955444336e-01 -2.928403019905090332e-01 0.000000000000000000e+00 0.000000000000000000e+00 1.000000000000000000e+00
0.000000000000000000e+00 0.000000000000000000e+00 0.000000000000000000e+00 0.000000000000000000e+00 0.000000000000000000e+00
0.000000000000000000e+00 0.000000000000000000e+00 0.000000000000000000e+00 0.000000000000000000e+00 0.000000000000000000e+00
0.000000000000000000e+00 0.000000000000000000e+00 0.000000000000000000e+00 0.000000000000000000e+00 0.000000000000000000e+00
0.000000000000000000e+00 0.000000000000000000e+00 0.000000000000000000e+00 0.000000000000000000e+00 0.000000000000000000e+00
0.000000000000000000e+00 0.000000000000000000e+00 0.000000000000000000e+00 0.000000000000000000e+00 0.000000000000000000e+00
0.000000000000000000e+00 0.000000000000000000e+00 0.000000000000000000e+00 0.000000000000000000e+00 0.000000000000000000e+00
0.000000000000000000e+00 0.000000000000000000e+00 0.000000000000000000e+00 0.000000000000000000e+00 0.000000000000000000e+00
0.000000000000000000e+00 0.000000000000000000e+00 0.000000000000000000e+00 0.000000000000000000e+00 0.000000000000000000e+00
0.000000000000000000e+00 0.000000000000000000e+00 0.000000000000000000e+00 0.000000000000000000e+00 0.000000000000000000e+00
0.000000000000000000e+00 0.000000000000000000e+00 0.000000000000000000e+00 0.000000000000000000e+00 0.000000000000000000e+00
0.000000000000000000e+00 0.000000000000000000e+00 0.000000000000000000e+00 0.000000000000000000e+00 0.000000000000000000e+00
0.000000000000000000e+00 0.000000000000000000e+00 0.000000000000000000e+00 0.000000000000000000e+00 0.000000000000000000e+00
0.000000000000000000e+00 0.000000000000000000e+00 0.000000000000000000e+00 0.000000000000000000e+00 0.000000000000000000e+00
0.000000000000000000e+00 0.000000000000000000e+00 0.000000000000000000e+00 0.000000000000000000e+00 0.000000000000000000e+00
0.000000000000000000e+00 0.000000000000000000e+00 0.000000000000000000e+00 0.000000000000000000e+00 0.000000000000000000e+00
0.000000000000000000e+00 0.000000000000000000e+00 0.000000000000000000e+00 0.000000000000000000e+00 0.000000000000000000e+00
0.000000000000000000e+00 0.000000000000000000e+00 0.000000000000000000e+00 0.000000000000000000e+00 0.000000000000000000e+00
0.000000000000000000e+00 0.000000000000000000e+00 0.000000000000000000e+00 0.000000000000000000e+00 0.000000000000000000e+00
0.000000000000000000e+00 0.000000000000000000e+00 0.000000000000000000e+00 0.000000000000000000e+00 0.000000000000000000e+00
0.000000000000000000e+00 0.000000000000000000e+00 0.000000000000000000e+00 0.000000000000000000e+00 0.000000000000000000e+00
0.000000000000000000e+00 0.000000000000000000e+00 0.000000000000000000e+00 0.000000000000000000e+00 0.000000000000000000e+00
0.000000000000000000e+00 0.000000000000000000e+00 0.000000000000000000e+00 0.000000000000000000e+00 0.000000000000000000e+00
0.000000000000000000e+00 0.000000000000000000e+00 0.000000000000000000e+00 0.000000000000000000e+00 0.000000000000000000e+00
0.000000000000000000e+00 0.000000000000000000e+00 0.000000000000000000e+00 0.000000000000000000e+00 0.000000000000000000e+00
0.000000000000000000e+00 0.000000000000000000e+00 0.000000000000000000e+00 0.000000000000000000e+00 0.000000000000000000e+00
0.000000000000000000e+00 0.000000000000000000e+00 0.000000000000000000e+00 0.000000000000000000e+00 0.000000000000000000e+00
0.000000000000000000e+00 0.000000000000000000e+00 0.000000000000000000e+00 0.000000000000000000e+00 0.000000000000000000e+00
0.000000000000000000e+00 0.000000000000000000e+00 0.000000000000000000e+00 0.000000000000000000e+00 0.000000000000000000e+00
0.000000000000000000e+00 0.000000000000000000e+00 0.000000000000000000e+00 0.000000000000000000e+00 0.000000000000000000e+00
0.000000000000000000e+00 0.000000000000000000e+00 0.000000000000000000e+00 0.000000000000000000e+00 0.000000000000000000e+00
0.000000000000000000e+00 0.000000000000000000e+00 0.000000000000000000e+00 0.000000000000000000e+00 0.000000000000000000e+00
0.000000000000000000e+00 0.000000000000000000e+00 0.000000000000000000e+00 0.000000000000000000e+00 0.000000000000000000e+00
0.000000000000000000e+00 0.000000000000000000e+00 0.000000000000000000e+00 0.000000000000000000e+00 0.000000000000000000e+00
0.000000000000000000e+00 0.000000000000000000e+00 0.000000000000000000e+00 0.000000000000000000e+00 0.000000000000000000e+00
0.000000000000000000e+00 0.000000000000000000e+00 0.000000000000000000e+00 0.000000000000000000e+00 0.000000000000000000e+00
0.000000000000000000e+00 0.000000000000000000e+00 0.000000000000000000e+00 0.000000000000000000e+00 0.000000000000000000e+00
0.000000000000000000e+00 0.000000000000000000e+00 0.000000000000000000e+00 0.000000000000000000e+00 0.000000000000000000e+00
0.000000000000000000e+00 0.000000000000000000e+00 0.000000000000000000e+00 0.000000000000000000e+00 0.000000000000000000e+00
0.000000000000000000e+00 0.000000000000000000e+00 0.000000000000000000e+00 0.000000000000000000e+00 0.000000000000000000e+00
0.000000000000000000e+00 0.000000000000000000e+00 0.000000000000000000e+00 0.000000000000000000e+00 0.000000000000000000e+00
0.000000000000000000e+00 0.000000000000000000e+00 0.000000000000000000e+00 0.000000000000000000e+00 0.000000000000000000e+00
0.000000000000000000e+00 0.000000000000000000e+00 0.000000000000000000e+00 0.000000000000000000e+00 0.000000000000000000e+00
0.000000000000000000e+00 0.000000000000000000e+00 0.000000000000000000e+00 0.000000000000000000e+00 0.000000000000000000e+00
0.000000000000000000e+00 0.000000000000000000e+00 0.000000000000000000e+00 0.000000000000000000e+00 0.000000000000000000e+00
0.000000000000000000e+00 0.000000000000000000e+00 0.000000000000000000e+00 0.000000000000000000e+00 0.000000000000000000e+00
0.000000000000000000e+00 0.000000000000000000e+00 0.000000000000000000e+00 0.000000000000000000e+00 0.000000000000000000e+00
0.000000000000000000e+00 0.000000000000000000e+00 0.000000000000000000e+00 0.000000000000000000e+00 0.000000000000000000e+00
0.000000000000000000e+00 0.000000000000000000e+00 0.000000000000000000e+00 0.000000000000000000e+00 0.000000000000000000e+00
0.000000000000000000e+00 0.000000000000000000e+00 0.000000000000000000e+00 0.000000000000000000e+00 0.000000000000000000e+00
0.000000000000000000e+00 0.000000000000000000e+00 0.000000000000000000e+00 0.000000000000000000e+00 0.000000000000000000e+00
0.000000000000000000e+00 0.000000000000000000e+00 0.000000000000000000e+00 0.000000000000000000e+00 0.000000000000000000e+00
0.000000000000000000e+00 0.000000000000000000e+00 0.000000000000000000e+00 0.000000000000000000e+00 0.000000000000000000e+00
0.000000000000000000e+00 0.000000000000000000e+00 0.000000000000000000e+00 0.000000000000000000e+00 0.000000000000000000e+00
0.000000000000000000e+00 0.000000000000000000e+00 0.000000000000000000e+00 0.000000000000000000e+00 0.000000000000000000e+00
0.000000000000000000e+00 0.000000000000000000e+00 0.000000000000000000e+00 0.000000000000000000e+00 0.000000000000000000e+00
0.000000000000000000e+00 0.000000000000000000e+00 0.000000000000000000e+00 0.000000000000000000e+00 0.000000000000000000e+00
