0.000000000000000000e+00 0.000000000000000000e+00 1.000000000000000000e+00 0.000000000000000000e+00 0.000000000000000000e+00
-3.608234971761703491e-02 9.525125026702880859e-01 1.000000000000000000e+00 0.000000000000000000e+00 0.000000000000000000e+00
-8.301755040884017944e-02 3.074565529823303223e-01 0.000000000000000000e+00 1.000000000000000000e+00 0.000000000000000000e+00
5.090017318725585938e-01 -1.478185653686523438e+00 1.000000000000000000e+00 0.000000000000000000e+00 0.000000000000000000e+00
8.719533681869506836e-01 -1.942440718412399292e-01 1.000000000000000000e+00 0.000000000000000000e+00 0.000000000000000000e+00
3.369589149951934814e-01 5.303735285997390747e-02 1.000000000000000000e+00 0.000000000000000000e+00 0.000000000000000000e+00
-1.824459433555603027e-01 1.174245953559875488e+00 1.000000000000000000e+00 0.000000000000000000e+00 0.000000000000000000e+00
-1.154631376266479492e-01 2.748661041259765625e-01 1.000000000000000000e+00 0.000000000000000000e+00 0.000000000000000000e+00
-1.785613000392913818e-01 1.713063418865203857e-01 0.000000000000000000e+00 1.000000000000000000e+00 0.000000000000000000e+00
-6.250730156898498535e-01 -6.886786818504333496e-01 1.000000000000000000e+00 0.000000000000000000e+00 0.000000000000000000e+00
4.574290513992309570e-01 -1.159850358963012695e-01 1.000000000000000000e+00 0.000000000000000000e+00 0.000000000000000000e+00
2.390022575855255127e-01 -1.787276715040206909e-01 0.000000000000000000e+00 1.000000000000000000e+00 0.000000000000000000e+00
-2.976582050323486328e-01 -1.244500800967216492e-01 1.000000000000000000e+00 0.000000000000000000e+00 0.000000000000000000e+00
-2.304531037807464600e-01 9.165638685226440430e-01 1.000000000000000000e+00 0.000000000000000000e+00 0.000000000000000000e+00
4.659307301044464111e-01 -2.051191627979278564e-01 1.000000000000000000e+00 0.000000000000000000e+00 0.000000000000000000e+00
4.377625882625579834e-01 -3.974255323410034180e-01 0.000000000000000000e+00 1.000000000000000000e+00 0.000000000000000000e+00
1.330587387084960938e+00 -1.891785979270935059e+00 1.000000000000000000e+00 0.000000000000000000e+00 0.000000000000000000e+00
-6.837202310562133789e-01 9.277298450469970703e-01 1.000000000000000000e+00 0.000000000000000000e+00 0.000000000000000000e+00
6.569797992706298828e-01 -2.147837579250335693e-01 1.000000000000000000e+00 0.000000000000000000e+00 0.000000000000000000e+00
2.661980092525482178e-01 4.591198265552520752e-02 1.000000000000000000e+00 0.000000000000000000e+00 0.000000000000000000e+00
7.364422082901000977e-03 9.858479350805282593e-02 1.000000000000000000e+00 0.000000000000000000e+00 0.000000000000000000e+00
-5.268193483352661133e-01 6.590061187744140625e-01 1.000000000000000000e+00 0.000000000000000000e+00 0.000000000000000000e+00
-8.845459818840026855e-01 7.211204767227172852e-01 1.000000000000000000e+00 0.000000000000000000e+00 0.000000000000000000e+00
-4.166730046272277832e-01 2.305544465780258179e-01 1.000000000000000000e+00 0.000000000000000000e+00 0.000000000000000000e+00
-2.781389951705932617e-01 4.282280802726745605e-03 0.000000000000000000e+00 1.000000000000000000e+00 0.000000000000000000e+00
8.345445394515991211e-01 -8.357333540916442871e-01 1.000000000000000000e+00 0.000000000000000000e+00 0.000000000000000000e+00
4.688723385334014893e-01 4.047338664531707764e-02 1.000000000000000000e+00 0.000000000000000000e+00 0.000000000000000000e+00
1.049827098846435547e+00 4.647067487239837646e-01 1.000000000000000000e+00 0.000000000000000000e+00 0.000000000000000000e+00
7.359169423580169678e-02 1.076996922492980957e-01 0.000000000000000000e+00 1.000000000000000000e+00 0.000000000000000000e+00
-1.448053479194641113e+00 3.171665668487548828e-01 1.000000000000000000e+00 0.000000000000000000e+00 0.000000000000000000e+00
-5.606199055910110474e-02 5.481015443801879883e-01 1.000000000000000000e+00 0.000000000000000000e+00 0.000000000000000000e+00
-7.226313650608062744e-02 1.298234015703201294e-01 0.000000000000000000e+00 1.000000000000000000e+00 0.000000000000000000e+00
5.596987009048461914e-01 -7.254200577735900879e-01 1.000000000000000000e+00 0.000000000000000000e+00 0.000000000000000000e+00
2.945013344287872314e-01 3.152311965823173523e-02 1.000000000000000000e+00 0.000000000000000000e+00 0.000000000000000000e+00
1.355209946632385254e-01 1.354048699140548706e-01 1.000000000000000000e+00 0.000000000000000000e+00 0.000000000000000000e+00
-3.348784148693084717e-01 5.168375372886657715e-01 1.000000000000000000e+00 0.000000000000000000e+00 0.000000000000000000e+00
5.511710643768310547e-01 -1.342553198337554932e-01 1.000000000000000000e+00 0.000000000000000000e+00 0.000000000000000000e+00
4.182683229446411133e-01 -2.208060175180435181e-01 0.000000000000000000e+00 1.000000000000000000e+00 0.000000000000000000e+00
-1.587248563766479492e+00 -2.135753154754638672e+00 0.000000000000000000e+00 0.000000000000000000e+00 1.000000000000000000e+00
-3.290279805660247803e-01 1.250396013259887695e+00 0.000000000000000000e+00 0.000000000000000000e+00 1.000000000000000000e+00
-1.487899541854858398e+00 -9.650838375091552734e-02 0.000000000000000000e+00 0.000000000000000000e+00 1.000000000000000000e+00
-1.026940226554870605e+00 -3.187940716743469238e-01 0.000000000000000000e+00 0.000000000000000000e+00 1.000000000000000000e+00
-1.077232122421264648e+00 -2.881185412406921387e-01 0.000000000000000000e+00 0.000000000000000000e+00 1.000000000000000000e+00
-1.006520986557006836e+00 -2.729937434196472168e-01 0.000000000000000000e+00 0.000000000000000000e+00 1.000000000000000000e+00
-9.850035905838012695e-01 -2.740411162376403809e-01 0.000000000000000000e+00 0.000000000000000000e+00 1.000000000000000000e+00
-9.587974548339843750e-01 -2.718346118927001953e-01 0.000000000000000000e+00 0.000000000000000000e+00 1.000000000000000000e+00
-9.412755966186523438e-01 -2.707287073135375977e-01 0.000000000000000000e+00 0.000000000000000000e+00 1.000000000000000000e+00
-9.304934740066528320e-01 -2.678933143615722656e-01 0.000000000000000000e+00 0.000000000000000000e+00 1.000000000000000000e+00
-9.208081960678100586e-01 -2.638968825340270996e-01 0.000000000000000000e+00 0.000000000000000000e+00 1.000000000000000000e+00
-9.130185842514038086e-01 -2.520874738693237305e-01 0.000000000000000000e+00 0.000000000000000000e+00 1.000000000000000000e+00
-9.057967662811279297e-01 -2.418761253356933594e-01 0.000000000000000000e+00 0.000000000000000000e+00 1.000000000000000000e+00
-8.987760543823242188e-01 -2.380391359329223633e-01 0.000000000000000000e+00 0.000000000000000000e+00 1.000000000000000000e+00
-8.909248113632202148e-01 -2.403460144996643066e-01 0.000000000000000000e+00 0.000000000000000000e+00 1.000000000000000000e+00
-8.844062089920043945e-01 -2.439815402030944824e-01 0.000000000000000000e+00 0.000000000000000000e+00 1.000000000000000000e+00
-8.792493343353271484e-01 -2.504135370254516602e-01 0.000000000000000000e+00 0.000000000000000000e+00 1.000000000000000000e+00
-8.742376565933227539e-01 -2.530846595764160156e-01 0.000000000000000000e+00 0.000000000000000000e+00 1.000000000000000000e+00
-8.676618337631225586e-01 -2.536517381668090820e-01 0.000000000000000000e+00 0.000000000000000000e+00 1.000000000000000000e+00
-8.603584766387939453e-01 -2.524316310882568359e-01 0.000000000000000000e+00 0.000000000000000000e+00 1.000000000000000000e+00
-8.554620742797851562e-01 -2.490062117576599121e-01 0.000000000000000000e+00 0.000000000000000000e+00 1.000000000000000000e+00
-8.502923250198364258e-01 -2.468748688697814941e-01 0.000000000000000000e+00 0.000000000000000000e+00 1.000000000000000000e+00
-8.435263633728027344e-01 -2.494099736213684082e-01 0.000000000000000000e+00 0.000000000000000000e+00 1.000000000000000000e+00
-8.375612497329711914e-01 -2.506965994834899902e-01 0.000000000000000000e+00 0.000000000000000000e+00 1.000000000000000000e+00
-8.308929204940795898e-01 -2.516468167304992676e-01 0.000000000000000000e+00 0.000000000000000000e+00 1.000000000000000000e+00
-8.232353925704956055e-01 -2.523274421691894531e-01 0.000000000000000000e+00 0.000000000000000000e+00 1.000000000000000000e+00
-8.162553310394287109e-01 -2.538453340530395508e-01 0.000000000000000000e+00 0.000000000000000000e+00 1.000000000000000000e+00
-8.120733499526977539e-01 -2.563009262084960938e-01 0.000000000000000000e+00 0.000000000000000000e+00 1.000000000000000000e+00
0.000000000000000000e+00 0.000000000000000000e+00 0.000000000000000000e+00 0.000000000000000000e+00 0.000000000000000000e+00
0.000000000000000000e+00 0.000000000000000000e+00 0.000000000000000000e+00 0.000000000000000000e+00 0.000000000000000000e+00
0.000000000000000000e+00 0.000000000000000000e+00 0.000000000000000000e+00 0.000000000000000000e+00 0.000000000000000000e+00
0.000000000000000000e+00 0.000000000000000000e+00 0.000000000000000000e+00 0.000000000000000000e+00 0.000000000000000000e+00
0.000000000000000000e+00 0.000000000000000000e+00 0.000000000000000000e+00 0.000000000000000000e+00 0.000000000000000000e+00
0.000000000000000000e+00 0.000000000000000000e+00 0.000000000000000000e+00 0.000000000000000000e+00 0.000000000000000000e+00
0.000000000000000000e+00 0.000000000000000000e+00 0.000000000000000000e+00 0.000000000000000000e+00 0.000000000000000000e+00
0.000000000000000000e+00 0.000000000000000000e+00 0.000000000000000000e+00 0.000000000000000000e+00 0.000000000000000000e+00
0.000000000000000000e+00 0.000000000000000000e+00 0.000000000000000000e+00 0.000000000000000000e+00 0.000000000000000000e+00
0.000000000000000000e+00 0.000000000000000000e+00 0.000000000000000000e+00 0.000000000000000000e+00 0.000000000000000000e+00
0.000000000000000000e+00 0.000000000000000000e+00 0.000000000000000000e+00 0.000000000000000000e+00 0.000000000000000000e+00
0.000000000000000000e+00 0.000000000000000000e+00 0.000000000000000000e+00 0.000000000000000000e+00 0.000000000000000000e+00
0.000000000000000000e+00 0.000000000000000000e+00 0.000000000000000000e+00 0.000000000000000000e+00 0.000000000000000000e+00
0.000000000000000000e+00 0.000000000000000000e+00 0.000000000000000000e+00 0.000000000000000000e+00 0.000000000000000000e+00
0.000000000000000000e+00 0.000000000000000000e+00 0.000000000000000000e+00 0.000000000000000000e+00 0.000000000000000000e+00
0.000000000000000000e+00 0.000000000000000000e+00 0.000000000000000000e+00 0.000000000000000000e+00 0.000000000000000000e+00
0.000000000000000000e+00 0.000000000000000000e+00 0.000000000000000000e+00 0.000000000000000000e+00 0.000000000000000000e+00
0.000000000000000000e+00 0.000000000000000000e+00 0.000000000000000000e+00 0.000000000000000000e+00 0.000000000000000000e+00
0.000000000000000000e+00 0.000000000000000000e+00 0.000000000000000000e+00 0.000000000000000000e+00 0.000000000000000000e+00
0.000000000000000000e+00 0.000000000000000000e+00 0.000000000000000000e+00 0.000000000000000000e+00 0.000000000000000000e+00
0.000000000000000000e+00 0.000000000000000000e+00 0.000000000000000000e+00 0.000000000000000000e+00 0.000000000000000000e+00
0.000000000000000000e+00 0.000000000000000000e+00 0.000000000000000000e+00 0.000000000000000000e+00 0.000000000000000000e+00
0.000000000000000000e+00 0.000000000000000000e+00 0.000000000000000000e+00 0.000000000000000000e+00 0.000000000000000000e+00
0.000000000000000000e+00 0.000000000000000000e+00 0.000000000000000000e+00 0.000000000000000000e+00 0.000000000000000000e+00
0.000000000000000000e+00 0.000000000000000000e+00 0.000000000000000000e+00 0.000000000000000000e+00 0.000000000000000000e+00
0.000000000000000000e+00 0.000000000000000000e+00 0.000000000000000000e+00 0.000000000000000000e+00 0.000000000000000000e+00
0.000000000000000000e+00 0.000000000000000000e+00 0.000000000000000000e+00 0.000000000000000000e+00 0.000000000000000000e+00
0.000000000000000000e+00 0.000000000000000000e+00 0.000000000000000000e+00 0.000000000000000000e+00 0.000000000000000000e+00
0.000000000000000000e+00 0.000000000000000000e+00 0.000000000000000000e+00 0.000000000000000000e+00 0.000000000000000000e+00
0.000000000000000000e+00 0.000000000000000000e+00 0.000000000000000000e+00 0.000000000000000000e+00 0.000000000000000000e+00
0.000000000000000000e+00 0.000000000000000000e+00 0.000000000000000000e+00 0.000000000000000000e+00 0.000000000000000000e+00
0.000000000000000000e+00 0.000000000000000000e+00 0.000000000000000000e+00 0.000000000000000000e+00 0.000000000000000000e+00
0.000000000000000000e+00 0.000000000000000000e+00 0.000000000000000000e+00 0.000000000000000000e+00 0.000000000000000000e+00
0.000000000000000000e+00 0.000000000000000000e+00 0.000000000000000000e+00 0.000000000000000000e+00 0.000000000000000000e+00
0.000000000000000000e+00 0.000000000000000000e+00 0.000000000000000000e+00 0.000000000000000000e+00 0.000000000000000000e+00
0.000000000000000000e+00 0.000000000000000000e+00 0.000000000000000000e+00 0.000000000000000000e+00 0.000000000000000000e+00
0.000000000000000000e+00 0.000000000000000000e+00 0.000000000000000000e+00 0.000000000000000000e+00 0.000000000000000000e+00
0.000000000000000000e+00 0.000000000000000000e+00 0.000000000000000000e+00 0.000000000000000000e+00 0.000000000000000000e+00
0.000000000000000000e+00 0.000000000000000000e+00 0.000000000000000000e+00 0.000000000000000000e+00 0.000000000000000000e+00
0.000000000000000000e+00 0.000000000000000000e+00 0.000000000000000000e+00 0.000000000000000000e+00 0.000000000000000000e+00
0.000000000000000000e+00 0.000000000000000000e+00 0.000000000000000000e+00 0.000000000000000000e+00 0.000000000000000000e+00
0.000000000000000000e+00 0.000000000000000000e+00 0.000000000000000000e+00 0.000000000000000000e+00 0.000000000000000000e+00
0.000000000000000000e+00 0.000000000000000000e+00 0.000000000000000000e+00 0.000000000000000000e+00 0.000000000000000000e+00
0.000000000000000000e+00 0.000000000000000000e+00 0.000000000000000000e+00 0.000000000000000000e+00 0.000000000000000000e+00
0.000000000000000000e+00 0.000000000000000000e+00 0.000000000000000000e+00 0.000000000000000000e+00 0.000000000000000000e+00
0.000000000000000000e+00 0.000000000000000000e+00 0.000000000000000000e+00 0.000000000000000000e+00 0.000000000000000000e+00
0.000000000000000000e+00 0.000000000000000000e+00 0.000000000000000000e+00 0.000000000000000000e+00 0.000000000000000000e+00
0.000000000000000000e+00 0.000000000000000000e+00 0.000000000000000000e+00 0.000000000000000000e+00 0.000000000000000000e+00
0.000000000000000000e+00 0.000000000000000000e+00 0.000000000000000000e+00 0.000000000000000000e+00 0.000000000000000000e+00
0.000000000000000000e+00 0.000000000000000000e+00 0.000000000000000000e+00 0.000000000000000000e+00 0.000000000000000000e+00
0.000000000000000000e+00 0.000000000000000000e+00 0.000000000000000000e+00 0.000000000000000000e+00 0.000000000000000000e+00
0.000000000000000000e+00 0.000000000000000000e+00 0.000000000000000000e+00 0.000000000000000000e+00 0.000000000000000000e+00
0.000000000000000000e+00 0.000000000000000000e+00 0.000000000000000000e+00 0.000000000000000000e+00 0.000000000000000000e+00
0.000000000000000000e+00 0.000000000000000000e+00 0.000000000000000000e+00 0.000000000000000000e+00 0.000000000000000000e+00
0.000000000000000000e+00 0.000000000000000000e+00 0.000000000000000000e+00 0.000000000000000000e+00 0.000000000000000000e+00
