0.000000000000000000e+00 0.000000000000000000e+00 1.000000000000000000e+00 0.000000000000000000e+00 0.000000000000000000e+00
1.758597344160079956e-01 7.633792608976364136e-02 1.000000000000000000e+00 0.000000000000000000e+00 0.000000000000000000e+00
2.647565305233001709e-02 1.394283771514892578e-01 0.000000000000000000e+00 1.000000000000000000e+00 0.000000000000000000e+00
-9.384486675262451172e-01 7.694231271743774414e-01 1.000000000000000000e+00 0.000000000000000000e+00 0.000000000000000000e+00
1.297401547431945801e+00 -2.202397733926773071e-01 1.000000000000000000e+00 0.000000000000000000e+00 0.000000000000000000e+00
5.826629400253295898e-01 -1.948970854282379150e-01 0.000000000000000000e+00 1.000000000000000000e+00 0.000000000000000000e+00
-1.571316599845886230e+00 4.875527024269104004e-01 1.000000000000000000e+00 0.000000000000000000e+00 0.000000000000000000e+00
-1.675405204296112061e-01 1.356166362762451172e+00 1.000000000000000000e+00 0.000000000000000000e+00 0.000000000000000000e+00
-4.078631997108459473e-01 1.202231407165527344e+00 1.000000000000000000e+00 0.000000000000000000e+00 0.000000000000000000e+00
-2.614694833755493164e-01 4.151355624198913574e-01 1.000000000000000000e+00 0.000000000000000000e+00 0.000000000000000000e+00
-2.781378030776977539e-01 2.357116639614105225e-01 1.000000000000000000e+00 0.000000000000000000e+00 0.000000000000000000e+00
-3.175739943981170654e-01 3.890171647071838379e-02 0.000000000000000000e+00 1.000000000000000000e+00 0.000000000000000000e+00
2.067063301801681519e-01 -1.884049534797668457e+00 1.000000000000000000e+00 0.000000000000000000e+00 0.000000000000000000e+00
3.100211918354034424e-01 4.087198525667190552e-02 1.000000000000000000e+00 0.000000000000000000e+00 0.000000000000000000e+00
5.710528418421745300e-02 8.997097611427307129e-02 0.000000000000000000e+00 1.000000000000000000e+00 0.000000000000000000e+00
-3.029040098190307617e-01 5.307536721229553223e-01 1.000000000000000000e+00 0.000000000000000000e+00 0.000000000000000000e+00
6.682769656181335449e-01 -3.195171952247619629e-01 1.000000000000000000e+00 0.000000000000000000e+00 0.000000000000000000e+00
3.069710135459899902e-01 -2.665163874626159668e-01 0.000000000000000000e+00 1.000000000000000000e+00 0.000000000000000000e+00
1.027834892272949219e+00 -6.180718541145324707e-01 1.000000000000000000e+00 0.000000000000000000e+00 0.000000000000000000e+00
8.978815078735351562e-01 -1.477878689765930176e-01 1.000000000000000000e+00 0.000000000000000000e+00 0.000000000000000000e+00
3.246795237064361572e-01 8.960471302270889282e-02 1.000000000000000000e+00 0.000000000000000000e+00 0.000000000000000000e+00
3.639656584709882736e-03 3.562308549880981445e-01 1.000000000000000000e+00 0.000000000000000000e+00 0.000000000000000000e+00
-2.869608104228973389e-01 5.300501585006713867e-01 1.000000000000000000e+00 0.000000000000000000e+00 0.000000000000000000e+00
-2.982120811939239502e-01 1.944891512393951416e-01 1.000000000000000000e+00 0.000000000000000000e+00 0.000000000000000000e+00
-2.621891796588897705e-01 -1.900367438793182373e-03 1.000000000000000000e+00 0.000000000000000000e+00 0.000000000000000000e+00
-2.154194712638854980e-01 -1.583333909511566162e-01 1.000000000000000000e+00 0.000000000000000000e+00 0.000000000000000000e+00
-1.167666763067245483e-01 -3.923025131225585938e-01 1.000000000000000000e+00 0.000000000000000000e+00 0.000000000000000000e+00
1.540293544530868530e-01 5.490435361862182617e-01 1.000000000000000000e+00 0.000000000000000000e+00 0.000000000000000000e+00
-1.299852132797241211e-01 1.724952459335327148e+00 1.000000000000000000e+00 0.000000000000000000e+00 0.000000000000000000e+00
-1.683358252048492432e-01 6.637889146804809570e-01 0.000000000000000000e+00 1.000000000000000000e+00 0.000000000000000000e+00
-4.495536386966705322e-01 -3.765654563903808594e+00 0.000000000000000000e+00 0.000000000000000000e+00 1.000000000000000000e+00
1.191290020942687988e-01 4.309052228927612305e-01 0.000000000000000000e+00 0.000000000000000000e+00 1.000000000000000000e+00
-1.499026060104370117e+00 -3.801491856575012207e-01 0.000000000000000000e+00 0.000000000000000000e+00 1.000000000000000000e+00
-9.323227405548095703e-01 -4.401507973670959473e-01 0.000000000000000000e+00 0.000000000000000000e+00 1.000000000000000000e+00
-1.010803818702697754e+00 -3.519402146339416504e-01 0.000000000000000000e+00 0.000000000000000000e+00 1.000000000000000000e+00
-9.642709493637084961e-01 -3.305152058601379395e-01 0.000000000000000000e+00 0.000000000000000000e+00 1.000000000000000000e+00
-9.525303840637207031e-01 -3.257362246513366699e-01 0.000000000000000000e+00 0.000000000000000000e+00 1.000000000000000000e+00
-9.292464256286621094e-01 -3.279750943183898926e-01 0.000000000000000000e+00 0.000000000000000000e+00 1.000000000000000000e+00
-9.131389856338500977e-01 -3.298516869544982910e-01 0.000000000000000000e+00 0.000000000000000000e+00 1.000000000000000000e+00
-9.016702175140380859e-01 -3.109817504882812500e-01 0.000000000000000000e+00 0.000000000000000000e+00 1.000000000000000000e+00
-8.744081258773803711e-01 -2.995762228965759277e-01 0.000000000000000000e+00 0.000000000000000000e+00 1.000000000000000000e+00
-8.646967411041259766e-01 -2.860789299011230469e-01 0.000000000000000000e+00 0.000000000000000000e+00 1.000000000000000000e+00
-8.554335832595825195e-01 -2.778784036636352539e-01 0.000000000000000000e+00 0.000000000000000000e+00 1.000000000000000000e+00
-8.432493209838867188e-01 -2.751632332801818848e-01 0.000000000000000000e+00 0.000000000000000000e+00 1.000000000000000000e+00
-8.301931619644165039e-01 -2.765530943870544434e-01 0.000000000000000000e+00 0.000000000000000000e+00 1.000000000000000000e+00
-8.208962678909301758e-01 -2.798854112625122070e-01 0.000000000000000000e+00 0.000000000000000000e+00 1.000000000000000000e+00
-8.105552196502685547e-01 -2.831087112426757812e-01 0.000000000000000000e+00 0.000000000000000000e+00 1.000000000000000000e+00
-8.041760921478271484e-01 -2.855924367904663086e-01 0.000000000000000000e+00 0.000000000000000000e+00 1.000000000000000000e+00
-8.007755279541015625e-01 -2.860374450683593750e-01 0.000000000000000000e+00 0.000000000000000000e+00 1.000000000000000000e+00
-7.970706224441528320e-01 -2.838808894157409668e-01 0.000000000000000000e+00 0.000000000000000000e+00 1.000000000000000000e+00
-7.909227609634399414e-01 -2.832567095756530762e-01 0.000000000000000000e+00 0.000000000000000000e+00 1.000000000000000000e+00
-7.875046730041503906e-01 -2.813178300857543945e-01 0.000000000000000000e+00 0.000000000000000000e+00 1.000000000000000000e+00
-7.861536741256713867e-01 -2.807456851005554199e-01 0.000000000000000000e+00 0.000000000000000000e+00 1.000000000000000000e+00
-7.763788700103759766e-01 -2.851820588111877441e-01 0.000000000000000000e+00 0.000000000000000000e+00 1.000000000000000000e+00
-7.641021013259887695e-01 -2.905388474464416504e-01 0.000000000000000000e+00 0.000000000000000000e+00 1.000000000000000000e+00
-7.618799209594726562e-01 -2.944723367691040039e-01 0.000000000000000000e+00 0.000000000000000000e+00 1.000000000000000000e+00
-7.562550306320190430e-01 -2.985445857048034668e-01 0.000000000000000000e+00 0.000000000000000000e+00 1.000000000000000000e+00
-7.463892698287963867e-01 -3.025763630867004395e-01 0.000000000000000000e+00 0.000000000000000000e+00 1.000000000000000000e+00
-7.407504320144653320e-01 -2.997078299522399902e-01 0.000000000000000000e+00 0.000000000000000000e+00 1.000000000000000000e+00
-7.380828857421875000e-01 -2.978961467742919922e-01 0.000000000000000000e+00 0.000000000000000000e+00 1.000000000000000000e+00
-7.317770719528198242e-01 -2.972544431686401367e-01 0.000000000000000000e+00 0.000000000000000000e+00 1.000000000000000000e+00
-7.260849475860595703e-01 -2.955561280250549316e-01 0.000000000000000000e+00 0.000000000000000000e+00 1.000000000000000000e+00
-7.235025167465209961e-01 -2.927733063697814941e-01 0.000000000000000000e+00 0.000000000000000000e+00 1.000000000000000000e+00
-7.191401720046997070e-01 -2.909149527549743652e-01 0.000000000000000000e+00 0.000000000000000000e+00 1.000000000000000000e+00
0.000000000000000000e+00 0.000000000000000000e+00 0.000000000000000000e+00 0.000000000000000000e+00 0.000000000000000000e+00
0.000000000000000000e+00 0.000000000000000000e+00 0.000000000000000000e+00 0.000000000000000000e+00 0.000000000000000000e+00
0.000000000000000000e+00 0.000000000000000000e+00 0.000000000000000000e+00 0.000000000000000000e+00 0.000000000000000000e+00
0.000000000000000000e+00 0.000000000000000000e+00 0.000000000000000000e+00 0.000000000000000000e+00 0.000000000000000000e+00
0.000000000000000000e+00 0.000000000000000000e+00 0.000000000000000000e+00 0.000000000000000000e+00 0.000000000000000000e+00
0.000000000000000000e+00 0.000000000000000000e+00 0.000000000000000000e+00 0.000000000000000000e+00 0.000000000000000000e+00
0.000000000000000000e+00 0.000000000000000000e+00 0.000000000000000000e+00 0.000000000000000000e+00 0.000000000000000000e+00
0.000000000000000000e+00 0.000000000000000000e+00 0.000000000000000000e+00 0.000000000000000000e+00 0.000000000000000000e+00
0.000000000000000000e+00 0.000000000000000000e+00 0.000000000000000000e+00 0.000000000000000000e+00 0.000000000000000000e+00
0.000000000000000000e+00 0.000000000000000000e+00 0.000000000000000000e+00 0.000000000000000000e+00 0.000000000000000000e+00
0.000000000000000000e+00 0.000000000000000000e+00 0.000000000000000000e+00 0.000000000000000000e+00 0.000000000000000000e+00
0.000000000000000000e+00 0.000000000000000000e+00 0.000000000000000000e+00 0.000000000000000000e+00 0.000000000000000000e+00
0.000000000000000000e+00 0.000000000000000000e+00 0.000000000000000000e+00 0.000000000000000000e+00 0.000000000000000000e+00
0.000000000000000000e+00 0.000000000000000000e+00 0.000000000000000000e+00 0.000000000000000000e+00 0.000000000000000000e+00
0.000000000000000000e+00 0.000000000000000000e+00 0.000000000000000000e+00 0.000000000000000000e+00 0.000000000000000000e+00
0.000000000000000000e+00 0.000000000000000000e+00 0.000000000000000000e+00 0.000000000000000000e+00 0.000000000000000000e+00
0.000000000000000000e+00 0.000000000000000000e+00 0.000000000000000000e+00 0.000000000000000000e+00 0.000000000000000000e+00
0.000000000000000000e+00 0.000000000000000000e+00 0.000000000000000000e+00 0.000000000000000000e+00 0.000000000000000000e+00
0.000000000000000000e+00 0.000000000000000000e+00 0.000000000000000000e+00 0.000000000000000000e+00 0.000000000000000000e+00
0.000000000000000000e+00 0.000000000000000000e+00 0.000000000000000000e+00 0.000000000000000000e+00 0.000000000000000000e+00
0.000000000000000000e+00 0.000000000000000000e+00 0.000000000000000000e+00 0.000000000000000000e+00 0.000000000000000000e+00
0.000000000000000000e+00 0.000000000000000000e+00 0.000000000000000000e+00 0.000000000000000000e+00 0.000000000000000000e+00
0.000000000000000000e+00 0.000000000000000000e+00 0.000000000000000000e+00 0.000000000000000000e+00 0.000000000000000000e+00
0.000000000000000000e+00 0.000000000000000000e+00 0.000000000000000000e+00 0.000000000000000000e+00 0.000000000000000000e+00
0.000000000000000000e+00 0.000000000000000000e+00 0.000000000000000000e+00 0.000000000000000000e+00 0.000000000000000000e+00
0.000000000000000000e+00 0.000000000000000000e+00 0.000000000000000000e+00 0.000000000000000000e+00 0.000000000000000000e+00
0.000000000000000000e+00 0.000000000000000000e+00 0.000000000000000000e+00 0.000000000000000000e+00 0.000000000000000000e+00
0.000000000000000000e+00 0.000000000000000000e+00 0.000000000000000000e+00 0.000000000000000000e+00 0.000000000000000000e+00
0.000000000000000000e+00 0.000000000000000000e+00 0.000000000000000000e+00 0.000000000000000000e+00 0.000000000000000000e+00
0.000000000000000000e+00 0.000000000000000000e+00 0.000000000000000000e+00 0.000000000000000000e+00 0.000000000000000000e+00
0.000000000000000000e+00 0.000000000000000000e+00 0.000000000000000000e+00 0.000000000000000000e+00 0.000000000000000000e+00
0.000000000000000000e+00 0.000000000000000000e+00 0.000000000000000000e+00 0.000000000000000000e+00 0.000000000000000000e+00
0.000000000000000000e+00 0.000000000000000000e+00 0.000000000000000000e+00 0.000000000000000000e+00 0.000000000000000000e+00
0.000000000000000000e+00 0.000000000000000000e+00 0.000000000000000000e+00 0.000000000000000000e+00 0.000000000000000000e+00
0.000000000000000000e+00 0.000000000000000000e+00 0.000000000000000000e+00 0.000000000000000000e+00 0.000000000000000000e+00
0.000000000000000000e+00 0.000000000000000000e+00 0.000000000000000000e+00 0.000000000000000000e+00 0.000000000000000000e+00
0.000000000000000000e+00 0.000000000000000000e+00 0.000000000000000000e+00 0.000000000000000000e+00 0.000000000000000000e+00
0.000000000000000000e+00 0.000000000000000000e+00 0.000000000000000000e+00 0.000000000000000000e+00 0.000000000000000000e+00
0.000000000000000000e+00 0.000000000000000000e+00 0.000000000000000000e+00 0.000000000000000000e+00 0.000000000000000000e+00
0.000000000000000000e+00 0.000000000000000000e+00 0.000000000000000000e+00 0.000000000000000000e+00 0.000000000000000000e+00
0.000000000000000000e+00 0.000000000000000000e+00 0.000000000000000000e+00 0.000000000000000000e+00 0.000000000000000000e+00
0.000000000000000000e+00 0.000000000000000000e+00 0.000000000000000000e+00 0.000000000000000000e+00 0.000000000000000000e+00
0.000000000000000000e+00 0.000000000000000000e+00 0.000000000000000000e+00 0.000000000000000000e+00 0.000000000000000000e+00
0.000000000000000000e+00 0.000000000000000000e+00 0.000000000000000000e+00 0.000000000000000000e+00 0.000000000000000000e+00
0.000000000000000000e+00 0.000000000000000000e+00 0.000000000000000000e+00 0.000000000000000000e+00 0.000000000000000000e+00
0.000000000000000000e+00 0.000000000000000000e+00 0.000000000000000000e+00 0.000000000000000000e+00 0.000000000000000000e+00
0.000000000000000000e+00 0.000000000000000000e+00 0.000000000000000000e+00 0.000000000000000000e+00 0.000000000000000000e+00
0.000000000000000000e+00 0.000000000000000000e+00 0.000000000000000000e+00 0.000000000000000000e+00 0.000000000000000000e+00
0.000000000000000000e+00 0.000000000000000000e+00 0.000000000000000000e+00 0.000000000000000000e+00 0.000000000000000000e+00
0.000000000000000000e+00 0.000000000000000000e+00 0.000000000000000000e+00 0.000000000000000000e+00 0.000000000000000000e+00
0.000000000000000000e+00 0.000000000000000000e+00 0.000000000000000000e+00 0.000000000000000000e+00 0.000000000000000000e+00
0.000000000000000000e+00 0.000000000000000000e+00 0.000000000000000000e+00 0.000000000000000000e+00 0.000000000000000000e+00
0.000000000000000000e+00 0.000000000000000000e+00 0.000000000000000000e+00 0.000000000000000000e+00 0.000000000000000000e+00
0.000000000000000000e+00 0.000000000000000000e+00 0.000000000000000000e+00 0.000000000000000000e+00 0.000000000000000000e+00
0.000000000000000000e+00 0.000000000000000000e+00 0.000000000000000000e+00 0.000000000000000000e+00 0.000000000000000000e+00
0.000000000000000000e+00 0.000000000000000000e+00 0.000000000000000000e+00 0.000000000000000000e+00 0.000000000000000000e+00
0.000000000000000000e+00 0.000000000000000000e+00 0.000000000000000000e+00 0.000000000000000000e+00 0.000000000000000000e+00
