0.000000000000000000e+00 0.000000000000000000e+00 1.000000000000000000e+00 0.000000000000000000e+00 0.000000000000000000e+00
1.607601493597030640e-01 8.132869005203247070e-02 1.000000000000000000e+00 0.000000000000000000e+00 0.000000000000000000e+00
2.516078948974609375e-02 1.298234611749649048e-01 0.000000000000000000e+00 1.000000000000000000e+00 0.000000000000000000e+00
-8.124762177467346191e-01 6.442264318466186523e-01 1.000000000000000000e+00 0.000000000000000000e+00 0.000000000000000000e+00
1.173344373703002930e+00 -2.010943442583084106e-01 1.000000000000000000e+00 0.000000000000000000e+00 0.000000000000000000e+00
5.042228698730468750e-01 -1.725593209266662598e-01 0.000000000000000000e+00 1.000000000000000000e+00 0.000000000000000000e+00
-1.458384037017822266e+00 4.745248258113861084e-01 1.000000000000000000e+00 0.000000000000000000e+00 0.000000000000000000e+00
1.746096834540367126e-02 6.888925433158874512e-01 1.000000000000000000e+00 0.000000000000000000e+00 0.000000000000000000e+00
-1.991165876388549805e-01 9.089138507843017578e-01 1.000000000000000000e+00 0.000000000000000000e+00 0.000000000000000000e+00
-1.907543540000915527e-01 4.728446006774902344e-01 1.000000000000000000e+00 0.000000000000000000e+00 0.000000000000000000e+00
-2.458348423242568970e-01 3.585414290428161621e-01 1.000000000000000000e+00 0.000000000000000000e+00 0.000000000000000000e+00
-2.630099058151245117e-01 2.173131108283996582e-01 1.000000000000000000e+00 0.000000000000000000e+00 0.000000000000000000e+00
-2.530511021614074707e-01 6.735637784004211426e-02 0.000000000000000000e+00 1.000000000000000000e+00 0.000000000000000000e+00
1.628931015729904175e-01 -1.609408378601074219e+00 1.000000000000000000e+00 0.000000000000000000e+00 0.000000000000000000e+00
2.887882292270660400e-01 3.176482021808624268e-02 1.000000000000000000e+00 0.000000000000000000e+00 0.000000000000000000e+00
5.122388526797294617e-02 7.718836516141891479e-02 0.000000000000000000e+00 1.000000000000000000e+00 0.000000000000000000e+00
-2.600842416286468506e-01 4.426578283309936523e-01 1.000000000000000000e+00 0.000000000000000000e+00 0.000000000000000000e+00
5.899057984352111816e-01 -2.689522802829742432e-01 1.000000000000000000e+00 0.000000000000000000e+00 0.000000000000000000e+00
2.702139019966125488e-01 -2.288622111082077026e-01 0.000000000000000000e+00 1.000000000000000000e+00 0.000000000000000000e+00
9.114469885826110840e-01 -5.981338024139404297e-01 1.000000000000000000e+00 0.000000000000000000e+00 0.000000000000000000e+00
8.244912028312683105e-01 -1.461927890777587891e-01 1.000000000000000000e+00 0.000000000000000000e+00 0.000000000000000000e+00
2.528809309005737305e-01 6.112655624747276306e-02 1.000000000000000000e+00 0.000000000000000000e+00 0.000000000000000000e+00
-2.570189833641052246e-01 6.843364834785461426e-01 1.000000000000000000e+00 0.000000000000000000e+00 0.000000000000000000e+00
-1.392833143472671509e-01 1.811487674713134766e-01 1.000000000000000000e+00 0.000000000000000000e+00 0.000000000000000000e+00
-1.620975136756896973e-01 8.020628988742828369e-02 0.000000000000000000e+00 1.000000000000000000e+00 0.000000000000000000e+00
-1.185624748468399048e-01 -5.561606884002685547e-01 1.000000000000000000e+00 0.000000000000000000e+00 0.000000000000000000e+00
-4.172913134098052979e-01 6.821989417076110840e-01 1.000000000000000000e+00 0.000000000000000000e+00 0.000000000000000000e+00
5.071902871131896973e-01 -1.525937914848327637e-01 1.000000000000000000e+00 0.000000000000000000e+00 0.000000000000000000e+00
2.102620601654052734e-01 -1.731849461793899536e-01 0.000000000000000000e+00 1.000000000000000000e+00 0.000000000000000000e+00
-8.234993815422058105e-01 -2.400065362453460693e-01 1.000000000000000000e+00 0.000000000000000000e+00 0.000000000000000000e+00
-1.364232897758483887e-01 9.656530022621154785e-01 1.000000000000000000e+00 0.000000000000000000e+00 0.000000000000000000e+00
6.258971989154815674e-02 2.439225316047668457e-01 1.000000000000000000e+00 0.000000000000000000e+00 0.000000000000000000e+00
1.588382869958877563e-01 1.501233577728271484e-01 1.000000000000000000e+00 0.000000000000000000e+00 0.000000000000000000e+00
4.386284351348876953e-01 1.135103106498718262e-01 1.000000000000000000e+00 0.000000000000000000e+00 0.000000000000000000e+00
1.211344957351684570e+00 -1.070464998483657837e-01 1.000000000000000000e+00 0.000000000000000000e+00 0.000000000000000000e+00
4.383631944656372070e-01 -1.420395672321319580e-01 1.000000000000000000e+00 0.000000000000000000e+00 0.000000000000000000e+00
-4.351508617401123047e-01 -9.600480198860168457e-01 1.000000000000000000e+00 0.000000000000000000e+00 0.000000000000000000e+00
-3.814786970615386963e-01 -5.202178359031677246e-01 0.000000000000000000e+00 1.000000000000000000e+00 0.000000000000000000e+00
-1.502768993377685547e+00 -8.675003647804260254e-01 0.000000000000000000e+00 0.000000000000000000e+00 1.000000000000000000e+00
-6.848953962326049805e-01 6.890817880630493164e-01 0.000000000000000000e+00 0.000000000000000000e+00 1.000000000000000000e+00
-1.448316931724548340e+00 -3.809658885002136230e-01 0.000000000000000000e+00 0.000000000000000000e+00 1.000000000000000000e+00
-9.386758804321289062e-01 -8.749377727508544922e-02 0.000000000000000000e+00 0.000000000000000000e+00 1.000000000000000000e+00
-1.179415583610534668e+00 -2.368130683898925781e-01 0.000000000000000000e+00 0.000000000000000000e+00 1.000000000000000000e+00
-1.022835850715637207e+00 -1.449257135391235352e-01 0.000000000000000000e+00 0.000000000000000000e+00 1.000000000000000000e+00
-1.058253407478332520e+00 -2.145243287086486816e-01 0.000000000000000000e+00 0.000000000000000000e+00 1.000000000000000000e+00
-1.000602602958679199e+00 -2.249674201011657715e-01 0.000000000000000000e+00 0.000000000000000000e+00 1.000000000000000000e+00
-9.871861934661865234e-01 -2.548246979713439941e-01 0.000000000000000000e+00 0.000000000000000000e+00 1.000000000000000000e+00
-9.759387969970703125e-01 -2.317373156547546387e-01 0.000000000000000000e+00 0.000000000000000000e+00 1.000000000000000000e+00
-9.749885797500610352e-01 -2.238069176673889160e-01 0.000000000000000000e+00 0.000000000000000000e+00 1.000000000000000000e+00
-9.677075147628784180e-01 -2.082991003990173340e-01 0.000000000000000000e+00 0.000000000000000000e+00 1.000000000000000000e+00
-9.606896638870239258e-01 -1.954516172409057617e-01 0.000000000000000000e+00 0.000000000000000000e+00 1.000000000000000000e+00
-9.520735740661621094e-01 -1.883615851402282715e-01 0.000000000000000000e+00 0.000000000000000000e+00 1.000000000000000000e+00
-9.414827823638916016e-01 -1.874588727951049805e-01 0.000000000000000000e+00 0.000000000000000000e+00 1.000000000000000000e+00
-9.375160932540893555e-01 -1.882683038711547852e-01 0.000000000000000000e+00 0.000000000000000000e+00 1.000000000000000000e+00
-9.374750852584838867e-01 -1.871624588966369629e-01 0.000000000000000000e+00 0.000000000000000000e+00 1.000000000000000000e+00
-9.324963092803955078e-01 -1.863672137260437012e-01 0.000000000000000000e+00 0.000000000000000000e+00 1.000000000000000000e+00
-9.254914522171020508e-01 -1.854733824729919434e-01 0.000000000000000000e+00 0.000000000000000000e+00 1.000000000000000000e+00
-9.170275926589965820e-01 -1.861703991889953613e-01 0.000000000000000000e+00 0.000000000000000000e+00 1.000000000000000000e+00
-9.098391532897949219e-01 -1.863703131675720215e-01 0.000000000000000000e+00 0.000000000000000000e+00 1.000000000000000000e+00
-9.046211242675781250e-01 -1.889097094535827637e-01 0.000000000000000000e+00 0.000000000000000000e+00 1.000000000000000000e+00
-9.008698463439941406e-01 -1.910185813903808594e-01 0.000000000000000000e+00 0.000000000000000000e+00 1.000000000000000000e+00
-8.976413011550903320e-01 -1.901307702064514160e-01 0.000000000000000000e+00 0.000000000000000000e+00 1.000000000000000000e+00
-8.935728073120117188e-01 -1.877560019493103027e-01 0.000000000000000000e+00 0.000000000000000000e+00 1.000000000000000000e+00
-8.879637718200683594e-01 -1.860154271125793457e-01 0.000000000000000000e+00 0.000000000000000000e+00 1.000000000000000000e+00
-8.816679716110229492e-01 -1.869814991950988770e-01 0.000000000000000000e+00 0.000000000000000000e+00 1.000000000000000000e+00
-8.770085573196411133e-01 -1.893580555915832520e-01 0.000000000000000000e+00 0.000000000000000000e+00 1.000000000000000000e+00
-8.713942766189575195e-01 -1.943668127059936523e-01 0.000000000000000000e+00 0.000000000000000000e+00 1.000000000000000000e+00
0.000000000000000000e+00 0.000000000000000000e+00 0.000000000000000000e+00 0.000000000000000000e+00 0.000000000000000000e+00
0.000000000000000000e+00 0.000000000000000000e+00 0.000000000000000000e+00 0.000000000000000000e+00 0.000000000000000000e+00
0.000000000000000000e+00 0.000000000000000000e+00 0.000000000000000000e+00 0.000000000000000000e+00 0.000000000000000000e+00
0.000000000000000000e+00 0.000000000000000000e+00 0.000000000000000000e+00 0.000000000000000000e+00 0.000000000000000000e+00
0.000000000000000000e+00 0.000000000000000000e+00 0.000000000000000000e+00 0.000000000000000000e+00 0.000000000000000000e+00
0.000000000000000000e+00 0.000000000000000000e+00 0.000000000000000000e+00 0.000000000000000000e+00 0.000000000000000000e+00
0.000000000000000000e+00 0.000000000000000000e+00 0.000000000000000000e+00 0.000000000000000000e+00 0.000000000000000000e+00
0.000000000000000000e+00 0.000000000000000000e+00 0.000000000000000000e+00 0.000000000000000000e+00 0.000000000000000000e+00
0.000000000000000000e+00 0.000000000000000000e+00 0.000000000000000000e+00 0.000000000000000000e+00 0.000000000000000000e+00
0.000000000000000000e+00 0.000000000000000000e+00 0.000000000000000000e+00 0.000000000000000000e+00 0.000000000000000000e+00
0.000000000000000000e+00 0.000000000000000000e+00 0.000000000000000000e+00 0.000000000000000000e+00 0.000000000000000000e+00
0.000000000000000000e+00 0.000000000000000000e+00 0.000000000000000000e+00 0.000000000000000000e+00 0.000000000000000000e+00
0.000000000000000000e+00 0.000000000000000000e+00 0.000000000000000000e+00 0.000000000000000000e+00 0.000000000000000000e+00
0.000000000000000000e+00 0.000000000000000000e+00 0.000000000000000000e+00 0.000000000000000000e+00 0.000000000000000000e+00
0.000000000000000000e+00 0.000000000000000000e+00 0.000000000000000000e+00 0.000000000000000000e+00 0.000000000000000000e+00
0.000000000000000000e+00 0.000000000000000000e+00 0.000000000000000000e+00 0.000000000000000000e+00 0.000000000000000000e+00
0.000000000000000000e+00 0.000000000000000000e+00 0.000000000000000000e+00 0.000000000000000000e+00 0.000000000000000000e+00
0.000000000000000000e+00 0.000000000000000000e+00 0.000000000000000000e+00 0.000000000000000000e+00 0.000000000000000000e+00
0.000000000000000000e+00 0.000000000000000000e+00 0.000000000000000000e+00 0.000000000000000000e+00 0.000000000000000000e+00
0.000000000000000000e+00 0.000000000000000000e+00 0.000000000000000000e+00 0.000000000000000000e+00 0.000000000000000000e+00
0.000000000000000000e+00 0.000000000000000000e+00 0.000000000000000000e+00 0.000000000000000000e+00 0.000000000000000000e+00
0.000000000000000000e+00 0.000000000000000000e+00 0.000000000000000000e+00 0.000000000000000000e+00 0.000000000000000000e+00
0.000000000000000000e+00 0.000000000000000000e+00 0.000000000000000000e+00 0.000000000000000000e+00 0.000000000000000000e+00
0.000000000000000000e+00 0.000000000000000000e+00 0.000000000000000000e+00 0.000000000000000000e+00 0.000000000000000000e+00
0.000000000000000000e+00 0.000000000000000000e+00 0.000000000000000000e+00 0.000000000000000000e+00 0.000000000000000000e+00
0.000000000000000000e+00 0.000000000000000000e+00 0.000000000000000000e+00 0.000000000000000000e+00 0.000000000000000000e+00
0.000000000000000000e+00 0.000000000000000000e+00 0.000000000000000000e+00 0.000000000000000000e+00 0.000000000000000000e+00
0.000000000000000000e+00 0.000000000000000000e+00 0.000000000000000000e+00 0.000000000000000000e+00 0.000000000000000000e+00
0.000000000000000000e+00 0.000000000000000000e+00 0.000000000000000000e+00 0.000000000000000000e+00 0.000000000000000000e+00
0.000000000000000000e+00 0.000000000000000000e+00 0.000000000000000000e+00 0.000000000000000000e+00 0.000000000000000000e+00
0.000000000000000000e+00 0.000000000000000000e+00 0.000000000000000000e+00 0.000000000000000000e+00 0.000000000000000000e+00
0.000000000000000000e+00 0.000000000000000000e+00 0.000000000000000000e+00 0.000000000000000000e+00 0.000000000000000000e+00
0.000000000000000000e+00 0.000000000000000000e+00 0.000000000000000000e+00 0.000000000000000000e+00 0.000000000000000000e+00
0.000000000000000000e+00 0.000000000000000000e+00 0.000000000000000000e+00 0.000000000000000000e+00 0.000000000000000000e+00
0.000000000000000000e+00 0.000000000000000000e+00 0.000000000000000000e+00 0.000000000000000000e+00 0.000000000000000000e+00
0.000000000000000000e+00 0.000000000000000000e+00 0.000000000000000000e+00 0.000000000000000000e+00 0.000000000000000000e+00
0.000000000000000000e+00 0.000000000000000000e+00 0.000000000000000000e+00 0.000000000000000000e+00 0.000000000000000000e+00
0.000000000000000000e+00 0.000000000000000000e+00 0.000000000000000000e+00 0.000000000000000000e+00 0.000000000000000000e+00
0.000000000000000000e+00 0.000000000000000000e+00 0.000000000000000000e+00 0.000000000000000000e+00 0.000000000000000000e+00
0.000000000000000000e+00 0.000000000000000000e+00 0.000000000000000000e+00 0.000000000000000000e+00 0.000000000000000000e+00
0.000000000000000000e+00 0.000000000000000000e+00 0.000000000000000000e+00 0.000000000000000000e+00 0.000000000000000000e+00
0.000000000000000000e+00 0.000000000000000000e+00 0.000000000000000000e+00 0.000000000000000000e+00 0.000000000000000000e+00
0.000000000000000000e+00 0.000000000000000000e+00 0.000000000000000000e+00 0.000000000000000000e+00 0.000000000000000000e+00
0.000000000000000000e+00 0.000000000000000000e+00 0.000000000000000000e+00 0.000000000000000000e+00 0.000000000000000000e+00
0.000000000000000000e+00 0.000000000000000000e+00 0.000000000000000000e+00 0.000000000000000000e+00 0.000000000000000000e+00
0.000000000000000000e+00 0.000000000000000000e+00 0.000000000000000000e+00 0.000000000000000000e+00 0.000000000000000000e+00
0.000000000000000000e+00 0.000000000000000000e+00 0.000000000000000000e+00 0.000000000000000000e+00 0.000000000000000000e+00
0.000000000000000000e+00 0.000000000000000000e+00 0.000000000000000000e+00 0.000000000000000000e+00 0.000000000000000000e+00
0.000000000000000000e+00 0.000000000000000000e+00 0.000000000000000000e+00 0.000000000000000000e+00 0.000000000000000000e+00
0.000000000000000000e+00 0.000000000000000000e+00 0.000000000000000000e+00 0.000000000000000000e+00 0.000000000000000000e+00
0.000000000000000000e+00 0.000000000000000000e+00 0.000000000000000000e+00 0.000000000000000000e+00 0.000000000000000000e+00
0.000000000000000000e+00 0.000000000000000000e+00 0.000000000000000000e+00 0.000000000000000000e+00 0.000000000000000000e+00
0.000000000000000000e+00 0.000000000000000000e+00 0.000000000000000000e+00 0.000000000000000000e+00 0.000000000000000000e+00
0.000000000000000000e+00 0.000000000000000000e+00 0.000000000000000000e+00 0.000000000000000000e+00 0.000000000000000000e+00
