0.000000000000000000e+00 0.000000000000000000e+00 1.000000000000000000e+00 0.000000000000000000e+00 0.000000000000000000e+00
1.732362955808639526e-01 7.356255501508712769e-02 1.000000000000000000e+00 0.000000000000000000e+00 0.000000000000000000e+00
2.569894492626190186e-02 1.299705505371093750e-01 0.000000000000000000e+00 1.000000000000000000e+00 0.000000000000000000e+00
-9.934016466140747070e-01 7.101362943649291992e-01 1.000000000000000000e+00 0.000000000000000000e+00 0.000000000000000000e+00
1.347711801528930664e+00 -2.179515063762664795e-01 1.000000000000000000e+00 0.000000000000000000e+00 0.000000000000000000e+00
6.252349615097045898e-01 -1.954493373632431030e-01 0.000000000000000000e+00 1.000000000000000000e+00 0.000000000000000000e+00
-1.947801232337951660e+00 6.198204755783081055e-01 1.000000000000000000e+00 0.000000000000000000e+00 0.000000000000000000e+00
6.189635396003723145e-02 6.929781436920166016e-01 1.000000000000000000e+00 0.000000000000000000e+00 0.000000000000000000e+00
-1.780249178409576416e-01 1.001641273498535156e+00 1.000000000000000000e+00 0.000000000000000000e+00 0.000000000000000000e+00
-1.926827132701873779e-01 5.361561179161071777e-01 1.000000000000000000e+00 0.000000000000000000e+00 0.000000000000000000e+00
-2.576286196708679199e-01 4.172971248626708984e-01 1.000000000000000000e+00 0.000000000000000000e+00 0.000000000000000000e+00
-2.828798294067382812e-01 2.614200711250305176e-01 1.000000000000000000e+00 0.000000000000000000e+00 0.000000000000000000e+00
-2.735674977302551270e-01 9.604895859956741333e-02 0.000000000000000000e+00 1.000000000000000000e+00 0.000000000000000000e+00
1.048752069473266602e-01 -1.857415914535522461e+00 1.000000000000000000e+00 0.000000000000000000e+00 0.000000000000000000e+00
3.033668994903564453e-01 3.110128641128540039e-02 1.000000000000000000e+00 0.000000000000000000e+00 0.000000000000000000e+00
5.405996367335319519e-02 8.160179108381271362e-02 0.000000000000000000e+00 1.000000000000000000e+00 0.000000000000000000e+00
-2.927778661251068115e-01 4.928956031799316406e-01 1.000000000000000000e+00 0.000000000000000000e+00 0.000000000000000000e+00
6.403503417968750000e-01 -3.122266232967376709e-01 1.000000000000000000e+00 0.000000000000000000e+00 0.000000000000000000e+00
3.103496730327606201e-01 -2.593084871768951416e-01 0.000000000000000000e+00 1.000000000000000000e+00 0.000000000000000000e+00
8.550491929054260254e-01 -6.620695590972900391e-01 1.000000000000000000e+00 0.000000000000000000e+00 0.000000000000000000e+00
-4.960612952709197998e-02 7.112381458282470703e-01 1.000000000000000000e+00 0.000000000000000000e+00 0.000000000000000000e+00
-7.015400379896163940e-02 1.529851853847503662e-01 0.000000000000000000e+00 1.000000000000000000e+00 0.000000000000000000e+00
3.367015421390533447e-01 -1.042830109596252441e+00 1.000000000000000000e+00 0.000000000000000000e+00 0.000000000000000000e+00
8.937218189239501953e-01 -1.600004881620407104e-01 1.000000000000000000e+00 0.000000000000000000e+00 0.000000000000000000e+00
3.071561455726623535e-01 5.332365259528160095e-02 1.000000000000000000e+00 0.000000000000000000e+00 0.000000000000000000e+00
-2.084282338619232178e-01 8.295181393623352051e-01 1.000000000000000000e+00 0.000000000000000000e+00 0.000000000000000000e+00
-1.173382550477981567e-01 1.953937411308288574e-01 1.000000000000000000e+00 0.000000000000000000e+00 0.000000000000000000e+00
-1.816472858190536499e-01 1.295548975467681885e-01 0.000000000000000000e+00 1.000000000000000000e+00 0.000000000000000000e+00
-6.282203197479248047e-01 -4.324307143688201904e-01 1.000000000000000000e+00 0.000000000000000000e+00 0.000000000000000000e+00
4.925787746906280518e-01 -1.208295077085494995e-01 1.000000000000000000e+00 0.000000000000000000e+00 0.000000000000000000e+00
2.168315351009368896e-01 -1.513545066118240356e-01 0.000000000000000000e+00 1.000000000000000000e+00 0.000000000000000000e+00
-2.715456187725067139e-01 -8.170562982559204102e-02 1.000000000000000000e+00 0.000000000000000000e+00 0.000000000000000000e+00
-2.682260274887084961e-01 6.356048583984375000e-01 1.000000000000000000e+00 0.000000000000000000e+00 0.000000000000000000e+00
4.249761998653411865e-01 -3.904293477535247803e-02 1.000000000000000000e+00 0.000000000000000000e+00 0.000000000000000000e+00
-3.409580141305923462e-02 5.034101009368896484e-02 0.000000000000000000e+00 1.000000000000000000e+00 0.000000000000000000e+00
-1.477225899696350098e+00 7.594722509384155273e-01 1.000000000000000000e+00 0.000000000000000000e+00 0.000000000000000000e+00
1.423825621604919434e+00 -1.968639791011810303e-01 1.000000000000000000e+00 0.000000000000000000e+00 0.000000000000000000e+00
6.436539888381958008e-01 -1.643100827932357788e-01 0.000000000000000000e+00 1.000000000000000000e+00 0.000000000000000000e+00
-1.101096153259277344e+00 3.243726193904876709e-01 1.000000000000000000e+00 0.000000000000000000e+00 0.000000000000000000e+00
-2.480227053165435791e-01 7.652301192283630371e-01 1.000000000000000000e+00 0.000000000000000000e+00 0.000000000000000000e+00
1.759503036737442017e-02 1.087257862091064453e-01 0.000000000000000000e+00 1.000000000000000000e+00 0.000000000000000000e+00
9.307044744491577148e-01 -7.816322445869445801e-01 1.000000000000000000e+00 0.000000000000000000e+00 0.000000000000000000e+00
-7.560780644416809082e-02 1.263936758041381836e+00 1.000000000000000000e+00 0.000000000000000000e+00 0.000000000000000000e+00
-1.517762243747711182e-01 5.323173403739929199e-01 0.000000000000000000e+00 1.000000000000000000e+00 0.000000000000000000e+00
-9.410418272018432617e-01 -4.008203983306884766e+00 0.000000000000000000e+00 0.000000000000000000e+00 1.000000000000000000e+00
1.812524795532226562e-01 4.562589824199676514e-01 0.000000000000000000e+00 0.000000000000000000e+00 1.000000000000000000e+00
-1.676488876342773438e+00 -3.085166215896606445e-01 0.000000000000000000e+00 0.000000000000000000e+00 1.000000000000000000e+00
-1.063989520072937012e+00 -2.059718370437622070e-01 0.000000000000000000e+00 0.000000000000000000e+00 1.000000000000000000e+00
-1.224786400794982910e+00 -3.442342877388000488e-01 0.000000000000000000e+00 0.000000000000000000e+00 1.000000000000000000e+00
-1.116686582565307617e+00 -2.800254821777343750e-01 0.000000000000000000e+00 0.000000000000000000e+00 1.000000000000000000e+00
-1.123780012130737305e+00 -2.717302441596984863e-01 0.000000000000000000e+00 0.000000000000000000e+00 1.000000000000000000e+00
-1.094886779785156250e+00 -2.568084001541137695e-01 0.000000000000000000e+00 0.000000000000000000e+00 1.000000000000000000e+00
-1.086479067802429199e+00 -2.492198348045349121e-01 0.000000000000000000e+00 0.000000000000000000e+00 1.000000000000000000e+00
-1.068655967712402344e+00 -2.603899240493774414e-01 0.000000000000000000e+00 0.000000000000000000e+00 1.000000000000000000e+00
-1.053421139717102051e+00 -2.989122867584228516e-01 0.000000000000000000e+00 0.000000000000000000e+00 1.000000000000000000e+00
-1.034599423408508301e+00 -2.992431521415710449e-01 0.000000000000000000e+00 0.000000000000000000e+00 1.000000000000000000e+00
-1.020436882972717285e+00 -3.004446029663085938e-01 0.000000000000000000e+00 0.000000000000000000e+00 1.000000000000000000e+00
-1.003835916519165039e+00 -3.026321530342102051e-01 0.000000000000000000e+00 0.000000000000000000e+00 1.000000000000000000e+00
0.000000000000000000e+00 0.000000000000000000e+00 0.000000000000000000e+00 0.000000000000000000e+00 0.000000000000000000e+00
0.000000000000000000e+00 0.000000000000000000e+00 0.000000000000000000e+00 0.000000000000000000e+00 0.000000000000000000e+00
0.000000000000000000e+00 0.000000000000000000e+00 0.000000000000000000e+00 0.000000000000000000e+00 0.000000000000000000e+00
0.000000000000000000e+00 0.000000000000000000e+00 0.000000000000000000e+00 0.000000000000000000e+00 0.000000000000000000e+00
0.000000000000000000e+00 0.000000000000000000e+00 0.000000000000000000e+00 0.000000000000000000e+00 0.000000000000000000e+00
0.000000000000000000e+00 0.000000000000000000e+00 0.000000000000000000e+00 0.000000000000000000e+00 0.000000000000000000e+00
0.000000000000000000e+00 0.000000000000000000e+00 0.000000000000000000e+00 0.000000000000000000e+00 0.000000000000000000e+00
0.000000000000000000e+00 0.000000000000000000e+00 0.000000000000000000e+00 0.000000000000000000e+00 0.000000000000000000e+00
0.000000000000000000e+00 0.000000000000000000e+00 0.000000000000000000e+00 0.000000000000000000e+00 0.000000000000000000e+00
0.000000000000000000e+00 0.000000000000000000e+00 0.000000000000000000e+00 0.000000000000000000e+00 0.000000000000000000e+00
0.000000000000000000e+00 0.000000000000000000e+00 0.000000000000000000e+00 0.000000000000000000e+00 0.000000000000000000e+00
0.000000000000000000e+00 0.000000000000000000e+00 0.000000000000000000e+00 0.000000000000000000e+00 0.000000000000000000e+00
0.000000000000000000e+00 0.000000000000000000e+00 0.000000000000000000e+00 0.000000000000000000e+00 0.000000000000000000e+00
0.000000000000000000e+00 0.000000000000000000e+00 0.000000000000000000e+00 0.000000000000000000e+00 0.000000000000000000e+00
0.000000000000000000e+00 0.000000000000000000e+00 0.000000000000000000e+00 0.000000000000000000e+00 0.000000000000000000e+00
0.000000000000000000e+00 0.000000000000000000e+00 0.000000000000000000e+00 0.000000000000000000e+00 0.000000000000000000e+00
0.000000000000000000e+00 0.000000000000000000e+00 0.000000000000000000e+00 0.000000000000000000e+00 0.000000000000000000e+00
0.000000000000000000e+00 0.000000000000000000e+00 0.000000000000000000e+00 0.000000000000000000e+00 0.000000000000000000e+00
0.000000000000000000e+00 0.000000000000000000e+00 0.000000000000000000e+00 0.000000000000000000e+00 0.000000000000000000e+00
0.000000000000000000e+00 0.000000000000000000e+00 0.000000000000000000e+00 0.000000000000000000e+00 0.000000000000000000e+00
0.000000000000000000e+00 0.000000000000000000e+00 0.000000000000000000e+00 0.000000000000000000e+00 0.000000000000000000e+00
0.000000000000000000e+00 0.000000000000000000e+00 0.000000000000000000e+00 0.000000000000000000e+00 0.000000000000000000e+00
0.000000000000000000e+00 0.000000000000000000e+00 0.000000000000000000e+00 0.000000000000000000e+00 0.000000000000000000e+00
0.000000000000000000e+00 0.000000000000000000e+00 0.000000000000000000e+00 0.000000000000000000e+00 0.000000000000000000e+00
0.000000000000000000e+00 0.000000000000000000e+00 0.000000000000000000e+00 0.000000000000000000e+00 0.000000000000000000e+00
0.000000000000000000e+00 0.000000000000000000e+00 0.000000000000000000e+00 0.000000000000000000e+00 0.000000000000000000e+00
0.000000000000000000e+00 0.000000000000000000e+00 0.000000000000000000e+00 0.000000000000000000e+00 0.000000000000000000e+00
0.000000000000000000e+00 0.000000000000000000e+00 0.000000000000000000e+00 0.000000000000000000e+00 0.000000000000000000e+00
0.000000000000000000e+00 0.000000000000000000e+00 0.000000000000000000e+00 0.000000000000000000e+00 0.000000000000000000e+00
0.000000000000000000e+00 0.000000000000000000e+00 0.000000000000000000e+00 0.000000000000000000e+00 0.000000000000000000e+00
0.000000000000000000e+00 0.000000000000000000e+00 0.000000000000000000e+00 0.000000000000000000e+00 0.000000000000000000e+00
0.000000000000000000e+00 0.000000000000000000e+00 0.000000000000000000e+00 0.000000000000000000e+00 0.000000000000000000e+00
0.000000000000000000e+00 0.000000000000000000e+00 0.000000000000000000e+00 0.000000000000000000e+00 0.000000000000000000e+00
0.000000000000000000e+00 0.000000000000000000e+00 0.000000000000000000e+00 0.000000000000000000e+00 0.000000000000000000e+00
0.000000000000000000e+00 0.000000000000000000e+00 0.000000000000000000e+00 0.000000000000000000e+00 0.000000000000000000e+00
0.000000000000000000e+00 0.000000000000000000e+00 0.000000000000000000e+00 0.000000000000000000e+00 0.000000000000000000e+00
0.000000000000000000e+00 0.000000000000000000e+00 0.000000000000000000e+00 0.000000000000000000e+00 0.000000000000000000e+00
0.000000000000000000e+00 0.000000000000000000e+00 0.000000000000000000e+00 0.000000000000000000e+00 0.000000000000000000e+00
0.000000000000000000e+00 0.000000000000000000e+00 0.000000000000000000e+00 0.000000000000000000e+00 0.000000000000000000e+00
0.000000000000000000e+00 0.000000000000000000e+00 0.000000000000000000e+00 0.000000000000000000e+00 0.000000000000000000e+00
0.000000000000000000e+00 0.000000000000000000e+00 0.000000000000000000e+00 0.000000000000000000e+00 0.000000000000000000e+00
0.000000000000000000e+00 0.000000000000000000e+00 0.000000000000000000e+00 0.000000000000000000e+00 0.000000000000000000e+00
0.000000000000000000e+00 0.000000000000000000e+00 0.000000000000000000e+00 0.000000000000000000e+00 0.000000000000000000e+00
0.000000000000000000e+00 0.000000000000000000e+00 0.000000000000000000e+00 0.000000000000000000e+00 0.000000000000000000e+00
0.000000000000000000e+00 0.000000000000000000e+00 0.000000000000000000e+00 0.000000000000000000e+00 0.000000000000000000e+00
0.000000000000000000e+00 0.000000000000000000e+00 0.000000000000000000e+00 0.000000000000000000e+00 0.000000000000000000e+00
0.000000000000000000e+00 0.000000000000000000e+00 0.000000000000000000e+00 0.000000000000000000e+00 0.000000000000000000e+00
0.000000000000000000e+00 0.000000000000000000e+00 0.000000000000000000e+00 0.000000000000000000e+00 0.000000000000000000e+00
0.000000000000000000e+00 0.000000000000000000e+00 0.000000000000000000e+00 0.000000000000000000e+00 0.000000000000000000e+00
0.000000000000000000e+00 0.000000000000000000e+00 0.000000000000000000e+00 0.000000000000000000e+00 0.000000000000000000e+00
0.000000000000000000e+00 0.000000000000000000e+00 0.000000000000000000e+00 0.000000000000000000e+00 0.000000000000000000e+00
0.000000000000000000e+00 0.000000000000000000e+00 0.000000000000000000e+00 0.000000000000000000e+00 0.000000000000000000e+00
0.000000000000000000e+00 0.000000000000000000e+00 0.000000000000000000e+00 0.000000000000000000e+00 0.000000000000000000e+00
0.000000000000000000e+00 0.000000000000000000e+00 0.000000000000000000e+00 0.000000000000000000e+00 0.000000000000000000e+00
0.000000000000000000e+00 0.000000000000000000e+00 0.000000000000000000e+00 0.000000000000000000e+00 0.000000000000000000e+00
0.000000000000000000e+00 0.000000000000000000e+00 0.000000000000000000e+00 0.000000000000000000e+00 0.000000000000000000e+00
0.000000000000000000e+00 0.000000000000000000e+00 0.000000000000000000e+00 0.000000000000000000e+00 0.000000000000000000e+00
0.000000000000000000e+00 0.000000000000000000e+00 0.000000000000000000e+00 0.000000000000000000e+00 0.000000000000000000e+00
0.000000000000000000e+00 0.000000000000000000e+00 0.000000000000000000e+00 0.000000000000000000e+00 0.000000000000000000e+00
0.000000000000000000e+00 0.000000000000000000e+00 0.000000000000000000e+00 0.000000000000000000e+00 0.000000000000000000e+00
0.000000000000000000e+00 0.000000000000000000e+00 0.000000000000000000e+00 0.000000000000000000e+00 0.000000000000000000e+00
0.000000000000000000e+00 0.000000000000000000e+00 0.000000000000000000e+00 0.000000000000000000e+00 0.000000000000000000e+00
0.000000000000000000e+00 0.000000000000000000e+00 0.000000000000000000e+00 0.000000000000000000e+00 0.000000000000000000e+00
