0.000000000000000000e+00 0.000000000000000000e+00 1.000000000000000000e+00 0.000000000000000000e+00 0.000000000000000000e+00
1.574867069721221924e-01 7.639408111572265625e-02 1.000000000000000000e+00 0.000000000000000000e+00 0.000000000000000000e+00
2.574096620082855225e-02 1.290775835514068604e-01 0.000000000000000000e+00 1.000000000000000000e+00 0.000000000000000000e+00
-8.776952028274536133e-01 6.392959356307983398e-01 1.000000000000000000e+00 0.000000000000000000e+00 0.000000000000000000e+00
1.234352588653564453e+00 -1.981246471405029297e-01 1.000000000000000000e+00 0.000000000000000000e+00 0.000000000000000000e+00
5.458912849426269531e-01 -1.755569577217102051e-01 0.000000000000000000e+00 1.000000000000000000e+00 0.000000000000000000e+00
-1.767633318901062012e+00 6.021443605422973633e-01 1.000000000000000000e+00 0.000000000000000000e+00 0.000000000000000000e+00
5.294488370418548584e-02 6.793067455291748047e-01 1.000000000000000000e+00 0.000000000000000000e+00 0.000000000000000000e+00
-1.742270290851593018e-01 9.502712488174438477e-01 1.000000000000000000e+00 0.000000000000000000e+00 0.000000000000000000e+00
-1.852675378322601318e-01 4.937589764595031738e-01 1.000000000000000000e+00 0.000000000000000000e+00 0.000000000000000000e+00
-2.434498220682144165e-01 3.720265030860900879e-01 1.000000000000000000e+00 0.000000000000000000e+00 0.000000000000000000e+00
-2.632783651351928711e-01 2.209496796131134033e-01 1.000000000000000000e+00 0.000000000000000000e+00 0.000000000000000000e+00
-2.579181194305419922e-01 6.763353943824768066e-02 0.000000000000000000e+00 1.000000000000000000e+00 0.000000000000000000e+00
1.233510151505470276e-01 -1.690231800079345703e+00 1.000000000000000000e+00 0.000000000000000000e+00 0.000000000000000000e+00
2.907808125019073486e-01 2.984030544757843018e-02 1.000000000000000000e+00 0.000000000000000000e+00 0.000000000000000000e+00
5.082631111145019531e-02 7.812427729368209839e-02 0.000000000000000000e+00 1.000000000000000000e+00 0.000000000000000000e+00
-2.706517875194549561e-01 4.447968006134033203e-01 1.000000000000000000e+00 0.000000000000000000e+00 0.000000000000000000e+00
6.097002029418945312e-01 -3.008430004119873047e-01 1.000000000000000000e+00 0.000000000000000000e+00 0.000000000000000000e+00
2.927432060241699219e-01 -2.525354921817779541e-01 0.000000000000000000e+00 1.000000000000000000e+00 0.000000000000000000e+00
7.812538743019104004e-01 -5.660657286643981934e-01 1.000000000000000000e+00 0.000000000000000000e+00 0.000000000000000000e+00
-6.009776145219802856e-02 6.018556356430053711e-01 1.000000000000000000e+00 0.000000000000000000e+00 0.000000000000000000e+00
-7.243525981903076172e-02 1.388875842094421387e-01 0.000000000000000000e+00 1.000000000000000000e+00 0.000000000000000000e+00
3.945572972297668457e-01 -9.190092086791992188e-01 1.000000000000000000e+00 0.000000000000000000e+00 0.000000000000000000e+00
7.143931388854980469e-01 -9.328687191009521484e-02 1.000000000000000000e+00 0.000000000000000000e+00 0.000000000000000000e+00
2.341743111610412598e-01 7.471704483032226562e-02 1.000000000000000000e+00 0.000000000000000000e+00 0.000000000000000000e+00
-2.235868573188781738e-01 7.161934375762939453e-01 1.000000000000000000e+00 0.000000000000000000e+00 0.000000000000000000e+00
-1.344821751117706299e-01 1.887400299310684204e-01 0.000000000000000000e+00 1.000000000000000000e+00 0.000000000000000000e+00
-4.059902727603912354e-01 -3.848657011985778809e-01 1.000000000000000000e+00 0.000000000000000000e+00 0.000000000000000000e+00
3.298360109329223633e-01 -1.400552690029144287e-02 1.000000000000000000e+00 0.000000000000000000e+00 0.000000000000000000e+00
-5.111069977283477783e-02 5.532617494463920593e-02 0.000000000000000000e+00 1.000000000000000000e+00 0.000000000000000000e+00
-3.318225741386413574e-01 3.012998998165130615e-01 1.000000000000000000e+00 0.000000000000000000e+00 0.000000000000000000e+00
4.603543579578399658e-01 -7.718639075756072998e-02 0.000000000000000000e+00 1.000000000000000000e+00 0.000000000000000000e+00
-1.213579773902893066e+00 6.835128664970397949e-01 1.000000000000000000e+00 0.000000000000000000e+00 0.000000000000000000e+00
6.650196015834808350e-02 6.129564642906188965e-01 1.000000000000000000e+00 0.000000000000000000e+00 0.000000000000000000e+00
-4.444810003042221069e-02 1.247436776757240295e-01 0.000000000000000000e+00 1.000000000000000000e+00 0.000000000000000000e+00
3.748211860656738281e-01 -7.959863543510437012e-01 1.000000000000000000e+00 0.000000000000000000e+00 0.000000000000000000e+00
1.087127685546875000e+00 -1.345900893211364746e-01 1.000000000000000000e+00 0.000000000000000000e+00 0.000000000000000000e+00
3.962999582290649414e-01 6.725309789180755615e-02 1.000000000000000000e+00 0.000000000000000000e+00 0.000000000000000000e+00
-1.149027235805988312e-02 2.263093888759613037e-01 1.000000000000000000e+00 0.000000000000000000e+00 0.000000000000000000e+00
-2.817536592483520508e-01 3.762064576148986816e-01 1.000000000000000000e+00 0.000000000000000000e+00 0.000000000000000000e+00
-2.112822085618972778e-01 1.484889686107635498e-01 0.000000000000000000e+00 1.000000000000000000e+00 0.000000000000000000e+00
-5.196431875228881836e-01 -4.579880237579345703e-01 1.000000000000000000e+00 0.000000000000000000e+00 0.000000000000000000e+00
-8.465843647718429565e-02 4.226510524749755859e-01 1.000000000000000000e+00 0.000000000000000000e+00 0.000000000000000000e+00
4.251813143491744995e-02 5.362679436802864075e-02 0.000000000000000000e+00 1.000000000000000000e+00 0.000000000000000000e+00
5.155298113822937012e-01 -4.468635916709899902e-01 1.000000000000000000e+00 0.000000000000000000e+00 0.000000000000000000e+00
-6.152708530426025391e-01 6.880984902381896973e-01 1.000000000000000000e+00 0.000000000000000000e+00 0.000000000000000000e+00
-2.737674117088317871e-01 1.761378794908523560e-01 1.000000000000000000e+00 0.000000000000000000e+00 0.000000000000000000e+00
-3.521493077278137207e-01 5.823504179716110229e-02 1.000000000000000000e+00 0.000000000000000000e+00 0.000000000000000000e+00
1.281973719596862793e+00 -1.371375620365142822e-01 1.000000000000000000e+00 0.000000000000000000e+00 0.000000000000000000e+00
1.096853256225585938e+00 6.511638313531875610e-02 1.000000000000000000e+00 0.000000000000000000e+00 0.000000000000000000e+00
4.285728335380554199e-01 -4.808627068996429443e-02 0.000000000000000000e+00 1.000000000000000000e+00 0.000000000000000000e+00
-2.640451669692993164e+00 -2.411890268325805664e+00 0.000000000000000000e+00 0.000000000000000000e+00 1.000000000000000000e+00
3.589229583740234375e-01 5.162335038185119629e-01 0.000000000000000000e+00 0.000000000000000000e+00 1.000000000000000000e+00
-1.797760963439941406e+00 1.080197691917419434e-01 0.000000000000000000e+00 0.000000000000000000e+00 1.000000000000000000e+00
-1.048746109008789062e+00 -1.425525546073913574e-01 0.000000000000000000e+00 0.000000000000000000e+00 1.000000000000000000e+00
-1.316216945648193359e+00 -3.443124890327453613e-01 0.000000000000000000e+00 0.000000000000000000e+00 1.000000000000000000e+00
-1.113766670227050781e+00 -1.745555400848388672e-01 0.000000000000000000e+00 0.000000000000000000e+00 1.000000000000000000e+00
-1.200910449028015137e+00 -2.959128618240356445e-01 0.000000000000000000e+00 0.000000000000000000e+00 1.000000000000000000e+00
-1.113329172134399414e+00 -2.091940641403198242e-01 0.000000000000000000e+00 0.000000000000000000e+00 1.000000000000000000e+00
-1.139233469963073730e+00 -2.244417071342468262e-01 0.000000000000000000e+00 0.000000000000000000e+00 1.000000000000000000e+00
-1.109402060508728027e+00 -2.151148319244384766e-01 0.000000000000000000e+00 0.000000000000000000e+00 1.000000000000000000e+00
-1.108129143714904785e+00 -2.466586828231811523e-01 0.000000000000000000e+00 0.000000000000000000e+00 1.000000000000000000e+00
-1.087068438529968262e+00 -2.254795432090759277e-01 0.000000000000000000e+00 0.000000000000000000e+00 1.000000000000000000e+00
-1.083563327789306641e+00 -2.234346270561218262e-01 0.000000000000000000e+00 0.000000000000000000e+00 1.000000000000000000e+00
-1.072741866111755371e+00 -2.169725894927978516e-01 0.000000000000000000e+00 0.000000000000000000e+00 1.000000000000000000e+00
-1.065189123153686523e+00 -2.334557175636291504e-01 0.000000000000000000e+00 0.000000000000000000e+00 1.000000000000000000e+00
-1.054611206054687500e+00 -2.406218647956848145e-01 0.000000000000000000e+00 0.000000000000000000e+00 1.000000000000000000e+00
-1.047789931297302246e+00 -2.496941685676574707e-01 0.000000000000000000e+00 0.000000000000000000e+00 1.000000000000000000e+00
-1.039295315742492676e+00 -2.506102323532104492e-01 0.000000000000000000e+00 0.000000000000000000e+00 1.000000000000000000e+00
-1.031787395477294922e+00 -2.463480830192565918e-01 0.000000000000000000e+00 0.000000000000000000e+00 1.000000000000000000e+00
-1.024481296539306641e+00 -2.457945346832275391e-01 0.000000000000000000e+00 0.000000000000000000e+00 1.000000000000000000e+00
-1.018421053886413574e+00 -2.513671517372131348e-01 0.000000000000000000e+00 0.000000000000000000e+00 1.000000000000000000e+00
-1.011687159538269043e+00 -2.619266510009765625e-01 0.000000000000000000e+00 0.000000000000000000e+00 1.000000000000000000e+00
-1.003664374351501465e+00 -2.691873908042907715e-01 0.000000000000000000e+00 0.000000000000000000e+00 1.000000000000000000e+00
-9.957122802734375000e-01 -2.724609375000000000e-01 0.000000000000000000e+00 0.000000000000000000e+00 1.000000000000000000e+00
-9.874210357666015625e-01 -2.713164687156677246e-01 0.000000000000000000e+00 0.000000000000000000e+00 1.000000000000000000e+00
-9.800922870635986328e-01 -2.698426246643066406e-01 0.000000000000000000e+00 0.000000000000000000e+00 1.000000000000000000e+00
-9.737285375595092773e-01 -2.702237367630004883e-01 0.000000000000000000e+00 0.000000000000000000e+00 1.000000000000000000e+00
-9.689863920211791992e-01 -2.694748044013977051e-01 0.000000000000000000e+00 0.000000000000000000e+00 1.000000000000000000e+00
-9.652919769287109375e-01 -2.701296210289001465e-01 0.000000000000000000e+00 0.000000000000000000e+00 1.000000000000000000e+00
-9.623546600341796875e-01 -2.709510922431945801e-01 0.000000000000000000e+00 0.000000000000000000e+00 1.000000000000000000e+00
-9.593491554260253906e-01 -2.698233127593994141e-01 0.000000000000000000e+00 0.000000000000000000e+00 1.000000000000000000e+00
-9.554320573806762695e-01 -2.680296301841735840e-01 0.000000000000000000e+00 0.000000000000000000e+00 1.000000000000000000e+00
-9.513280391693115234e-01 -2.668395042419433594e-01 0.000000000000000000e+00 0.000000000000000000e+00 1.000000000000000000e+00
-9.470162391662597656e-01 -2.665404081344604492e-01 0.000000000000000000e+00 0.000000000000000000e+00 1.000000000000000000e+00
-9.416941404342651367e-01 -2.645436525344848633e-01 0.000000000000000000e+00 0.000000000000000000e+00 1.000000000000000000e+00
0.000000000000000000e+00 0.000000000000000000e+00 0.000000000000000000e+00 0.000000000000000000e+00 0.000000000000000000e+00
0.000000000000000000e+00 0.000000000000000000e+00 0.000000000000000000e+00 0.000000000000000000e+00 0.000000000000000000e+00
0.000000000000000000e+00 0.000000000000000000e+00 0.000000000000000000e+00 0.000000000000000000e+00 0.000000000000000000e+00
0.000000000000000000e+00 0.000000000000000000e+00 0.000000000000000000e+00 0.000000000000000000e+00 0.000000000000000000e+00
0.000000000000000000e+00 0.000000000000000000e+00 0.000000000000000000e+00 0.000000000000000000e+00 0.000000000000000000e+00
0.000000000000000000e+00 0.000000000000000000e+00 0.000000000000000000e+00 0.000000000000000000e+00 0.000000000000000000e+00
0.000000000000000000e+00 0.000000000000000000e+00 0.000000000000000000e+00 0.000000000000000000e+00 0.000000000000000000e+00
0.000000000000000000e+00 0.000000000000000000e+00 0.000000000000000000e+00 0.000000000000000000e+00 0.000000000000000000e+00
0.000000000000000000e+00 0.000000000000000000e+00 0.000000000000000000e+00 0.000000000000000000e+00 0.000000000000000000e+00
0.000000000000000000e+00 0.000000000000000000e+00 0.000000000000000000e+00 0.000000000000000000e+00 0.000000000000000000e+00
0.000000000000000000e+00 0.000000000000000000e+00 0.000000000000000000e+00 0.000000000000000000e+00 0.000000000000000000e+00
0.000000000000000000e+00 0.000000000000000000e+00 0.000000000000000000e+00 0.000000000000000000e+00 0.000000000000000000e+00
0.000000000000000000e+00 0.000000000000000000e+00 0.000000000000000000e+00 0.000000000000000000e+00 0.000000000000000000e+00
0.000000000000000000e+00 0.000000000000000000e+00 0.000000000000000000e+00 0.000000000000000000e+00 0.000000000000000000e+00
0.000000000000000000e+00 0.000000000000000000e+00 0.000000000000000000e+00 0.000000000000000000e+00 0.000000000000000000e+00
0.000000000000000000e+00 0.000000000000000000e+00 0.000000000000000000e+00 0.000000000000000000e+00 0.000000000000000000e+00
0.000000000000000000e+00 0.000000000000000000e+00 0.000000000000000000e+00 0.000000000000000000e+00 0.000000000000000000e+00
0.000000000000000000e+00 0.000000000000000000e+00 0.000000000000000000e+00 0.000000000000000000e+00 0.000000000000000000e+00
0.000000000000000000e+00 0.000000000000000000e+00 0.000000000000000000e+00 0.000000000000000000e+00 0.000000000000000000e+00
0.000000000000000000e+00 0.000000000000000000e+00 0.000000000000000000e+00 0.000000000000000000e+00 0.000000000000000000e+00
0.000000000000000000e+00 0.000000000000000000e+00 0.000000000000000000e+00 0.000000000000000000e+00 0.000000000000000000e+00
0.000000000000000000e+00 0.000000000000000000e+00 0.000000000000000000e+00 0.000000000000000000e+00 0.000000000000000000e+00
0.000000000000000000e+00 0.000000000000000000e+00 0.000000000000000000e+00 0.000000000000000000e+00 0.000000000000000000e+00
0.000000000000000000e+00 0.000000000000000000e+00 0.000000000000000000e+00 0.000000000000000000e+00 0.000000000000000000e+00
0.000000000000000000e+00 0.000000000000000000e+00 0.000000000000000000e+00 0.000000000000000000e+00 0.000000000000000000e+00
0.000000000000000000e+00 0.000000000000000000e+00 0.000000000000000000e+00 0.000000000000000000e+00 0.000000000000000000e+00
0.000000000000000000e+00 0.000000000000000000e+00 0.000000000000000000e+00 0.000000000000000000e+00 0.000000000000000000e+00
0.000000000000000000e+00 0.000000000000000000e+00 0.000000000000000000e+00 0.000000000000000000e+00 0.000000000000000000e+00
0.000000000000000000e+00 0.000000000000000000e+00 0.000000000000000000e+00 0.000000000000000000e+00 0.000000000000000000e+00
0.000000000000000000e+00 0.000000000000000000e+00 0.000000000000000000e+00 0.000000000000000000e+00 0.000000000000000000e+00
0.000000000000000000e+00 0.000000000000000000e+00 0.000000000000000000e+00 0.000000000000000000e+00 0.000000000000000000e+00
0.000000000000000000e+00 0.000000000000000000e+00 0.000000000000000000e+00 0.000000000000000000e+00 0.000000000000000000e+00
0.000000000000000000e+00 0.000000000000000000e+00 0.000000000000000000e+00 0.000000000000000000e+00 0.000000000000000000e+00
0.000000000000000000e+00 0.000000000000000000e+00 0.000000000000000000e+00 0.000000000000000000e+00 0.000000000000000000e+00
0.000000000000000000e+00 0.000000000000000000e+00 0.000000000000000000e+00 0.000000000000000000e+00 0.000000000000000000e+00
