0.000000000000000000e+00 0.000000000000000000e+00 1.000000000000000000e+00 0.000000000000000000e+00 0.000000000000000000e+00
-7.791399210691452026e-02 1.090206503868103027e+00 1.000000000000000000e+00 0.000000000000000000e+00 0.000000000000000000e+00
-8.195636421442031860e-02 3.143054842948913574e-01 0.000000000000000000e+00 1.000000000000000000e+00 0.000000000000000000e+00
4.638496041297912598e-01 -1.783960103988647461e+00 1.000000000000000000e+00 0.000000000000000000e+00 0.000000000000000000e+00
6.763167977333068848e-01 -1.807492226362228394e-01 1.000000000000000000e+00 0.000000000000000000e+00 0.000000000000000000e+00
2.355971336364746094e-01 6.757572293281555176e-02 1.000000000000000000e+00 0.000000000000000000e+00 0.000000000000000000e+00
-1.041115298867225647e-01 1.470445632934570312e+00 1.000000000000000000e+00 0.000000000000000000e+00 0.000000000000000000e+00
-7.794716209173202515e-02 2.300788015127182007e-01 1.000000000000000000e+00 0.000000000000000000e+00 0.000000000000000000e+00
-1.248197481036186218e-01 1.040775328874588013e-01 0.000000000000000000e+00 1.000000000000000000e+00 0.000000000000000000e+00
-4.093282222747802734e-01 -9.819569587707519531e-01 1.000000000000000000e+00 0.000000000000000000e+00 0.000000000000000000e+00
3.254968523979187012e-01 -1.431046426296234131e-02 0.000000000000000000e+00 1.000000000000000000e+00 0.000000000000000000e+00
-2.506205737590789795e-01 3.499870002269744873e-01 1.000000000000000000e+00 0.000000000000000000e+00 0.000000000000000000e+00
3.432954549789428711e-01 3.044535219669342041e-02 0.000000000000000000e+00 1.000000000000000000e+00 0.000000000000000000e+00
-3.238985240459442139e-01 4.802874624729156494e-01 1.000000000000000000e+00 0.000000000000000000e+00 0.000000000000000000e+00
4.895130991935729980e-01 -1.101729124784469604e-01 1.000000000000000000e+00 0.000000000000000000e+00 0.000000000000000000e+00
2.259507924318313599e-01 -1.424141228199005127e-01 0.000000000000000000e+00 1.000000000000000000e+00 0.000000000000000000e+00
9.077369570732116699e-01 -1.642959594726562500e+00 1.000000000000000000e+00 0.000000000000000000e+00 0.000000000000000000e+00
7.445797920227050781e-01 -1.332525908946990967e-01 1.000000000000000000e+00 0.000000000000000000e+00 0.000000000000000000e+00
2.112589478492736816e-01 5.533645302057266235e-02 1.000000000000000000e+00 0.000000000000000000e+00 0.000000000000000000e+00
-6.403821110725402832e-01 7.268004417419433594e-01 1.000000000000000000e+00 0.000000000000000000e+00 0.000000000000000000e+00
-3.082348704338073730e-01 1.775701940059661865e-01 1.000000000000000000e+00 0.000000000000000000e+00 0.000000000000000000e+00
4.964796304702758789e-01 -1.828213185071945190e-01 1.000000000000000000e+00 0.000000000000000000e+00 0.000000000000000000e+00
7.048873603343963623e-02 -8.644742518663406372e-02 0.000000000000000000e+00 1.000000000000000000e+00 0.000000000000000000e+00
-6.646800041198730469e-01 -1.124644652009010315e-01 1.000000000000000000e+00 0.000000000000000000e+00 0.000000000000000000e+00
-1.645555496215820312e-01 1.336822986602783203e+00 1.000000000000000000e+00 0.000000000000000000e+00 0.000000000000000000e+00
5.382871627807617188e-02 5.035060048103332520e-01 1.000000000000000000e+00 0.000000000000000000e+00 0.000000000000000000e+00
1.119772866368293762e-01 4.244584590196609497e-02 1.000000000000000000e+00 0.000000000000000000e+00 0.000000000000000000e+00
1.071779429912567139e-01 -9.190952777862548828e-02 1.000000000000000000e+00 0.000000000000000000e+00 0.000000000000000000e+00
9.709765017032623291e-02 -2.423521280288696289e-01 1.000000000000000000e+00 0.000000000000000000e+00 0.000000000000000000e+00
3.091629594564437866e-03 -2.758367359638214111e-01 0.000000000000000000e+00 1.000000000000000000e+00 0.000000000000000000e+00
-5.152234435081481934e-02 -3.281822204589843750e-01 1.000000000000000000e+00 0.000000000000000000e+00 0.000000000000000000e+00
7.693995237350463867e-01 -1.812985241413116455e-01 1.000000000000000000e+00 0.000000000000000000e+00 0.000000000000000000e+00
2.762780189514160156e-01 -1.660283505916595459e-01 1.000000000000000000e+00 0.000000000000000000e+00 0.000000000000000000e+00
1.363729126751422882e-02 -1.036549508571624756e-01 0.000000000000000000e+00 1.000000000000000000e+00 0.000000000000000000e+00
-4.590745866298675537e-01 -1.251831948757171631e-01 1.000000000000000000e+00 0.000000000000000000e+00 0.000000000000000000e+00
-3.428915888071060181e-02 2.181987464427947998e-01 1.000000000000000000e+00 0.000000000000000000e+00 0.000000000000000000e+00
2.173929810523986816e-01 8.681485652923583984e-01 1.000000000000000000e+00 0.000000000000000000e+00 0.000000000000000000e+00
2.711561024188995361e-01 4.358549118041992188e-01 1.000000000000000000e+00 0.000000000000000000e+00 0.000000000000000000e+00
2.670423984527587891e-01 1.679716408252716064e-01 1.000000000000000000e+00 0.000000000000000000e+00 0.000000000000000000e+00
3.374481201171875000e-01 2.970198914408683777e-02 0.000000000000000000e+00 1.000000000000000000e+00 0.000000000000000000e+00
-2.044371366500854492e+00 -2.213085651397705078e+00 0.000000000000000000e+00 0.000000000000000000e+00 1.000000000000000000e+00
-2.694893479347229004e-01 1.236304998397827148e+00 0.000000000000000000e+00 0.000000000000000000e+00 1.000000000000000000e+00
-1.705174326896667480e+00 -5.053234100341796875e-02 0.000000000000000000e+00 0.000000000000000000e+00 1.000000000000000000e+00
-1.055802226066589355e+00 -1.235387921333312988e-01 0.000000000000000000e+00 0.000000000000000000e+00 1.000000000000000000e+00
-1.283070564270019531e+00 -1.419960260391235352e-01 0.000000000000000000e+00 0.000000000000000000e+00 1.000000000000000000e+00
-1.147925138473510742e+00 -1.290789246559143066e-01 0.000000000000000000e+00 0.000000000000000000e+00 1.000000000000000000e+00
-1.168018937110900879e+00 -1.771174073219299316e-01 0.000000000000000000e+00 0.000000000000000000e+00 1.000000000000000000e+00
-1.124370455741882324e+00 -1.748660802841186523e-01 0.000000000000000000e+00 0.000000000000000000e+00 1.000000000000000000e+00
-1.115796923637390137e+00 -1.759327650070190430e-01 0.000000000000000000e+00 0.000000000000000000e+00 1.000000000000000000e+00
-1.092740654945373535e+00 -1.712955832481384277e-01 0.000000000000000000e+00 0.000000000000000000e+00 1.000000000000000000e+00
-1.076064705848693848e+00 -1.748640537261962891e-01 0.000000000000000000e+00 0.000000000000000000e+00 1.000000000000000000e+00
-1.060373187065124512e+00 -1.768289208412170410e-01 0.000000000000000000e+00 0.000000000000000000e+00 1.000000000000000000e+00
-1.050609827041625977e+00 -1.811004281044006348e-01 0.000000000000000000e+00 0.000000000000000000e+00 1.000000000000000000e+00
-1.043489575386047363e+00 -1.846710443496704102e-01 0.000000000000000000e+00 0.000000000000000000e+00 1.000000000000000000e+00
-1.037936925888061523e+00 -1.848727464675903320e-01 0.000000000000000000e+00 0.000000000000000000e+00 1.000000000000000000e+00
-1.030780076980590820e+00 -1.846167445182800293e-01 0.000000000000000000e+00 0.000000000000000000e+00 1.000000000000000000e+00
-1.021175146102905273e+00 -1.847940087318420410e-01 0.000000000000000000e+00 0.000000000000000000e+00 1.000000000000000000e+00
0.000000000000000000e+00 0.000000000000000000e+00 0.000000000000000000e+00 0.000000000000000000e+00 0.000000000000000000e+00
0.000000000000000000e+00 0.000000000000000000e+00 0.000000000000000000e+00 0.000000000000000000e+00 0.000000000000000000e+00
0.000000000000000000e+00 0.000000000000000000e+00 0.000000000000000000e+00 0.000000000000000000e+00 0.000000000000000000e+00
0.000000000000000000e+00 0.000000000000000000e+00 0.000000000000000000e+00 0.000000000000000000e+00 0.000000000000000000e+00
0.000000000000000000e+00 0.000000000000000000e+00 0.000000000000000000e+00 0.000000000000000000e+00 0.000000000000000000e+00
0.000000000000000000e+00 0.000000000000000000e+00 0.000000000000000000e+00 0.000000000000000000e+00 0.000000000000000000e+00
0.000000000000000000e+00 0.000000000000000000e+00 0.000000000000000000e+00 0.000000000000000000e+00 0.000000000000000000e+00
0.000000000000000000e+00 0.000000000000000000e+00 0.000000000000000000e+00 0.000000000000000000e+00 0.000000000000000000e+00
0.000000000000000000e+00 0.000000000000000000e+00 0.000000000000000000e+00 0.000000000000000000e+00 0.000000000000000000e+00
0.000000000000000000e+00 0.000000000000000000e+00 0.000000000000000000e+00 0.000000000000000000e+00 0.000000000000000000e+00
0.000000000000000000e+00 0.000000000000000000e+00 0.000000000000000000e+00 0.000000000000000000e+00 0.000000000000000000e+00
0.000000000000000000e+00 0.000000000000000000e+00 0.000000000000000000e+00 0.000000000000000000e+00 0.000000000000000000e+00
0.000000000000000000e+00 0.000000000000000000e+00 0.000000000000000000e+00 0.000000000000000000e+00 0.000000000000000000e+00
0.000000000000000000e+00 0.000000000000000000e+00 0.000000000000000000e+00 0.000000000000000000e+00 0.000000000000000000e+00
0.000000000000000000e+00 0.000000000000000000e+00 0.000000000000000000e+00 0.000000000000000000e+00 0.000000000000000000e+00
0.000000000000000000e+00 0.000000000000000000e+00 0.000000000000000000e+00 0.000000000000000000e+00 0.000000000000000000e+00
0.000000000000000000e+00 0.000000000000000000e+00 0.000000000000000000e+00 0.000000000000000000e+00 0.000000000000000000e+00
0.000000000000000000e+00 0.000000000000000000e+00 0.000000000000000000e+00 0.000000000000000000e+00 0.000000000000000000e+00
0.000000000000000000e+00 0.000000000000000000e+00 0.000000000000000000e+00 0.000000000000000000e+00 0.000000000000000000e+00
0.000000000000000000e+00 0.000000000000000000e+00 0.000000000000000000e+00 0.000000000000000000e+00 0.000000000000000000e+00
0.000000000000000000e+00 0.000000000000000000e+00 0.000000000000000000e+00 0.000000000000000000e+00 0.000000000000000000e+00
0.000000000000000000e+00 0.000000000000000000e+00 0.000000000000000000e+00 0.000000000000000000e+00 0.000000000000000000e+00
0.000000000000000000e+00 0.000000000000000000e+00 0.000000000000000000e+00 0.000000000000000000e+00 0.000000000000000000e+00
0.000000000000000000e+00 0.000000000000000000e+00 0.000000000000000000e+00 0.000000000000000000e+00 0.000000000000000000e+00
0.000000000000000000e+00 0.000000000000000000e+00 0.000000000000000000e+00 0.000000000000000000e+00 0.000000000000000000e+00
0.000000000000000000e+00 0.000000000000000000e+00 0.000000000000000000e+00 0.000000000000000000e+00 0.000000000000000000e+00
0.000000000000000000e+00 0.000000000000000000e+00 0.000000000000000000e+00 0.000000000000000000e+00 0.000000000000000000e+00
0.000000000000000000e+00 0.000000000000000000e+00 0.000000000000000000e+00 0.000000000000000000e+00 0.000000000000000000e+00
0.000000000000000000e+00 0.000000000000000000e+00 0.000000000000000000e+00 0.000000000000000000e+00 0.000000000000000000e+00
0.000000000000000000e+00 0.000000000000000000e+00 0.000000000000000000e+00 0.000000000000000000e+00 0.000000000000000000e+00
0.000000000000000000e+00 0.000000000000000000e+00 0.000000000000000000e+00 0.000000000000000000e+00 0.000000000000000000e+00
0.000000000000000000e+00 0.000000000000000000e+00 0.000000000000000000e+00 0.000000000000000000e+00 0.000000000000000000e+00
0.000000000000000000e+00 0.000000000000000000e+00 0.000000000000000000e+00 0.000000000000000000e+00 0.000000000000000000e+00
0.000000000000000000e+00 0.000000000000000000e+00 0.000000000000000000e+00 0.000000000000000000e+00 0.000000000000000000e+00
0.000000000000000000e+00 0.000000000000000000e+00 0.000000000000000000e+00 0.000000000000000000e+00 0.000000000000000000e+00
0.000000000000000000e+00 0.000000000000000000e+00 0.000000000000000000e+00 0.000000000000000000e+00 0.000000000000000000e+00
0.000000000000000000e+00 0.000000000000000000e+00 0.000000000000000000e+00 0.000000000000000000e+00 0.000000000000000000e+00
0.000000000000000000e+00 0.000000000000000000e+00 0.000000000000000000e+00 0.000000000000000000e+00 0.000000000000000000e+00
0.000000000000000000e+00 0.000000000000000000e+00 0.000000000000000000e+00 0.000000000000000000e+00 0.000000000000000000e+00
0.000000000000000000e+00 0.000000000000000000e+00 0.000000000000000000e+00 0.000000000000000000e+00 0.000000000000000000e+00
0.000000000000000000e+00 0.000000000000000000e+00 0.000000000000000000e+00 0.000000000000000000e+00 0.000000000000000000e+00
0.000000000000000000e+00 0.000000000000000000e+00 0.000000000000000000e+00 0.000000000000000000e+00 0.000000000000000000e+00
0.000000000000000000e+00 0.000000000000000000e+00 0.000000000000000000e+00 0.000000000000000000e+00 0.000000000000000000e+00
0.000000000000000000e+00 0.000000000000000000e+00 0.000000000000000000e+00 0.000000000000000000e+00 0.000000000000000000e+00
0.000000000000000000e+00 0.000000000000000000e+00 0.000000000000000000e+00 0.000000000000000000e+00 0.000000000000000000e+00
0.000000000000000000e+00 0.000000000000000000e+00 0.000000000000000000e+00 0.000000000000000000e+00 0.000000000000000000e+00
0.000000000000000000e+00 0.000000000000000000e+00 0.000000000000000000e+00 0.000000000000000000e+00 0.000000000000000000e+00
0.000000000000000000e+00 0.000000000000000000e+00 0.000000000000000000e+00 0.000000000000000000e+00 0.000000000000000000e+00
0.000000000000000000e+00 0.000000000000000000e+00 0.000000000000000000e+00 0.000000000000000000e+00 0.000000000000000000e+00
0.000000000000000000e+00 0.000000000000000000e+00 0.000000000000000000e+00 0.000000000000000000e+00 0.000000000000000000e+00
0.000000000000000000e+00 0.000000000000000000e+00 0.000000000000000000e+00 0.000000000000000000e+00 0.000000000000000000e+00
0.000000000000000000e+00 0.000000000000000000e+00 0.000000000000000000e+00 0.000000000000000000e+00 0.000000000000000000e+00
0.000000000000000000e+00 0.000000000000000000e+00 0.000000000000000000e+00 0.000000000000000000e+00 0.000000000000000000e+00
0.000000000000000000e+00 0.000000000000000000e+00 0.000000000000000000e+00 0.000000000000000000e+00 0.000000000000000000e+00
0.000000000000000000e+00 0.000000000000000000e+00 0.000000000000000000e+00 0.000000000000000000e+00 0.000000000000000000e+00
0.000000000000000000e+00 0.000000000000000000e+00 0.000000000000000000e+00 0.000000000000000000e+00 0.000000000000000000e+00
0.000000000000000000e+00 0.000000000000000000e+00 0.000000000000000000e+00 0.000000000000000000e+00 0.000000000000000000e+00
0.000000000000000000e+00 0.000000000000000000e+00 0.000000000000000000e+00 0.000000000000000000e+00 0.000000000000000000e+00
0.000000000000000000e+00 0.000000000000000000e+00 0.000000000000000000e+00 0.000000000000000000e+00 0.000000000000000000e+00
0.000000000000000000e+00 0.000000000000000000e+00 0.000000000000000000e+00 0.000000000000000000e+00 0.000000000000000000e+00
0.000000000000000000e+00 0.000000000000000000e+00 0.000000000000000000e+00 0.000000000000000000e+00 0.000000000000000000e+00
0.000000000000000000e+00 0.000000000000000000e+00 0.000000000000000000e+00 0.000000000000000000e+00 0.000000000000000000e+00
0.000000000000000000e+00 0.000000000000000000e+00 0.000000000000000000e+00 0.000000000000000000e+00 0.000000000000000000e+00
0.000000000000000000e+00 0.000000000000000000e+00 0.000000000000000000e+00 0.000000000000000000e+00 0.000000000000000000e+00
