0.000000000000000000e+00 0.000000000000000000e+00 1.000000000000000000e+00 0.000000000000000000e+00 0.000000000000000000e+00
-7.068249583244323730e-02 1.238350868225097656e+00 1.000000000000000000e+00 0.000000000000000000e+00 0.000000000000000000e+00
-9.079274535179138184e-02 4.220418334007263184e-01 0.000000000000000000e+00 1.000000000000000000e+00 0.000000000000000000e+00
5.163953304290771484e-01 -2.077376604080200195e+00 1.000000000000000000e+00 0.000000000000000000e+00 0.000000000000000000e+00
6.820191144943237305e-01 -1.955713629722595215e-01 1.000000000000000000e+00 0.000000000000000000e+00 0.000000000000000000e+00
2.452086806297302246e-01 8.639633655548095703e-02 1.000000000000000000e+00 0.000000000000000000e+00 0.000000000000000000e+00
-8.275055885314941406e-02 1.682364702224731445e+00 1.000000000000000000e+00 0.000000000000000000e+00 0.000000000000000000e+00
-8.062071353197097778e-02 2.792057394981384277e-01 1.000000000000000000e+00 0.000000000000000000e+00 0.000000000000000000e+00
-1.288192123174667358e-01 1.287977844476699829e-01 0.000000000000000000e+00 1.000000000000000000e+00 0.000000000000000000e+00
-4.544292092323303223e-01 -1.170664906501770020e+00 1.000000000000000000e+00 0.000000000000000000e+00 0.000000000000000000e+00
3.426700830459594727e-01 -2.179841697216033936e-02 0.000000000000000000e+00 1.000000000000000000e+00 0.000000000000000000e+00
-2.534493803977966309e-01 3.846600651741027832e-01 1.000000000000000000e+00 0.000000000000000000e+00 0.000000000000000000e+00
3.544864058494567871e-01 2.582974731922149658e-02 0.000000000000000000e+00 1.000000000000000000e+00 0.000000000000000000e+00
-3.483796417713165283e-01 5.384415388107299805e-01 1.000000000000000000e+00 0.000000000000000000e+00 0.000000000000000000e+00
5.106868743896484375e-01 -1.234426796436309814e-01 1.000000000000000000e+00 0.000000000000000000e+00 0.000000000000000000e+00
2.406948655843734741e-01 -1.584362834692001343e-01 0.000000000000000000e+00 1.000000000000000000e+00 0.000000000000000000e+00
1.185070395469665527e+00 -2.176345109939575195e+00 1.000000000000000000e+00 0.000000000000000000e+00 0.000000000000000000e+00
-4.207032620906829834e-01 7.075366377830505371e-01 1.000000000000000000e+00 0.000000000000000000e+00 0.000000000000000000e+00
6.248322129249572754e-01 -7.904595136642456055e-02 1.000000000000000000e+00 0.000000000000000000e+00 0.000000000000000000e+00
3.550844192504882812e-01 -1.729997992515563965e-01 1.000000000000000000e+00 0.000000000000000000e+00 0.000000000000000000e+00
-2.893193811178207397e-02 4.004712700843811035e-01 1.000000000000000000e+00 0.000000000000000000e+00 0.000000000000000000e+00
-1.051951646804809570e-01 1.974377930164337158e-01 0.000000000000000000e+00 1.000000000000000000e+00 0.000000000000000000e+00
-6.862844228744506836e-01 5.068554729223251343e-02 1.000000000000000000e+00 0.000000000000000000e+00 0.000000000000000000e+00
-5.129722356796264648e-01 7.523927092552185059e-01 1.000000000000000000e+00 0.000000000000000000e+00 0.000000000000000000e+00
-2.635513246059417725e-01 2.381593585014343262e-01 0.000000000000000000e+00 1.000000000000000000e+00 0.000000000000000000e+00
8.708351254463195801e-01 -6.002945303916931152e-01 1.000000000000000000e+00 0.000000000000000000e+00 0.000000000000000000e+00
6.336784362792968750e-01 -9.291316568851470947e-02 0.000000000000000000e+00 1.000000000000000000e+00 0.000000000000000000e+00
-1.011256575584411621e+00 7.664321064949035645e-01 1.000000000000000000e+00 0.000000000000000000e+00 0.000000000000000000e+00
9.033424258232116699e-01 -1.049490422010421753e-01 1.000000000000000000e+00 0.000000000000000000e+00 0.000000000000000000e+00
4.029797613620758057e-01 -1.475456804037094116e-01 0.000000000000000000e+00 1.000000000000000000e+00 0.000000000000000000e+00
-4.745370149612426758e-01 -5.706306695938110352e-01 1.000000000000000000e+00 0.000000000000000000e+00 0.000000000000000000e+00
-1.291580200195312500e-01 1.606009483337402344e+00 1.000000000000000000e+00 0.000000000000000000e+00 0.000000000000000000e+00
-1.004377752542495728e-01 4.962587952613830566e-01 0.000000000000000000e+00 1.000000000000000000e+00 0.000000000000000000e+00
-8.055520057678222656e-01 -3.252491950988769531e+00 0.000000000000000000e+00 0.000000000000000000e+00 1.000000000000000000e+00
-4.901185929775238037e-01 1.096818923950195312e+00 0.000000000000000000e+00 0.000000000000000000e+00 1.000000000000000000e+00
-1.500001192092895508e+00 -5.202392935752868652e-01 0.000000000000000000e+00 0.000000000000000000e+00 1.000000000000000000e+00
-9.228844642639160156e-01 -2.470189929008483887e-01 0.000000000000000000e+00 0.000000000000000000e+00 1.000000000000000000e+00
-1.112005352973937988e+00 -3.353503346443176270e-01 0.000000000000000000e+00 0.000000000000000000e+00 1.000000000000000000e+00
-9.898471832275390625e-01 -2.953677773475646973e-01 0.000000000000000000e+00 0.000000000000000000e+00 1.000000000000000000e+00
-9.904880523681640625e-01 -3.350697159767150879e-01 0.000000000000000000e+00 0.000000000000000000e+00 1.000000000000000000e+00
-9.429861307144165039e-01 -3.384663462638854980e-01 0.000000000000000000e+00 0.000000000000000000e+00 1.000000000000000000e+00
-9.279086589813232422e-01 -3.323767781257629395e-01 0.000000000000000000e+00 0.000000000000000000e+00 1.000000000000000000e+00
-9.169121980667114258e-01 -3.156955838203430176e-01 0.000000000000000000e+00 0.000000000000000000e+00 1.000000000000000000e+00
-9.026640653610229492e-01 -3.071458339691162109e-01 0.000000000000000000e+00 0.000000000000000000e+00 1.000000000000000000e+00
-8.905526399612426758e-01 -3.032931685447692871e-01 0.000000000000000000e+00 0.000000000000000000e+00 1.000000000000000000e+00
-8.787211179733276367e-01 -3.007776737213134766e-01 0.000000000000000000e+00 0.000000000000000000e+00 1.000000000000000000e+00
-8.663868904113769531e-01 -3.008620142936706543e-01 0.000000000000000000e+00 0.000000000000000000e+00 1.000000000000000000e+00
-8.521816730499267578e-01 -3.067539930343627930e-01 0.000000000000000000e+00 0.000000000000000000e+00 1.000000000000000000e+00
-8.405507802963256836e-01 -3.085630536079406738e-01 0.000000000000000000e+00 0.000000000000000000e+00 1.000000000000000000e+00
-8.315473794937133789e-01 -3.066993355751037598e-01 0.000000000000000000e+00 0.000000000000000000e+00 1.000000000000000000e+00
-8.233343362808227539e-01 -3.038933873176574707e-01 0.000000000000000000e+00 0.000000000000000000e+00 1.000000000000000000e+00
-8.168317079544067383e-01 -3.001758456230163574e-01 0.000000000000000000e+00 0.000000000000000000e+00 1.000000000000000000e+00
-8.106563091278076172e-01 -3.005752563476562500e-01 0.000000000000000000e+00 0.000000000000000000e+00 1.000000000000000000e+00
-8.036013841629028320e-01 -3.044194579124450684e-01 0.000000000000000000e+00 0.000000000000000000e+00 1.000000000000000000e+00
-7.954188585281372070e-01 -3.084822893142700195e-01 0.000000000000000000e+00 0.000000000000000000e+00 1.000000000000000000e+00
-7.866842746734619141e-01 -3.100143074989318848e-01 0.000000000000000000e+00 0.000000000000000000e+00 1.000000000000000000e+00
-7.754117250442504883e-01 -3.092520236968994141e-01 0.000000000000000000e+00 0.000000000000000000e+00 1.000000000000000000e+00
-7.677792310714721680e-01 -3.083199858665466309e-01 0.000000000000000000e+00 0.000000000000000000e+00 1.000000000000000000e+00
-7.647497653961181641e-01 -3.066017627716064453e-01 0.000000000000000000e+00 0.000000000000000000e+00 1.000000000000000000e+00
-7.604558467864990234e-01 -3.086277842521667480e-01 0.000000000000000000e+00 0.000000000000000000e+00 1.000000000000000000e+00
-7.540616989135742188e-01 -3.119588494300842285e-01 0.000000000000000000e+00 0.000000000000000000e+00 1.000000000000000000e+00
-7.461546659469604492e-01 -3.116903305053710938e-01 0.000000000000000000e+00 0.000000000000000000e+00 1.000000000000000000e+00
-7.386900186538696289e-01 -3.087533116340637207e-01 0.000000000000000000e+00 0.000000000000000000e+00 1.000000000000000000e+00
-7.330186367034912109e-01 -3.055995702743530273e-01 0.000000000000000000e+00 0.000000000000000000e+00 1.000000000000000000e+00
-7.296544313430786133e-01 -3.046267628669738770e-01 0.000000000000000000e+00 0.000000000000000000e+00 1.000000000000000000e+00
0.000000000000000000e+00 0.000000000000000000e+00 0.000000000000000000e+00 0.000000000000000000e+00 0.000000000000000000e+00
0.000000000000000000e+00 0.000000000000000000e+00 0.000000000000000000e+00 0.000000000000000000e+00 0.000000000000000000e+00
0.000000000000000000e+00 0.000000000000000000e+00 0.000000000000000000e+00 0.000000000000000000e+00 0.000000000000000000e+00
0.000000000000000000e+00 0.000000000000000000e+00 0.000000000000000000e+00 0.000000000000000000e+00 0.000000000000000000e+00
0.000000000000000000e+00 0.000000000000000000e+00 0.000000000000000000e+00 0.000000000000000000e+00 0.000000000000000000e+00
0.000000000000000000e+00 0.000000000000000000e+00 0.000000000000000000e+00 0.000000000000000000e+00 0.000000000000000000e+00
0.000000000000000000e+00 0.000000000000000000e+00 0.000000000000000000e+00 0.000000000000000000e+00 0.000000000000000000e+00
0.000000000000000000e+00 0.000000000000000000e+00 0.000000000000000000e+00 0.000000000000000000e+00 0.000000000000000000e+00
0.000000000000000000e+00 0.000000000000000000e+00 0.000000000000000000e+00 0.000000000000000000e+00 0.000000000000000000e+00
0.000000000000000000e+00 0.000000000000000000e+00 0.000000000000000000e+00 0.000000000000000000e+00 0.000000000000000000e+00
0.000000000000000000e+00 0.000000000000000000e+00 0.000000000000000000e+00 0.000000000000000000e+00 0.000000000000000000e+00
0.000000000000000000e+00 0.000000000000000000e+00 0.000000000000000000e+00 0.000000000000000000e+00 0.000000000000000000e+00
0.000000000000000000e+00 0.000000000000000000e+00 0.000000000000000000e+00 0.000000000000000000e+00 0.000000000000000000e+00
0.000000000000000000e+00 0.000000000000000000e+00 0.000000000000000000e+00 0.000000000000000000e+00 0.000000000000000000e+00
0.000000000000000000e+00 0.000000000000000000e+00 0.000000000000000000e+00 0.000000000000000000e+00 0.000000000000000000e+00
0.000000000000000000e+00 0.000000000000000000e+00 0.000000000000000000e+00 0.000000000000000000e+00 0.000000000000000000e+00
0.000000000000000000e+00 0.000000000000000000e+00 0.000000000000000000e+00 0.000000000000000000e+00 0.000000000000000000e+00
0.000000000000000000e+00 0.000000000000000000e+00 0.000000000000000000e+00 0.000000000000000000e+00 0.000000000000000000e+00
0.000000000000000000e+00 0.000000000000000000e+00 0.000000000000000000e+00 0.000000000000000000e+00 0.000000000000000000e+00
0.000000000000000000e+00 0.000000000000000000e+00 0.000000000000000000e+00 0.000000000000000000e+00 0.000000000000000000e+00
0.000000000000000000e+00 0.000000000000000000e+00 0.000000000000000000e+00 0.000000000000000000e+00 0.000000000000000000e+00
0.000000000000000000e+00 0.000000000000000000e+00 0.000000000000000000e+00 0.000000000000000000e+00 0.000000000000000000e+00
0.000000000000000000e+00 0.000000000000000000e+00 0.000000000000000000e+00 0.000000000000000000e+00 0.000000000000000000e+00
0.000000000000000000e+00 0.000000000000000000e+00 0.000000000000000000e+00 0.000000000000000000e+00 0.000000000000000000e+00
0.000000000000000000e+00 0.000000000000000000e+00 0.000000000000000000e+00 0.000000000000000000e+00 0.000000000000000000e+00
0.000000000000000000e+00 0.000000000000000000e+00 0.000000000000000000e+00 0.000000000000000000e+00 0.000000000000000000e+00
0.000000000000000000e+00 0.000000000000000000e+00 0.000000000000000000e+00 0.000000000000000000e+00 0.000000000000000000e+00
0.000000000000000000e+00 0.000000000000000000e+00 0.000000000000000000e+00 0.000000000000000000e+00 0.000000000000000000e+00
0.000000000000000000e+00 0.000000000000000000e+00 0.000000000000000000e+00 0.000000000000000000e+00 0.000000000000000000e+00
0.000000000000000000e+00 0.000000000000000000e+00 0.000000000000000000e+00 0.000000000000000000e+00 0.000000000000000000e+00
0.000000000000000000e+00 0.000000000000000000e+00 0.000000000000000000e+00 0.000000000000000000e+00 0.000000000000000000e+00
0.000000000000000000e+00 0.000000000000000000e+00 0.000000000000000000e+00 0.000000000000000000e+00 0.000000000000000000e+00
0.000000000000000000e+00 0.000000000000000000e+00 0.000000000000000000e+00 0.000000000000000000e+00 0.000000000000000000e+00
0.000000000000000000e+00 0.000000000000000000e+00 0.000000000000000000e+00 0.000000000000000000e+00 0.000000000000000000e+00
0.000000000000000000e+00 0.000000000000000000e+00 0.000000000000000000e+00 0.000000000000000000e+00 0.000000000000000000e+00
0.000000000000000000e+00 0.000000000000000000e+00 0.000000000000000000e+00 0.000000000000000000e+00 0.000000000000000000e+00
0.000000000000000000e+00 0.000000000000000000e+00 0.000000000000000000e+00 0.000000000000000000e+00 0.000000000000000000e+00
0.000000000000000000e+00 0.000000000000000000e+00 0.000000000000000000e+00 0.000000000000000000e+00 0.000000000000000000e+00
0.000000000000000000e+00 0.000000000000000000e+00 0.000000000000000000e+00 0.000000000000000000e+00 0.000000000000000000e+00
0.000000000000000000e+00 0.000000000000000000e+00 0.000000000000000000e+00 0.000000000000000000e+00 0.000000000000000000e+00
0.000000000000000000e+00 0.000000000000000000e+00 0.000000000000000000e+00 0.000000000000000000e+00 0.000000000000000000e+00
0.000000000000000000e+00 0.000000000000000000e+00 0.000000000000000000e+00 0.000000000000000000e+00 0.000000000000000000e+00
0.000000000000000000e+00 0.000000000000000000e+00 0.000000000000000000e+00 0.000000000000000000e+00 0.000000000000000000e+00
0.000000000000000000e+00 0.000000000000000000e+00 0.000000000000000000e+00 0.000000000000000000e+00 0.000000000000000000e+00
0.000000000000000000e+00 0.000000000000000000e+00 0.000000000000000000e+00 0.000000000000000000e+00 0.000000000000000000e+00
0.000000000000000000e+00 0.000000000000000000e+00 0.000000000000000000e+00 0.000000000000000000e+00 0.000000000000000000e+00
0.000000000000000000e+00 0.000000000000000000e+00 0.000000000000000000e+00 0.000000000000000000e+00 0.000000000000000000e+00
0.000000000000000000e+00 0.000000000000000000e+00 0.000000000000000000e+00 0.000000000000000000e+00 0.000000000000000000e+00
0.000000000000000000e+00 0.000000000000000000e+00 0.000000000000000000e+00 0.000000000000000000e+00 0.000000000000000000e+00
0.000000000000000000e+00 0.000000000000000000e+00 0.000000000000000000e+00 0.000000000000000000e+00 0.000000000000000000e+00
0.000000000000000000e+00 0.000000000000000000e+00 0.000000000000000000e+00 0.000000000000000000e+00 0.000000000000000000e+00
0.000000000000000000e+00 0.000000000000000000e+00 0.000000000000000000e+00 0.000000000000000000e+00 0.000000000000000000e+00
0.000000000000000000e+00 0.000000000000000000e+00 0.000000000000000000e+00 0.000000000000000000e+00 0.000000000000000000e+00
0.000000000000000000e+00 0.000000000000000000e+00 0.000000000000000000e+00 0.000000000000000000e+00 0.000000000000000000e+00
0.000000000000000000e+00 0.000000000000000000e+00 0.000000000000000000e+00 0.000000000000000000e+00 0.000000000000000000e+00
0.000000000000000000e+00 0.000000000000000000e+00 0.000000000000000000e+00 0.000000000000000000e+00 0.000000000000000000e+00
