0.000000000000000000e+00 0.000000000000000000e+00 1.000000000000000000e+00 0.000000000000000000e+00 0.000000000000000000e+00
-8.151768147945404053e-02 1.181453466415405273e+00 1.000000000000000000e+00 0.000000000000000000e+00 0.000000000000000000e+00
-9.327854961156845093e-02 4.012285470962524414e-01 0.000000000000000000e+00 1.000000000000000000e+00 0.000000000000000000e+00
5.347079038619995117e-01 -2.007137298583984375e+00 1.000000000000000000e+00 0.000000000000000000e+00 0.000000000000000000e+00
6.908479928970336914e-01 -1.950270086526870728e-01 1.000000000000000000e+00 0.000000000000000000e+00 0.000000000000000000e+00
2.472262084484100342e-01 8.269752562046051025e-02 1.000000000000000000e+00 0.000000000000000000e+00 0.000000000000000000e+00
-9.852587431669235229e-02 1.625519275665283203e+00 1.000000000000000000e+00 0.000000000000000000e+00 0.000000000000000000e+00
-8.418270945549011230e-02 2.794964015483856201e-01 1.000000000000000000e+00 0.000000000000000000e+00 0.000000000000000000e+00
-1.343819797039031982e-01 1.342262774705886841e-01 0.000000000000000000e+00 1.000000000000000000e+00 0.000000000000000000e+00
-4.336114525794982910e-01 -1.103570699691772461e+00 1.000000000000000000e+00 0.000000000000000000e+00 0.000000000000000000e+00
3.334133625030517578e-01 -1.671962440013885498e-02 0.000000000000000000e+00 1.000000000000000000e+00 0.000000000000000000e+00
-2.594112455844879150e-01 3.924655318260192871e-01 1.000000000000000000e+00 0.000000000000000000e+00 0.000000000000000000e+00
3.574119210243225098e-01 2.497659623622894287e-02 0.000000000000000000e+00 1.000000000000000000e+00 0.000000000000000000e+00
-3.679839968681335449e-01 5.652929544448852539e-01 1.000000000000000000e+00 0.000000000000000000e+00 0.000000000000000000e+00
5.309380292892456055e-01 -1.283433139324188232e-01 1.000000000000000000e+00 0.000000000000000000e+00 0.000000000000000000e+00
2.520066797733306885e-01 -1.627954095602035522e-01 0.000000000000000000e+00 1.000000000000000000e+00 0.000000000000000000e+00
1.475177407264709473e+00 -2.266591787338256836e+00 1.000000000000000000e+00 0.000000000000000000e+00 0.000000000000000000e+00
-9.372614622116088867e-01 1.203675270080566406e+00 1.000000000000000000e+00 0.000000000000000000e+00 0.000000000000000000e+00
-6.637277603149414062e-01 6.027997732162475586e-01 1.000000000000000000e+00 0.000000000000000000e+00 0.000000000000000000e+00
-3.690965473651885986e-01 1.679058969020843506e-01 0.000000000000000000e+00 1.000000000000000000e+00 0.000000000000000000e+00
1.538076639175415039e+00 -1.159080982208251953e+00 1.000000000000000000e+00 0.000000000000000000e+00 0.000000000000000000e+00
3.006337881088256836e-01 8.789253234863281250e-02 1.000000000000000000e+00 0.000000000000000000e+00 0.000000000000000000e+00
1.977072656154632568e-01 2.027153819799423218e-01 1.000000000000000000e+00 0.000000000000000000e+00 0.000000000000000000e+00
3.221288323402404785e-02 1.494653075933456421e-01 0.000000000000000000e+00 1.000000000000000000e+00 0.000000000000000000e+00
-9.925971031188964844e-01 3.233451843261718750e-01 1.000000000000000000e+00 0.000000000000000000e+00 0.000000000000000000e+00
6.836855411529541016e-01 -8.349651098251342773e-02 1.000000000000000000e+00 0.000000000000000000e+00 0.000000000000000000e+00
1.502157002687454224e-01 5.457573756575584412e-02 0.000000000000000000e+00 1.000000000000000000e+00 0.000000000000000000e+00
-9.721763134002685547e-01 6.180411577224731445e-01 1.000000000000000000e+00 0.000000000000000000e+00 0.000000000000000000e+00
3.379567563533782959e-01 1.932155787944793701e-01 1.000000000000000000e+00 0.000000000000000000e+00 0.000000000000000000e+00
1.347125768661499023e-01 6.396017968654632568e-03 0.000000000000000000e+00 1.000000000000000000e+00 0.000000000000000000e+00
4.213412404060363770e-01 -3.144972920417785645e-01 1.000000000000000000e+00 0.000000000000000000e+00 0.000000000000000000e+00
-8.718857169151306152e-02 9.363207966089248657e-02 1.000000000000000000e+00 0.000000000000000000e+00 0.000000000000000000e+00
1.345506682991981506e-02 2.331535220146179199e-01 1.000000000000000000e+00 0.000000000000000000e+00 0.000000000000000000e+00
1.605522185564041138e-01 6.613176316022872925e-02 1.000000000000000000e+00 0.000000000000000000e+00 0.000000000000000000e+00
5.235409736633300781e-01 -2.047558575868606567e-01 1.000000000000000000e+00 0.000000000000000000e+00 0.000000000000000000e+00
-1.044466018676757812e+00 7.197031974792480469e-01 1.000000000000000000e+00 0.000000000000000000e+00 0.000000000000000000e+00
1.022488832473754883e+00 -5.446158349514007568e-02 1.000000000000000000e+00 0.000000000000000000e+00 0.000000000000000000e+00
7.867755889892578125e-01 -1.844477951526641846e-01 0.000000000000000000e+00 1.000000000000000000e+00 0.000000000000000000e+00
-2.266375541687011719e+00 -1.863260269165039062e+00 0.000000000000000000e+00 0.000000000000000000e+00 1.000000000000000000e+00
-1.688687503337860107e-01 1.369357347488403320e+00 0.000000000000000000e+00 0.000000000000000000e+00 1.000000000000000000e+00
-1.609308481216430664e+00 -1.610484719276428223e-01 0.000000000000000000e+00 0.000000000000000000e+00 1.000000000000000000e+00
-1.066770672798156738e+00 -1.385406255722045898e-01 0.000000000000000000e+00 0.000000000000000000e+00 1.000000000000000000e+00
-1.225462555885314941e+00 -2.367742061614990234e-01 0.000000000000000000e+00 0.000000000000000000e+00 1.000000000000000000e+00
-1.100376725196838379e+00 -1.236380338668823242e-01 0.000000000000000000e+00 0.000000000000000000e+00 1.000000000000000000e+00
-1.126140475273132324e+00 -1.660606861114501953e-01 0.000000000000000000e+00 0.000000000000000000e+00 1.000000000000000000e+00
-1.080782651901245117e+00 -1.357558369636535645e-01 0.000000000000000000e+00 0.000000000000000000e+00 1.000000000000000000e+00
-1.073955774307250977e+00 -1.794060468673706055e-01 0.000000000000000000e+00 0.000000000000000000e+00 1.000000000000000000e+00
-1.049326539039611816e+00 -1.948236227035522461e-01 0.000000000000000000e+00 0.000000000000000000e+00 1.000000000000000000e+00
-1.036148548126220703e+00 -2.133398056030273438e-01 0.000000000000000000e+00 0.000000000000000000e+00 1.000000000000000000e+00
-1.021778345108032227e+00 -2.139341235160827637e-01 0.000000000000000000e+00 0.000000000000000000e+00 1.000000000000000000e+00
-1.011810541152954102e+00 -2.180728316307067871e-01 0.000000000000000000e+00 0.000000000000000000e+00 1.000000000000000000e+00
-1.002410292625427246e+00 -2.207196354866027832e-01 0.000000000000000000e+00 0.000000000000000000e+00 1.000000000000000000e+00
-9.953732490539550781e-01 -2.231237292289733887e-01 0.000000000000000000e+00 0.000000000000000000e+00 1.000000000000000000e+00
-9.905058145523071289e-01 -2.266246676445007324e-01 0.000000000000000000e+00 0.000000000000000000e+00 1.000000000000000000e+00
-9.838885068893432617e-01 -2.309860587120056152e-01 0.000000000000000000e+00 0.000000000000000000e+00 1.000000000000000000e+00
-9.756991863250732422e-01 -2.326326966285705566e-01 0.000000000000000000e+00 0.000000000000000000e+00 1.000000000000000000e+00
-9.656052589416503906e-01 -2.318547964096069336e-01 0.000000000000000000e+00 0.000000000000000000e+00 1.000000000000000000e+00
-9.568526744842529297e-01 -2.303374409675598145e-01 0.000000000000000000e+00 0.000000000000000000e+00 1.000000000000000000e+00
-9.512506723403930664e-01 -2.302724123001098633e-01 0.000000000000000000e+00 0.000000000000000000e+00 1.000000000000000000e+00
-9.452209472656250000e-01 -2.335076332092285156e-01 0.000000000000000000e+00 0.000000000000000000e+00 1.000000000000000000e+00
-9.391951560974121094e-01 -2.369507551193237305e-01 0.000000000000000000e+00 0.000000000000000000e+00 1.000000000000000000e+00
-9.326518774032592773e-01 -2.385777235031127930e-01 0.000000000000000000e+00 0.000000000000000000e+00 1.000000000000000000e+00
-9.257048368453979492e-01 -2.374459505081176758e-01 0.000000000000000000e+00 0.000000000000000000e+00 1.000000000000000000e+00
-9.192627668380737305e-01 -2.356790304183959961e-01 0.000000000000000000e+00 0.000000000000000000e+00 1.000000000000000000e+00
-9.139549732208251953e-01 -2.338611483573913574e-01 0.000000000000000000e+00 0.000000000000000000e+00 1.000000000000000000e+00
-9.093168973922729492e-01 -2.380478382110595703e-01 0.000000000000000000e+00 0.000000000000000000e+00 1.000000000000000000e+00
-9.045660495758056641e-01 -2.443254590034484863e-01 0.000000000000000000e+00 0.000000000000000000e+00 1.000000000000000000e+00
-8.994538784027099609e-01 -2.490555644035339355e-01 0.000000000000000000e+00 0.000000000000000000e+00 1.000000000000000000e+00
-8.942068815231323242e-01 -2.493456602096557617e-01 0.000000000000000000e+00 0.000000000000000000e+00 1.000000000000000000e+00
0.000000000000000000e+00 0.000000000000000000e+00 0.000000000000000000e+00 0.000000000000000000e+00 0.000000000000000000e+00
0.000000000000000000e+00 0.000000000000000000e+00 0.000000000000000000e+00 0.000000000000000000e+00 0.000000000000000000e+00
0.000000000000000000e+00 0.000000000000000000e+00 0.000000000000000000e+00 0.000000000000000000e+00 0.000000000000000000e+00
0.000000000000000000e+00 0.000000000000000000e+00 0.000000000000000000e+00 0.000000000000000000e+00 0.000000000000000000e+00
0.000000000000000000e+00 0.000000000000000000e+00 0.000000000000000000e+00 0.000000000000000000e+00 0.000000000000000000e+00
0.000000000000000000e+00 0.000000000000000000e+00 0.000000000000000000e+00 0.000000000000000000e+00 0.000000000000000000e+00
0.000000000000000000e+00 0.000000000000000000e+00 0.000000000000000000e+00 0.000000000000000000e+00 0.000000000000000000e+00
0.000000000000000000e+00 0.000000000000000000e+00 0.000000000000000000e+00 0.000000000000000000e+00 0.000000000000000000e+00
0.000000000000000000e+00 0.000000000000000000e+00 0.000000000000000000e+00 0.000000000000000000e+00 0.000000000000000000e+00
0.000000000000000000e+00 0.000000000000000000e+00 0.000000000000000000e+00 0.000000000000000000e+00 0.000000000000000000e+00
0.000000000000000000e+00 0.000000000000000000e+00 0.000000000000000000e+00 0.000000000000000000e+00 0.000000000000000000e+00
0.000000000000000000e+00 0.000000000000000000e+00 0.000000000000000000e+00 0.000000000000000000e+00 0.000000000000000000e+00
0.000000000000000000e+00 0.000000000000000000e+00 0.000000000000000000e+00 0.000000000000000000e+00 0.000000000000000000e+00
0.000000000000000000e+00 0.000000000000000000e+00 0.000000000000000000e+00 0.000000000000000000e+00 0.000000000000000000e+00
0.000000000000000000e+00 0.000000000000000000e+00 0.000000000000000000e+00 0.000000000000000000e+00 0.000000000000000000e+00
0.000000000000000000e+00 0.000000000000000000e+00 0.000000000000000000e+00 0.000000000000000000e+00 0.000000000000000000e+00
0.000000000000000000e+00 0.000000000000000000e+00 0.000000000000000000e+00 0.000000000000000000e+00 0.000000000000000000e+00
0.000000000000000000e+00 0.000000000000000000e+00 0.000000000000000000e+00 0.000000000000000000e+00 0.000000000000000000e+00
0.000000000000000000e+00 0.000000000000000000e+00 0.000000000000000000e+00 0.000000000000000000e+00 0.000000000000000000e+00
0.000000000000000000e+00 0.000000000000000000e+00 0.000000000000000000e+00 0.000000000000000000e+00 0.000000000000000000e+00
0.000000000000000000e+00 0.000000000000000000e+00 0.000000000000000000e+00 0.000000000000000000e+00 0.000000000000000000e+00
0.000000000000000000e+00 0.000000000000000000e+00 0.000000000000000000e+00 0.000000000000000000e+00 0.000000000000000000e+00
0.000000000000000000e+00 0.000000000000000000e+00 0.000000000000000000e+00 0.000000000000000000e+00 0.000000000000000000e+00
0.000000000000000000e+00 0.000000000000000000e+00 0.000000000000000000e+00 0.000000000000000000e+00 0.000000000000000000e+00
0.000000000000000000e+00 0.000000000000000000e+00 0.000000000000000000e+00 0.000000000000000000e+00 0.000000000000000000e+00
0.000000000000000000e+00 0.000000000000000000e+00 0.000000000000000000e+00 0.000000000000000000e+00 0.000000000000000000e+00
0.000000000000000000e+00 0.000000000000000000e+00 0.000000000000000000e+00 0.000000000000000000e+00 0.000000000000000000e+00
0.000000000000000000e+00 0.000000000000000000e+00 0.000000000000000000e+00 0.000000000000000000e+00 0.000000000000000000e+00
0.000000000000000000e+00 0.000000000000000000e+00 0.000000000000000000e+00 0.000000000000000000e+00 0.000000000000000000e+00
0.000000000000000000e+00 0.000000000000000000e+00 0.000000000000000000e+00 0.000000000000000000e+00 0.000000000000000000e+00
0.000000000000000000e+00 0.000000000000000000e+00 0.000000000000000000e+00 0.000000000000000000e+00 0.000000000000000000e+00
0.000000000000000000e+00 0.000000000000000000e+00 0.000000000000000000e+00 0.000000000000000000e+00 0.000000000000000000e+00
0.000000000000000000e+00 0.000000000000000000e+00 0.000000000000000000e+00 0.000000000000000000e+00 0.000000000000000000e+00
0.000000000000000000e+00 0.000000000000000000e+00 0.000000000000000000e+00 0.000000000000000000e+00 0.000000000000000000e+00
0.000000000000000000e+00 0.000000000000000000e+00 0.000000000000000000e+00 0.000000000000000000e+00 0.000000000000000000e+00
0.000000000000000000e+00 0.000000000000000000e+00 0.000000000000000000e+00 0.000000000000000000e+00 0.000000000000000000e+00
0.000000000000000000e+00 0.000000000000000000e+00 0.000000000000000000e+00 0.000000000000000000e+00 0.000000000000000000e+00
0.000000000000000000e+00 0.000000000000000000e+00 0.000000000000000000e+00 0.000000000000000000e+00 0.000000000000000000e+00
0.000000000000000000e+00 0.000000000000000000e+00 0.000000000000000000e+00 0.000000000000000000e+00 0.000000000000000000e+00
0.000000000000000000e+00 0.000000000000000000e+00 0.000000000000000000e+00 0.000000000000000000e+00 0.000000000000000000e+00
0.000000000000000000e+00 0.000000000000000000e+00 0.000000000000000000e+00 0.000000000000000000e+00 0.000000000000000000e+00
0.000000000000000000e+00 0.000000000000000000e+00 0.000000000000000000e+00 0.000000000000000000e+00 0.000000000000000000e+00
0.000000000000000000e+00 0.000000000000000000e+00 0.000000000000000000e+00 0.000000000000000000e+00 0.000000000000000000e+00
0.000000000000000000e+00 0.000000000000000000e+00 0.000000000000000000e+00 0.000000000000000000e+00 0.000000000000000000e+00
0.000000000000000000e+00 0.000000000000000000e+00 0.000000000000000000e+00 0.000000000000000000e+00 0.000000000000000000e+00
0.000000000000000000e+00 0.000000000000000000e+00 0.000000000000000000e+00 0.000000000000000000e+00 0.000000000000000000e+00
0.000000000000000000e+00 0.000000000000000000e+00 0.000000000000000000e+00 0.000000000000000000e+00 0.000000000000000000e+00
0.000000000000000000e+00 0.000000000000000000e+00 0.000000000000000000e+00 0.000000000000000000e+00 0.000000000000000000e+00
0.000000000000000000e+00 0.000000000000000000e+00 0.000000000000000000e+00 0.000000000000000000e+00 0.000000000000000000e+00
0.000000000000000000e+00 0.000000000000000000e+00 0.000000000000000000e+00 0.000000000000000000e+00 0.000000000000000000e+00
0.000000000000000000e+00 0.000000000000000000e+00 0.000000000000000000e+00 0.000000000000000000e+00 0.000000000000000000e+00
0.000000000000000000e+00 0.000000000000000000e+00 0.000000000000000000e+00 0.000000000000000000e+00 0.000000000000000000e+00
