0.000000000000000000e+00 0.000000000000000000e+00 1.000000000000000000e+00 0.000000000000000000e+00 0.000000000000000000e+00
1.438313126564025879e-01 9.335753321647644043e-02 1.000000000000000000e+00 0.000000000000000000e+00 0.000000000000000000e+00
3.905959799885749817e-02 4.165550768375396729e-01 1.000000000000000000e+00 0.000000000000000000e+00 0.000000000000000000e+00
-2.327263951301574707e-01 1.212046623229980469e+00 1.000000000000000000e+00 0.000000000000000000e+00 0.000000000000000000e+00
-1.137462407350540161e-01 2.503314018249511719e-01 0.000000000000000000e+00 1.000000000000000000e+00 0.000000000000000000e+00
5.661092400550842285e-01 -2.193847179412841797e+00 1.000000000000000000e+00 0.000000000000000000e+00 0.000000000000000000e+00
6.957209110260009766e-01 -1.921455115079879761e-01 1.000000000000000000e+00 0.000000000000000000e+00 0.000000000000000000e+00
2.451666295528411865e-01 7.812634110450744629e-02 1.000000000000000000e+00 0.000000000000000000e+00 0.000000000000000000e+00
-1.056639105081558228e-01 1.633600234985351562e+00 1.000000000000000000e+00 0.000000000000000000e+00 0.000000000000000000e+00
-8.123866468667984009e-02 2.695696651935577393e-01 1.000000000000000000e+00 0.000000000000000000e+00 0.000000000000000000e+00
-1.301996707916259766e-01 1.271130144596099854e-01 0.000000000000000000e+00 1.000000000000000000e+00 0.000000000000000000e+00
-4.129374623298645020e-01 -1.106009960174560547e+00 1.000000000000000000e+00 0.000000000000000000e+00 0.000000000000000000e+00
3.328613638877868652e-01 -1.364657282829284668e-02 0.000000000000000000e+00 1.000000000000000000e+00 0.000000000000000000e+00
-2.643871009349822998e-01 3.884159624576568604e-01 1.000000000000000000e+00 0.000000000000000000e+00 0.000000000000000000e+00
3.519508838653564453e-01 3.671534359455108643e-02 0.000000000000000000e+00 1.000000000000000000e+00 0.000000000000000000e+00
-4.541916549205780029e-01 6.273981928825378418e-01 1.000000000000000000e+00 0.000000000000000000e+00 0.000000000000000000e+00
5.725595355033874512e-01 -1.202547922730445862e-01 1.000000000000000000e+00 0.000000000000000000e+00 0.000000000000000000e+00
2.623552680015563965e-01 -1.524589806795120239e-01 0.000000000000000000e+00 1.000000000000000000e+00 0.000000000000000000e+00
9.229145050048828125e-01 -2.027970314025878906e+00 1.000000000000000000e+00 0.000000000000000000e+00 0.000000000000000000e+00
8.423713445663452148e-01 -2.027593851089477539e-01 1.000000000000000000e+00 0.000000000000000000e+00 0.000000000000000000e+00
3.188511431217193604e-01 -1.511933654546737671e-01 0.000000000000000000e+00 1.000000000000000000e+00 0.000000000000000000e+00
-1.005959272384643555e+00 4.119598567485809326e-01 1.000000000000000000e+00 0.000000000000000000e+00 0.000000000000000000e+00
-3.554905951023101807e-01 1.606180429458618164e+00 1.000000000000000000e+00 0.000000000000000000e+00 0.000000000000000000e+00
-4.724713861942291260e-01 1.152365446090698242e+00 1.000000000000000000e+00 0.000000000000000000e+00 0.000000000000000000e+00
-2.183855026960372925e-01 3.186320066452026367e-01 1.000000000000000000e+00 0.000000000000000000e+00 0.000000000000000000e+00
-1.809730231761932373e-01 1.183327510952949524e-01 0.000000000000000000e+00 1.000000000000000000e+00 0.000000000000000000e+00
1.122948169708251953e+00 -2.194380760192871094e+00 1.000000000000000000e+00 0.000000000000000000e+00 0.000000000000000000e+00
7.793266177177429199e-01 -2.636703848838806152e-01 1.000000000000000000e+00 0.000000000000000000e+00 0.000000000000000000e+00
3.213277459144592285e-01 -2.099466025829315186e-01 0.000000000000000000e+00 1.000000000000000000e+00 0.000000000000000000e+00
-3.568741083145141602e-01 -1.563773751258850098e-01 1.000000000000000000e+00 0.000000000000000000e+00 0.000000000000000000e+00
-2.676382064819335938e-01 9.197811484336853027e-01 1.000000000000000000e+00 0.000000000000000000e+00 0.000000000000000000e+00
-1.956044137477874756e-01 2.883788645267486572e-01 0.000000000000000000e+00 1.000000000000000000e+00 0.000000000000000000e+00
-1.479769945144653320e-01 3.673243522644042969e-02 1.000000000000000000e+00 0.000000000000000000e+00 0.000000000000000000e+00
6.914206147193908691e-01 -1.436056792736053467e-01 1.000000000000000000e+00 0.000000000000000000e+00 0.000000000000000000e+00
1.385150253772735596e-01 3.766576573252677917e-02 0.000000000000000000e+00 1.000000000000000000e+00 0.000000000000000000e+00
-9.088273048400878906e-01 6.969791650772094727e-01 1.000000000000000000e+00 0.000000000000000000e+00 0.000000000000000000e+00
7.471791505813598633e-01 -8.631356060504913330e-02 1.000000000000000000e+00 0.000000000000000000e+00 0.000000000000000000e+00
2.971597313880920410e-01 -1.323091983795166016e-01 0.000000000000000000e+00 1.000000000000000000e+00 0.000000000000000000e+00
-3.431927561759948730e-01 -1.022735461592674255e-01 1.000000000000000000e+00 0.000000000000000000e+00 0.000000000000000000e+00
-2.117697894573211670e-01 7.743105888366699219e-01 1.000000000000000000e+00 0.000000000000000000e+00 0.000000000000000000e+00
-1.328912675380706787e-01 1.853634566068649292e-01 0.000000000000000000e+00 1.000000000000000000e+00 0.000000000000000000e+00
-2.833214998245239258e-01 1.622879505157470703e-02 1.000000000000000000e+00 0.000000000000000000e+00 0.000000000000000000e+00
1.092484474182128906e+00 -6.239055097103118896e-02 1.000000000000000000e+00 0.000000000000000000e+00 0.000000000000000000e+00
7.190699577331542969e-01 1.014474183320999146e-01 0.000000000000000000e+00 1.000000000000000000e+00 0.000000000000000000e+00
-2.053123474121093750e+00 -2.241500854492187500e+00 0.000000000000000000e+00 0.000000000000000000e+00 1.000000000000000000e+00
-2.128034830093383789e-01 1.451083660125732422e+00 0.000000000000000000e+00 0.000000000000000000e+00 1.000000000000000000e+00
-1.403037905693054199e+00 -1.083425879478454590e-01 0.000000000000000000e+00 0.000000000000000000e+00 1.000000000000000000e+00
-9.996531009674072266e-01 -2.754988074302673340e-01 0.000000000000000000e+00 0.000000000000000000e+00 1.000000000000000000e+00
-1.052835702896118164e+00 -2.148237824440002441e-01 0.000000000000000000e+00 0.000000000000000000e+00 1.000000000000000000e+00
-1.007204651832580566e+00 -2.219243645668029785e-01 0.000000000000000000e+00 0.000000000000000000e+00 1.000000000000000000e+00
-9.899274110794067383e-01 -2.379154562950134277e-01 0.000000000000000000e+00 0.000000000000000000e+00 1.000000000000000000e+00
-9.719752073287963867e-01 -2.444642782211303711e-01 0.000000000000000000e+00 0.000000000000000000e+00 1.000000000000000000e+00
-9.618381261825561523e-01 -2.409948110580444336e-01 0.000000000000000000e+00 0.000000000000000000e+00 1.000000000000000000e+00
-9.515799283981323242e-01 -2.460784912109375000e-01 0.000000000000000000e+00 0.000000000000000000e+00 1.000000000000000000e+00
-9.322637319564819336e-01 -2.807475924491882324e-01 0.000000000000000000e+00 0.000000000000000000e+00 1.000000000000000000e+00
-9.167555570602416992e-01 -2.929329872131347656e-01 0.000000000000000000e+00 0.000000000000000000e+00 1.000000000000000000e+00
-9.060090780258178711e-01 -2.943640947341918945e-01 0.000000000000000000e+00 0.000000000000000000e+00 1.000000000000000000e+00
-8.967449665069580078e-01 -2.907791733741760254e-01 0.000000000000000000e+00 0.000000000000000000e+00 1.000000000000000000e+00
-8.889752626419067383e-01 -2.854588031768798828e-01 0.000000000000000000e+00 0.000000000000000000e+00 1.000000000000000000e+00
-8.835113048553466797e-01 -2.802696228027343750e-01 0.000000000000000000e+00 0.000000000000000000e+00 1.000000000000000000e+00
-8.775733709335327148e-01 -2.793615460395812988e-01 0.000000000000000000e+00 0.000000000000000000e+00 1.000000000000000000e+00
-8.692399263381958008e-01 -2.804970145225524902e-01 0.000000000000000000e+00 0.000000000000000000e+00 1.000000000000000000e+00
0.000000000000000000e+00 0.000000000000000000e+00 0.000000000000000000e+00 0.000000000000000000e+00 0.000000000000000000e+00
0.000000000000000000e+00 0.000000000000000000e+00 0.000000000000000000e+00 0.000000000000000000e+00 0.000000000000000000e+00
0.000000000000000000e+00 0.000000000000000000e+00 0.000000000000000000e+00 0.000000000000000000e+00 0.000000000000000000e+00
0.000000000000000000e+00 0.000000000000000000e+00 0.000000000000000000e+00 0.000000000000000000e+00 0.000000000000000000e+00
0.000000000000000000e+00 0.000000000000000000e+00 0.000000000000000000e+00 0.000000000000000000e+00 0.000000000000000000e+00
0.000000000000000000e+00 0.000000000000000000e+00 0.000000000000000000e+00 0.000000000000000000e+00 0.000000000000000000e+00
0.000000000000000000e+00 0.000000000000000000e+00 0.000000000000000000e+00 0.000000000000000000e+00 0.000000000000000000e+00
0.000000000000000000e+00 0.000000000000000000e+00 0.000000000000000000e+00 0.000000000000000000e+00 0.000000000000000000e+00
0.000000000000000000e+00 0.000000000000000000e+00 0.000000000000000000e+00 0.000000000000000000e+00 0.000000000000000000e+00
0.000000000000000000e+00 0.000000000000000000e+00 0.000000000000000000e+00 0.000000000000000000e+00 0.000000000000000000e+00
0.000000000000000000e+00 0.000000000000000000e+00 0.000000000000000000e+00 0.000000000000000000e+00 0.000000000000000000e+00
0.000000000000000000e+00 0.000000000000000000e+00 0.000000000000000000e+00 0.000000000000000000e+00 0.000000000000000000e+00
0.000000000000000000e+00 0.000000000000000000e+00 0.000000000000000000e+00 0.000000000000000000e+00 0.000000000000000000e+00
0.000000000000000000e+00 0.000000000000000000e+00 0.000000000000000000e+00 0.000000000000000000e+00 0.000000000000000000e+00
0.000000000000000000e+00 0.000000000000000000e+00 0.000000000000000000e+00 0.000000000000000000e+00 0.000000000000000000e+00
0.000000000000000000e+00 0.000000000000000000e+00 0.000000000000000000e+00 0.000000000000000000e+00 0.000000000000000000e+00
0.000000000000000000e+00 0.000000000000000000e+00 0.000000000000000000e+00 0.000000000000000000e+00 0.000000000000000000e+00
0.000000000000000000e+00 0.000000000000000000e+00 0.000000000000000000e+00 0.000000000000000000e+00 0.000000000000000000e+00
0.000000000000000000e+00 0.000000000000000000e+00 0.000000000000000000e+00 0.000000000000000000e+00 0.000000000000000000e+00
0.000000000000000000e+00 0.000000000000000000e+00 0.000000000000000000e+00 0.000000000000000000e+00 0.000000000000000000e+00
0.000000000000000000e+00 0.000000000000000000e+00 0.000000000000000000e+00 0.000000000000000000e+00 0.000000000000000000e+00
0.000000000000000000e+00 0.000000000000000000e+00 0.000000000000000000e+00 0.000000000000000000e+00 0.000000000000000000e+00
0.000000000000000000e+00 0.000000000000000000e+00 0.000000000000000000e+00 0.000000000000000000e+00 0.000000000000000000e+00
0.000000000000000000e+00 0.000000000000000000e+00 0.000000000000000000e+00 0.000000000000000000e+00 0.000000000000000000e+00
0.000000000000000000e+00 0.000000000000000000e+00 0.000000000000000000e+00 0.000000000000000000e+00 0.000000000000000000e+00
0.000000000000000000e+00 0.000000000000000000e+00 0.000000000000000000e+00 0.000000000000000000e+00 0.000000000000000000e+00
0.000000000000000000e+00 0.000000000000000000e+00 0.000000000000000000e+00 0.000000000000000000e+00 0.000000000000000000e+00
0.000000000000000000e+00 0.000000000000000000e+00 0.000000000000000000e+00 0.000000000000000000e+00 0.000000000000000000e+00
0.000000000000000000e+00 0.000000000000000000e+00 0.000000000000000000e+00 0.000000000000000000e+00 0.000000000000000000e+00
0.000000000000000000e+00 0.000000000000000000e+00 0.000000000000000000e+00 0.000000000000000000e+00 0.000000000000000000e+00
0.000000000000000000e+00 0.000000000000000000e+00 0.000000000000000000e+00 0.000000000000000000e+00 0.000000000000000000e+00
0.000000000000000000e+00 0.000000000000000000e+00 0.000000000000000000e+00 0.000000000000000000e+00 0.000000000000000000e+00
0.000000000000000000e+00 0.000000000000000000e+00 0.000000000000000000e+00 0.000000000000000000e+00 0.000000000000000000e+00
0.000000000000000000e+00 0.000000000000000000e+00 0.000000000000000000e+00 0.000000000000000000e+00 0.000000000000000000e+00
0.000000000000000000e+00 0.000000000000000000e+00 0.000000000000000000e+00 0.000000000000000000e+00 0.000000000000000000e+00
0.000000000000000000e+00 0.000000000000000000e+00 0.000000000000000000e+00 0.000000000000000000e+00 0.000000000000000000e+00
0.000000000000000000e+00 0.000000000000000000e+00 0.000000000000000000e+00 0.000000000000000000e+00 0.000000000000000000e+00
0.000000000000000000e+00 0.000000000000000000e+00 0.000000000000000000e+00 0.000000000000000000e+00 0.000000000000000000e+00
0.000000000000000000e+00 0.000000000000000000e+00 0.000000000000000000e+00 0.000000000000000000e+00 0.000000000000000000e+00
0.000000000000000000e+00 0.000000000000000000e+00 0.000000000000000000e+00 0.000000000000000000e+00 0.000000000000000000e+00
0.000000000000000000e+00 0.000000000000000000e+00 0.000000000000000000e+00 0.000000000000000000e+00 0.000000000000000000e+00
0.000000000000000000e+00 0.000000000000000000e+00 0.000000000000000000e+00 0.000000000000000000e+00 0.000000000000000000e+00
0.000000000000000000e+00 0.000000000000000000e+00 0.000000000000000000e+00 0.000000000000000000e+00 0.000000000000000000e+00
0.000000000000000000e+00 0.000000000000000000e+00 0.000000000000000000e+00 0.000000000000000000e+00 0.000000000000000000e+00
0.000000000000000000e+00 0.000000000000000000e+00 0.000000000000000000e+00 0.000000000000000000e+00 0.000000000000000000e+00
0.000000000000000000e+00 0.000000000000000000e+00 0.000000000000000000e+00 0.000000000000000000e+00 0.000000000000000000e+00
0.000000000000000000e+00 0.000000000000000000e+00 0.000000000000000000e+00 0.000000000000000000e+00 0.000000000000000000e+00
0.000000000000000000e+00 0.000000000000000000e+00 0.000000000000000000e+00 0.000000000000000000e+00 0.000000000000000000e+00
0.000000000000000000e+00 0.000000000000000000e+00 0.000000000000000000e+00 0.000000000000000000e+00 0.000000000000000000e+00
0.000000000000000000e+00 0.000000000000000000e+00 0.000000000000000000e+00 0.000000000000000000e+00 0.000000000000000000e+00
0.000000000000000000e+00 0.000000000000000000e+00 0.000000000000000000e+00 0.000000000000000000e+00 0.000000000000000000e+00
0.000000000000000000e+00 0.000000000000000000e+00 0.000000000000000000e+00 0.000000000000000000e+00 0.000000000000000000e+00
0.000000000000000000e+00 0.000000000000000000e+00 0.000000000000000000e+00 0.000000000000000000e+00 0.000000000000000000e+00
0.000000000000000000e+00 0.000000000000000000e+00 0.000000000000000000e+00 0.000000000000000000e+00 0.000000000000000000e+00
0.000000000000000000e+00 0.000000000000000000e+00 0.000000000000000000e+00 0.000000000000000000e+00 0.000000000000000000e+00
0.000000000000000000e+00 0.000000000000000000e+00 0.000000000000000000e+00 0.000000000000000000e+00 0.000000000000000000e+00
0.000000000000000000e+00 0.000000000000000000e+00 0.000000000000000000e+00 0.000000000000000000e+00 0.000000000000000000e+00
0.000000000000000000e+00 0.000000000000000000e+00 0.000000000000000000e+00 0.000000000000000000e+00 0.000000000000000000e+00
0.000000000000000000e+00 0.000000000000000000e+00 0.000000000000000000e+00 0.000000000000000000e+00 0.000000000000000000e+00
