0.000000000000000000e+00 0.000000000000000000e+00 1.000000000000000000e+00 0.000000000000000000e+00 0.000000000000000000e+00
-5.281808972358703613e-02 1.191908240318298340e+00 1.000000000000000000e+00 0.000000000000000000e+00 0.000000000000000000e+00
-8.169992268085479736e-02 3.897213339805603027e-01 0.000000000000000000e+00 1.000000000000000000e+00 0.000000000000000000e+00
4.993890523910522461e-01 -2.022120952606201172e+00 1.000000000000000000e+00 0.000000000000000000e+00 0.000000000000000000e+00
6.742724776268005371e-01 -1.905467808246612549e-01 1.000000000000000000e+00 0.000000000000000000e+00 0.000000000000000000e+00
2.412374466657638550e-01 8.689429610967636108e-02 1.000000000000000000e+00 0.000000000000000000e+00 0.000000000000000000e+00
-8.661803603172302246e-02 1.649020195007324219e+00 1.000000000000000000e+00 0.000000000000000000e+00 0.000000000000000000e+00
-8.179983496665954590e-02 2.864924073219299316e-01 1.000000000000000000e+00 0.000000000000000000e+00 0.000000000000000000e+00
-1.303185522556304932e-01 1.370938867330551147e-01 0.000000000000000000e+00 1.000000000000000000e+00 0.000000000000000000e+00
-4.473097324371337891e-01 -1.131494522094726562e+00 1.000000000000000000e+00 0.000000000000000000e+00 0.000000000000000000e+00
3.472532629966735840e-01 -1.993855834007263184e-02 0.000000000000000000e+00 1.000000000000000000e+00 0.000000000000000000e+00
-2.583391368389129639e-01 3.932088017463684082e-01 1.000000000000000000e+00 0.000000000000000000e+00 0.000000000000000000e+00
3.593790531158447266e-01 3.176684677600860596e-02 0.000000000000000000e+00 1.000000000000000000e+00 0.000000000000000000e+00
-3.712080121040344238e-01 5.648735761642456055e-01 1.000000000000000000e+00 0.000000000000000000e+00 0.000000000000000000e+00
5.354594588279724121e-01 -1.148149445652961731e-01 1.000000000000000000e+00 0.000000000000000000e+00 0.000000000000000000e+00
2.624283432960510254e-01 -1.530977338552474976e-01 0.000000000000000000e+00 1.000000000000000000e+00 0.000000000000000000e+00
1.637078404426574707e+00 -2.269980192184448242e+00 1.000000000000000000e+00 0.000000000000000000e+00 0.000000000000000000e+00
-8.777177333831787109e-01 8.706373572349548340e-01 1.000000000000000000e+00 0.000000000000000000e+00 0.000000000000000000e+00
4.660569727420806885e-01 5.925319343805313110e-02 1.000000000000000000e+00 0.000000000000000000e+00 0.000000000000000000e+00
7.507601976394653320e-01 -1.605552732944488525e-01 0.000000000000000000e+00 1.000000000000000000e+00 0.000000000000000000e+00
-1.636146903038024902e+00 9.688280820846557617e-01 1.000000000000000000e+00 0.000000000000000000e+00 0.000000000000000000e+00
1.289568662643432617e+00 -1.283508837223052979e-01 1.000000000000000000e+00 0.000000000000000000e+00 0.000000000000000000e+00
5.039484500885009766e-01 -1.339577734470367432e-01 0.000000000000000000e+00 1.000000000000000000e+00 0.000000000000000000e+00
-1.189563274383544922e+00 -2.452966868877410889e-01 1.000000000000000000e+00 0.000000000000000000e+00 0.000000000000000000e+00
-5.213054642081260681e-02 8.107436895370483398e-01 1.000000000000000000e+00 0.000000000000000000e+00 0.000000000000000000e+00
4.699273779988288879e-02 1.141013950109481812e-01 0.000000000000000000e+00 1.000000000000000000e+00 0.000000000000000000e+00
9.291049242019653320e-01 -8.783373236656188965e-01 1.000000000000000000e+00 0.000000000000000000e+00 0.000000000000000000e+00
-2.705912590026855469e-01 8.101992011070251465e-01 1.000000000000000000e+00 0.000000000000000000e+00 0.000000000000000000e+00
-1.316534876823425293e-01 1.651467680931091309e-01 0.000000000000000000e+00 1.000000000000000000e+00 0.000000000000000000e+00
-5.777148604393005371e-01 2.038811147212982178e-02 1.000000000000000000e+00 0.000000000000000000e+00 0.000000000000000000e+00
7.661970853805541992e-01 -9.676450490951538086e-02 1.000000000000000000e+00 0.000000000000000000e+00 0.000000000000000000e+00
3.198785781860351562e-01 -1.330168396234512329e-01 0.000000000000000000e+00 1.000000000000000000e+00 0.000000000000000000e+00
-3.728710114955902100e-01 -1.223737478256225586e+00 1.000000000000000000e+00 0.000000000000000000e+00 0.000000000000000000e+00
-1.170738711953163147e-01 1.413407564163208008e+00 1.000000000000000000e+00 0.000000000000000000e+00 0.000000000000000000e+00
-9.872423112392425537e-02 3.847217559814453125e-01 1.000000000000000000e+00 0.000000000000000000e+00 0.000000000000000000e+00
-1.448400318622589111e-01 2.490530461072921753e-01 0.000000000000000000e+00 1.000000000000000000e+00 0.000000000000000000e+00
-3.170418739318847656e-01 -8.954316377639770508e-03 1.000000000000000000e+00 0.000000000000000000e+00 0.000000000000000000e+00
1.024968266487121582e+00 -4.408647119998931885e-02 1.000000000000000000e+00 0.000000000000000000e+00 0.000000000000000000e+00
3.858087062835693359e-01 7.839395105838775635e-02 0.000000000000000000e+00 1.000000000000000000e+00 0.000000000000000000e+00
-1.576954603195190430e+00 -1.643795967102050781e+00 0.000000000000000000e+00 0.000000000000000000e+00 1.000000000000000000e+00
-4.885997474193572998e-01 1.219181299209594727e+00 0.000000000000000000e+00 0.000000000000000000e+00 1.000000000000000000e+00
-1.573516249656677246e+00 -1.931610703468322754e-01 0.000000000000000000e+00 0.000000000000000000e+00 1.000000000000000000e+00
-1.075035095214843750e+00 -1.997594833374023438e-01 0.000000000000000000e+00 0.000000000000000000e+00 1.000000000000000000e+00
-1.208797812461853027e+00 -2.370582818984985352e-01 0.000000000000000000e+00 0.000000000000000000e+00 1.000000000000000000e+00
-1.093830823898315430e+00 -1.944316625595092773e-01 0.000000000000000000e+00 0.000000000000000000e+00 1.000000000000000000e+00
-1.098237276077270508e+00 -2.208957076072692871e-01 0.000000000000000000e+00 0.000000000000000000e+00 1.000000000000000000e+00
-1.055689573287963867e+00 -2.523262500762939453e-01 0.000000000000000000e+00 0.000000000000000000e+00 1.000000000000000000e+00
-1.038588523864746094e+00 -2.829806208610534668e-01 0.000000000000000000e+00 0.000000000000000000e+00 1.000000000000000000e+00
-1.017428994178771973e+00 -2.855117321014404297e-01 0.000000000000000000e+00 0.000000000000000000e+00 1.000000000000000000e+00
-1.002626895904541016e+00 -2.908825874328613281e-01 0.000000000000000000e+00 0.000000000000000000e+00 1.000000000000000000e+00
-9.885681867599487305e-01 -2.871281504631042480e-01 0.000000000000000000e+00 0.000000000000000000e+00 1.000000000000000000e+00
-9.788006544113159180e-01 -2.866140604019165039e-01 0.000000000000000000e+00 0.000000000000000000e+00 1.000000000000000000e+00
-9.694836139678955078e-01 -2.936580777168273926e-01 0.000000000000000000e+00 0.000000000000000000e+00 1.000000000000000000e+00
-9.619249105453491211e-01 -3.034986853599548340e-01 0.000000000000000000e+00 0.000000000000000000e+00 1.000000000000000000e+00
-9.537051916122436523e-01 -3.081183433532714844e-01 0.000000000000000000e+00 0.000000000000000000e+00 1.000000000000000000e+00
-9.436233043670654297e-01 -3.044025301933288574e-01 0.000000000000000000e+00 0.000000000000000000e+00 1.000000000000000000e+00
-9.318405389785766602e-01 -2.988045215606689453e-01 0.000000000000000000e+00 0.000000000000000000e+00 1.000000000000000000e+00
-9.217234849929809570e-01 -2.943688035011291504e-01 0.000000000000000000e+00 0.000000000000000000e+00 1.000000000000000000e+00
-9.144713878631591797e-01 -2.927790880203247070e-01 0.000000000000000000e+00 0.000000000000000000e+00 1.000000000000000000e+00
-9.083952903747558594e-01 -2.949379682540893555e-01 0.000000000000000000e+00 0.000000000000000000e+00 1.000000000000000000e+00
-9.028561115264892578e-01 -2.986598610877990723e-01 0.000000000000000000e+00 0.000000000000000000e+00 1.000000000000000000e+00
-8.966774940490722656e-01 -3.000265955924987793e-01 0.000000000000000000e+00 0.000000000000000000e+00 1.000000000000000000e+00
0.000000000000000000e+00 0.000000000000000000e+00 0.000000000000000000e+00 0.000000000000000000e+00 0.000000000000000000e+00
0.000000000000000000e+00 0.000000000000000000e+00 0.000000000000000000e+00 0.000000000000000000e+00 0.000000000000000000e+00
0.000000000000000000e+00 0.000000000000000000e+00 0.000000000000000000e+00 0.000000000000000000e+00 0.000000000000000000e+00
0.000000000000000000e+00 0.000000000000000000e+00 0.000000000000000000e+00 0.000000000000000000e+00 0.000000000000000000e+00
0.000000000000000000e+00 0.000000000000000000e+00 0.000000000000000000e+00 0.000000000000000000e+00 0.000000000000000000e+00
0.000000000000000000e+00 0.000000000000000000e+00 0.000000000000000000e+00 0.000000000000000000e+00 0.000000000000000000e+00
0.000000000000000000e+00 0.000000000000000000e+00 0.000000000000000000e+00 0.000000000000000000e+00 0.000000000000000000e+00
0.000000000000000000e+00 0.000000000000000000e+00 0.000000000000000000e+00 0.000000000000000000e+00 0.000000000000000000e+00
0.000000000000000000e+00 0.000000000000000000e+00 0.000000000000000000e+00 0.000000000000000000e+00 0.000000000000000000e+00
0.000000000000000000e+00 0.000000000000000000e+00 0.000000000000000000e+00 0.000000000000000000e+00 0.000000000000000000e+00
0.000000000000000000e+00 0.000000000000000000e+00 0.000000000000000000e+00 0.000000000000000000e+00 0.000000000000000000e+00
0.000000000000000000e+00 0.000000000000000000e+00 0.000000000000000000e+00 0.000000000000000000e+00 0.000000000000000000e+00
0.000000000000000000e+00 0.000000000000000000e+00 0.000000000000000000e+00 0.000000000000000000e+00 0.000000000000000000e+00
0.000000000000000000e+00 0.000000000000000000e+00 0.000000000000000000e+00 0.000000000000000000e+00 0.000000000000000000e+00
0.000000000000000000e+00 0.000000000000000000e+00 0.000000000000000000e+00 0.000000000000000000e+00 0.000000000000000000e+00
0.000000000000000000e+00 0.000000000000000000e+00 0.000000000000000000e+00 0.000000000000000000e+00 0.000000000000000000e+00
0.000000000000000000e+00 0.000000000000000000e+00 0.000000000000000000e+00 0.000000000000000000e+00 0.000000000000000000e+00
0.000000000000000000e+00 0.000000000000000000e+00 0.000000000000000000e+00 0.000000000000000000e+00 0.000000000000000000e+00
0.000000000000000000e+00 0.000000000000000000e+00 0.000000000000000000e+00 0.000000000000000000e+00 0.000000000000000000e+00
0.000000000000000000e+00 0.000000000000000000e+00 0.000000000000000000e+00 0.000000000000000000e+00 0.000000000000000000e+00
0.000000000000000000e+00 0.000000000000000000e+00 0.000000000000000000e+00 0.000000000000000000e+00 0.000000000000000000e+00
0.000000000000000000e+00 0.000000000000000000e+00 0.000000000000000000e+00 0.000000000000000000e+00 0.000000000000000000e+00
0.000000000000000000e+00 0.000000000000000000e+00 0.000000000000000000e+00 0.000000000000000000e+00 0.000000000000000000e+00
0.000000000000000000e+00 0.000000000000000000e+00 0.000000000000000000e+00 0.000000000000000000e+00 0.000000000000000000e+00
0.000000000000000000e+00 0.000000000000000000e+00 0.000000000000000000e+00 0.000000000000000000e+00 0.000000000000000000e+00
0.000000000000000000e+00 0.000000000000000000e+00 0.000000000000000000e+00 0.000000000000000000e+00 0.000000000000000000e+00
0.000000000000000000e+00 0.000000000000000000e+00 0.000000000000000000e+00 0.000000000000000000e+00 0.000000000000000000e+00
0.000000000000000000e+00 0.000000000000000000e+00 0.000000000000000000e+00 0.000000000000000000e+00 0.000000000000000000e+00
0.000000000000000000e+00 0.000000000000000000e+00 0.000000000000000000e+00 0.000000000000000000e+00 0.000000000000000000e+00
0.000000000000000000e+00 0.000000000000000000e+00 0.000000000000000000e+00 0.000000000000000000e+00 0.000000000000000000e+00
0.000000000000000000e+00 0.000000000000000000e+00 0.000000000000000000e+00 0.000000000000000000e+00 0.000000000000000000e+00
0.000000000000000000e+00 0.000000000000000000e+00 0.000000000000000000e+00 0.000000000000000000e+00 0.000000000000000000e+00
0.000000000000000000e+00 0.000000000000000000e+00 0.000000000000000000e+00 0.000000000000000000e+00 0.000000000000000000e+00
0.000000000000000000e+00 0.000000000000000000e+00 0.000000000000000000e+00 0.000000000000000000e+00 0.000000000000000000e+00
0.000000000000000000e+00 0.000000000000000000e+00 0.000000000000000000e+00 0.000000000000000000e+00 0.000000000000000000e+00
0.000000000000000000e+00 0.000000000000000000e+00 0.000000000000000000e+00 0.000000000000000000e+00 0.000000000000000000e+00
0.000000000000000000e+00 0.000000000000000000e+00 0.000000000000000000e+00 0.000000000000000000e+00 0.000000000000000000e+00
0.000000000000000000e+00 0.000000000000000000e+00 0.000000000000000000e+00 0.000000000000000000e+00 0.000000000000000000e+00
0.000000000000000000e+00 0.000000000000000000e+00 0.000000000000000000e+00 0.000000000000000000e+00 0.000000000000000000e+00
0.000000000000000000e+00 0.000000000000000000e+00 0.000000000000000000e+00 0.000000000000000000e+00 0.000000000000000000e+00
0.000000000000000000e+00 0.000000000000000000e+00 0.000000000000000000e+00 0.000000000000000000e+00 0.000000000000000000e+00
0.000000000000000000e+00 0.000000000000000000e+00 0.000000000000000000e+00 0.000000000000000000e+00 0.000000000000000000e+00
0.000000000000000000e+00 0.000000000000000000e+00 0.000000000000000000e+00 0.000000000000000000e+00 0.000000000000000000e+00
0.000000000000000000e+00 0.000000000000000000e+00 0.000000000000000000e+00 0.000000000000000000e+00 0.000000000000000000e+00
0.000000000000000000e+00 0.000000000000000000e+00 0.000000000000000000e+00 0.000000000000000000e+00 0.000000000000000000e+00
0.000000000000000000e+00 0.000000000000000000e+00 0.000000000000000000e+00 0.000000000000000000e+00 0.000000000000000000e+00
0.000000000000000000e+00 0.000000000000000000e+00 0.000000000000000000e+00 0.000000000000000000e+00 0.000000000000000000e+00
0.000000000000000000e+00 0.000000000000000000e+00 0.000000000000000000e+00 0.000000000000000000e+00 0.000000000000000000e+00
0.000000000000000000e+00 0.000000000000000000e+00 0.000000000000000000e+00 0.000000000000000000e+00 0.000000000000000000e+00
0.000000000000000000e+00 0.000000000000000000e+00 0.000000000000000000e+00 0.000000000000000000e+00 0.000000000000000000e+00
0.000000000000000000e+00 0.000000000000000000e+00 0.000000000000000000e+00 0.000000000000000000e+00 0.000000000000000000e+00
0.000000000000000000e+00 0.000000000000000000e+00 0.000000000000000000e+00 0.000000000000000000e+00 0.000000000000000000e+00
0.000000000000000000e+00 0.000000000000000000e+00 0.000000000000000000e+00 0.000000000000000000e+00 0.000000000000000000e+00
0.000000000000000000e+00 0.000000000000000000e+00 0.000000000000000000e+00 0.000000000000000000e+00 0.000000000000000000e+00
0.000000000000000000e+00 0.000000000000000000e+00 0.000000000000000000e+00 0.000000000000000000e+00 0.000000000000000000e+00
0.000000000000000000e+00 0.000000000000000000e+00 0.000000000000000000e+00 0.000000000000000000e+00 0.000000000000000000e+00
0.000000000000000000e+00 0.000000000000000000e+00 0.000000000000000000e+00 0.000000000000000000e+00 0.000000000000000000e+00
0.000000000000000000e+00 0.000000000000000000e+00 0.000000000000000000e+00 0.000000000000000000e+00 0.000000000000000000e+00
0.000000000000000000e+00 0.000000000000000000e+00 0.000000000000000000e+00 0.000000000000000000e+00 0.000000000000000000e+00
