0.000000000000000000e+00 0.000000000000000000e+00 1.000000000000000000e+00 0.000000000000000000e+00 0.000000000000000000e+00
-8.114667236804962158e-02 1.029709339141845703e+00 1.000000000000000000e+00 0.000000000000000000e+00 0.000000000000000000e+00
-7.780450582504272461e-02 3.100642561912536621e-01 0.000000000000000000e+00 1.000000000000000000e+00 0.000000000000000000e+00
4.373424053192138672e-01 -1.715102195739746094e+00 1.000000000000000000e+00 0.000000000000000000e+00 0.000000000000000000e+00
5.901864171028137207e-01 -1.525559723377227783e-01 1.000000000000000000e+00 0.000000000000000000e+00 0.000000000000000000e+00
1.902291476726531982e-01 7.996270805597305298e-02 1.000000000000000000e+00 0.000000000000000000e+00 0.000000000000000000e+00
-1.057329103350639343e-01 1.436870813369750977e+00 1.000000000000000000e+00 0.000000000000000000e+00 0.000000000000000000e+00
-7.166453450918197632e-02 2.098486125469207764e-01 1.000000000000000000e+00 0.000000000000000000e+00 0.000000000000000000e+00
-1.130815967917442322e-01 8.930209279060363770e-02 0.000000000000000000e+00 1.000000000000000000e+00 0.000000000000000000e+00
-3.611610829830169678e-01 -9.521173238754272461e-01 1.000000000000000000e+00 0.000000000000000000e+00 0.000000000000000000e+00
3.026379942893981934e-01 -1.184877753257751465e-02 0.000000000000000000e+00 1.000000000000000000e+00 0.000000000000000000e+00
-2.328479140996932983e-01 3.240779340267181396e-01 1.000000000000000000e+00 0.000000000000000000e+00 0.000000000000000000e+00
3.150101304054260254e-01 2.438600361347198486e-02 1.000000000000000000e+00 0.000000000000000000e+00 0.000000000000000000e+00
-1.898571848869323730e-03 7.381783425807952881e-02 0.000000000000000000e+00 1.000000000000000000e+00 0.000000000000000000e+00
-3.121433258056640625e-01 3.817681670188903809e-01 1.000000000000000000e+00 0.000000000000000000e+00 0.000000000000000000e+00
4.572000503540039062e-01 -8.912697434425354004e-02 1.000000000000000000e+00 0.000000000000000000e+00 0.000000000000000000e+00
1.992535740137100220e-01 -1.150071397423744202e-01 0.000000000000000000e+00 1.000000000000000000e+00 0.000000000000000000e+00
9.928920269012451172e-01 -1.624742865562438965e+00 1.000000000000000000e+00 0.000000000000000000e+00 0.000000000000000000e+00
-5.879973769187927246e-01 7.844696044921875000e-01 1.000000000000000000e+00 0.000000000000000000e+00 0.000000000000000000e+00
3.410015702247619629e-01 5.285109579563140869e-02 1.000000000000000000e+00 0.000000000000000000e+00 0.000000000000000000e+00
3.998515605926513672e-01 -7.235933095216751099e-02 1.000000000000000000e+00 0.000000000000000000e+00 0.000000000000000000e+00
2.225059270858764648e-01 -1.250168383121490479e-01 0.000000000000000000e+00 1.000000000000000000e+00 0.000000000000000000e+00
-3.763635456562042236e-01 -2.043715417385101318e-01 1.000000000000000000e+00 0.000000000000000000e+00 0.000000000000000000e+00
-6.551666557788848877e-02 1.238495111465454102e+00 1.000000000000000000e+00 0.000000000000000000e+00 0.000000000000000000e+00
-5.737423896789550781e-02 2.319731116294860840e-01 1.000000000000000000e+00 0.000000000000000000e+00 0.000000000000000000e+00
-8.202257007360458374e-02 9.335979074239730835e-02 0.000000000000000000e+00 1.000000000000000000e+00 0.000000000000000000e+00
-1.370632499456405640e-01 -7.116191387176513672e-01 1.000000000000000000e+00 0.000000000000000000e+00 0.000000000000000000e+00
-4.275681376457214355e-01 4.782454669475555420e-01 1.000000000000000000e+00 0.000000000000000000e+00 0.000000000000000000e+00
-3.692087531089782715e-02 1.111722812056541443e-01 0.000000000000000000e+00 1.000000000000000000e+00 0.000000000000000000e+00
8.657518029212951660e-01 -4.736869931221008301e-01 1.000000000000000000e+00 0.000000000000000000e+00 0.000000000000000000e+00
2.137190997600555420e-01 2.347655147314071655e-01 1.000000000000000000e+00 0.000000000000000000e+00 0.000000000000000000e+00
7.769101113080978394e-02 3.676258027553558350e-03 0.000000000000000000e+00 1.000000000000000000e+00 0.000000000000000000e+00
2.143030464649200439e-01 -9.428175091743469238e-01 1.000000000000000000e+00 0.000000000000000000e+00 0.000000000000000000e+00
2.101957798004150391e-01 2.960652112960815430e-01 1.000000000000000000e+00 0.000000000000000000e+00 0.000000000000000000e+00
5.489591136574745178e-02 3.245503902435302734e-01 0.000000000000000000e+00 1.000000000000000000e+00 0.000000000000000000e+00
3.120909929275512695e-01 -1.006905317306518555e+00 1.000000000000000000e+00 0.000000000000000000e+00 0.000000000000000000e+00
-3.542539477348327637e-02 5.085972547531127930e-01 1.000000000000000000e+00 0.000000000000000000e+00 0.000000000000000000e+00
-2.939720749855041504e-01 8.723912239074707031e-01 1.000000000000000000e+00 0.000000000000000000e+00 0.000000000000000000e+00
-1.523653417825698853e-01 2.642545402050018311e-01 1.000000000000000000e+00 0.000000000000000000e+00 0.000000000000000000e+00
-1.178128421306610107e-01 8.028057962656021118e-02 1.000000000000000000e+00 0.000000000000000000e+00 0.000000000000000000e+00
-4.457579553127288818e-02 -7.885309308767318726e-02 0.000000000000000000e+00 1.000000000000000000e+00 0.000000000000000000e+00
1.138328075408935547e+00 -1.248549222946166992e+00 1.000000000000000000e+00 0.000000000000000000e+00 0.000000000000000000e+00
-4.360867440700531006e-01 5.407176613807678223e-01 1.000000000000000000e+00 0.000000000000000000e+00 0.000000000000000000e+00
5.137065052986145020e-01 4.628630876541137695e-01 1.000000000000000000e+00 0.000000000000000000e+00 0.000000000000000000e+00
3.198660612106323242e-01 1.555048674345016479e-01 0.000000000000000000e+00 1.000000000000000000e+00 0.000000000000000000e+00
-1.952234983444213867e+00 -1.941679000854492188e+00 0.000000000000000000e+00 0.000000000000000000e+00 1.000000000000000000e+00
-2.364270389080047607e-01 1.147639513015747070e+00 0.000000000000000000e+00 0.000000000000000000e+00 1.000000000000000000e+00
-1.364792466163635254e+00 -1.104258894920349121e-01 0.000000000000000000e+00 0.000000000000000000e+00 1.000000000000000000e+00
-9.598212242126464844e-01 -1.477639675140380859e-01 0.000000000000000000e+00 0.000000000000000000e+00 1.000000000000000000e+00
-1.063596367835998535e+00 -2.274155020713806152e-01 0.000000000000000000e+00 0.000000000000000000e+00 1.000000000000000000e+00
-9.949343204498291016e-01 -2.249575853347778320e-01 0.000000000000000000e+00 0.000000000000000000e+00 1.000000000000000000e+00
-9.886379241943359375e-01 -2.659903764724731445e-01 0.000000000000000000e+00 0.000000000000000000e+00 1.000000000000000000e+00
-9.685258865356445312e-01 -2.849512100219726562e-01 0.000000000000000000e+00 0.000000000000000000e+00 1.000000000000000000e+00
-9.602046012878417969e-01 -2.826941609382629395e-01 0.000000000000000000e+00 0.000000000000000000e+00 1.000000000000000000e+00
-9.500945806503295898e-01 -2.783750891685485840e-01 0.000000000000000000e+00 0.000000000000000000e+00 1.000000000000000000e+00
0.000000000000000000e+00 0.000000000000000000e+00 0.000000000000000000e+00 0.000000000000000000e+00 0.000000000000000000e+00
0.000000000000000000e+00 0.000000000000000000e+00 0.000000000000000000e+00 0.000000000000000000e+00 0.000000000000000000e+00
0.000000000000000000e+00 0.000000000000000000e+00 0.000000000000000000e+00 0.000000000000000000e+00 0.000000000000000000e+00
0.000000000000000000e+00 0.000000000000000000e+00 0.000000000000000000e+00 0.000000000000000000e+00 0.000000000000000000e+00
0.000000000000000000e+00 0.000000000000000000e+00 0.000000000000000000e+00 0.000000000000000000e+00 0.000000000000000000e+00
0.000000000000000000e+00 0.000000000000000000e+00 0.000000000000000000e+00 0.000000000000000000e+00 0.000000000000000000e+00
0.000000000000000000e+00 0.000000000000000000e+00 0.000000000000000000e+00 0.000000000000000000e+00 0.000000000000000000e+00
0.000000000000000000e+00 0.000000000000000000e+00 0.000000000000000000e+00 0.000000000000000000e+00 0.000000000000000000e+00
0.000000000000000000e+00 0.000000000000000000e+00 0.000000000000000000e+00 0.000000000000000000e+00 0.000000000000000000e+00
0.000000000000000000e+00 0.000000000000000000e+00 0.000000000000000000e+00 0.000000000000000000e+00 0.000000000000000000e+00
0.000000000000000000e+00 0.000000000000000000e+00 0.000000000000000000e+00 0.000000000000000000e+00 0.000000000000000000e+00
0.000000000000000000e+00 0.000000000000000000e+00 0.000000000000000000e+00 0.000000000000000000e+00 0.000000000000000000e+00
0.000000000000000000e+00 0.000000000000000000e+00 0.000000000000000000e+00 0.000000000000000000e+00 0.000000000000000000e+00
0.000000000000000000e+00 0.000000000000000000e+00 0.000000000000000000e+00 0.000000000000000000e+00 0.000000000000000000e+00
0.000000000000000000e+00 0.000000000000000000e+00 0.000000000000000000e+00 0.000000000000000000e+00 0.000000000000000000e+00
0.000000000000000000e+00 0.000000000000000000e+00 0.000000000000000000e+00 0.000000000000000000e+00 0.000000000000000000e+00
0.000000000000000000e+00 0.000000000000000000e+00 0.000000000000000000e+00 0.000000000000000000e+00 0.000000000000000000e+00
0.000000000000000000e+00 0.000000000000000000e+00 0.000000000000000000e+00 0.000000000000000000e+00 0.000000000000000000e+00
0.000000000000000000e+00 0.000000000000000000e+00 0.000000000000000000e+00 0.000000000000000000e+00 0.000000000000000000e+00
0.000000000000000000e+00 0.000000000000000000e+00 0.000000000000000000e+00 0.000000000000000000e+00 0.000000000000000000e+00
0.000000000000000000e+00 0.000000000000000000e+00 0.000000000000000000e+00 0.000000000000000000e+00 0.000000000000000000e+00
0.000000000000000000e+00 0.000000000000000000e+00 0.000000000000000000e+00 0.000000000000000000e+00 0.000000000000000000e+00
0.000000000000000000e+00 0.000000000000000000e+00 0.000000000000000000e+00 0.000000000000000000e+00 0.000000000000000000e+00
0.000000000000000000e+00 0.000000000000000000e+00 0.000000000000000000e+00 0.000000000000000000e+00 0.000000000000000000e+00
0.000000000000000000e+00 0.000000000000000000e+00 0.000000000000000000e+00 0.000000000000000000e+00 0.000000000000000000e+00
0.000000000000000000e+00 0.000000000000000000e+00 0.000000000000000000e+00 0.000000000000000000e+00 0.000000000000000000e+00
0.000000000000000000e+00 0.000000000000000000e+00 0.000000000000000000e+00 0.000000000000000000e+00 0.000000000000000000e+00
0.000000000000000000e+00 0.000000000000000000e+00 0.000000000000000000e+00 0.000000000000000000e+00 0.000000000000000000e+00
0.000000000000000000e+00 0.000000000000000000e+00 0.000000000000000000e+00 0.000000000000000000e+00 0.000000000000000000e+00
0.000000000000000000e+00 0.000000000000000000e+00 0.000000000000000000e+00 0.000000000000000000e+00 0.000000000000000000e+00
0.000000000000000000e+00 0.000000000000000000e+00 0.000000000000000000e+00 0.000000000000000000e+00 0.000000000000000000e+00
0.000000000000000000e+00 0.000000000000000000e+00 0.000000000000000000e+00 0.000000000000000000e+00 0.000000000000000000e+00
0.000000000000000000e+00 0.000000000000000000e+00 0.000000000000000000e+00 0.000000000000000000e+00 0.000000000000000000e+00
0.000000000000000000e+00 0.000000000000000000e+00 0.000000000000000000e+00 0.000000000000000000e+00 0.000000000000000000e+00
0.000000000000000000e+00 0.000000000000000000e+00 0.000000000000000000e+00 0.000000000000000000e+00 0.000000000000000000e+00
0.000000000000000000e+00 0.000000000000000000e+00 0.000000000000000000e+00 0.000000000000000000e+00 0.000000000000000000e+00
0.000000000000000000e+00 0.000000000000000000e+00 0.000000000000000000e+00 0.000000000000000000e+00 0.000000000000000000e+00
0.000000000000000000e+00 0.000000000000000000e+00 0.000000000000000000e+00 0.000000000000000000e+00 0.000000000000000000e+00
0.000000000000000000e+00 0.000000000000000000e+00 0.000000000000000000e+00 0.000000000000000000e+00 0.000000000000000000e+00
0.000000000000000000e+00 0.000000000000000000e+00 0.000000000000000000e+00 0.000000000000000000e+00 0.000000000000000000e+00
0.000000000000000000e+00 0.000000000000000000e+00 0.000000000000000000e+00 0.000000000000000000e+00 0.000000000000000000e+00
0.000000000000000000e+00 0.000000000000000000e+00 0.000000000000000000e+00 0.000000000000000000e+00 0.000000000000000000e+00
0.000000000000000000e+00 0.000000000000000000e+00 0.000000000000000000e+00 0.000000000000000000e+00 0.000000000000000000e+00
0.000000000000000000e+00 0.000000000000000000e+00 0.000000000000000000e+00 0.000000000000000000e+00 0.000000000000000000e+00
0.000000000000000000e+00 0.000000000000000000e+00 0.000000000000000000e+00 0.000000000000000000e+00 0.000000000000000000e+00
0.000000000000000000e+00 0.000000000000000000e+00 0.000000000000000000e+00 0.000000000000000000e+00 0.000000000000000000e+00
0.000000000000000000e+00 0.000000000000000000e+00 0.000000000000000000e+00 0.000000000000000000e+00 0.000000000000000000e+00
0.000000000000000000e+00 0.000000000000000000e+00 0.000000000000000000e+00 0.000000000000000000e+00 0.000000000000000000e+00
0.000000000000000000e+00 0.000000000000000000e+00 0.000000000000000000e+00 0.000000000000000000e+00 0.000000000000000000e+00
0.000000000000000000e+00 0.000000000000000000e+00 0.000000000000000000e+00 0.000000000000000000e+00 0.000000000000000000e+00
0.000000000000000000e+00 0.000000000000000000e+00 0.000000000000000000e+00 0.000000000000000000e+00 0.000000000000000000e+00
0.000000000000000000e+00 0.000000000000000000e+00 0.000000000000000000e+00 0.000000000000000000e+00 0.000000000000000000e+00
0.000000000000000000e+00 0.000000000000000000e+00 0.000000000000000000e+00 0.000000000000000000e+00 0.000000000000000000e+00
0.000000000000000000e+00 0.000000000000000000e+00 0.000000000000000000e+00 0.000000000000000000e+00 0.000000000000000000e+00
0.000000000000000000e+00 0.000000000000000000e+00 0.000000000000000000e+00 0.000000000000000000e+00 0.000000000000000000e+00
0.000000000000000000e+00 0.000000000000000000e+00 0.000000000000000000e+00 0.000000000000000000e+00 0.000000000000000000e+00
0.000000000000000000e+00 0.000000000000000000e+00 0.000000000000000000e+00 0.000000000000000000e+00 0.000000000000000000e+00
0.000000000000000000e+00 0.000000000000000000e+00 0.000000000000000000e+00 0.000000000000000000e+00 0.000000000000000000e+00
0.000000000000000000e+00 0.000000000000000000e+00 0.000000000000000000e+00 0.000000000000000000e+00 0.000000000000000000e+00
0.000000000000000000e+00 0.000000000000000000e+00 0.000000000000000000e+00 0.000000000000000000e+00 0.000000000000000000e+00
0.000000000000000000e+00 0.000000000000000000e+00 0.000000000000000000e+00 0.000000000000000000e+00 0.000000000000000000e+00
0.000000000000000000e+00 0.000000000000000000e+00 0.000000000000000000e+00 0.000000000000000000e+00 0.000000000000000000e+00
0.000000000000000000e+00 0.000000000000000000e+00 0.000000000000000000e+00 0.000000000000000000e+00 0.000000000000000000e+00
0.000000000000000000e+00 0.000000000000000000e+00 0.000000000000000000e+00 0.000000000000000000e+00 0.000000000000000000e+00
0.000000000000000000e+00 0.000000000000000000e+00 0.000000000000000000e+00 0.000000000000000000e+00 0.000000000000000000e+00
0.000000000000000000e+00 0.000000000000000000e+00 0.000000000000000000e+00 0.000000000000000000e+00 0.000000000000000000e+00
