0.000000000000000000e+00 0.000000000000000000e+00 1.000000000000000000e+00 0.000000000000000000e+00 0.000000000000000000e+00
-7.940213382244110107e-02 9.704455733299255371e-01 1.000000000000000000e+00 0.000000000000000000e+00 0.000000000000000000e+00
-7.973531633615493774e-02 3.071547746658325195e-01 0.000000000000000000e+00 1.000000000000000000e+00 0.000000000000000000e+00
4.608675241470336914e-01 -1.631333827972412109e+00 1.000000000000000000e+00 0.000000000000000000e+00 0.000000000000000000e+00
6.188713312149047852e-01 -1.514044553041458130e-01 1.000000000000000000e+00 0.000000000000000000e+00 0.000000000000000000e+00
2.047740072011947632e-01 8.375440537929534912e-02 1.000000000000000000e+00 0.000000000000000000e+00 0.000000000000000000e+00
-9.308625757694244385e-02 1.425952196121215820e+00 1.000000000000000000e+00 0.000000000000000000e+00 0.000000000000000000e+00
-7.309706509113311768e-02 2.123899906873703003e-01 1.000000000000000000e+00 0.000000000000000000e+00 0.000000000000000000e+00
-1.219570338726043701e-01 9.262576699256896973e-02 0.000000000000000000e+00 1.000000000000000000e+00 0.000000000000000000e+00
-3.931895792484283447e-01 -9.838926792144775391e-01 1.000000000000000000e+00 0.000000000000000000e+00 0.000000000000000000e+00
3.120036125183105469e-01 -4.611909389495849609e-03 0.000000000000000000e+00 1.000000000000000000e+00 0.000000000000000000e+00
-2.413410097360610962e-01 3.436844348907470703e-01 1.000000000000000000e+00 0.000000000000000000e+00 0.000000000000000000e+00
3.385679721832275391e-01 3.668613731861114502e-02 1.000000000000000000e+00 0.000000000000000000e+00 0.000000000000000000e+00
-1.505419611930847168e-03 7.777266204357147217e-02 0.000000000000000000e+00 1.000000000000000000e+00 0.000000000000000000e+00
-3.529792428016662598e-01 4.029449820518493652e-01 1.000000000000000000e+00 0.000000000000000000e+00 0.000000000000000000e+00
5.054460167884826660e-01 -9.245806187391281128e-02 1.000000000000000000e+00 0.000000000000000000e+00 0.000000000000000000e+00
2.207212001085281372e-01 -1.181821674108505249e-01 0.000000000000000000e+00 1.000000000000000000e+00 0.000000000000000000e+00
1.092154145240783691e+00 -1.941635370254516602e+00 1.000000000000000000e+00 0.000000000000000000e+00 0.000000000000000000e+00
7.540435194969177246e-01 -1.153476238250732422e-01 1.000000000000000000e+00 0.000000000000000000e+00 0.000000000000000000e+00
-6.588934659957885742e-01 6.645877957344055176e-01 1.000000000000000000e+00 0.000000000000000000e+00 0.000000000000000000e+00
3.428529202938079834e-01 -1.054149046540260315e-01 1.000000000000000000e+00 0.000000000000000000e+00 0.000000000000000000e+00
9.326118230819702148e-02 -9.170706570148468018e-02 0.000000000000000000e+00 1.000000000000000000e+00 0.000000000000000000e+00
-6.566739082336425781e-01 -1.272109150886535645e-01 1.000000000000000000e+00 0.000000000000000000e+00 0.000000000000000000e+00
-6.154546141624450684e-02 6.318866014480590820e-01 1.000000000000000000e+00 0.000000000000000000e+00 0.000000000000000000e+00
-1.344089508056640625e-01 4.537730813026428223e-01 1.000000000000000000e+00 0.000000000000000000e+00 0.000000000000000000e+00
-4.920860230922698975e-01 1.038250088691711426e+00 1.000000000000000000e+00 0.000000000000000000e+00 0.000000000000000000e+00
-2.127635926008224487e-01 2.927283048629760742e-01 1.000000000000000000e+00 0.000000000000000000e+00 0.000000000000000000e+00
-1.556744128465652466e-01 1.048220843076705933e-01 0.000000000000000000e+00 1.000000000000000000e+00 0.000000000000000000e+00
1.580236077308654785e+00 -1.827446699142456055e+00 1.000000000000000000e+00 0.000000000000000000e+00 0.000000000000000000e+00
-6.688937544822692871e-01 4.596547186374664307e-01 1.000000000000000000e+00 0.000000000000000000e+00 0.000000000000000000e+00
1.849689483642578125e-01 2.214735150337219238e-01 1.000000000000000000e+00 0.000000000000000000e+00 0.000000000000000000e+00
4.733718931674957275e-03 1.448733806610107422e-01 0.000000000000000000e+00 1.000000000000000000e+00 0.000000000000000000e+00
3.167262673377990723e-01 -4.385892748832702637e-01 1.000000000000000000e+00 0.000000000000000000e+00 0.000000000000000000e+00
2.361021637916564941e-01 9.601298719644546509e-03 1.000000000000000000e+00 0.000000000000000000e+00 0.000000000000000000e+00
-4.457027018070220947e-01 4.285844564437866211e-01 1.000000000000000000e+00 0.000000000000000000e+00 0.000000000000000000e+00
2.944012284278869629e-01 -9.591369330883026123e-02 1.000000000000000000e+00 0.000000000000000000e+00 0.000000000000000000e+00
-4.218379408121109009e-02 3.192534297704696655e-02 0.000000000000000000e+00 1.000000000000000000e+00 0.000000000000000000e+00
-8.678987026214599609e-01 5.126524567604064941e-01 1.000000000000000000e+00 0.000000000000000000e+00 0.000000000000000000e+00
-1.625981181859970093e-02 5.565856695175170898e-01 1.000000000000000000e+00 0.000000000000000000e+00 0.000000000000000000e+00
-5.110419541597366333e-02 1.338035762310028076e-01 0.000000000000000000e+00 1.000000000000000000e+00 0.000000000000000000e+00
3.685498237609863281e-01 -6.953905820846557617e-01 1.000000000000000000e+00 0.000000000000000000e+00 0.000000000000000000e+00
9.882963895797729492e-01 -1.745750308036804199e-01 1.000000000000000000e+00 0.000000000000000000e+00 0.000000000000000000e+00
3.603926897048950195e-01 5.123217776417732239e-02 1.000000000000000000e+00 0.000000000000000000e+00 0.000000000000000000e+00
3.925282880663871765e-02 2.552024722099304199e-01 1.000000000000000000e+00 0.000000000000000000e+00 0.000000000000000000e+00
-1.417338550090789795e-01 4.039605855941772461e-01 1.000000000000000000e+00 0.000000000000000000e+00 0.000000000000000000e+00
-1.178204119205474854e-01 1.387964189052581787e-01 1.000000000000000000e+00 0.000000000000000000e+00 0.000000000000000000e+00
-1.445453763008117676e-01 4.537072777748107910e-02 1.000000000000000000e+00 0.000000000000000000e+00 0.000000000000000000e+00
-2.065357714891433716e-01 -7.040604948997497559e-02 0.000000000000000000e+00 1.000000000000000000e+00 0.000000000000000000e+00
-3.411355316638946533e-01 -1.546241164207458496e+00 1.000000000000000000e+00 0.000000000000000000e+00 0.000000000000000000e+00
-1.520000994205474854e-01 1.034393787384033203e+00 1.000000000000000000e+00 0.000000000000000000e+00 0.000000000000000000e+00
4.152792692184448242e-01 -2.544344067573547363e-01 1.000000000000000000e+00 0.000000000000000000e+00 0.000000000000000000e+00
1.503224223852157593e-01 3.287068754434585571e-02 1.000000000000000000e+00 0.000000000000000000e+00 0.000000000000000000e+00
4.810804873704910278e-02 2.824697494506835938e-01 0.000000000000000000e+00 1.000000000000000000e+00 0.000000000000000000e+00
-1.122593045234680176e+00 -1.634355306625366211e+00 0.000000000000000000e+00 0.000000000000000000e+00 1.000000000000000000e+00
-6.881206035614013672e-01 9.879684448242187500e-01 0.000000000000000000e+00 0.000000000000000000e+00 1.000000000000000000e+00
-1.526511192321777344e+00 -5.037456154823303223e-01 0.000000000000000000e+00 0.000000000000000000e+00 1.000000000000000000e+00
-9.239838123321533203e-01 -1.048730611801147461e-01 0.000000000000000000e+00 0.000000000000000000e+00 1.000000000000000000e+00
-1.219684123992919922e+00 -4.157016873359680176e-01 0.000000000000000000e+00 0.000000000000000000e+00 1.000000000000000000e+00
-1.035246968269348145e+00 -2.224692702293395996e-01 0.000000000000000000e+00 0.000000000000000000e+00 1.000000000000000000e+00
-1.116622567176818848e+00 -3.646588921546936035e-01 0.000000000000000000e+00 0.000000000000000000e+00 1.000000000000000000e+00
-1.049491167068481445e+00 -2.973898053169250488e-01 0.000000000000000000e+00 0.000000000000000000e+00 1.000000000000000000e+00
-1.063683152198791504e+00 -3.402059674263000488e-01 0.000000000000000000e+00 0.000000000000000000e+00 1.000000000000000000e+00
-1.035402178764343262e+00 -3.381569981575012207e-01 0.000000000000000000e+00 0.000000000000000000e+00 1.000000000000000000e+00
-1.031330943107604980e+00 -3.795693516731262207e-01 0.000000000000000000e+00 0.000000000000000000e+00 1.000000000000000000e+00
-1.016120791435241699e+00 -3.754879832267761230e-01 0.000000000000000000e+00 0.000000000000000000e+00 1.000000000000000000e+00
-1.015015721321105957e+00 -3.786142468452453613e-01 0.000000000000000000e+00 0.000000000000000000e+00 1.000000000000000000e+00
-1.008616566658020020e+00 -3.769972920417785645e-01 0.000000000000000000e+00 0.000000000000000000e+00 1.000000000000000000e+00
-1.002441287040710449e+00 -3.713504672050476074e-01 0.000000000000000000e+00 0.000000000000000000e+00 1.000000000000000000e+00
-9.950358867645263672e-01 -3.570149540901184082e-01 0.000000000000000000e+00 0.000000000000000000e+00 1.000000000000000000e+00
-9.894138574600219727e-01 -3.462045788764953613e-01 0.000000000000000000e+00 0.000000000000000000e+00 1.000000000000000000e+00
-9.844391345977783203e-01 -3.412883877754211426e-01 0.000000000000000000e+00 0.000000000000000000e+00 1.000000000000000000e+00
-9.799350500106811523e-01 -3.377658724784851074e-01 0.000000000000000000e+00 0.000000000000000000e+00 1.000000000000000000e+00
-9.768507480621337891e-01 -3.356351256370544434e-01 0.000000000000000000e+00 0.000000000000000000e+00 1.000000000000000000e+00
0.000000000000000000e+00 0.000000000000000000e+00 0.000000000000000000e+00 0.000000000000000000e+00 0.000000000000000000e+00
0.000000000000000000e+00 0.000000000000000000e+00 0.000000000000000000e+00 0.000000000000000000e+00 0.000000000000000000e+00
0.000000000000000000e+00 0.000000000000000000e+00 0.000000000000000000e+00 0.000000000000000000e+00 0.000000000000000000e+00
0.000000000000000000e+00 0.000000000000000000e+00 0.000000000000000000e+00 0.000000000000000000e+00 0.000000000000000000e+00
0.000000000000000000e+00 0.000000000000000000e+00 0.000000000000000000e+00 0.000000000000000000e+00 0.000000000000000000e+00
0.000000000000000000e+00 0.000000000000000000e+00 0.000000000000000000e+00 0.000000000000000000e+00 0.000000000000000000e+00
0.000000000000000000e+00 0.000000000000000000e+00 0.000000000000000000e+00 0.000000000000000000e+00 0.000000000000000000e+00
0.000000000000000000e+00 0.000000000000000000e+00 0.000000000000000000e+00 0.000000000000000000e+00 0.000000000000000000e+00
0.000000000000000000e+00 0.000000000000000000e+00 0.000000000000000000e+00 0.000000000000000000e+00 0.000000000000000000e+00
0.000000000000000000e+00 0.000000000000000000e+00 0.000000000000000000e+00 0.000000000000000000e+00 0.000000000000000000e+00
0.000000000000000000e+00 0.000000000000000000e+00 0.000000000000000000e+00 0.000000000000000000e+00 0.000000000000000000e+00
0.000000000000000000e+00 0.000000000000000000e+00 0.000000000000000000e+00 0.000000000000000000e+00 0.000000000000000000e+00
0.000000000000000000e+00 0.000000000000000000e+00 0.000000000000000000e+00 0.000000000000000000e+00 0.000000000000000000e+00
0.000000000000000000e+00 0.000000000000000000e+00 0.000000000000000000e+00 0.000000000000000000e+00 0.000000000000000000e+00
0.000000000000000000e+00 0.000000000000000000e+00 0.000000000000000000e+00 0.000000000000000000e+00 0.000000000000000000e+00
0.000000000000000000e+00 0.000000000000000000e+00 0.000000000000000000e+00 0.000000000000000000e+00 0.000000000000000000e+00
0.000000000000000000e+00 0.000000000000000000e+00 0.000000000000000000e+00 0.000000000000000000e+00 0.000000000000000000e+00
0.000000000000000000e+00 0.000000000000000000e+00 0.000000000000000000e+00 0.000000000000000000e+00 0.000000000000000000e+00
0.000000000000000000e+00 0.000000000000000000e+00 0.000000000000000000e+00 0.000000000000000000e+00 0.000000000000000000e+00
0.000000000000000000e+00 0.000000000000000000e+00 0.000000000000000000e+00 0.000000000000000000e+00 0.000000000000000000e+00
0.000000000000000000e+00 0.000000000000000000e+00 0.000000000000000000e+00 0.000000000000000000e+00 0.000000000000000000e+00
0.000000000000000000e+00 0.000000000000000000e+00 0.000000000000000000e+00 0.000000000000000000e+00 0.000000000000000000e+00
0.000000000000000000e+00 0.000000000000000000e+00 0.000000000000000000e+00 0.000000000000000000e+00 0.000000000000000000e+00
0.000000000000000000e+00 0.000000000000000000e+00 0.000000000000000000e+00 0.000000000000000000e+00 0.000000000000000000e+00
0.000000000000000000e+00 0.000000000000000000e+00 0.000000000000000000e+00 0.000000000000000000e+00 0.000000000000000000e+00
0.000000000000000000e+00 0.000000000000000000e+00 0.000000000000000000e+00 0.000000000000000000e+00 0.000000000000000000e+00
0.000000000000000000e+00 0.000000000000000000e+00 0.000000000000000000e+00 0.000000000000000000e+00 0.000000000000000000e+00
0.000000000000000000e+00 0.000000000000000000e+00 0.000000000000000000e+00 0.000000000000000000e+00 0.000000000000000000e+00
0.000000000000000000e+00 0.000000000000000000e+00 0.000000000000000000e+00 0.000000000000000000e+00 0.000000000000000000e+00
0.000000000000000000e+00 0.000000000000000000e+00 0.000000000000000000e+00 0.000000000000000000e+00 0.000000000000000000e+00
0.000000000000000000e+00 0.000000000000000000e+00 0.000000000000000000e+00 0.000000000000000000e+00 0.000000000000000000e+00
0.000000000000000000e+00 0.000000000000000000e+00 0.000000000000000000e+00 0.000000000000000000e+00 0.000000000000000000e+00
0.000000000000000000e+00 0.000000000000000000e+00 0.000000000000000000e+00 0.000000000000000000e+00 0.000000000000000000e+00
0.000000000000000000e+00 0.000000000000000000e+00 0.000000000000000000e+00 0.000000000000000000e+00 0.000000000000000000e+00
0.000000000000000000e+00 0.000000000000000000e+00 0.000000000000000000e+00 0.000000000000000000e+00 0.000000000000000000e+00
0.000000000000000000e+00 0.000000000000000000e+00 0.000000000000000000e+00 0.000000000000000000e+00 0.000000000000000000e+00
0.000000000000000000e+00 0.000000000000000000e+00 0.000000000000000000e+00 0.000000000000000000e+00 0.000000000000000000e+00
0.000000000000000000e+00 0.000000000000000000e+00 0.000000000000000000e+00 0.000000000000000000e+00 0.000000000000000000e+00
0.000000000000000000e+00 0.000000000000000000e+00 0.000000000000000000e+00 0.000000000000000000e+00 0.000000000000000000e+00
0.000000000000000000e+00 0.000000000000000000e+00 0.000000000000000000e+00 0.000000000000000000e+00 0.000000000000000000e+00
0.000000000000000000e+00 0.000000000000000000e+00 0.000000000000000000e+00 0.000000000000000000e+00 0.000000000000000000e+00
0.000000000000000000e+00 0.000000000000000000e+00 0.000000000000000000e+00 0.000000000000000000e+00 0.000000000000000000e+00
0.000000000000000000e+00 0.000000000000000000e+00 0.000000000000000000e+00 0.000000000000000000e+00 0.000000000000000000e+00
0.000000000000000000e+00 0.000000000000000000e+00 0.000000000000000000e+00 0.000000000000000000e+00 0.000000000000000000e+00
0.000000000000000000e+00 0.000000000000000000e+00 0.000000000000000000e+00 0.000000000000000000e+00 0.000000000000000000e+00
0.000000000000000000e+00 0.000000000000000000e+00 0.000000000000000000e+00 0.000000000000000000e+00 0.000000000000000000e+00
0.000000000000000000e+00 0.000000000000000000e+00 0.000000000000000000e+00 0.000000000000000000e+00 0.000000000000000000e+00
0.000000000000000000e+00 0.000000000000000000e+00 0.000000000000000000e+00 0.000000000000000000e+00 0.000000000000000000e+00
