0.000000000000000000e+00 0.000000000000000000e+00 1.000000000000000000e+00 0.000000000000000000e+00 0.000000000000000000e+00
-6.396008133888244629e-01 1.051942944526672363e+00 1.000000000000000000e+00 0.000000000000000000e+00 0.000000000000000000e+00
-5.455006957054138184e-01 6.227371692657470703e-01 1.000000000000000000e+00 0.000000000000000000e+00 0.000000000000000000e+00
-3.122791349887847900e-01 2.106464207172393799e-01 0.000000000000000000e+00 1.000000000000000000e+00 0.000000000000000000e+00
8.650770187377929688e-01 -6.901970505714416504e-01 1.000000000000000000e+00 0.000000000000000000e+00 0.000000000000000000e+00
6.295768022537231445e-01 -1.320432126522064209e-01 1.000000000000000000e+00 0.000000000000000000e+00 0.000000000000000000e+00
-4.492951184511184692e-02 5.975488573312759399e-02 0.000000000000000000e+00 1.000000000000000000e+00 0.000000000000000000e+00
-9.385775327682495117e-01 8.811040520668029785e-01 1.000000000000000000e+00 0.000000000000000000e+00 0.000000000000000000e+00
6.551382541656494141e-01 -1.478910148143768311e-01 1.000000000000000000e+00 0.000000000000000000e+00 0.000000000000000000e+00
3.334726989269256592e-01 -1.841337829828262329e-01 0.000000000000000000e+00 1.000000000000000000e+00 0.000000000000000000e+00
-3.293198347091674805e-01 -9.331271797418594360e-02 1.000000000000000000e+00 0.000000000000000000e+00 0.000000000000000000e+00
-5.453041195869445801e-01 1.003327846527099609e+00 1.000000000000000000e+00 0.000000000000000000e+00 0.000000000000000000e+00
-1.598735749721527100e-01 1.911344379186630249e-01 1.000000000000000000e+00 0.000000000000000000e+00 0.000000000000000000e+00
-1.142922490835189819e-01 4.440775513648986816e-02 0.000000000000000000e+00 1.000000000000000000e+00 0.000000000000000000e+00
5.362818241119384766e-01 -4.095615148544311523e-01 1.000000000000000000e+00 0.000000000000000000e+00 0.000000000000000000e+00
5.588692426681518555e-01 3.614251613616943359e-01 1.000000000000000000e+00 0.000000000000000000e+00 0.000000000000000000e+00
2.711332440376281738e-01 7.585752010345458984e-02 0.000000000000000000e+00 1.000000000000000000e+00 0.000000000000000000e+00
5.668587684631347656e-01 -2.063287258148193359e+00 1.000000000000000000e+00 0.000000000000000000e+00 0.000000000000000000e+00
4.948377311229705811e-01 -3.302057087421417236e-02 1.000000000000000000e+00 0.000000000000000000e+00 0.000000000000000000e+00
-4.977126121520996094e-01 6.461310982704162598e-01 1.000000000000000000e+00 0.000000000000000000e+00 0.000000000000000000e+00
3.203516602516174316e-01 7.861076295375823975e-02 1.000000000000000000e+00 0.000000000000000000e+00 0.000000000000000000e+00
-3.430452942848205566e-01 5.199043750762939453e-01 1.000000000000000000e+00 0.000000000000000000e+00 0.000000000000000000e+00
5.353571176528930664e-01 2.027660608291625977e-02 1.000000000000000000e+00 0.000000000000000000e+00 0.000000000000000000e+00
1.747109293937683105e-01 1.282643526792526245e-01 1.000000000000000000e+00 0.000000000000000000e+00 0.000000000000000000e+00
-3.639062866568565369e-02 2.527900934219360352e-01 1.000000000000000000e+00 0.000000000000000000e+00 0.000000000000000000e+00
-3.051807880401611328e-01 3.527235388755798340e-01 1.000000000000000000e+00 0.000000000000000000e+00 0.000000000000000000e+00
-3.082871139049530029e-01 1.661666780710220337e-01 1.000000000000000000e+00 0.000000000000000000e+00 0.000000000000000000e+00
-3.196901082992553711e-01 2.265824936330318451e-02 1.000000000000000000e+00 0.000000000000000000e+00 0.000000000000000000e+00
-2.451361566781997681e-01 -1.168606206774711609e-01 0.000000000000000000e+00 1.000000000000000000e+00 0.000000000000000000e+00
1.692239642143249512e+00 -2.129059791564941406e+00 1.000000000000000000e+00 0.000000000000000000e+00 0.000000000000000000e+00
8.594447374343872070e-02 6.319416761398315430e-01 1.000000000000000000e+00 0.000000000000000000e+00 0.000000000000000000e+00
-1.668774932622909546e-01 2.004163026809692383e+00 1.000000000000000000e+00 0.000000000000000000e+00 0.000000000000000000e+00
-8.905707299709320068e-02 3.877401351928710938e-01 0.000000000000000000e+00 1.000000000000000000e+00 0.000000000000000000e+00
-1.231512784957885742e+00 -2.987818479537963867e+00 0.000000000000000000e+00 0.000000000000000000e+00 1.000000000000000000e+00
-5.282338261604309082e-01 1.089304924011230469e+00 0.000000000000000000e+00 0.000000000000000000e+00 1.000000000000000000e+00
-1.343736410140991211e+00 -4.955029487609863281e-02 0.000000000000000000e+00 0.000000000000000000e+00 1.000000000000000000e+00
-1.023481726646423340e+00 -2.500434517860412598e-01 0.000000000000000000e+00 0.000000000000000000e+00 1.000000000000000000e+00
-1.052121996879577637e+00 -2.529183626174926758e-01 0.000000000000000000e+00 0.000000000000000000e+00 1.000000000000000000e+00
-9.914554357528686523e-01 -2.631421089172363281e-01 0.000000000000000000e+00 0.000000000000000000e+00 1.000000000000000000e+00
-9.584678411483764648e-01 -2.674454450607299805e-01 0.000000000000000000e+00 0.000000000000000000e+00 1.000000000000000000e+00
-9.450219869613647461e-01 -2.748918533325195312e-01 0.000000000000000000e+00 0.000000000000000000e+00 1.000000000000000000e+00
-9.337607622146606445e-01 -2.795298099517822266e-01 0.000000000000000000e+00 0.000000000000000000e+00 1.000000000000000000e+00
-9.206218719482421875e-01 -2.794329524040222168e-01 0.000000000000000000e+00 0.000000000000000000e+00 1.000000000000000000e+00
-9.066214561462402344e-01 -2.749670743942260742e-01 0.000000000000000000e+00 0.000000000000000000e+00 1.000000000000000000e+00
-8.917179107666015625e-01 -2.704522609710693359e-01 0.000000000000000000e+00 0.000000000000000000e+00 1.000000000000000000e+00
-8.750817775726318359e-01 -2.709861993789672852e-01 0.000000000000000000e+00 0.000000000000000000e+00 1.000000000000000000e+00
-8.621298074722290039e-01 -2.752758860588073730e-01 0.000000000000000000e+00 0.000000000000000000e+00 1.000000000000000000e+00
-8.540503978729248047e-01 -2.800619006156921387e-01 0.000000000000000000e+00 0.000000000000000000e+00 1.000000000000000000e+00
-8.459465503692626953e-01 -2.832999825477600098e-01 0.000000000000000000e+00 0.000000000000000000e+00 1.000000000000000000e+00
-8.374139070510864258e-01 -2.811762690544128418e-01 0.000000000000000000e+00 0.000000000000000000e+00 1.000000000000000000e+00
-8.294876813888549805e-01 -2.768310308456420898e-01 0.000000000000000000e+00 0.000000000000000000e+00 1.000000000000000000e+00
-8.201239109039306641e-01 -2.742983698844909668e-01 0.000000000000000000e+00 0.000000000000000000e+00 1.000000000000000000e+00
-8.099019527435302734e-01 -2.781726717948913574e-01 0.000000000000000000e+00 0.000000000000000000e+00 1.000000000000000000e+00
-8.014230728149414062e-01 -2.863860726356506348e-01 0.000000000000000000e+00 0.000000000000000000e+00 1.000000000000000000e+00
-7.943438291549682617e-01 -2.952004671096801758e-01 0.000000000000000000e+00 0.000000000000000000e+00 1.000000000000000000e+00
-7.875487804412841797e-01 -3.015512824058532715e-01 0.000000000000000000e+00 0.000000000000000000e+00 1.000000000000000000e+00
-7.817376852035522461e-01 -3.019037842750549316e-01 0.000000000000000000e+00 0.000000000000000000e+00 1.000000000000000000e+00
-7.751024961471557617e-01 -2.996867299079895020e-01 0.000000000000000000e+00 0.000000000000000000e+00 1.000000000000000000e+00
-7.670860290527343750e-01 -3.011828064918518066e-01 0.000000000000000000e+00 0.000000000000000000e+00 1.000000000000000000e+00
-7.597234249114990234e-01 -3.059760332107543945e-01 0.000000000000000000e+00 0.000000000000000000e+00 1.000000000000000000e+00
-7.519459724426269531e-01 -3.108220100402832031e-01 0.000000000000000000e+00 0.000000000000000000e+00 1.000000000000000000e+00
-7.436133623123168945e-01 -3.121094107627868652e-01 0.000000000000000000e+00 0.000000000000000000e+00 1.000000000000000000e+00
-7.350040674209594727e-01 -3.106601238250732422e-01 0.000000000000000000e+00 0.000000000000000000e+00 1.000000000000000000e+00
-7.265201807022094727e-01 -3.071258664131164551e-01 0.000000000000000000e+00 0.000000000000000000e+00 1.000000000000000000e+00
-7.210774421691894531e-01 -3.049572110176086426e-01 0.000000000000000000e+00 0.000000000000000000e+00 1.000000000000000000e+00
-7.188698053359985352e-01 -3.058801293373107910e-01 0.000000000000000000e+00 0.000000000000000000e+00 1.000000000000000000e+00
-7.170865535736083984e-01 -3.096643090248107910e-01 0.000000000000000000e+00 0.000000000000000000e+00 1.000000000000000000e+00
-7.128372192382812500e-01 -3.147040009498596191e-01 0.000000000000000000e+00 0.000000000000000000e+00 1.000000000000000000e+00
-7.078365087509155273e-01 -3.161905407905578613e-01 0.000000000000000000e+00 0.000000000000000000e+00 1.000000000000000000e+00
-7.039936780929565430e-01 -3.105068802833557129e-01 0.000000000000000000e+00 0.000000000000000000e+00 1.000000000000000000e+00
-6.996716260910034180e-01 -3.031639456748962402e-01 0.000000000000000000e+00 0.000000000000000000e+00 1.000000000000000000e+00
0.000000000000000000e+00 0.000000000000000000e+00 0.000000000000000000e+00 0.000000000000000000e+00 0.000000000000000000e+00
0.000000000000000000e+00 0.000000000000000000e+00 0.000000000000000000e+00 0.000000000000000000e+00 0.000000000000000000e+00
0.000000000000000000e+00 0.000000000000000000e+00 0.000000000000000000e+00 0.000000000000000000e+00 0.000000000000000000e+00
0.000000000000000000e+00 0.000000000000000000e+00 0.000000000000000000e+00 0.000000000000000000e+00 0.000000000000000000e+00
0.000000000000000000e+00 0.000000000000000000e+00 0.000000000000000000e+00 0.000000000000000000e+00 0.000000000000000000e+00
0.000000000000000000e+00 0.000000000000000000e+00 0.000000000000000000e+00 0.000000000000000000e+00 0.000000000000000000e+00
0.000000000000000000e+00 0.000000000000000000e+00 0.000000000000000000e+00 0.000000000000000000e+00 0.000000000000000000e+00
0.000000000000000000e+00 0.000000000000000000e+00 0.000000000000000000e+00 0.000000000000000000e+00 0.000000000000000000e+00
0.000000000000000000e+00 0.000000000000000000e+00 0.000000000000000000e+00 0.000000000000000000e+00 0.000000000000000000e+00
0.000000000000000000e+00 0.000000000000000000e+00 0.000000000000000000e+00 0.000000000000000000e+00 0.000000000000000000e+00
0.000000000000000000e+00 0.000000000000000000e+00 0.000000000000000000e+00 0.000000000000000000e+00 0.000000000000000000e+00
0.000000000000000000e+00 0.000000000000000000e+00 0.000000000000000000e+00 0.000000000000000000e+00 0.000000000000000000e+00
0.000000000000000000e+00 0.000000000000000000e+00 0.000000000000000000e+00 0.000000000000000000e+00 0.000000000000000000e+00
0.000000000000000000e+00 0.000000000000000000e+00 0.000000000000000000e+00 0.000000000000000000e+00 0.000000000000000000e+00
0.000000000000000000e+00 0.000000000000000000e+00 0.000000000000000000e+00 0.000000000000000000e+00 0.000000000000000000e+00
0.000000000000000000e+00 0.000000000000000000e+00 0.000000000000000000e+00 0.000000000000000000e+00 0.000000000000000000e+00
0.000000000000000000e+00 0.000000000000000000e+00 0.000000000000000000e+00 0.000000000000000000e+00 0.000000000000000000e+00
0.000000000000000000e+00 0.000000000000000000e+00 0.000000000000000000e+00 0.000000000000000000e+00 0.000000000000000000e+00
0.000000000000000000e+00 0.000000000000000000e+00 0.000000000000000000e+00 0.000000000000000000e+00 0.000000000000000000e+00
0.000000000000000000e+00 0.000000000000000000e+00 0.000000000000000000e+00 0.000000000000000000e+00 0.000000000000000000e+00
0.000000000000000000e+00 0.000000000000000000e+00 0.000000000000000000e+00 0.000000000000000000e+00 0.000000000000000000e+00
0.000000000000000000e+00 0.000000000000000000e+00 0.000000000000000000e+00 0.000000000000000000e+00 0.000000000000000000e+00
0.000000000000000000e+00 0.000000000000000000e+00 0.000000000000000000e+00 0.000000000000000000e+00 0.000000000000000000e+00
0.000000000000000000e+00 0.000000000000000000e+00 0.000000000000000000e+00 0.000000000000000000e+00 0.000000000000000000e+00
0.000000000000000000e+00 0.000000000000000000e+00 0.000000000000000000e+00 0.000000000000000000e+00 0.000000000000000000e+00
0.000000000000000000e+00 0.000000000000000000e+00 0.000000000000000000e+00 0.000000000000000000e+00 0.000000000000000000e+00
0.000000000000000000e+00 0.000000000000000000e+00 0.000000000000000000e+00 0.000000000000000000e+00 0.000000000000000000e+00
0.000000000000000000e+00 0.000000000000000000e+00 0.000000000000000000e+00 0.000000000000000000e+00 0.000000000000000000e+00
0.000000000000000000e+00 0.000000000000000000e+00 0.000000000000000000e+00 0.000000000000000000e+00 0.000000000000000000e+00
0.000000000000000000e+00 0.000000000000000000e+00 0.000000000000000000e+00 0.000000000000000000e+00 0.000000000000000000e+00
0.000000000000000000e+00 0.000000000000000000e+00 0.000000000000000000e+00 0.000000000000000000e+00 0.000000000000000000e+00
0.000000000000000000e+00 0.000000000000000000e+00 0.000000000000000000e+00 0.000000000000000000e+00 0.000000000000000000e+00
0.000000000000000000e+00 0.000000000000000000e+00 0.000000000000000000e+00 0.000000000000000000e+00 0.000000000000000000e+00
0.000000000000000000e+00 0.000000000000000000e+00 0.000000000000000000e+00 0.000000000000000000e+00 0.000000000000000000e+00
0.000000000000000000e+00 0.000000000000000000e+00 0.000000000000000000e+00 0.000000000000000000e+00 0.000000000000000000e+00
0.000000000000000000e+00 0.000000000000000000e+00 0.000000000000000000e+00 0.000000000000000000e+00 0.000000000000000000e+00
0.000000000000000000e+00 0.000000000000000000e+00 0.000000000000000000e+00 0.000000000000000000e+00 0.000000000000000000e+00
0.000000000000000000e+00 0.000000000000000000e+00 0.000000000000000000e+00 0.000000000000000000e+00 0.000000000000000000e+00
0.000000000000000000e+00 0.000000000000000000e+00 0.000000000000000000e+00 0.000000000000000000e+00 0.000000000000000000e+00
0.000000000000000000e+00 0.000000000000000000e+00 0.000000000000000000e+00 0.000000000000000000e+00 0.000000000000000000e+00
0.000000000000000000e+00 0.000000000000000000e+00 0.000000000000000000e+00 0.000000000000000000e+00 0.000000000000000000e+00
0.000000000000000000e+00 0.000000000000000000e+00 0.000000000000000000e+00 0.000000000000000000e+00 0.000000000000000000e+00
0.000000000000000000e+00 0.000000000000000000e+00 0.000000000000000000e+00 0.000000000000000000e+00 0.000000000000000000e+00
0.000000000000000000e+00 0.000000000000000000e+00 0.000000000000000000e+00 0.000000000000000000e+00 0.000000000000000000e+00
0.000000000000000000e+00 0.000000000000000000e+00 0.000000000000000000e+00 0.000000000000000000e+00 0.000000000000000000e+00
0.000000000000000000e+00 0.000000000000000000e+00 0.000000000000000000e+00 0.000000000000000000e+00 0.000000000000000000e+00
0.000000000000000000e+00 0.000000000000000000e+00 0.000000000000000000e+00 0.000000000000000000e+00 0.000000000000000000e+00
0.000000000000000000e+00 0.000000000000000000e+00 0.000000000000000000e+00 0.000000000000000000e+00 0.000000000000000000e+00
0.000000000000000000e+00 0.000000000000000000e+00 0.000000000000000000e+00 0.000000000000000000e+00 0.000000000000000000e+00
0.000000000000000000e+00 0.000000000000000000e+00 0.000000000000000000e+00 0.000000000000000000e+00 0.000000000000000000e+00
