0.000000000000000000e+00 0.000000000000000000e+00 1.000000000000000000e+00 0.000000000000000000e+00 0.000000000000000000e+00
-6.538342237472534180e-01 1.058288693428039551e+00 1.000000000000000000e+00 0.000000000000000000e+00 0.000000000000000000e+00
-5.992661118507385254e-01 6.714671850204467773e-01 1.000000000000000000e+00 0.000000000000000000e+00 0.000000000000000000e+00
-3.666031360626220703e-01 2.518707513809204102e-01 0.000000000000000000e+00 1.000000000000000000e+00 0.000000000000000000e+00
9.859259128570556641e-01 -7.670668363571166992e-01 1.000000000000000000e+00 0.000000000000000000e+00 0.000000000000000000e+00
6.943247318267822266e-01 -1.484619975090026855e-01 1.000000000000000000e+00 0.000000000000000000e+00 0.000000000000000000e+00
1.525897383689880371e-01 4.135534167289733887e-02 0.000000000000000000e+00 1.000000000000000000e+00 0.000000000000000000e+00
-1.204142570495605469e+00 9.886283278465270996e-01 1.000000000000000000e+00 0.000000000000000000e+00 0.000000000000000000e+00
7.619923949241638184e-01 -1.338152885437011719e-01 1.000000000000000000e+00 0.000000000000000000e+00 0.000000000000000000e+00
3.807650208473205566e-01 -1.771694123744964600e-01 0.000000000000000000e+00 1.000000000000000000e+00 0.000000000000000000e+00
-4.024123847484588623e-01 -1.327762603759765625e-01 1.000000000000000000e+00 0.000000000000000000e+00 0.000000000000000000e+00
-6.382128000259399414e-01 1.109869718551635742e+00 1.000000000000000000e+00 0.000000000000000000e+00 0.000000000000000000e+00
-1.917830258607864380e-01 2.199540734291076660e-01 1.000000000000000000e+00 0.000000000000000000e+00 0.000000000000000000e+00
-1.370689272880554199e-01 5.464160442352294922e-02 0.000000000000000000e+00 1.000000000000000000e+00 0.000000000000000000e+00
6.259664893150329590e-01 -4.441877603530883789e-01 1.000000000000000000e+00 0.000000000000000000e+00 0.000000000000000000e+00
6.742473840713500977e-01 4.173030257225036621e-01 1.000000000000000000e+00 0.000000000000000000e+00 0.000000000000000000e+00
3.311648666858673096e-01 8.777438849210739136e-02 0.000000000000000000e+00 1.000000000000000000e+00 0.000000000000000000e+00
6.329357624053955078e-01 -2.333875656127929688e+00 1.000000000000000000e+00 0.000000000000000000e+00 0.000000000000000000e+00
7.490276098251342773e-01 -1.498984694480895996e-01 1.000000000000000000e+00 0.000000000000000000e+00 0.000000000000000000e+00
1.753101944923400879e-01 3.371093422174453735e-02 0.000000000000000000e+00 1.000000000000000000e+00 0.000000000000000000e+00
-8.181636929512023926e-01 3.893056511878967285e-01 1.000000000000000000e+00 0.000000000000000000e+00 0.000000000000000000e+00
-3.439607918262481689e-01 1.505241632461547852e+00 1.000000000000000000e+00 0.000000000000000000e+00 0.000000000000000000e+00
7.961008697748184204e-03 6.624566316604614258e-01 1.000000000000000000e+00 0.000000000000000000e+00 0.000000000000000000e+00
1.926333904266357422e-01 1.740225255489349365e-01 1.000000000000000000e+00 0.000000000000000000e+00 0.000000000000000000e+00
3.487372994422912598e-01 8.223123848438262939e-02 1.000000000000000000e+00 0.000000000000000000e+00 0.000000000000000000e+00
7.460662126541137695e-01 -1.181910857558250427e-01 1.000000000000000000e+00 0.000000000000000000e+00 0.000000000000000000e+00
1.206992566585540771e-01 -8.476641774177551270e-02 0.000000000000000000e+00 1.000000000000000000e+00 0.000000000000000000e+00
-7.601444721221923828e-01 -1.561501741409301758e+00 1.000000000000000000e+00 0.000000000000000000e+00 0.000000000000000000e+00
5.015488266944885254e-01 3.669150173664093018e-02 1.000000000000000000e+00 0.000000000000000000e+00 0.000000000000000000e+00
-4.934332966804504395e-01 6.138940453529357910e-01 1.000000000000000000e+00 0.000000000000000000e+00 0.000000000000000000e+00
5.775806903839111328e-01 -6.666186451911926270e-02 1.000000000000000000e+00 0.000000000000000000e+00 0.000000000000000000e+00
3.801058530807495117e-01 -1.522269248962402344e-01 0.000000000000000000e+00 1.000000000000000000e+00 0.000000000000000000e+00
-1.466151237487792969e+00 -1.280083417892456055e+00 0.000000000000000000e+00 0.000000000000000000e+00 1.000000000000000000e+00
-4.843104183673858643e-01 9.351114034652709961e-01 0.000000000000000000e+00 0.000000000000000000e+00 1.000000000000000000e+00
-1.185242891311645508e+00 -1.409024000167846680e-02 0.000000000000000000e+00 0.000000000000000000e+00 1.000000000000000000e+00
-9.675250053405761719e-01 -2.538015842437744141e-01 0.000000000000000000e+00 0.000000000000000000e+00 1.000000000000000000e+00
-9.379743337631225586e-01 -2.544879317283630371e-01 0.000000000000000000e+00 0.000000000000000000e+00 1.000000000000000000e+00
-9.189947843551635742e-01 -2.655819058418273926e-01 0.000000000000000000e+00 0.000000000000000000e+00 1.000000000000000000e+00
-9.072756767272949219e-01 -2.613701224327087402e-01 0.000000000000000000e+00 0.000000000000000000e+00 1.000000000000000000e+00
-8.876713514328002930e-01 -2.562335133552551270e-01 0.000000000000000000e+00 0.000000000000000000e+00 1.000000000000000000e+00
-8.728270530700683594e-01 -2.497538328170776367e-01 0.000000000000000000e+00 0.000000000000000000e+00 1.000000000000000000e+00
-8.553767204284667969e-01 -2.446535229682922363e-01 0.000000000000000000e+00 0.000000000000000000e+00 1.000000000000000000e+00
-8.439463376998901367e-01 -2.345703840255737305e-01 0.000000000000000000e+00 0.000000000000000000e+00 1.000000000000000000e+00
-8.389186859130859375e-01 -2.321286797523498535e-01 0.000000000000000000e+00 0.000000000000000000e+00 1.000000000000000000e+00
-8.324614763259887695e-01 -2.369944453239440918e-01 0.000000000000000000e+00 0.000000000000000000e+00 1.000000000000000000e+00
-8.256678581237792969e-01 -2.421549558639526367e-01 0.000000000000000000e+00 0.000000000000000000e+00 1.000000000000000000e+00
-8.166809082031250000e-01 -2.498296499252319336e-01 0.000000000000000000e+00 0.000000000000000000e+00 1.000000000000000000e+00
-8.069663047790527344e-01 -2.548536658287048340e-01 0.000000000000000000e+00 0.000000000000000000e+00 1.000000000000000000e+00
-7.952132225036621094e-01 -2.561624050140380859e-01 0.000000000000000000e+00 0.000000000000000000e+00 1.000000000000000000e+00
-7.858899831771850586e-01 -2.523317933082580566e-01 0.000000000000000000e+00 0.000000000000000000e+00 1.000000000000000000e+00
-7.810001373291015625e-01 -2.457477450370788574e-01 0.000000000000000000e+00 0.000000000000000000e+00 1.000000000000000000e+00
-7.776004076004028320e-01 -2.413982748985290527e-01 0.000000000000000000e+00 0.000000000000000000e+00 1.000000000000000000e+00
-7.731455564498901367e-01 -2.431682348251342773e-01 0.000000000000000000e+00 0.000000000000000000e+00 1.000000000000000000e+00
-7.679045200347900391e-01 -2.479876875877380371e-01 0.000000000000000000e+00 0.000000000000000000e+00 1.000000000000000000e+00
-7.614067792892456055e-01 -2.529786229133605957e-01 0.000000000000000000e+00 0.000000000000000000e+00 1.000000000000000000e+00
-7.551141977310180664e-01 -2.560510039329528809e-01 0.000000000000000000e+00 0.000000000000000000e+00 1.000000000000000000e+00
-7.497889995574951172e-01 -2.548396587371826172e-01 0.000000000000000000e+00 0.000000000000000000e+00 1.000000000000000000e+00
-7.434846162796020508e-01 -2.519533634185791016e-01 0.000000000000000000e+00 0.000000000000000000e+00 1.000000000000000000e+00
-7.362606525421142578e-01 -2.506819367408752441e-01 0.000000000000000000e+00 0.000000000000000000e+00 1.000000000000000000e+00
-7.288966178894042969e-01 -2.515361905097961426e-01 0.000000000000000000e+00 0.000000000000000000e+00 1.000000000000000000e+00
-7.215293645858764648e-01 -2.520187497138977051e-01 0.000000000000000000e+00 0.000000000000000000e+00 1.000000000000000000e+00
-7.161560058593750000e-01 -2.495142221450805664e-01 0.000000000000000000e+00 0.000000000000000000e+00 1.000000000000000000e+00
-7.128845453262329102e-01 -2.447059154510498047e-01 0.000000000000000000e+00 0.000000000000000000e+00 1.000000000000000000e+00
-7.100795507431030273e-01 -2.393831610679626465e-01 0.000000000000000000e+00 0.000000000000000000e+00 1.000000000000000000e+00
0.000000000000000000e+00 0.000000000000000000e+00 0.000000000000000000e+00 0.000000000000000000e+00 0.000000000000000000e+00
0.000000000000000000e+00 0.000000000000000000e+00 0.000000000000000000e+00 0.000000000000000000e+00 0.000000000000000000e+00
0.000000000000000000e+00 0.000000000000000000e+00 0.000000000000000000e+00 0.000000000000000000e+00 0.000000000000000000e+00
0.000000000000000000e+00 0.000000000000000000e+00 0.000000000000000000e+00 0.000000000000000000e+00 0.000000000000000000e+00
0.000000000000000000e+00 0.000000000000000000e+00 0.000000000000000000e+00 0.000000000000000000e+00 0.000000000000000000e+00
0.000000000000000000e+00 0.000000000000000000e+00 0.000000000000000000e+00 0.000000000000000000e+00 0.000000000000000000e+00
0.000000000000000000e+00 0.000000000000000000e+00 0.000000000000000000e+00 0.000000000000000000e+00 0.000000000000000000e+00
0.000000000000000000e+00 0.000000000000000000e+00 0.000000000000000000e+00 0.000000000000000000e+00 0.000000000000000000e+00
0.000000000000000000e+00 0.000000000000000000e+00 0.000000000000000000e+00 0.000000000000000000e+00 0.000000000000000000e+00
0.000000000000000000e+00 0.000000000000000000e+00 0.000000000000000000e+00 0.000000000000000000e+00 0.000000000000000000e+00
0.000000000000000000e+00 0.000000000000000000e+00 0.000000000000000000e+00 0.000000000000000000e+00 0.000000000000000000e+00
0.000000000000000000e+00 0.000000000000000000e+00 0.000000000000000000e+00 0.000000000000000000e+00 0.000000000000000000e+00
0.000000000000000000e+00 0.000000000000000000e+00 0.000000000000000000e+00 0.000000000000000000e+00 0.000000000000000000e+00
0.000000000000000000e+00 0.000000000000000000e+00 0.000000000000000000e+00 0.000000000000000000e+00 0.000000000000000000e+00
0.000000000000000000e+00 0.000000000000000000e+00 0.000000000000000000e+00 0.000000000000000000e+00 0.000000000000000000e+00
0.000000000000000000e+00 0.000000000000000000e+00 0.000000000000000000e+00 0.000000000000000000e+00 0.000000000000000000e+00
0.000000000000000000e+00 0.000000000000000000e+00 0.000000000000000000e+00 0.000000000000000000e+00 0.000000000000000000e+00
0.000000000000000000e+00 0.000000000000000000e+00 0.000000000000000000e+00 0.000000000000000000e+00 0.000000000000000000e+00
0.000000000000000000e+00 0.000000000000000000e+00 0.000000000000000000e+00 0.000000000000000000e+00 0.000000000000000000e+00
0.000000000000000000e+00 0.000000000000000000e+00 0.000000000000000000e+00 0.000000000000000000e+00 0.000000000000000000e+00
0.000000000000000000e+00 0.000000000000000000e+00 0.000000000000000000e+00 0.000000000000000000e+00 0.000000000000000000e+00
0.000000000000000000e+00 0.000000000000000000e+00 0.000000000000000000e+00 0.000000000000000000e+00 0.000000000000000000e+00
0.000000000000000000e+00 0.000000000000000000e+00 0.000000000000000000e+00 0.000000000000000000e+00 0.000000000000000000e+00
0.000000000000000000e+00 0.000000000000000000e+00 0.000000000000000000e+00 0.000000000000000000e+00 0.000000000000000000e+00
0.000000000000000000e+00 0.000000000000000000e+00 0.000000000000000000e+00 0.000000000000000000e+00 0.000000000000000000e+00
0.000000000000000000e+00 0.000000000000000000e+00 0.000000000000000000e+00 0.000000000000000000e+00 0.000000000000000000e+00
0.000000000000000000e+00 0.000000000000000000e+00 0.000000000000000000e+00 0.000000000000000000e+00 0.000000000000000000e+00
0.000000000000000000e+00 0.000000000000000000e+00 0.000000000000000000e+00 0.000000000000000000e+00 0.000000000000000000e+00
0.000000000000000000e+00 0.000000000000000000e+00 0.000000000000000000e+00 0.000000000000000000e+00 0.000000000000000000e+00
0.000000000000000000e+00 0.000000000000000000e+00 0.000000000000000000e+00 0.000000000000000000e+00 0.000000000000000000e+00
0.000000000000000000e+00 0.000000000000000000e+00 0.000000000000000000e+00 0.000000000000000000e+00 0.000000000000000000e+00
0.000000000000000000e+00 0.000000000000000000e+00 0.000000000000000000e+00 0.000000000000000000e+00 0.000000000000000000e+00
0.000000000000000000e+00 0.000000000000000000e+00 0.000000000000000000e+00 0.000000000000000000e+00 0.000000000000000000e+00
0.000000000000000000e+00 0.000000000000000000e+00 0.000000000000000000e+00 0.000000000000000000e+00 0.000000000000000000e+00
0.000000000000000000e+00 0.000000000000000000e+00 0.000000000000000000e+00 0.000000000000000000e+00 0.000000000000000000e+00
0.000000000000000000e+00 0.000000000000000000e+00 0.000000000000000000e+00 0.000000000000000000e+00 0.000000000000000000e+00
0.000000000000000000e+00 0.000000000000000000e+00 0.000000000000000000e+00 0.000000000000000000e+00 0.000000000000000000e+00
0.000000000000000000e+00 0.000000000000000000e+00 0.000000000000000000e+00 0.000000000000000000e+00 0.000000000000000000e+00
0.000000000000000000e+00 0.000000000000000000e+00 0.000000000000000000e+00 0.000000000000000000e+00 0.000000000000000000e+00
0.000000000000000000e+00 0.000000000000000000e+00 0.000000000000000000e+00 0.000000000000000000e+00 0.000000000000000000e+00
0.000000000000000000e+00 0.000000000000000000e+00 0.000000000000000000e+00 0.000000000000000000e+00 0.000000000000000000e+00
0.000000000000000000e+00 0.000000000000000000e+00 0.000000000000000000e+00 0.000000000000000000e+00 0.000000000000000000e+00
0.000000000000000000e+00 0.000000000000000000e+00 0.000000000000000000e+00 0.000000000000000000e+00 0.000000000000000000e+00
0.000000000000000000e+00 0.000000000000000000e+00 0.000000000000000000e+00 0.000000000000000000e+00 0.000000000000000000e+00
0.000000000000000000e+00 0.000000000000000000e+00 0.000000000000000000e+00 0.000000000000000000e+00 0.000000000000000000e+00
0.000000000000000000e+00 0.000000000000000000e+00 0.000000000000000000e+00 0.000000000000000000e+00 0.000000000000000000e+00
0.000000000000000000e+00 0.000000000000000000e+00 0.000000000000000000e+00 0.000000000000000000e+00 0.000000000000000000e+00
0.000000000000000000e+00 0.000000000000000000e+00 0.000000000000000000e+00 0.000000000000000000e+00 0.000000000000000000e+00
0.000000000000000000e+00 0.000000000000000000e+00 0.000000000000000000e+00 0.000000000000000000e+00 0.000000000000000000e+00
0.000000000000000000e+00 0.000000000000000000e+00 0.000000000000000000e+00 0.000000000000000000e+00 0.000000000000000000e+00
0.000000000000000000e+00 0.000000000000000000e+00 0.000000000000000000e+00 0.000000000000000000e+00 0.000000000000000000e+00
0.000000000000000000e+00 0.000000000000000000e+00 0.000000000000000000e+00 0.000000000000000000e+00 0.000000000000000000e+00
0.000000000000000000e+00 0.000000000000000000e+00 0.000000000000000000e+00 0.000000000000000000e+00 0.000000000000000000e+00
0.000000000000000000e+00 0.000000000000000000e+00 0.000000000000000000e+00 0.000000000000000000e+00 0.000000000000000000e+00
0.000000000000000000e+00 0.000000000000000000e+00 0.000000000000000000e+00 0.000000000000000000e+00 0.000000000000000000e+00
0.000000000000000000e+00 0.000000000000000000e+00 0.000000000000000000e+00 0.000000000000000000e+00 0.000000000000000000e+00
0.000000000000000000e+00 0.000000000000000000e+00 0.000000000000000000e+00 0.000000000000000000e+00 0.000000000000000000e+00
