0.000000000000000000e+00 0.000000000000000000e+00 1.000000000000000000e+00 0.000000000000000000e+00 0.000000000000000000e+00
-7.142454385757446289e-01 1.163494110107421875e+00 1.000000000000000000e+00 0.000000000000000000e+00 0.000000000000000000e+00
-5.962461233139038086e-01 6.880054473876953125e-01 1.000000000000000000e+00 0.000000000000000000e+00 0.000000000000000000e+00
-3.625361323356628418e-01 2.619091570377349854e-01 0.000000000000000000e+00 1.000000000000000000e+00 0.000000000000000000e+00
9.565312862396240234e-01 -7.782036662101745605e-01 1.000000000000000000e+00 0.000000000000000000e+00 0.000000000000000000e+00
6.777888536453247070e-01 -1.271088719367980957e-01 0.000000000000000000e+00 1.000000000000000000e+00 0.000000000000000000e+00
-9.574666023254394531e-01 9.459686279296875000e-01 1.000000000000000000e+00 0.000000000000000000e+00 0.000000000000000000e+00
6.611456871032714844e-01 -1.374929994344711304e-01 1.000000000000000000e+00 0.000000000000000000e+00 0.000000000000000000e+00
3.344968557357788086e-01 -1.838955581188201904e-01 0.000000000000000000e+00 1.000000000000000000e+00 0.000000000000000000e+00
-3.479053974151611328e-01 -1.119168773293495178e-01 1.000000000000000000e+00 0.000000000000000000e+00 0.000000000000000000e+00
-5.152871608734130859e-01 1.052203655242919922e+00 1.000000000000000000e+00 0.000000000000000000e+00 0.000000000000000000e+00
-2.512952089309692383e-01 3.234013020992279053e-01 1.000000000000000000e+00 0.000000000000000000e+00 0.000000000000000000e+00
-1.916394680738449097e-01 1.372573971748352051e-01 0.000000000000000000e+00 1.000000000000000000e+00 0.000000000000000000e+00
6.285356283187866211e-01 -5.087154507637023926e-01 1.000000000000000000e+00 0.000000000000000000e+00 0.000000000000000000e+00
6.091446280479431152e-01 3.606745302677154541e-01 1.000000000000000000e+00 0.000000000000000000e+00 0.000000000000000000e+00
3.083846569061279297e-01 7.397760450839996338e-02 0.000000000000000000e+00 1.000000000000000000e+00 0.000000000000000000e+00
7.687398195266723633e-01 -2.431256532669067383e+00 1.000000000000000000e+00 0.000000000000000000e+00 0.000000000000000000e+00
-5.880753993988037109e-01 9.319070577621459961e-01 1.000000000000000000e+00 0.000000000000000000e+00 0.000000000000000000e+00
-3.060891330242156982e-01 3.204101622104644775e-01 1.000000000000000000e+00 0.000000000000000000e+00 0.000000000000000000e+00
-2.988592684268951416e-01 1.667532622814178467e-01 0.000000000000000000e+00 1.000000000000000000e+00 0.000000000000000000e+00
6.881510019302368164e-01 -4.666008949279785156e-01 1.000000000000000000e+00 0.000000000000000000e+00 0.000000000000000000e+00
3.492446243762969971e-01 2.610172331333160400e-01 1.000000000000000000e+00 0.000000000000000000e+00 0.000000000000000000e+00
2.110261619091033936e-01 3.567121922969818115e-02 0.000000000000000000e+00 1.000000000000000000e+00 0.000000000000000000e+00
7.638088464736938477e-01 -9.666304588317871094e-01 1.000000000000000000e+00 0.000000000000000000e+00 0.000000000000000000e+00
-6.303592920303344727e-01 8.511542677879333496e-01 1.000000000000000000e+00 0.000000000000000000e+00 0.000000000000000000e+00
5.444051027297973633e-01 -9.848353266716003418e-02 1.000000000000000000e+00 0.000000000000000000e+00 0.000000000000000000e+00
1.178566440939903259e-01 5.537455156445503235e-02 0.000000000000000000e+00 1.000000000000000000e+00 0.000000000000000000e+00
-1.411236405372619629e+00 7.020962238311767578e-01 1.000000000000000000e+00 0.000000000000000000e+00 0.000000000000000000e+00
8.414693474769592285e-01 -1.076129376888275146e-01 1.000000000000000000e+00 0.000000000000000000e+00 0.000000000000000000e+00
3.884196877479553223e-01 -1.555204391479492188e-01 0.000000000000000000e+00 1.000000000000000000e+00 0.000000000000000000e+00
-3.860459029674530029e-01 -1.000551223754882812e+00 1.000000000000000000e+00 0.000000000000000000e+00 0.000000000000000000e+00
-1.474348008632659912e-01 1.194708824157714844e+00 1.000000000000000000e+00 0.000000000000000000e+00 0.000000000000000000e+00
-1.337961852550506592e-01 4.043672680854797363e-01 1.000000000000000000e+00 0.000000000000000000e+00 0.000000000000000000e+00
-1.834431737661361694e-01 2.828151583671569824e-01 0.000000000000000000e+00 1.000000000000000000e+00 0.000000000000000000e+00
-3.423934578895568848e-01 -1.802730560302734375e-02 1.000000000000000000e+00 0.000000000000000000e+00 0.000000000000000000e+00
1.127793073654174805e+00 -5.134440958499908447e-02 1.000000000000000000e+00 0.000000000000000000e+00 0.000000000000000000e+00
7.291434407234191895e-01 1.204050779342651367e-01 0.000000000000000000e+00 1.000000000000000000e+00 0.000000000000000000e+00
-1.996546864509582520e+00 -1.991177082061767578e+00 0.000000000000000000e+00 0.000000000000000000e+00 1.000000000000000000e+00
-3.457799553871154785e-01 1.551136255264282227e+00 0.000000000000000000e+00 0.000000000000000000e+00 1.000000000000000000e+00
-1.384392976760864258e+00 -1.701760292053222656e-01 0.000000000000000000e+00 0.000000000000000000e+00 1.000000000000000000e+00
-1.017334461212158203e+00 -2.569619417190551758e-01 0.000000000000000000e+00 0.000000000000000000e+00 1.000000000000000000e+00
-1.053770184516906738e+00 -2.255451083183288574e-01 0.000000000000000000e+00 0.000000000000000000e+00 1.000000000000000000e+00
-1.015419006347656250e+00 -1.812602281570434570e-01 0.000000000000000000e+00 0.000000000000000000e+00 1.000000000000000000e+00
-1.002521514892578125e+00 -2.128446698188781738e-01 0.000000000000000000e+00 0.000000000000000000e+00 1.000000000000000000e+00
-9.815381765365600586e-01 -2.152188420295715332e-01 0.000000000000000000e+00 0.000000000000000000e+00 1.000000000000000000e+00
-9.680008888244628906e-01 -2.184094786643981934e-01 0.000000000000000000e+00 0.000000000000000000e+00 1.000000000000000000e+00
-9.511094093322753906e-01 -2.309625148773193359e-01 0.000000000000000000e+00 0.000000000000000000e+00 1.000000000000000000e+00
-9.332085847854614258e-01 -2.510365843772888184e-01 0.000000000000000000e+00 0.000000000000000000e+00 1.000000000000000000e+00
-9.204543828964233398e-01 -2.559729218482971191e-01 0.000000000000000000e+00 0.000000000000000000e+00 1.000000000000000000e+00
-9.105850458145141602e-01 -2.541792988777160645e-01 0.000000000000000000e+00 0.000000000000000000e+00 1.000000000000000000e+00
-9.021902084350585938e-01 -2.473281621932983398e-01 0.000000000000000000e+00 0.000000000000000000e+00 1.000000000000000000e+00
-8.959896564483642578e-01 -2.413370609283447266e-01 0.000000000000000000e+00 0.000000000000000000e+00 1.000000000000000000e+00
-8.899102210998535156e-01 -2.398337721824645996e-01 0.000000000000000000e+00 0.000000000000000000e+00 1.000000000000000000e+00
-8.828970193862915039e-01 -2.457974553108215332e-01 0.000000000000000000e+00 0.000000000000000000e+00 1.000000000000000000e+00
-8.761212825775146484e-01 -2.509053349494934082e-01 0.000000000000000000e+00 0.000000000000000000e+00 1.000000000000000000e+00
-8.685212135314941406e-01 -2.515671849250793457e-01 0.000000000000000000e+00 0.000000000000000000e+00 1.000000000000000000e+00
-8.627777099609375000e-01 -2.489784359931945801e-01 0.000000000000000000e+00 0.000000000000000000e+00 1.000000000000000000e+00
-8.571473360061645508e-01 -2.436702847480773926e-01 0.000000000000000000e+00 0.000000000000000000e+00 1.000000000000000000e+00
-8.514587879180908203e-01 -2.411637902259826660e-01 0.000000000000000000e+00 0.000000000000000000e+00 1.000000000000000000e+00
-8.430732488632202148e-01 -2.466709613800048828e-01 0.000000000000000000e+00 0.000000000000000000e+00 1.000000000000000000e+00
-8.341645002365112305e-01 -2.529848217964172363e-01 0.000000000000000000e+00 0.000000000000000000e+00 1.000000000000000000e+00
-8.259606361389160156e-01 -2.557738423347473145e-01 0.000000000000000000e+00 0.000000000000000000e+00 1.000000000000000000e+00
-8.177263736724853516e-01 -2.551186084747314453e-01 0.000000000000000000e+00 0.000000000000000000e+00 1.000000000000000000e+00
-8.109591007232666016e-01 -2.517340183258056641e-01 0.000000000000000000e+00 0.000000000000000000e+00 1.000000000000000000e+00
-8.053829669952392578e-01 -2.496077418327331543e-01 0.000000000000000000e+00 0.000000000000000000e+00 1.000000000000000000e+00
-8.003666400909423828e-01 -2.521409988403320312e-01 0.000000000000000000e+00 0.000000000000000000e+00 1.000000000000000000e+00
-7.956563234329223633e-01 -2.574449181556701660e-01 0.000000000000000000e+00 0.000000000000000000e+00 1.000000000000000000e+00
-7.904559373855590820e-01 -2.634969949722290039e-01 0.000000000000000000e+00 0.000000000000000000e+00 1.000000000000000000e+00
-7.856916189193725586e-01 -2.653257846832275391e-01 0.000000000000000000e+00 0.000000000000000000e+00 1.000000000000000000e+00
-7.813136577606201172e-01 -2.591944336891174316e-01 0.000000000000000000e+00 0.000000000000000000e+00 1.000000000000000000e+00
-7.784821987152099609e-01 -2.538304924964904785e-01 0.000000000000000000e+00 0.000000000000000000e+00 1.000000000000000000e+00
-7.754110097885131836e-01 -2.556282877922058105e-01 0.000000000000000000e+00 0.000000000000000000e+00 1.000000000000000000e+00
-7.698678970336914062e-01 -2.636004090309143066e-01 0.000000000000000000e+00 0.000000000000000000e+00 1.000000000000000000e+00
-7.639808654785156250e-01 -2.673748135566711426e-01 0.000000000000000000e+00 0.000000000000000000e+00 1.000000000000000000e+00
-7.575579881668090820e-01 -2.710068225860595703e-01 0.000000000000000000e+00 0.000000000000000000e+00 1.000000000000000000e+00
-7.498645782470703125e-01 -2.744531035423278809e-01 0.000000000000000000e+00 0.000000000000000000e+00 1.000000000000000000e+00
-7.424746751785278320e-01 -2.723836302757263184e-01 0.000000000000000000e+00 0.000000000000000000e+00 1.000000000000000000e+00
-7.376966476440429688e-01 -2.662708163261413574e-01 0.000000000000000000e+00 0.000000000000000000e+00 1.000000000000000000e+00
-7.362746000289916992e-01 -2.635110020637512207e-01 0.000000000000000000e+00 0.000000000000000000e+00 1.000000000000000000e+00
-7.355186939239501953e-01 -2.663040757179260254e-01 0.000000000000000000e+00 0.000000000000000000e+00 1.000000000000000000e+00
-7.337869405746459961e-01 -2.699248790740966797e-01 0.000000000000000000e+00 0.000000000000000000e+00 1.000000000000000000e+00
-7.335966825485229492e-01 -2.705694437026977539e-01 0.000000000000000000e+00 0.000000000000000000e+00 1.000000000000000000e+00
-7.321192026138305664e-01 -2.722088694572448730e-01 0.000000000000000000e+00 0.000000000000000000e+00 1.000000000000000000e+00
-7.274633646011352539e-01 -2.745508551597595215e-01 0.000000000000000000e+00 0.000000000000000000e+00 1.000000000000000000e+00
-7.206811904907226562e-01 -2.746304869651794434e-01 0.000000000000000000e+00 0.000000000000000000e+00 1.000000000000000000e+00
-7.150061130523681641e-01 -2.710328102111816406e-01 0.000000000000000000e+00 0.000000000000000000e+00 1.000000000000000000e+00
0.000000000000000000e+00 0.000000000000000000e+00 0.000000000000000000e+00 0.000000000000000000e+00 0.000000000000000000e+00
0.000000000000000000e+00 0.000000000000000000e+00 0.000000000000000000e+00 0.000000000000000000e+00 0.000000000000000000e+00
0.000000000000000000e+00 0.000000000000000000e+00 0.000000000000000000e+00 0.000000000000000000e+00 0.000000000000000000e+00
0.000000000000000000e+00 0.000000000000000000e+00 0.000000000000000000e+00 0.000000000000000000e+00 0.000000000000000000e+00
0.000000000000000000e+00 0.000000000000000000e+00 0.000000000000000000e+00 0.000000000000000000e+00 0.000000000000000000e+00
0.000000000000000000e+00 0.000000000000000000e+00 0.000000000000000000e+00 0.000000000000000000e+00 0.000000000000000000e+00
0.000000000000000000e+00 0.000000000000000000e+00 0.000000000000000000e+00 0.000000000000000000e+00 0.000000000000000000e+00
0.000000000000000000e+00 0.000000000000000000e+00 0.000000000000000000e+00 0.000000000000000000e+00 0.000000000000000000e+00
0.000000000000000000e+00 0.000000000000000000e+00 0.000000000000000000e+00 0.000000000000000000e+00 0.000000000000000000e+00
0.000000000000000000e+00 0.000000000000000000e+00 0.000000000000000000e+00 0.000000000000000000e+00 0.000000000000000000e+00
0.000000000000000000e+00 0.000000000000000000e+00 0.000000000000000000e+00 0.000000000000000000e+00 0.000000000000000000e+00
0.000000000000000000e+00 0.000000000000000000e+00 0.000000000000000000e+00 0.000000000000000000e+00 0.000000000000000000e+00
0.000000000000000000e+00 0.000000000000000000e+00 0.000000000000000000e+00 0.000000000000000000e+00 0.000000000000000000e+00
0.000000000000000000e+00 0.000000000000000000e+00 0.000000000000000000e+00 0.000000000000000000e+00 0.000000000000000000e+00
0.000000000000000000e+00 0.000000000000000000e+00 0.000000000000000000e+00 0.000000000000000000e+00 0.000000000000000000e+00
0.000000000000000000e+00 0.000000000000000000e+00 0.000000000000000000e+00 0.000000000000000000e+00 0.000000000000000000e+00
0.000000000000000000e+00 0.000000000000000000e+00 0.000000000000000000e+00 0.000000000000000000e+00 0.000000000000000000e+00
0.000000000000000000e+00 0.000000000000000000e+00 0.000000000000000000e+00 0.000000000000000000e+00 0.000000000000000000e+00
0.000000000000000000e+00 0.000000000000000000e+00 0.000000000000000000e+00 0.000000000000000000e+00 0.000000000000000000e+00
0.000000000000000000e+00 0.000000000000000000e+00 0.000000000000000000e+00 0.000000000000000000e+00 0.000000000000000000e+00
0.000000000000000000e+00 0.000000000000000000e+00 0.000000000000000000e+00 0.000000000000000000e+00 0.000000000000000000e+00
0.000000000000000000e+00 0.000000000000000000e+00 0.000000000000000000e+00 0.000000000000000000e+00 0.000000000000000000e+00
0.000000000000000000e+00 0.000000000000000000e+00 0.000000000000000000e+00 0.000000000000000000e+00 0.000000000000000000e+00
0.000000000000000000e+00 0.000000000000000000e+00 0.000000000000000000e+00 0.000000000000000000e+00 0.000000000000000000e+00
0.000000000000000000e+00 0.000000000000000000e+00 0.000000000000000000e+00 0.000000000000000000e+00 0.000000000000000000e+00
0.000000000000000000e+00 0.000000000000000000e+00 0.000000000000000000e+00 0.000000000000000000e+00 0.000000000000000000e+00
0.000000000000000000e+00 0.000000000000000000e+00 0.000000000000000000e+00 0.000000000000000000e+00 0.000000000000000000e+00
0.000000000000000000e+00 0.000000000000000000e+00 0.000000000000000000e+00 0.000000000000000000e+00 0.000000000000000000e+00
0.000000000000000000e+00 0.000000000000000000e+00 0.000000000000000000e+00 0.000000000000000000e+00 0.000000000000000000e+00
0.000000000000000000e+00 0.000000000000000000e+00 0.000000000000000000e+00 0.000000000000000000e+00 0.000000000000000000e+00
0.000000000000000000e+00 0.000000000000000000e+00 0.000000000000000000e+00 0.000000000000000000e+00 0.000000000000000000e+00
0.000000000000000000e+00 0.000000000000000000e+00 0.000000000000000000e+00 0.000000000000000000e+00 0.000000000000000000e+00
0.000000000000000000e+00 0.000000000000000000e+00 0.000000000000000000e+00 0.000000000000000000e+00 0.000000000000000000e+00
0.000000000000000000e+00 0.000000000000000000e+00 0.000000000000000000e+00 0.000000000000000000e+00 0.000000000000000000e+00
0.000000000000000000e+00 0.000000000000000000e+00 0.000000000000000000e+00 0.000000000000000000e+00 0.000000000000000000e+00
