0.000000000000000000e+00 0.000000000000000000e+00 1.000000000000000000e+00 0.000000000000000000e+00 0.000000000000000000e+00
8.133013248443603516e-01 -1.513787806034088135e-01 1.000000000000000000e+00 0.000000000000000000e+00 0.000000000000000000e+00
2.316513061523437500e-01 5.842452123761177063e-02 1.000000000000000000e+00 0.000000000000000000e+00 0.000000000000000000e+00
-1.319542646408081055e+00 1.390910506248474121e+00 1.000000000000000000e+00 0.000000000000000000e+00 0.000000000000000000e+00
-7.005686163902282715e-01 5.289008021354675293e-01 1.000000000000000000e+00 0.000000000000000000e+00 0.000000000000000000e+00
-2.956107556819915771e-01 1.165657043457031250e-01 1.000000000000000000e+00 0.000000000000000000e+00 0.000000000000000000e+00
-4.473304003477096558e-02 -7.529004663228988647e-02 0.000000000000000000e+00 1.000000000000000000e+00 0.000000000000000000e+00
8.371090888977050781e-01 -4.245954155921936035e-01 1.000000000000000000e+00 0.000000000000000000e+00 0.000000000000000000e+00
1.665056049823760986e-01 6.672187894582748413e-02 1.000000000000000000e+00 0.000000000000000000e+00 0.000000000000000000e+00
-2.316304296255111694e-02 4.693982303142547607e-01 1.000000000000000000e+00 0.000000000000000000e+00 0.000000000000000000e+00
-6.931550055742263794e-02 1.316185593605041504e-01 0.000000000000000000e+00 1.000000000000000000e+00 0.000000000000000000e+00
5.360903739929199219e-01 -7.399509549140930176e-01 1.000000000000000000e+00 0.000000000000000000e+00 0.000000000000000000e+00
2.270052134990692139e-01 2.286707609891891479e-02 1.000000000000000000e+00 0.000000000000000000e+00 0.000000000000000000e+00
1.075623370707035065e-02 2.178185731172561646e-01 1.000000000000000000e+00 0.000000000000000000e+00 0.000000000000000000e+00
-2.608787119388580322e-01 3.757787048816680908e-01 1.000000000000000000e+00 0.000000000000000000e+00 0.000000000000000000e+00
3.902745842933654785e-01 -2.562566399574279785e-01 1.000000000000000000e+00 0.000000000000000000e+00 0.000000000000000000e+00
2.032178193330764771e-01 -2.625618577003479004e-01 0.000000000000000000e+00 1.000000000000000000e+00 0.000000000000000000e+00
1.121156692504882812e+00 -1.800730943679809570e+00 1.000000000000000000e+00 0.000000000000000000e+00 0.000000000000000000e+00
-2.892904728651046753e-02 1.104094743728637695e+00 1.000000000000000000e+00 0.000000000000000000e+00 0.000000000000000000e+00
-6.743144989013671875e-02 2.752981185913085938e-01 1.000000000000000000e+00 0.000000000000000000e+00 0.000000000000000000e+00
-1.090016514062881470e-01 1.545911133289337158e-01 0.000000000000000000e+00 1.000000000000000000e+00 0.000000000000000000e+00
-2.801002562046051025e-01 -6.728700399398803711e-01 1.000000000000000000e+00 0.000000000000000000e+00 0.000000000000000000e+00
-4.983085691928863525e-01 6.173234581947326660e-01 1.000000000000000000e+00 0.000000000000000000e+00 0.000000000000000000e+00
-1.396129727363586426e-01 3.541767597198486328e-01 0.000000000000000000e+00 1.000000000000000000e+00 0.000000000000000000e+00
1.601692438125610352e+00 -7.939320802688598633e-01 1.000000000000000000e+00 0.000000000000000000e+00 0.000000000000000000e+00
2.349436879158020020e-01 6.174565851688385010e-02 1.000000000000000000e+00 0.000000000000000000e+00 0.000000000000000000e+00
1.180611029267311096e-01 1.630228459835052490e-01 0.000000000000000000e+00 1.000000000000000000e+00 0.000000000000000000e+00
-2.125260829925537109e-01 2.550329864025115967e-01 1.000000000000000000e+00 0.000000000000000000e+00 0.000000000000000000e+00
-1.057470917701721191e+00 1.236876964569091797e+00 1.000000000000000000e+00 0.000000000000000000e+00 0.000000000000000000e+00
-8.627041578292846680e-01 6.964116096496582031e-01 1.000000000000000000e+00 0.000000000000000000e+00 0.000000000000000000e+00
-6.612650752067565918e-01 3.270180821418762207e-01 0.000000000000000000e+00 1.000000000000000000e+00 0.000000000000000000e+00
1.148237228393554688e+00 -3.143434524536132812e+00 0.000000000000000000e+00 0.000000000000000000e+00 1.000000000000000000e+00
-5.658305287361145020e-01 -1.981672644615173340e-01 0.000000000000000000e+00 0.000000000000000000e+00 1.000000000000000000e+00
-8.974632024765014648e-01 -7.482299208641052246e-01 0.000000000000000000e+00 0.000000000000000000e+00 1.000000000000000000e+00
-5.768903493881225586e-01 -5.564951300621032715e-01 0.000000000000000000e+00 0.000000000000000000e+00 1.000000000000000000e+00
-6.962190866470336914e-01 -5.093100666999816895e-01 0.000000000000000000e+00 0.000000000000000000e+00 1.000000000000000000e+00
-6.568977832794189453e-01 -4.648266434669494629e-01 0.000000000000000000e+00 0.000000000000000000e+00 1.000000000000000000e+00
-6.592159271240234375e-01 -4.382134079933166504e-01 0.000000000000000000e+00 0.000000000000000000e+00 1.000000000000000000e+00
-6.506360769271850586e-01 -4.296587109565734863e-01 0.000000000000000000e+00 0.000000000000000000e+00 1.000000000000000000e+00
-6.484506130218505859e-01 -4.045208096504211426e-01 0.000000000000000000e+00 0.000000000000000000e+00 1.000000000000000000e+00
-6.519293189048767090e-01 -3.821411728858947754e-01 0.000000000000000000e+00 0.000000000000000000e+00 1.000000000000000000e+00
-6.516950130462646484e-01 -3.595138192176818848e-01 0.000000000000000000e+00 0.000000000000000000e+00 1.000000000000000000e+00
-6.487097740173339844e-01 -3.485415577888488770e-01 0.000000000000000000e+00 0.000000000000000000e+00 1.000000000000000000e+00
-6.363770961761474609e-01 -3.466431498527526855e-01 0.000000000000000000e+00 0.000000000000000000e+00 1.000000000000000000e+00
-6.246097087860107422e-01 -3.530715107917785645e-01 0.000000000000000000e+00 0.000000000000000000e+00 1.000000000000000000e+00
-6.150140762329101562e-01 -3.578637242317199707e-01 0.000000000000000000e+00 0.000000000000000000e+00 1.000000000000000000e+00
-6.104192733764648438e-01 -3.562396168708801270e-01 0.000000000000000000e+00 0.000000000000000000e+00 1.000000000000000000e+00
-6.084728240966796875e-01 -3.511288762092590332e-01 0.000000000000000000e+00 0.000000000000000000e+00 1.000000000000000000e+00
-6.057261228561401367e-01 -3.441879153251647949e-01 0.000000000000000000e+00 0.000000000000000000e+00 1.000000000000000000e+00
-6.017144918441772461e-01 -3.381010890007019043e-01 0.000000000000000000e+00 0.000000000000000000e+00 1.000000000000000000e+00
-5.966532230377197266e-01 -3.356148600578308105e-01 0.000000000000000000e+00 0.000000000000000000e+00 1.000000000000000000e+00
-5.912379026412963867e-01 -3.343163132667541504e-01 0.000000000000000000e+00 0.000000000000000000e+00 1.000000000000000000e+00
-5.873002409934997559e-01 -3.320898413658142090e-01 0.000000000000000000e+00 0.000000000000000000e+00 1.000000000000000000e+00
-5.864568948745727539e-01 -3.291237950325012207e-01 0.000000000000000000e+00 0.000000000000000000e+00 1.000000000000000000e+00
-5.855247974395751953e-01 -3.267578482627868652e-01 0.000000000000000000e+00 0.000000000000000000e+00 1.000000000000000000e+00
-5.812183618545532227e-01 -3.264362215995788574e-01 0.000000000000000000e+00 0.000000000000000000e+00 1.000000000000000000e+00
-5.740741491317749023e-01 -3.296042084693908691e-01 0.000000000000000000e+00 0.000000000000000000e+00 1.000000000000000000e+00
-5.665245652198791504e-01 -3.370662331581115723e-01 0.000000000000000000e+00 0.000000000000000000e+00 1.000000000000000000e+00
-5.618588924407958984e-01 -3.390533328056335449e-01 0.000000000000000000e+00 0.000000000000000000e+00 1.000000000000000000e+00
-5.610131621360778809e-01 -3.354290127754211426e-01 0.000000000000000000e+00 0.000000000000000000e+00 1.000000000000000000e+00
-5.596475601196289062e-01 -3.320301175117492676e-01 0.000000000000000000e+00 0.000000000000000000e+00 1.000000000000000000e+00
-5.567672848701477051e-01 -3.286984562873840332e-01 0.000000000000000000e+00 0.000000000000000000e+00 1.000000000000000000e+00
-5.526182651519775391e-01 -3.251827359199523926e-01 0.000000000000000000e+00 0.000000000000000000e+00 1.000000000000000000e+00
-5.471453070640563965e-01 -3.245809674263000488e-01 0.000000000000000000e+00 0.000000000000000000e+00 1.000000000000000000e+00
-5.421044826507568359e-01 -3.262985348701477051e-01 0.000000000000000000e+00 0.000000000000000000e+00 1.000000000000000000e+00
-5.414785146713256836e-01 -3.250938057899475098e-01 0.000000000000000000e+00 0.000000000000000000e+00 1.000000000000000000e+00
-5.432596206665039062e-01 -3.230283856391906738e-01 0.000000000000000000e+00 0.000000000000000000e+00 1.000000000000000000e+00
-5.445891022682189941e-01 -3.209903836250305176e-01 0.000000000000000000e+00 0.000000000000000000e+00 1.000000000000000000e+00
-5.442999601364135742e-01 -3.167819380760192871e-01 0.000000000000000000e+00 0.000000000000000000e+00 1.000000000000000000e+00
-5.404602289199829102e-01 -3.142579197883605957e-01 0.000000000000000000e+00 0.000000000000000000e+00 1.000000000000000000e+00
-5.347670316696166992e-01 -3.150014281272888184e-01 0.000000000000000000e+00 0.000000000000000000e+00 1.000000000000000000e+00
0.000000000000000000e+00 0.000000000000000000e+00 0.000000000000000000e+00 0.000000000000000000e+00 0.000000000000000000e+00
0.000000000000000000e+00 0.000000000000000000e+00 0.000000000000000000e+00 0.000000000000000000e+00 0.000000000000000000e+00
0.000000000000000000e+00 0.000000000000000000e+00 0.000000000000000000e+00 0.000000000000000000e+00 0.000000000000000000e+00
0.000000000000000000e+00 0.000000000000000000e+00 0.000000000000000000e+00 0.000000000000000000e+00 0.000000000000000000e+00
0.000000000000000000e+00 0.000000000000000000e+00 0.000000000000000000e+00 0.000000000000000000e+00 0.000000000000000000e+00
0.000000000000000000e+00 0.000000000000000000e+00 0.000000000000000000e+00 0.000000000000000000e+00 0.000000000000000000e+00
0.000000000000000000e+00 0.000000000000000000e+00 0.000000000000000000e+00 0.000000000000000000e+00 0.000000000000000000e+00
0.000000000000000000e+00 0.000000000000000000e+00 0.000000000000000000e+00 0.000000000000000000e+00 0.000000000000000000e+00
0.000000000000000000e+00 0.000000000000000000e+00 0.000000000000000000e+00 0.000000000000000000e+00 0.000000000000000000e+00
0.000000000000000000e+00 0.000000000000000000e+00 0.000000000000000000e+00 0.000000000000000000e+00 0.000000000000000000e+00
0.000000000000000000e+00 0.000000000000000000e+00 0.000000000000000000e+00 0.000000000000000000e+00 0.000000000000000000e+00
0.000000000000000000e+00 0.000000000000000000e+00 0.000000000000000000e+00 0.000000000000000000e+00 0.000000000000000000e+00
0.000000000000000000e+00 0.000000000000000000e+00 0.000000000000000000e+00 0.000000000000000000e+00 0.000000000000000000e+00
0.000000000000000000e+00 0.000000000000000000e+00 0.000000000000000000e+00 0.000000000000000000e+00 0.000000000000000000e+00
0.000000000000000000e+00 0.000000000000000000e+00 0.000000000000000000e+00 0.000000000000000000e+00 0.000000000000000000e+00
0.000000000000000000e+00 0.000000000000000000e+00 0.000000000000000000e+00 0.000000000000000000e+00 0.000000000000000000e+00
0.000000000000000000e+00 0.000000000000000000e+00 0.000000000000000000e+00 0.000000000000000000e+00 0.000000000000000000e+00
0.000000000000000000e+00 0.000000000000000000e+00 0.000000000000000000e+00 0.000000000000000000e+00 0.000000000000000000e+00
0.000000000000000000e+00 0.000000000000000000e+00 0.000000000000000000e+00 0.000000000000000000e+00 0.000000000000000000e+00
0.000000000000000000e+00 0.000000000000000000e+00 0.000000000000000000e+00 0.000000000000000000e+00 0.000000000000000000e+00
0.000000000000000000e+00 0.000000000000000000e+00 0.000000000000000000e+00 0.000000000000000000e+00 0.000000000000000000e+00
0.000000000000000000e+00 0.000000000000000000e+00 0.000000000000000000e+00 0.000000000000000000e+00 0.000000000000000000e+00
0.000000000000000000e+00 0.000000000000000000e+00 0.000000000000000000e+00 0.000000000000000000e+00 0.000000000000000000e+00
0.000000000000000000e+00 0.000000000000000000e+00 0.000000000000000000e+00 0.000000000000000000e+00 0.000000000000000000e+00
0.000000000000000000e+00 0.000000000000000000e+00 0.000000000000000000e+00 0.000000000000000000e+00 0.000000000000000000e+00
0.000000000000000000e+00 0.000000000000000000e+00 0.000000000000000000e+00 0.000000000000000000e+00 0.000000000000000000e+00
0.000000000000000000e+00 0.000000000000000000e+00 0.000000000000000000e+00 0.000000000000000000e+00 0.000000000000000000e+00
0.000000000000000000e+00 0.000000000000000000e+00 0.000000000000000000e+00 0.000000000000000000e+00 0.000000000000000000e+00
0.000000000000000000e+00 0.000000000000000000e+00 0.000000000000000000e+00 0.000000000000000000e+00 0.000000000000000000e+00
0.000000000000000000e+00 0.000000000000000000e+00 0.000000000000000000e+00 0.000000000000000000e+00 0.000000000000000000e+00
0.000000000000000000e+00 0.000000000000000000e+00 0.000000000000000000e+00 0.000000000000000000e+00 0.000000000000000000e+00
0.000000000000000000e+00 0.000000000000000000e+00 0.000000000000000000e+00 0.000000000000000000e+00 0.000000000000000000e+00
0.000000000000000000e+00 0.000000000000000000e+00 0.000000000000000000e+00 0.000000000000000000e+00 0.000000000000000000e+00
0.000000000000000000e+00 0.000000000000000000e+00 0.000000000000000000e+00 0.000000000000000000e+00 0.000000000000000000e+00
0.000000000000000000e+00 0.000000000000000000e+00 0.000000000000000000e+00 0.000000000000000000e+00 0.000000000000000000e+00
0.000000000000000000e+00 0.000000000000000000e+00 0.000000000000000000e+00 0.000000000000000000e+00 0.000000000000000000e+00
0.000000000000000000e+00 0.000000000000000000e+00 0.000000000000000000e+00 0.000000000000000000e+00 0.000000000000000000e+00
0.000000000000000000e+00 0.000000000000000000e+00 0.000000000000000000e+00 0.000000000000000000e+00 0.000000000000000000e+00
0.000000000000000000e+00 0.000000000000000000e+00 0.000000000000000000e+00 0.000000000000000000e+00 0.000000000000000000e+00
0.000000000000000000e+00 0.000000000000000000e+00 0.000000000000000000e+00 0.000000000000000000e+00 0.000000000000000000e+00
0.000000000000000000e+00 0.000000000000000000e+00 0.000000000000000000e+00 0.000000000000000000e+00 0.000000000000000000e+00
0.000000000000000000e+00 0.000000000000000000e+00 0.000000000000000000e+00 0.000000000000000000e+00 0.000000000000000000e+00
0.000000000000000000e+00 0.000000000000000000e+00 0.000000000000000000e+00 0.000000000000000000e+00 0.000000000000000000e+00
0.000000000000000000e+00 0.000000000000000000e+00 0.000000000000000000e+00 0.000000000000000000e+00 0.000000000000000000e+00
0.000000000000000000e+00 0.000000000000000000e+00 0.000000000000000000e+00 0.000000000000000000e+00 0.000000000000000000e+00
0.000000000000000000e+00 0.000000000000000000e+00 0.000000000000000000e+00 0.000000000000000000e+00 0.000000000000000000e+00
0.000000000000000000e+00 0.000000000000000000e+00 0.000000000000000000e+00 0.000000000000000000e+00 0.000000000000000000e+00
0.000000000000000000e+00 0.000000000000000000e+00 0.000000000000000000e+00 0.000000000000000000e+00 0.000000000000000000e+00
0.000000000000000000e+00 0.000000000000000000e+00 0.000000000000000000e+00 0.000000000000000000e+00 0.000000000000000000e+00
0.000000000000000000e+00 0.000000000000000000e+00 0.000000000000000000e+00 0.000000000000000000e+00 0.000000000000000000e+00
