0.000000000000000000e+00 0.000000000000000000e+00 1.000000000000000000e+00 0.000000000000000000e+00 0.000000000000000000e+00
1.426408737897872925e-01 7.894942164421081543e-02 1.000000000000000000e+00 0.000000000000000000e+00 0.000000000000000000e+00
2.147211134433746338e-02 1.353067904710769653e-01 0.000000000000000000e+00 1.000000000000000000e+00 0.000000000000000000e+00
-4.741515517234802246e-01 4.671283066272735596e-01 1.000000000000000000e+00 0.000000000000000000e+00 0.000000000000000000e+00
7.349801063537597656e-01 -8.057494461536407471e-02 1.000000000000000000e+00 0.000000000000000000e+00 0.000000000000000000e+00
1.893915235996246338e-01 9.088170528411865234e-02 1.000000000000000000e+00 0.000000000000000000e+00 0.000000000000000000e+00
-1.170210361480712891e+00 1.298401117324829102e+00 1.000000000000000000e+00 0.000000000000000000e+00 0.000000000000000000e+00
-6.594030857086181641e-01 5.001436471939086914e-01 1.000000000000000000e+00 0.000000000000000000e+00 0.000000000000000000e+00
-2.755030393600463867e-01 9.171715378761291504e-02 0.000000000000000000e+00 1.000000000000000000e+00 0.000000000000000000e+00
9.952011108398437500e-01 -6.180304288864135742e-01 1.000000000000000000e+00 0.000000000000000000e+00 0.000000000000000000e+00
1.989902108907699585e-01 9.203963726758956909e-02 1.000000000000000000e+00 0.000000000000000000e+00 0.000000000000000000e+00
1.069613918662071228e-01 3.260643482208251953e-01 1.000000000000000000e+00 0.000000000000000000e+00 0.000000000000000000e+00
-6.420979648828506470e-02 7.952272891998291016e-01 1.000000000000000000e+00 0.000000000000000000e+00 0.000000000000000000e+00
-7.292506843805313110e-02 1.637942194938659668e-01 0.000000000000000000e+00 1.000000000000000000e+00 0.000000000000000000e+00
4.727379679679870605e-01 -1.320216178894042969e+00 1.000000000000000000e+00 0.000000000000000000e+00 0.000000000000000000e+00
2.863039970397949219e-01 2.614586055278778076e-01 1.000000000000000000e+00 0.000000000000000000e+00 0.000000000000000000e+00
2.183583080768585205e-01 5.452563613653182983e-02 0.000000000000000000e+00 1.000000000000000000e+00 0.000000000000000000e+00
6.993787288665771484e-01 -2.206151962280273438e+00 1.000000000000000000e+00 0.000000000000000000e+00 0.000000000000000000e+00
2.874481678009033203e-01 2.067736983299255371e-01 1.000000000000000000e+00 0.000000000000000000e+00 0.000000000000000000e+00
2.798463106155395508e-01 4.830807447433471680e-03 0.000000000000000000e+00 1.000000000000000000e+00 0.000000000000000000e+00
3.832051157951354980e-01 -2.361186742782592773e-01 1.000000000000000000e+00 0.000000000000000000e+00 0.000000000000000000e+00
-1.088685154914855957e+00 8.558259606361389160e-01 1.000000000000000000e+00 0.000000000000000000e+00 0.000000000000000000e+00
7.531098127365112305e-01 -2.327647805213928223e-02 1.000000000000000000e+00 0.000000000000000000e+00 0.000000000000000000e+00
1.088117212057113647e-01 6.531722843647003174e-02 0.000000000000000000e+00 1.000000000000000000e+00 0.000000000000000000e+00
-9.817043542861938477e-01 6.225506067276000977e-01 1.000000000000000000e+00 0.000000000000000000e+00 0.000000000000000000e+00
7.815923690795898438e-01 -1.421763002872467041e-02 1.000000000000000000e+00 0.000000000000000000e+00 0.000000000000000000e+00
6.535629183053970337e-02 4.628587886691093445e-02 0.000000000000000000e+00 1.000000000000000000e+00 0.000000000000000000e+00
-1.185557246208190918e+00 6.502354741096496582e-01 1.000000000000000000e+00 0.000000000000000000e+00 0.000000000000000000e+00
1.125481724739074707e+00 -4.317514598369598389e-02 1.000000000000000000e+00 0.000000000000000000e+00 0.000000000000000000e+00
4.632683396339416504e-01 -1.150372326374053955e-01 0.000000000000000000e+00 1.000000000000000000e+00 0.000000000000000000e+00
-6.139435768127441406e-01 -6.598637104034423828e-01 1.000000000000000000e+00 0.000000000000000000e+00 0.000000000000000000e+00
-1.203247532248497009e-01 1.649518251419067383e+00 1.000000000000000000e+00 0.000000000000000000e+00 0.000000000000000000e+00
7.737819850444793701e-02 1.147546172142028809e+00 0.000000000000000000e+00 1.000000000000000000e+00 0.000000000000000000e+00
-9.433915615081787109e-01 -3.702538013458251953e+00 0.000000000000000000e+00 0.000000000000000000e+00 1.000000000000000000e+00
5.481329560279846191e-02 3.409756720066070557e-01 0.000000000000000000e+00 0.000000000000000000e+00 1.000000000000000000e+00
-1.381154298782348633e+00 -2.600682973861694336e-01 0.000000000000000000e+00 0.000000000000000000e+00 1.000000000000000000e+00
-9.268513917922973633e-01 -2.885065078735351562e-01 0.000000000000000000e+00 0.000000000000000000e+00 1.000000000000000000e+00
-1.000631332397460938e+00 -3.155060410499572754e-01 0.000000000000000000e+00 0.000000000000000000e+00 1.000000000000000000e+00
-9.443497657775878906e-01 -3.057873249053955078e-01 0.000000000000000000e+00 0.000000000000000000e+00 1.000000000000000000e+00
-9.262452125549316406e-01 -3.079731464385986328e-01 0.000000000000000000e+00 0.000000000000000000e+00 1.000000000000000000e+00
-8.917549848556518555e-01 -3.204715847969055176e-01 0.000000000000000000e+00 0.000000000000000000e+00 1.000000000000000000e+00
-8.804067373275756836e-01 -3.072720766067504883e-01 0.000000000000000000e+00 0.000000000000000000e+00 1.000000000000000000e+00
-8.687976598739624023e-01 -2.940571308135986328e-01 0.000000000000000000e+00 0.000000000000000000e+00 1.000000000000000000e+00
-8.538693189620971680e-01 -2.894000411033630371e-01 0.000000000000000000e+00 0.000000000000000000e+00 1.000000000000000000e+00
-8.386725187301635742e-01 -2.858410477638244629e-01 0.000000000000000000e+00 0.000000000000000000e+00 1.000000000000000000e+00
-8.238176107406616211e-01 -2.841355204582214355e-01 0.000000000000000000e+00 0.000000000000000000e+00 1.000000000000000000e+00
-8.091402053833007812e-01 -2.898033261299133301e-01 0.000000000000000000e+00 0.000000000000000000e+00 1.000000000000000000e+00
-7.954685688018798828e-01 -2.966944575309753418e-01 0.000000000000000000e+00 0.000000000000000000e+00 1.000000000000000000e+00
-7.883838415145874023e-01 -2.968014478683471680e-01 0.000000000000000000e+00 0.000000000000000000e+00 1.000000000000000000e+00
-7.826888561248779297e-01 -2.953666448593139648e-01 0.000000000000000000e+00 0.000000000000000000e+00 1.000000000000000000e+00
-7.748347520828247070e-01 -2.942539453506469727e-01 0.000000000000000000e+00 0.000000000000000000e+00 1.000000000000000000e+00
-7.668272256851196289e-01 -2.923464179039001465e-01 0.000000000000000000e+00 0.000000000000000000e+00 1.000000000000000000e+00
-7.578667402267456055e-01 -2.935857772827148438e-01 0.000000000000000000e+00 0.000000000000000000e+00 1.000000000000000000e+00
-7.496073246002197266e-01 -2.977572679519653320e-01 0.000000000000000000e+00 0.000000000000000000e+00 1.000000000000000000e+00
-7.437030076980590820e-01 -3.025558590888977051e-01 0.000000000000000000e+00 0.000000000000000000e+00 1.000000000000000000e+00
-7.409362792968750000e-01 -3.043498396873474121e-01 0.000000000000000000e+00 0.000000000000000000e+00 1.000000000000000000e+00
-7.374922037124633789e-01 -3.050319552421569824e-01 0.000000000000000000e+00 0.000000000000000000e+00 1.000000000000000000e+00
-7.288699150085449219e-01 -3.086950778961181641e-01 0.000000000000000000e+00 0.000000000000000000e+00 1.000000000000000000e+00
-7.202210426330566406e-01 -3.132388591766357422e-01 0.000000000000000000e+00 0.000000000000000000e+00 1.000000000000000000e+00
-7.112811803817749023e-01 -3.196317553520202637e-01 0.000000000000000000e+00 0.000000000000000000e+00 1.000000000000000000e+00
-7.051818370819091797e-01 -3.217461705207824707e-01 0.000000000000000000e+00 0.000000000000000000e+00 1.000000000000000000e+00
-7.018326520919799805e-01 -3.184135556221008301e-01 0.000000000000000000e+00 0.000000000000000000e+00 1.000000000000000000e+00
-6.997983455657958984e-01 -3.115034103393554688e-01 0.000000000000000000e+00 0.000000000000000000e+00 1.000000000000000000e+00
-6.969057321548461914e-01 -3.070359826087951660e-01 0.000000000000000000e+00 0.000000000000000000e+00 1.000000000000000000e+00
-6.898798942565917969e-01 -3.090204000473022461e-01 0.000000000000000000e+00 0.000000000000000000e+00 1.000000000000000000e+00
-6.823382377624511719e-01 -3.155363202095031738e-01 0.000000000000000000e+00 0.000000000000000000e+00 1.000000000000000000e+00
-6.762936115264892578e-01 -3.230577111244201660e-01 0.000000000000000000e+00 0.000000000000000000e+00 1.000000000000000000e+00
-6.727225184440612793e-01 -3.273225426673889160e-01 0.000000000000000000e+00 0.000000000000000000e+00 1.000000000000000000e+00
-6.715336441993713379e-01 -3.254882693290710449e-01 0.000000000000000000e+00 0.000000000000000000e+00 1.000000000000000000e+00
-6.706143021583557129e-01 -3.205627799034118652e-01 0.000000000000000000e+00 0.000000000000000000e+00 1.000000000000000000e+00
0.000000000000000000e+00 0.000000000000000000e+00 0.000000000000000000e+00 0.000000000000000000e+00 0.000000000000000000e+00
0.000000000000000000e+00 0.000000000000000000e+00 0.000000000000000000e+00 0.000000000000000000e+00 0.000000000000000000e+00
0.000000000000000000e+00 0.000000000000000000e+00 0.000000000000000000e+00 0.000000000000000000e+00 0.000000000000000000e+00
0.000000000000000000e+00 0.000000000000000000e+00 0.000000000000000000e+00 0.000000000000000000e+00 0.000000000000000000e+00
0.000000000000000000e+00 0.000000000000000000e+00 0.000000000000000000e+00 0.000000000000000000e+00 0.000000000000000000e+00
0.000000000000000000e+00 0.000000000000000000e+00 0.000000000000000000e+00 0.000000000000000000e+00 0.000000000000000000e+00
0.000000000000000000e+00 0.000000000000000000e+00 0.000000000000000000e+00 0.000000000000000000e+00 0.000000000000000000e+00
0.000000000000000000e+00 0.000000000000000000e+00 0.000000000000000000e+00 0.000000000000000000e+00 0.000000000000000000e+00
0.000000000000000000e+00 0.000000000000000000e+00 0.000000000000000000e+00 0.000000000000000000e+00 0.000000000000000000e+00
0.000000000000000000e+00 0.000000000000000000e+00 0.000000000000000000e+00 0.000000000000000000e+00 0.000000000000000000e+00
0.000000000000000000e+00 0.000000000000000000e+00 0.000000000000000000e+00 0.000000000000000000e+00 0.000000000000000000e+00
0.000000000000000000e+00 0.000000000000000000e+00 0.000000000000000000e+00 0.000000000000000000e+00 0.000000000000000000e+00
0.000000000000000000e+00 0.000000000000000000e+00 0.000000000000000000e+00 0.000000000000000000e+00 0.000000000000000000e+00
0.000000000000000000e+00 0.000000000000000000e+00 0.000000000000000000e+00 0.000000000000000000e+00 0.000000000000000000e+00
0.000000000000000000e+00 0.000000000000000000e+00 0.000000000000000000e+00 0.000000000000000000e+00 0.000000000000000000e+00
0.000000000000000000e+00 0.000000000000000000e+00 0.000000000000000000e+00 0.000000000000000000e+00 0.000000000000000000e+00
0.000000000000000000e+00 0.000000000000000000e+00 0.000000000000000000e+00 0.000000000000000000e+00 0.000000000000000000e+00
0.000000000000000000e+00 0.000000000000000000e+00 0.000000000000000000e+00 0.000000000000000000e+00 0.000000000000000000e+00
0.000000000000000000e+00 0.000000000000000000e+00 0.000000000000000000e+00 0.000000000000000000e+00 0.000000000000000000e+00
0.000000000000000000e+00 0.000000000000000000e+00 0.000000000000000000e+00 0.000000000000000000e+00 0.000000000000000000e+00
0.000000000000000000e+00 0.000000000000000000e+00 0.000000000000000000e+00 0.000000000000000000e+00 0.000000000000000000e+00
0.000000000000000000e+00 0.000000000000000000e+00 0.000000000000000000e+00 0.000000000000000000e+00 0.000000000000000000e+00
0.000000000000000000e+00 0.000000000000000000e+00 0.000000000000000000e+00 0.000000000000000000e+00 0.000000000000000000e+00
0.000000000000000000e+00 0.000000000000000000e+00 0.000000000000000000e+00 0.000000000000000000e+00 0.000000000000000000e+00
0.000000000000000000e+00 0.000000000000000000e+00 0.000000000000000000e+00 0.000000000000000000e+00 0.000000000000000000e+00
0.000000000000000000e+00 0.000000000000000000e+00 0.000000000000000000e+00 0.000000000000000000e+00 0.000000000000000000e+00
0.000000000000000000e+00 0.000000000000000000e+00 0.000000000000000000e+00 0.000000000000000000e+00 0.000000000000000000e+00
0.000000000000000000e+00 0.000000000000000000e+00 0.000000000000000000e+00 0.000000000000000000e+00 0.000000000000000000e+00
0.000000000000000000e+00 0.000000000000000000e+00 0.000000000000000000e+00 0.000000000000000000e+00 0.000000000000000000e+00
0.000000000000000000e+00 0.000000000000000000e+00 0.000000000000000000e+00 0.000000000000000000e+00 0.000000000000000000e+00
0.000000000000000000e+00 0.000000000000000000e+00 0.000000000000000000e+00 0.000000000000000000e+00 0.000000000000000000e+00
0.000000000000000000e+00 0.000000000000000000e+00 0.000000000000000000e+00 0.000000000000000000e+00 0.000000000000000000e+00
0.000000000000000000e+00 0.000000000000000000e+00 0.000000000000000000e+00 0.000000000000000000e+00 0.000000000000000000e+00
0.000000000000000000e+00 0.000000000000000000e+00 0.000000000000000000e+00 0.000000000000000000e+00 0.000000000000000000e+00
0.000000000000000000e+00 0.000000000000000000e+00 0.000000000000000000e+00 0.000000000000000000e+00 0.000000000000000000e+00
0.000000000000000000e+00 0.000000000000000000e+00 0.000000000000000000e+00 0.000000000000000000e+00 0.000000000000000000e+00
0.000000000000000000e+00 0.000000000000000000e+00 0.000000000000000000e+00 0.000000000000000000e+00 0.000000000000000000e+00
0.000000000000000000e+00 0.000000000000000000e+00 0.000000000000000000e+00 0.000000000000000000e+00 0.000000000000000000e+00
0.000000000000000000e+00 0.000000000000000000e+00 0.000000000000000000e+00 0.000000000000000000e+00 0.000000000000000000e+00
0.000000000000000000e+00 0.000000000000000000e+00 0.000000000000000000e+00 0.000000000000000000e+00 0.000000000000000000e+00
0.000000000000000000e+00 0.000000000000000000e+00 0.000000000000000000e+00 0.000000000000000000e+00 0.000000000000000000e+00
0.000000000000000000e+00 0.000000000000000000e+00 0.000000000000000000e+00 0.000000000000000000e+00 0.000000000000000000e+00
0.000000000000000000e+00 0.000000000000000000e+00 0.000000000000000000e+00 0.000000000000000000e+00 0.000000000000000000e+00
0.000000000000000000e+00 0.000000000000000000e+00 0.000000000000000000e+00 0.000000000000000000e+00 0.000000000000000000e+00
0.000000000000000000e+00 0.000000000000000000e+00 0.000000000000000000e+00 0.000000000000000000e+00 0.000000000000000000e+00
0.000000000000000000e+00 0.000000000000000000e+00 0.000000000000000000e+00 0.000000000000000000e+00 0.000000000000000000e+00
0.000000000000000000e+00 0.000000000000000000e+00 0.000000000000000000e+00 0.000000000000000000e+00 0.000000000000000000e+00
0.000000000000000000e+00 0.000000000000000000e+00 0.000000000000000000e+00 0.000000000000000000e+00 0.000000000000000000e+00
0.000000000000000000e+00 0.000000000000000000e+00 0.000000000000000000e+00 0.000000000000000000e+00 0.000000000000000000e+00
0.000000000000000000e+00 0.000000000000000000e+00 0.000000000000000000e+00 0.000000000000000000e+00 0.000000000000000000e+00
0.000000000000000000e+00 0.000000000000000000e+00 0.000000000000000000e+00 0.000000000000000000e+00 0.000000000000000000e+00
