0.000000000000000000e+00 0.000000000000000000e+00 1.000000000000000000e+00 0.000000000000000000e+00 0.000000000000000000e+00
-8.533892631530761719e-01 1.108061313629150391e+00 1.000000000000000000e+00 0.000000000000000000e+00 0.000000000000000000e+00
7.307301759719848633e-01 -2.438650876283645630e-01 1.000000000000000000e+00 0.000000000000000000e+00 0.000000000000000000e+00
2.544682025909423828e-01 3.143539652228355408e-02 1.000000000000000000e+00 0.000000000000000000e+00 0.000000000000000000e+00
-7.675454616546630859e-01 7.915019392967224121e-01 1.000000000000000000e+00 0.000000000000000000e+00 0.000000000000000000e+00
-4.576815366744995117e-01 3.010644018650054932e-01 1.000000000000000000e+00 0.000000000000000000e+00 0.000000000000000000e+00
-3.506634533405303955e-01 1.071890443563461304e-01 1.000000000000000000e+00 0.000000000000000000e+00 0.000000000000000000e+00
1.738391518592834473e-01 6.657607555389404297e-01 1.000000000000000000e+00 0.000000000000000000e+00 0.000000000000000000e+00
-5.587616935372352600e-02 4.424954950809478760e-01 0.000000000000000000e+00 1.000000000000000000e+00 0.000000000000000000e+00
4.574905335903167725e-01 -1.189742565155029297e+00 1.000000000000000000e+00 0.000000000000000000e+00 0.000000000000000000e+00
8.663671016693115234e-01 -2.021848112344741821e-01 1.000000000000000000e+00 0.000000000000000000e+00 0.000000000000000000e+00
3.165298104286193848e-01 4.568444937467575073e-02 1.000000000000000000e+00 0.000000000000000000e+00 0.000000000000000000e+00
-2.258445918560028076e-01 9.119861721992492676e-01 1.000000000000000000e+00 0.000000000000000000e+00 0.000000000000000000e+00
-1.413985788822174072e-01 2.577906250953674316e-01 1.000000000000000000e+00 0.000000000000000000e+00 0.000000000000000000e+00
-1.957219243049621582e-01 1.579846739768981934e-01 0.000000000000000000e+00 1.000000000000000000e+00 0.000000000000000000e+00
-4.256485998630523682e-01 -5.439348220825195312e-01 1.000000000000000000e+00 0.000000000000000000e+00 0.000000000000000000e+00
4.218803048133850098e-01 -1.616001725196838379e-01 1.000000000000000000e+00 0.000000000000000000e+00 0.000000000000000000e+00
1.961374878883361816e-01 -2.000073790550231934e-01 0.000000000000000000e+00 1.000000000000000000e+00 0.000000000000000000e+00
-2.945558428764343262e-01 -2.459053695201873779e-02 1.000000000000000000e+00 0.000000000000000000e+00 0.000000000000000000e+00
-1.247359588742256165e-01 1.137131154537200928e-01 1.000000000000000000e+00 0.000000000000000000e+00 0.000000000000000000e+00
-8.439049869775772095e-02 4.989742040634155273e-01 1.000000000000000000e+00 0.000000000000000000e+00 0.000000000000000000e+00
3.533769845962524414e-01 -2.053175866603851318e-02 1.000000000000000000e+00 0.000000000000000000e+00 0.000000000000000000e+00
3.319728001952171326e-02 5.241363495588302612e-02 0.000000000000000000e+00 1.000000000000000000e+00 0.000000000000000000e+00
-8.347533941268920898e-01 8.499275445938110352e-01 1.000000000000000000e+00 0.000000000000000000e+00 0.000000000000000000e+00
8.549165725708007812e-01 -3.102197051048278809e-01 1.000000000000000000e+00 0.000000000000000000e+00 0.000000000000000000e+00
5.990182161331176758e-01 -3.808032572269439697e-01 0.000000000000000000e+00 1.000000000000000000e+00 0.000000000000000000e+00
1.337837815284729004e+00 -2.456911087036132812e+00 1.000000000000000000e+00 0.000000000000000000e+00 0.000000000000000000e+00
-8.163455724716186523e-01 1.028159618377685547e+00 1.000000000000000000e+00 0.000000000000000000e+00 0.000000000000000000e+00
-7.212696224451065063e-02 2.384081780910491943e-01 1.000000000000000000e+00 0.000000000000000000e+00 0.000000000000000000e+00
4.918398559093475342e-01 9.074402600526809692e-02 1.000000000000000000e+00 0.000000000000000000e+00 0.000000000000000000e+00
7.789986729621887207e-01 -1.798702329397201538e-01 1.000000000000000000e+00 0.000000000000000000e+00 0.000000000000000000e+00
2.861987948417663574e-01 -1.662979274988174438e-01 1.000000000000000000e+00 0.000000000000000000e+00 0.000000000000000000e+00
2.926545031368732452e-02 -1.279576718807220459e-01 0.000000000000000000e+00 1.000000000000000000e+00 0.000000000000000000e+00
-6.278614997863769531e-01 -2.206634581089019775e-01 1.000000000000000000e+00 0.000000000000000000e+00 0.000000000000000000e+00
-1.286337673664093018e-01 1.591848134994506836e+00 1.000000000000000000e+00 0.000000000000000000e+00 0.000000000000000000e+00
-8.725215494632720947e-02 3.867878317832946777e-01 1.000000000000000000e+00 0.000000000000000000e+00 0.000000000000000000e+00
-1.089504510164260864e-01 1.690645217895507812e-01 0.000000000000000000e+00 1.000000000000000000e+00 0.000000000000000000e+00
-7.399800419807434082e-02 -8.858617544174194336e-01 1.000000000000000000e+00 0.000000000000000000e+00 0.000000000000000000e+00
-8.350617885589599609e-01 6.860567331314086914e-01 1.000000000000000000e+00 0.000000000000000000e+00 0.000000000000000000e+00
-2.781818807125091553e-01 3.860894739627838135e-01 0.000000000000000000e+00 1.000000000000000000e+00 0.000000000000000000e+00
1.537030458450317383e+00 -7.006796598434448242e-01 1.000000000000000000e+00 0.000000000000000000e+00 0.000000000000000000e+00
5.620979070663452148e-01 5.040988922119140625e-01 1.000000000000000000e+00 0.000000000000000000e+00 0.000000000000000000e+00
3.777010440826416016e-01 1.642286330461502075e-01 0.000000000000000000e+00 1.000000000000000000e+00 0.000000000000000000e+00
-1.995762348175048828e+00 -2.651588439941406250e+00 0.000000000000000000e+00 0.000000000000000000e+00 1.000000000000000000e+00
-3.350126743316650391e-01 1.261287927627563477e+00 0.000000000000000000e+00 0.000000000000000000e+00 1.000000000000000000e+00
-1.342583417892456055e+00 -4.896897077560424805e-02 0.000000000000000000e+00 0.000000000000000000e+00 1.000000000000000000e+00
-9.612579345703125000e-01 -2.102071642875671387e-01 0.000000000000000000e+00 0.000000000000000000e+00 1.000000000000000000e+00
-9.840636253356933594e-01 -1.727341413497924805e-01 0.000000000000000000e+00 0.000000000000000000e+00 1.000000000000000000e+00
-9.476182460784912109e-01 -1.893917322158813477e-01 0.000000000000000000e+00 0.000000000000000000e+00 1.000000000000000000e+00
-9.262201786041259766e-01 -2.076627016067504883e-01 0.000000000000000000e+00 0.000000000000000000e+00 1.000000000000000000e+00
-9.070515632629394531e-01 -2.148287296295166016e-01 0.000000000000000000e+00 0.000000000000000000e+00 1.000000000000000000e+00
-9.021738767623901367e-01 -2.129768133163452148e-01 0.000000000000000000e+00 0.000000000000000000e+00 1.000000000000000000e+00
-8.915117979049682617e-01 -2.190503478050231934e-01 0.000000000000000000e+00 0.000000000000000000e+00 1.000000000000000000e+00
-8.604978322982788086e-01 -2.384468317031860352e-01 0.000000000000000000e+00 0.000000000000000000e+00 1.000000000000000000e+00
-8.395748138427734375e-01 -2.450506091117858887e-01 0.000000000000000000e+00 0.000000000000000000e+00 1.000000000000000000e+00
-8.286546468734741211e-01 -2.438151240348815918e-01 0.000000000000000000e+00 0.000000000000000000e+00 1.000000000000000000e+00
-8.185807466506958008e-01 -2.387574911117553711e-01 0.000000000000000000e+00 0.000000000000000000e+00 1.000000000000000000e+00
-8.103077411651611328e-01 -2.377066016197204590e-01 0.000000000000000000e+00 0.000000000000000000e+00 1.000000000000000000e+00
-8.036375045776367188e-01 -2.428864836692810059e-01 0.000000000000000000e+00 0.000000000000000000e+00 1.000000000000000000e+00
-7.906469106674194336e-01 -2.497199177742004395e-01 0.000000000000000000e+00 0.000000000000000000e+00 1.000000000000000000e+00
-7.720363140106201172e-01 -2.588552832603454590e-01 0.000000000000000000e+00 0.000000000000000000e+00 1.000000000000000000e+00
-7.600276470184326172e-01 -2.617117166519165039e-01 0.000000000000000000e+00 0.000000000000000000e+00 1.000000000000000000e+00
-7.526942491531372070e-01 -2.588966488838195801e-01 0.000000000000000000e+00 0.000000000000000000e+00 1.000000000000000000e+00
-7.469533681869506836e-01 -2.559160590171813965e-01 0.000000000000000000e+00 0.000000000000000000e+00 1.000000000000000000e+00
-7.423602342605590820e-01 -2.543204426765441895e-01 0.000000000000000000e+00 0.000000000000000000e+00 1.000000000000000000e+00
-7.399127483367919922e-01 -2.547188401222229004e-01 0.000000000000000000e+00 0.000000000000000000e+00 1.000000000000000000e+00
-7.342877388000488281e-01 -2.598671913146972656e-01 0.000000000000000000e+00 0.000000000000000000e+00 1.000000000000000000e+00
0.000000000000000000e+00 0.000000000000000000e+00 0.000000000000000000e+00 0.000000000000000000e+00 0.000000000000000000e+00
0.000000000000000000e+00 0.000000000000000000e+00 0.000000000000000000e+00 0.000000000000000000e+00 0.000000000000000000e+00
0.000000000000000000e+00 0.000000000000000000e+00 0.000000000000000000e+00 0.000000000000000000e+00 0.000000000000000000e+00
0.000000000000000000e+00 0.000000000000000000e+00 0.000000000000000000e+00 0.000000000000000000e+00 0.000000000000000000e+00
0.000000000000000000e+00 0.000000000000000000e+00 0.000000000000000000e+00 0.000000000000000000e+00 0.000000000000000000e+00
0.000000000000000000e+00 0.000000000000000000e+00 0.000000000000000000e+00 0.000000000000000000e+00 0.000000000000000000e+00
0.000000000000000000e+00 0.000000000000000000e+00 0.000000000000000000e+00 0.000000000000000000e+00 0.000000000000000000e+00
0.000000000000000000e+00 0.000000000000000000e+00 0.000000000000000000e+00 0.000000000000000000e+00 0.000000000000000000e+00
0.000000000000000000e+00 0.000000000000000000e+00 0.000000000000000000e+00 0.000000000000000000e+00 0.000000000000000000e+00
0.000000000000000000e+00 0.000000000000000000e+00 0.000000000000000000e+00 0.000000000000000000e+00 0.000000000000000000e+00
0.000000000000000000e+00 0.000000000000000000e+00 0.000000000000000000e+00 0.000000000000000000e+00 0.000000000000000000e+00
0.000000000000000000e+00 0.000000000000000000e+00 0.000000000000000000e+00 0.000000000000000000e+00 0.000000000000000000e+00
0.000000000000000000e+00 0.000000000000000000e+00 0.000000000000000000e+00 0.000000000000000000e+00 0.000000000000000000e+00
0.000000000000000000e+00 0.000000000000000000e+00 0.000000000000000000e+00 0.000000000000000000e+00 0.000000000000000000e+00
0.000000000000000000e+00 0.000000000000000000e+00 0.000000000000000000e+00 0.000000000000000000e+00 0.000000000000000000e+00
0.000000000000000000e+00 0.000000000000000000e+00 0.000000000000000000e+00 0.000000000000000000e+00 0.000000000000000000e+00
0.000000000000000000e+00 0.000000000000000000e+00 0.000000000000000000e+00 0.000000000000000000e+00 0.000000000000000000e+00
0.000000000000000000e+00 0.000000000000000000e+00 0.000000000000000000e+00 0.000000000000000000e+00 0.000000000000000000e+00
0.000000000000000000e+00 0.000000000000000000e+00 0.000000000000000000e+00 0.000000000000000000e+00 0.000000000000000000e+00
0.000000000000000000e+00 0.000000000000000000e+00 0.000000000000000000e+00 0.000000000000000000e+00 0.000000000000000000e+00
0.000000000000000000e+00 0.000000000000000000e+00 0.000000000000000000e+00 0.000000000000000000e+00 0.000000000000000000e+00
0.000000000000000000e+00 0.000000000000000000e+00 0.000000000000000000e+00 0.000000000000000000e+00 0.000000000000000000e+00
0.000000000000000000e+00 0.000000000000000000e+00 0.000000000000000000e+00 0.000000000000000000e+00 0.000000000000000000e+00
0.000000000000000000e+00 0.000000000000000000e+00 0.000000000000000000e+00 0.000000000000000000e+00 0.000000000000000000e+00
0.000000000000000000e+00 0.000000000000000000e+00 0.000000000000000000e+00 0.000000000000000000e+00 0.000000000000000000e+00
0.000000000000000000e+00 0.000000000000000000e+00 0.000000000000000000e+00 0.000000000000000000e+00 0.000000000000000000e+00
0.000000000000000000e+00 0.000000000000000000e+00 0.000000000000000000e+00 0.000000000000000000e+00 0.000000000000000000e+00
0.000000000000000000e+00 0.000000000000000000e+00 0.000000000000000000e+00 0.000000000000000000e+00 0.000000000000000000e+00
0.000000000000000000e+00 0.000000000000000000e+00 0.000000000000000000e+00 0.000000000000000000e+00 0.000000000000000000e+00
0.000000000000000000e+00 0.000000000000000000e+00 0.000000000000000000e+00 0.000000000000000000e+00 0.000000000000000000e+00
0.000000000000000000e+00 0.000000000000000000e+00 0.000000000000000000e+00 0.000000000000000000e+00 0.000000000000000000e+00
0.000000000000000000e+00 0.000000000000000000e+00 0.000000000000000000e+00 0.000000000000000000e+00 0.000000000000000000e+00
0.000000000000000000e+00 0.000000000000000000e+00 0.000000000000000000e+00 0.000000000000000000e+00 0.000000000000000000e+00
0.000000000000000000e+00 0.000000000000000000e+00 0.000000000000000000e+00 0.000000000000000000e+00 0.000000000000000000e+00
0.000000000000000000e+00 0.000000000000000000e+00 0.000000000000000000e+00 0.000000000000000000e+00 0.000000000000000000e+00
0.000000000000000000e+00 0.000000000000000000e+00 0.000000000000000000e+00 0.000000000000000000e+00 0.000000000000000000e+00
0.000000000000000000e+00 0.000000000000000000e+00 0.000000000000000000e+00 0.000000000000000000e+00 0.000000000000000000e+00
0.000000000000000000e+00 0.000000000000000000e+00 0.000000000000000000e+00 0.000000000000000000e+00 0.000000000000000000e+00
0.000000000000000000e+00 0.000000000000000000e+00 0.000000000000000000e+00 0.000000000000000000e+00 0.000000000000000000e+00
0.000000000000000000e+00 0.000000000000000000e+00 0.000000000000000000e+00 0.000000000000000000e+00 0.000000000000000000e+00
0.000000000000000000e+00 0.000000000000000000e+00 0.000000000000000000e+00 0.000000000000000000e+00 0.000000000000000000e+00
0.000000000000000000e+00 0.000000000000000000e+00 0.000000000000000000e+00 0.000000000000000000e+00 0.000000000000000000e+00
0.000000000000000000e+00 0.000000000000000000e+00 0.000000000000000000e+00 0.000000000000000000e+00 0.000000000000000000e+00
0.000000000000000000e+00 0.000000000000000000e+00 0.000000000000000000e+00 0.000000000000000000e+00 0.000000000000000000e+00
0.000000000000000000e+00 0.000000000000000000e+00 0.000000000000000000e+00 0.000000000000000000e+00 0.000000000000000000e+00
0.000000000000000000e+00 0.000000000000000000e+00 0.000000000000000000e+00 0.000000000000000000e+00 0.000000000000000000e+00
0.000000000000000000e+00 0.000000000000000000e+00 0.000000000000000000e+00 0.000000000000000000e+00 0.000000000000000000e+00
0.000000000000000000e+00 0.000000000000000000e+00 0.000000000000000000e+00 0.000000000000000000e+00 0.000000000000000000e+00
0.000000000000000000e+00 0.000000000000000000e+00 0.000000000000000000e+00 0.000000000000000000e+00 0.000000000000000000e+00
0.000000000000000000e+00 0.000000000000000000e+00 0.000000000000000000e+00 0.000000000000000000e+00 0.000000000000000000e+00
0.000000000000000000e+00 0.000000000000000000e+00 0.000000000000000000e+00 0.000000000000000000e+00 0.000000000000000000e+00
0.000000000000000000e+00 0.000000000000000000e+00 0.000000000000000000e+00 0.000000000000000000e+00 0.000000000000000000e+00
0.000000000000000000e+00 0.000000000000000000e+00 0.000000000000000000e+00 0.000000000000000000e+00 0.000000000000000000e+00
0.000000000000000000e+00 0.000000000000000000e+00 0.000000000000000000e+00 0.000000000000000000e+00 0.000000000000000000e+00
