0.000000000000000000e+00 0.000000000000000000e+00 1.000000000000000000e+00 0.000000000000000000e+00 0.000000000000000000e+00
1.760024279356002808e-01 8.235496282577514648e-02 1.000000000000000000e+00 0.000000000000000000e+00 0.000000000000000000e+00
3.158974647521972656e-02 1.386177241802215576e-01 0.000000000000000000e+00 1.000000000000000000e+00 0.000000000000000000e+00
-1.709936857223510742e+00 7.848852276802062988e-01 1.000000000000000000e+00 0.000000000000000000e+00 0.000000000000000000e+00
-1.163029447197914124e-01 9.018597602844238281e-01 1.000000000000000000e+00 0.000000000000000000e+00 0.000000000000000000e+00
-1.153801307082176208e-01 2.761434316635131836e-01 0.000000000000000000e+00 1.000000000000000000e+00 0.000000000000000000e+00
8.091474771499633789e-01 -1.127650499343872070e+00 1.000000000000000000e+00 0.000000000000000000e+00 0.000000000000000000e+00
1.471664190292358398e+00 -2.247535586357116699e-01 1.000000000000000000e+00 0.000000000000000000e+00 0.000000000000000000e+00
9.883130788803100586e-01 7.679801434278488159e-02 1.000000000000000000e+00 0.000000000000000000e+00 0.000000000000000000e+00
-7.519105076789855957e-01 5.886852741241455078e-01 1.000000000000000000e+00 0.000000000000000000e+00 0.000000000000000000e+00
-6.225455403327941895e-01 2.668171823024749756e-01 0.000000000000000000e+00 1.000000000000000000e+00 0.000000000000000000e+00
-7.357447743415832520e-01 -9.782927483320236206e-02 1.000000000000000000e+00 0.000000000000000000e+00 0.000000000000000000e+00
-8.108117580413818359e-01 9.948011636734008789e-01 1.000000000000000000e+00 0.000000000000000000e+00 0.000000000000000000e+00
-3.393869698047637939e-01 2.499374747276306152e-01 0.000000000000000000e+00 1.000000000000000000e+00 0.000000000000000000e+00
1.955140113830566406e+00 -1.012183785438537598e+00 1.000000000000000000e+00 0.000000000000000000e+00 0.000000000000000000e+00
3.456814289093017578e-01 7.311552017927169800e-02 1.000000000000000000e+00 0.000000000000000000e+00 0.000000000000000000e+00
1.976651847362518311e-01 1.725356280803680420e-01 1.000000000000000000e+00 0.000000000000000000e+00 0.000000000000000000e+00
8.333541452884674072e-03 1.277487576007843018e-01 0.000000000000000000e+00 1.000000000000000000e+00 0.000000000000000000e+00
-1.440433382987976074e+00 3.149597048759460449e-01 1.000000000000000000e+00 0.000000000000000000e+00 0.000000000000000000e+00
-1.603964716196060181e-02 1.205034255981445312e+00 1.000000000000000000e+00 0.000000000000000000e+00 0.000000000000000000e+00
-9.074193239212036133e-02 4.520661830902099609e-01 1.000000000000000000e+00 0.000000000000000000e+00 0.000000000000000000e+00
-1.626974195241928101e-01 3.791669011116027832e-01 1.000000000000000000e+00 0.000000000000000000e+00 0.000000000000000000e+00
-2.219669222831726074e-01 2.424923330545425415e-01 1.000000000000000000e+00 0.000000000000000000e+00 0.000000000000000000e+00
-2.700392603874206543e-01 1.185322403907775879e-01 0.000000000000000000e+00 1.000000000000000000e+00 0.000000000000000000e+00
-1.800180226564407349e-01 -1.433339476585388184e+00 1.000000000000000000e+00 0.000000000000000000e+00 0.000000000000000000e+00
4.501446485519409180e-01 -7.434213161468505859e-02 1.000000000000000000e+00 0.000000000000000000e+00 0.000000000000000000e+00
6.471198797225952148e-02 5.776835978031158447e-02 0.000000000000000000e+00 1.000000000000000000e+00 0.000000000000000000e+00
-4.311170876026153564e-01 5.787419676780700684e-01 1.000000000000000000e+00 0.000000000000000000e+00 0.000000000000000000e+00
6.526837944984436035e-01 -3.078810870647430420e-01 1.000000000000000000e+00 0.000000000000000000e+00 0.000000000000000000e+00
2.973608374595642090e-01 -2.621883749961853027e-01 0.000000000000000000e+00 1.000000000000000000e+00 0.000000000000000000e+00
8.054195642471313477e-01 -8.090683221817016602e-01 1.000000000000000000e+00 0.000000000000000000e+00 0.000000000000000000e+00
-1.682370901107788086e-03 1.153205037117004395e+00 1.000000000000000000e+00 0.000000000000000000e+00 0.000000000000000000e+00
1.116367131471633911e-01 3.556657731533050537e-01 1.000000000000000000e+00 0.000000000000000000e+00 0.000000000000000000e+00
2.059532403945922852e-01 2.147640585899353027e-01 1.000000000000000000e+00 0.000000000000000000e+00 0.000000000000000000e+00
4.014081656932830811e-01 1.418176144361495972e-01 1.000000000000000000e+00 0.000000000000000000e+00 0.000000000000000000e+00
4.478476941585540771e-01 -6.058672070503234863e-02 1.000000000000000000e+00 0.000000000000000000e+00 0.000000000000000000e+00
1.326475292444229126e-01 -1.359598785638809204e-01 1.000000000000000000e+00 0.000000000000000000e+00 0.000000000000000000e+00
4.586047492921352386e-03 -2.137766480445861816e-01 0.000000000000000000e+00 1.000000000000000000e+00 0.000000000000000000e+00
-1.339214444160461426e-01 -1.227603912353515625e+00 1.000000000000000000e+00 0.000000000000000000e+00 0.000000000000000000e+00
-7.993915081024169922e-01 6.097248792648315430e-01 1.000000000000000000e+00 0.000000000000000000e+00 0.000000000000000000e+00
7.516546249389648438e-01 1.225503236055374146e-01 1.000000000000000000e+00 0.000000000000000000e+00 0.000000000000000000e+00
3.771581947803497314e-01 -3.150157630443572998e-02 0.000000000000000000e+00 1.000000000000000000e+00 0.000000000000000000e+00
-2.012360334396362305e+00 -1.403993129730224609e+00 0.000000000000000000e+00 0.000000000000000000e+00 1.000000000000000000e+00
-2.758696675300598145e-01 1.234509468078613281e+00 0.000000000000000000e+00 0.000000000000000000e+00 1.000000000000000000e+00
-1.425096988677978516e+00 -5.436745285987854004e-01 0.000000000000000000e+00 0.000000000000000000e+00 1.000000000000000000e+00
-9.249924421310424805e-01 -1.133335232734680176e-01 0.000000000000000000e+00 0.000000000000000000e+00 1.000000000000000000e+00
-1.057518720626831055e+00 -4.535551667213439941e-01 0.000000000000000000e+00 0.000000000000000000e+00 1.000000000000000000e+00
-9.464634656906127930e-01 -2.935842275619506836e-01 0.000000000000000000e+00 0.000000000000000000e+00 1.000000000000000000e+00
-9.645814895629882812e-01 -3.361894488334655762e-01 0.000000000000000000e+00 0.000000000000000000e+00 1.000000000000000000e+00
-9.342577457427978516e-01 -2.844566702842712402e-01 0.000000000000000000e+00 0.000000000000000000e+00 1.000000000000000000e+00
-9.307935237884521484e-01 -2.660611271858215332e-01 0.000000000000000000e+00 0.000000000000000000e+00 1.000000000000000000e+00
-9.123874902725219727e-01 -2.672033905982971191e-01 0.000000000000000000e+00 0.000000000000000000e+00 1.000000000000000000e+00
-8.977700471878051758e-01 -2.970670461654663086e-01 0.000000000000000000e+00 0.000000000000000000e+00 1.000000000000000000e+00
-8.856185674667358398e-01 -3.044990301132202148e-01 0.000000000000000000e+00 0.000000000000000000e+00 1.000000000000000000e+00
-8.781075477600097656e-01 -3.049759864807128906e-01 0.000000000000000000e+00 0.000000000000000000e+00 1.000000000000000000e+00
-8.738205432891845703e-01 -2.972971200942993164e-01 0.000000000000000000e+00 0.000000000000000000e+00 1.000000000000000000e+00
-8.722867965698242188e-01 -2.913693785667419434e-01 0.000000000000000000e+00 0.000000000000000000e+00 1.000000000000000000e+00
-8.686830997467041016e-01 -2.820705771446228027e-01 0.000000000000000000e+00 0.000000000000000000e+00 1.000000000000000000e+00
-8.643976449966430664e-01 -2.737556099891662598e-01 0.000000000000000000e+00 0.000000000000000000e+00 1.000000000000000000e+00
-8.591514825820922852e-01 -2.710010409355163574e-01 0.000000000000000000e+00 0.000000000000000000e+00 1.000000000000000000e+00
-8.550068140029907227e-01 -2.703019380569458008e-01 0.000000000000000000e+00 0.000000000000000000e+00 1.000000000000000000e+00
-8.501522541046142578e-01 -2.690420150756835938e-01 0.000000000000000000e+00 0.000000000000000000e+00 1.000000000000000000e+00
-8.455927371978759766e-01 -2.658655047416687012e-01 0.000000000000000000e+00 0.000000000000000000e+00 1.000000000000000000e+00
-8.415001630783081055e-01 -2.625882029533386230e-01 0.000000000000000000e+00 0.000000000000000000e+00 1.000000000000000000e+00
-8.381874561309814453e-01 -2.608045339584350586e-01 0.000000000000000000e+00 0.000000000000000000e+00 1.000000000000000000e+00
-8.365045785903930664e-01 -2.590191364288330078e-01 0.000000000000000000e+00 0.000000000000000000e+00 1.000000000000000000e+00
-8.352229595184326172e-01 -2.588732242584228516e-01 0.000000000000000000e+00 0.000000000000000000e+00 1.000000000000000000e+00
-8.281677961349487305e-01 -2.643235325813293457e-01 0.000000000000000000e+00 0.000000000000000000e+00 1.000000000000000000e+00
0.000000000000000000e+00 0.000000000000000000e+00 0.000000000000000000e+00 0.000000000000000000e+00 0.000000000000000000e+00
0.000000000000000000e+00 0.000000000000000000e+00 0.000000000000000000e+00 0.000000000000000000e+00 0.000000000000000000e+00
0.000000000000000000e+00 0.000000000000000000e+00 0.000000000000000000e+00 0.000000000000000000e+00 0.000000000000000000e+00
0.000000000000000000e+00 0.000000000000000000e+00 0.000000000000000000e+00 0.000000000000000000e+00 0.000000000000000000e+00
0.000000000000000000e+00 0.000000000000000000e+00 0.000000000000000000e+00 0.000000000000000000e+00 0.000000000000000000e+00
0.000000000000000000e+00 0.000000000000000000e+00 0.000000000000000000e+00 0.000000000000000000e+00 0.000000000000000000e+00
0.000000000000000000e+00 0.000000000000000000e+00 0.000000000000000000e+00 0.000000000000000000e+00 0.000000000000000000e+00
0.000000000000000000e+00 0.000000000000000000e+00 0.000000000000000000e+00 0.000000000000000000e+00 0.000000000000000000e+00
0.000000000000000000e+00 0.000000000000000000e+00 0.000000000000000000e+00 0.000000000000000000e+00 0.000000000000000000e+00
0.000000000000000000e+00 0.000000000000000000e+00 0.000000000000000000e+00 0.000000000000000000e+00 0.000000000000000000e+00
0.000000000000000000e+00 0.000000000000000000e+00 0.000000000000000000e+00 0.000000000000000000e+00 0.000000000000000000e+00
0.000000000000000000e+00 0.000000000000000000e+00 0.000000000000000000e+00 0.000000000000000000e+00 0.000000000000000000e+00
0.000000000000000000e+00 0.000000000000000000e+00 0.000000000000000000e+00 0.000000000000000000e+00 0.000000000000000000e+00
0.000000000000000000e+00 0.000000000000000000e+00 0.000000000000000000e+00 0.000000000000000000e+00 0.000000000000000000e+00
0.000000000000000000e+00 0.000000000000000000e+00 0.000000000000000000e+00 0.000000000000000000e+00 0.000000000000000000e+00
0.000000000000000000e+00 0.000000000000000000e+00 0.000000000000000000e+00 0.000000000000000000e+00 0.000000000000000000e+00
0.000000000000000000e+00 0.000000000000000000e+00 0.000000000000000000e+00 0.000000000000000000e+00 0.000000000000000000e+00
0.000000000000000000e+00 0.000000000000000000e+00 0.000000000000000000e+00 0.000000000000000000e+00 0.000000000000000000e+00
0.000000000000000000e+00 0.000000000000000000e+00 0.000000000000000000e+00 0.000000000000000000e+00 0.000000000000000000e+00
0.000000000000000000e+00 0.000000000000000000e+00 0.000000000000000000e+00 0.000000000000000000e+00 0.000000000000000000e+00
0.000000000000000000e+00 0.000000000000000000e+00 0.000000000000000000e+00 0.000000000000000000e+00 0.000000000000000000e+00
0.000000000000000000e+00 0.000000000000000000e+00 0.000000000000000000e+00 0.000000000000000000e+00 0.000000000000000000e+00
0.000000000000000000e+00 0.000000000000000000e+00 0.000000000000000000e+00 0.000000000000000000e+00 0.000000000000000000e+00
0.000000000000000000e+00 0.000000000000000000e+00 0.000000000000000000e+00 0.000000000000000000e+00 0.000000000000000000e+00
0.000000000000000000e+00 0.000000000000000000e+00 0.000000000000000000e+00 0.000000000000000000e+00 0.000000000000000000e+00
0.000000000000000000e+00 0.000000000000000000e+00 0.000000000000000000e+00 0.000000000000000000e+00 0.000000000000000000e+00
0.000000000000000000e+00 0.000000000000000000e+00 0.000000000000000000e+00 0.000000000000000000e+00 0.000000000000000000e+00
0.000000000000000000e+00 0.000000000000000000e+00 0.000000000000000000e+00 0.000000000000000000e+00 0.000000000000000000e+00
0.000000000000000000e+00 0.000000000000000000e+00 0.000000000000000000e+00 0.000000000000000000e+00 0.000000000000000000e+00
0.000000000000000000e+00 0.000000000000000000e+00 0.000000000000000000e+00 0.000000000000000000e+00 0.000000000000000000e+00
0.000000000000000000e+00 0.000000000000000000e+00 0.000000000000000000e+00 0.000000000000000000e+00 0.000000000000000000e+00
0.000000000000000000e+00 0.000000000000000000e+00 0.000000000000000000e+00 0.000000000000000000e+00 0.000000000000000000e+00
0.000000000000000000e+00 0.000000000000000000e+00 0.000000000000000000e+00 0.000000000000000000e+00 0.000000000000000000e+00
0.000000000000000000e+00 0.000000000000000000e+00 0.000000000000000000e+00 0.000000000000000000e+00 0.000000000000000000e+00
0.000000000000000000e+00 0.000000000000000000e+00 0.000000000000000000e+00 0.000000000000000000e+00 0.000000000000000000e+00
0.000000000000000000e+00 0.000000000000000000e+00 0.000000000000000000e+00 0.000000000000000000e+00 0.000000000000000000e+00
0.000000000000000000e+00 0.000000000000000000e+00 0.000000000000000000e+00 0.000000000000000000e+00 0.000000000000000000e+00
0.000000000000000000e+00 0.000000000000000000e+00 0.000000000000000000e+00 0.000000000000000000e+00 0.000000000000000000e+00
0.000000000000000000e+00 0.000000000000000000e+00 0.000000000000000000e+00 0.000000000000000000e+00 0.000000000000000000e+00
0.000000000000000000e+00 0.000000000000000000e+00 0.000000000000000000e+00 0.000000000000000000e+00 0.000000000000000000e+00
0.000000000000000000e+00 0.000000000000000000e+00 0.000000000000000000e+00 0.000000000000000000e+00 0.000000000000000000e+00
0.000000000000000000e+00 0.000000000000000000e+00 0.000000000000000000e+00 0.000000000000000000e+00 0.000000000000000000e+00
0.000000000000000000e+00 0.000000000000000000e+00 0.000000000000000000e+00 0.000000000000000000e+00 0.000000000000000000e+00
0.000000000000000000e+00 0.000000000000000000e+00 0.000000000000000000e+00 0.000000000000000000e+00 0.000000000000000000e+00
0.000000000000000000e+00 0.000000000000000000e+00 0.000000000000000000e+00 0.000000000000000000e+00 0.000000000000000000e+00
0.000000000000000000e+00 0.000000000000000000e+00 0.000000000000000000e+00 0.000000000000000000e+00 0.000000000000000000e+00
0.000000000000000000e+00 0.000000000000000000e+00 0.000000000000000000e+00 0.000000000000000000e+00 0.000000000000000000e+00
0.000000000000000000e+00 0.000000000000000000e+00 0.000000000000000000e+00 0.000000000000000000e+00 0.000000000000000000e+00
0.000000000000000000e+00 0.000000000000000000e+00 0.000000000000000000e+00 0.000000000000000000e+00 0.000000000000000000e+00
0.000000000000000000e+00 0.000000000000000000e+00 0.000000000000000000e+00 0.000000000000000000e+00 0.000000000000000000e+00
0.000000000000000000e+00 0.000000000000000000e+00 0.000000000000000000e+00 0.000000000000000000e+00 0.000000000000000000e+00
0.000000000000000000e+00 0.000000000000000000e+00 0.000000000000000000e+00 0.000000000000000000e+00 0.000000000000000000e+00
0.000000000000000000e+00 0.000000000000000000e+00 0.000000000000000000e+00 0.000000000000000000e+00 0.000000000000000000e+00
