0.000000000000000000e+00 0.000000000000000000e+00 1.000000000000000000e+00 0.000000000000000000e+00 0.000000000000000000e+00
1.621080487966537476e-01 7.282062619924545288e-02 1.000000000000000000e+00 0.000000000000000000e+00 0.000000000000000000e+00
3.218185901641845703e-02 1.129120215773582458e-01 0.000000000000000000e+00 1.000000000000000000e+00 0.000000000000000000e+00
-1.538593053817749023e+00 6.272079348564147949e-01 1.000000000000000000e+00 0.000000000000000000e+00 0.000000000000000000e+00
-8.750962466001510620e-02 6.527083516120910645e-01 1.000000000000000000e+00 0.000000000000000000e+00 0.000000000000000000e+00
-9.059134125709533691e-02 2.078372091054916382e-01 0.000000000000000000e+00 1.000000000000000000e+00 0.000000000000000000e+00
6.753481626510620117e-01 -8.851518630981445312e-01 1.000000000000000000e+00 0.000000000000000000e+00 0.000000000000000000e+00
1.382328510284423828e+00 -1.930674612522125244e-01 1.000000000000000000e+00 0.000000000000000000e+00 0.000000000000000000e+00
8.921743631362915039e-01 7.018766552209854126e-02 1.000000000000000000e+00 0.000000000000000000e+00 0.000000000000000000e+00
-6.500536203384399414e-01 4.458147585391998291e-01 1.000000000000000000e+00 0.000000000000000000e+00 0.000000000000000000e+00
-5.285093188285827637e-01 1.839208006858825684e-01 0.000000000000000000e+00 1.000000000000000000e+00 0.000000000000000000e+00
-7.838687896728515625e-01 -8.101309090852737427e-02 1.000000000000000000e+00 0.000000000000000000e+00 0.000000000000000000e+00
-7.418160438537597656e-01 8.011915683746337891e-01 1.000000000000000000e+00 0.000000000000000000e+00 0.000000000000000000e+00
-2.834047973155975342e-01 1.862092316150665283e-01 0.000000000000000000e+00 1.000000000000000000e+00 0.000000000000000000e+00
1.678241610527038574e+00 -8.099169135093688965e-01 1.000000000000000000e+00 0.000000000000000000e+00 0.000000000000000000e+00
2.803583145141601562e-01 6.708561629056930542e-02 1.000000000000000000e+00 0.000000000000000000e+00 0.000000000000000000e+00
1.567718237638473511e-01 1.554661542177200317e-01 0.000000000000000000e+00 1.000000000000000000e+00 0.000000000000000000e+00
-1.075105428695678711e+00 2.133295387029647827e-01 1.000000000000000000e+00 0.000000000000000000e+00 0.000000000000000000e+00
-9.232540130615234375e-01 7.417250275611877441e-01 1.000000000000000000e+00 0.000000000000000000e+00 0.000000000000000000e+00
-3.949585258960723877e-01 1.939026415348052979e-01 1.000000000000000000e+00 0.000000000000000000e+00 0.000000000000000000e+00
2.680416405200958252e-01 -9.065143764019012451e-02 1.000000000000000000e+00 0.000000000000000000e+00 0.000000000000000000e+00
1.474244743585586548e-01 9.355759620666503906e-02 1.000000000000000000e+00 0.000000000000000000e+00 0.000000000000000000e+00
-1.197073012590408325e-01 7.922835946083068848e-01 1.000000000000000000e+00 0.000000000000000000e+00 0.000000000000000000e+00
-7.790713757276535034e-02 1.498617678880691528e-01 0.000000000000000000e+00 1.000000000000000000e+00 0.000000000000000000e+00
6.360519528388977051e-01 -1.035942554473876953e+00 1.000000000000000000e+00 0.000000000000000000e+00 0.000000000000000000e+00
-4.566325247287750244e-02 6.788871884346008301e-01 1.000000000000000000e+00 0.000000000000000000e+00 0.000000000000000000e+00
4.566424340009689331e-02 9.786280989646911621e-02 1.000000000000000000e+00 0.000000000000000000e+00 0.000000000000000000e+00
6.698099523782730103e-02 -1.599472016096115112e-02 1.000000000000000000e+00 0.000000000000000000e+00 0.000000000000000000e+00
2.318719327449798584e-01 -3.935967683792114258e-01 1.000000000000000000e+00 0.000000000000000000e+00 0.000000000000000000e+00
9.840481728315353394e-02 4.236225783824920654e-01 1.000000000000000000e+00 0.000000000000000000e+00 0.000000000000000000e+00
-3.754973411560058594e-03 -8.219485729932785034e-02 0.000000000000000000e+00 1.000000000000000000e+00 0.000000000000000000e+00
1.869086921215057373e-01 -9.641454219818115234e-01 1.000000000000000000e+00 0.000000000000000000e+00 0.000000000000000000e+00
5.742695331573486328e-01 9.941333532333374023e-01 1.000000000000000000e+00 0.000000000000000000e+00 0.000000000000000000e+00
3.375452160835266113e-01 3.345413804054260254e-01 1.000000000000000000e+00 0.000000000000000000e+00 0.000000000000000000e+00
3.694751858711242676e-01 1.733623892068862915e-01 1.000000000000000000e+00 0.000000000000000000e+00 0.000000000000000000e+00
4.435742199420928955e-01 5.632529035210609436e-02 0.000000000000000000e+00 1.000000000000000000e+00 0.000000000000000000e+00
-1.708902418613433838e-01 -2.416001796722412109e+00 1.000000000000000000e+00 0.000000000000000000e+00 0.000000000000000000e+00
-9.636377096176147461e-01 6.622511148452758789e-01 1.000000000000000000e+00 0.000000000000000000e+00 0.000000000000000000e+00
1.912393271923065186e-01 2.939691245555877686e-01 1.000000000000000000e+00 0.000000000000000000e+00 0.000000000000000000e+00
-9.186325967311859131e-02 8.080766797065734863e-01 1.000000000000000000e+00 0.000000000000000000e+00 0.000000000000000000e+00
-8.231979608535766602e-02 1.972638666629791260e-01 1.000000000000000000e+00 0.000000000000000000e+00 0.000000000000000000e+00
-8.936274796724319458e-02 4.944954812526702881e-02 0.000000000000000000e+00 1.000000000000000000e+00 0.000000000000000000e+00
5.207006931304931641e-01 -1.144014120101928711e+00 1.000000000000000000e+00 0.000000000000000000e+00 0.000000000000000000e+00
-7.823109626770019531e-06 7.789672613143920898e-01 1.000000000000000000e+00 0.000000000000000000e+00 0.000000000000000000e+00
9.627120196819305420e-02 1.888135075569152832e-01 1.000000000000000000e+00 0.000000000000000000e+00 0.000000000000000000e+00
2.254168987274169922e-01 -7.502650022506713867e-01 1.000000000000000000e+00 0.000000000000000000e+00 0.000000000000000000e+00
2.600511312484741211e-01 6.220620870590209961e-01 1.000000000000000000e+00 0.000000000000000000e+00 0.000000000000000000e+00
1.857540458440780640e-01 1.705625355243682861e-01 0.000000000000000000e+00 1.000000000000000000e+00 0.000000000000000000e+00
-2.597060203552246094e-01 -1.292338371276855469e+00 0.000000000000000000e+00 0.000000000000000000e+00 1.000000000000000000e+00
-1.186286211013793945e+00 -8.575075864791870117e-02 0.000000000000000000e+00 0.000000000000000000e+00 1.000000000000000000e+00
-1.008840918540954590e+00 -4.437564015388488770e-01 0.000000000000000000e+00 0.000000000000000000e+00 1.000000000000000000e+00
-9.416396617889404297e-01 -3.659368157386779785e-01 0.000000000000000000e+00 0.000000000000000000e+00 1.000000000000000000e+00
-9.283457994461059570e-01 -4.625249505043029785e-01 0.000000000000000000e+00 0.000000000000000000e+00 1.000000000000000000e+00
-9.021415710449218750e-01 -4.220877289772033691e-01 0.000000000000000000e+00 0.000000000000000000e+00 1.000000000000000000e+00
-9.004911184310913086e-01 -4.378948807716369629e-01 0.000000000000000000e+00 0.000000000000000000e+00 1.000000000000000000e+00
-8.925892114639282227e-01 -4.246947169303894043e-01 0.000000000000000000e+00 0.000000000000000000e+00 1.000000000000000000e+00
-8.920394182205200195e-01 -4.219705462455749512e-01 0.000000000000000000e+00 0.000000000000000000e+00 1.000000000000000000e+00
-8.831942081451416016e-01 -4.254866242408752441e-01 0.000000000000000000e+00 0.000000000000000000e+00 1.000000000000000000e+00
-8.749822378158569336e-01 -4.291227459907531738e-01 0.000000000000000000e+00 0.000000000000000000e+00 1.000000000000000000e+00
-8.697679042816162109e-01 -4.258872866630554199e-01 0.000000000000000000e+00 0.000000000000000000e+00 1.000000000000000000e+00
-8.677029609680175781e-01 -4.104594588279724121e-01 0.000000000000000000e+00 0.000000000000000000e+00 1.000000000000000000e+00
-8.647441864013671875e-01 -3.967967629432678223e-01 0.000000000000000000e+00 0.000000000000000000e+00 1.000000000000000000e+00
-8.602218627929687500e-01 -3.841403126716613770e-01 0.000000000000000000e+00 0.000000000000000000e+00 1.000000000000000000e+00
-8.546497821807861328e-01 -3.725419640541076660e-01 0.000000000000000000e+00 0.000000000000000000e+00 1.000000000000000000e+00
-8.495880365371704102e-01 -3.658500313758850098e-01 0.000000000000000000e+00 0.000000000000000000e+00 1.000000000000000000e+00
-8.477655649185180664e-01 -3.618209958076477051e-01 0.000000000000000000e+00 0.000000000000000000e+00 1.000000000000000000e+00
-8.472261428833007812e-01 -3.585355877876281738e-01 0.000000000000000000e+00 0.000000000000000000e+00 1.000000000000000000e+00
0.000000000000000000e+00 0.000000000000000000e+00 0.000000000000000000e+00 0.000000000000000000e+00 0.000000000000000000e+00
0.000000000000000000e+00 0.000000000000000000e+00 0.000000000000000000e+00 0.000000000000000000e+00 0.000000000000000000e+00
0.000000000000000000e+00 0.000000000000000000e+00 0.000000000000000000e+00 0.000000000000000000e+00 0.000000000000000000e+00
0.000000000000000000e+00 0.000000000000000000e+00 0.000000000000000000e+00 0.000000000000000000e+00 0.000000000000000000e+00
0.000000000000000000e+00 0.000000000000000000e+00 0.000000000000000000e+00 0.000000000000000000e+00 0.000000000000000000e+00
0.000000000000000000e+00 0.000000000000000000e+00 0.000000000000000000e+00 0.000000000000000000e+00 0.000000000000000000e+00
0.000000000000000000e+00 0.000000000000000000e+00 0.000000000000000000e+00 0.000000000000000000e+00 0.000000000000000000e+00
0.000000000000000000e+00 0.000000000000000000e+00 0.000000000000000000e+00 0.000000000000000000e+00 0.000000000000000000e+00
0.000000000000000000e+00 0.000000000000000000e+00 0.000000000000000000e+00 0.000000000000000000e+00 0.000000000000000000e+00
0.000000000000000000e+00 0.000000000000000000e+00 0.000000000000000000e+00 0.000000000000000000e+00 0.000000000000000000e+00
0.000000000000000000e+00 0.000000000000000000e+00 0.000000000000000000e+00 0.000000000000000000e+00 0.000000000000000000e+00
0.000000000000000000e+00 0.000000000000000000e+00 0.000000000000000000e+00 0.000000000000000000e+00 0.000000000000000000e+00
0.000000000000000000e+00 0.000000000000000000e+00 0.000000000000000000e+00 0.000000000000000000e+00 0.000000000000000000e+00
0.000000000000000000e+00 0.000000000000000000e+00 0.000000000000000000e+00 0.000000000000000000e+00 0.000000000000000000e+00
0.000000000000000000e+00 0.000000000000000000e+00 0.000000000000000000e+00 0.000000000000000000e+00 0.000000000000000000e+00
0.000000000000000000e+00 0.000000000000000000e+00 0.000000000000000000e+00 0.000000000000000000e+00 0.000000000000000000e+00
0.000000000000000000e+00 0.000000000000000000e+00 0.000000000000000000e+00 0.000000000000000000e+00 0.000000000000000000e+00
0.000000000000000000e+00 0.000000000000000000e+00 0.000000000000000000e+00 0.000000000000000000e+00 0.000000000000000000e+00
0.000000000000000000e+00 0.000000000000000000e+00 0.000000000000000000e+00 0.000000000000000000e+00 0.000000000000000000e+00
0.000000000000000000e+00 0.000000000000000000e+00 0.000000000000000000e+00 0.000000000000000000e+00 0.000000000000000000e+00
0.000000000000000000e+00 0.000000000000000000e+00 0.000000000000000000e+00 0.000000000000000000e+00 0.000000000000000000e+00
0.000000000000000000e+00 0.000000000000000000e+00 0.000000000000000000e+00 0.000000000000000000e+00 0.000000000000000000e+00
0.000000000000000000e+00 0.000000000000000000e+00 0.000000000000000000e+00 0.000000000000000000e+00 0.000000000000000000e+00
0.000000000000000000e+00 0.000000000000000000e+00 0.000000000000000000e+00 0.000000000000000000e+00 0.000000000000000000e+00
0.000000000000000000e+00 0.000000000000000000e+00 0.000000000000000000e+00 0.000000000000000000e+00 0.000000000000000000e+00
0.000000000000000000e+00 0.000000000000000000e+00 0.000000000000000000e+00 0.000000000000000000e+00 0.000000000000000000e+00
0.000000000000000000e+00 0.000000000000000000e+00 0.000000000000000000e+00 0.000000000000000000e+00 0.000000000000000000e+00
0.000000000000000000e+00 0.000000000000000000e+00 0.000000000000000000e+00 0.000000000000000000e+00 0.000000000000000000e+00
0.000000000000000000e+00 0.000000000000000000e+00 0.000000000000000000e+00 0.000000000000000000e+00 0.000000000000000000e+00
0.000000000000000000e+00 0.000000000000000000e+00 0.000000000000000000e+00 0.000000000000000000e+00 0.000000000000000000e+00
0.000000000000000000e+00 0.000000000000000000e+00 0.000000000000000000e+00 0.000000000000000000e+00 0.000000000000000000e+00
0.000000000000000000e+00 0.000000000000000000e+00 0.000000000000000000e+00 0.000000000000000000e+00 0.000000000000000000e+00
0.000000000000000000e+00 0.000000000000000000e+00 0.000000000000000000e+00 0.000000000000000000e+00 0.000000000000000000e+00
0.000000000000000000e+00 0.000000000000000000e+00 0.000000000000000000e+00 0.000000000000000000e+00 0.000000000000000000e+00
0.000000000000000000e+00 0.000000000000000000e+00 0.000000000000000000e+00 0.000000000000000000e+00 0.000000000000000000e+00
0.000000000000000000e+00 0.000000000000000000e+00 0.000000000000000000e+00 0.000000000000000000e+00 0.000000000000000000e+00
0.000000000000000000e+00 0.000000000000000000e+00 0.000000000000000000e+00 0.000000000000000000e+00 0.000000000000000000e+00
0.000000000000000000e+00 0.000000000000000000e+00 0.000000000000000000e+00 0.000000000000000000e+00 0.000000000000000000e+00
0.000000000000000000e+00 0.000000000000000000e+00 0.000000000000000000e+00 0.000000000000000000e+00 0.000000000000000000e+00
0.000000000000000000e+00 0.000000000000000000e+00 0.000000000000000000e+00 0.000000000000000000e+00 0.000000000000000000e+00
0.000000000000000000e+00 0.000000000000000000e+00 0.000000000000000000e+00 0.000000000000000000e+00 0.000000000000000000e+00
0.000000000000000000e+00 0.000000000000000000e+00 0.000000000000000000e+00 0.000000000000000000e+00 0.000000000000000000e+00
0.000000000000000000e+00 0.000000000000000000e+00 0.000000000000000000e+00 0.000000000000000000e+00 0.000000000000000000e+00
0.000000000000000000e+00 0.000000000000000000e+00 0.000000000000000000e+00 0.000000000000000000e+00 0.000000000000000000e+00
0.000000000000000000e+00 0.000000000000000000e+00 0.000000000000000000e+00 0.000000000000000000e+00 0.000000000000000000e+00
0.000000000000000000e+00 0.000000000000000000e+00 0.000000000000000000e+00 0.000000000000000000e+00 0.000000000000000000e+00
0.000000000000000000e+00 0.000000000000000000e+00 0.000000000000000000e+00 0.000000000000000000e+00 0.000000000000000000e+00
0.000000000000000000e+00 0.000000000000000000e+00 0.000000000000000000e+00 0.000000000000000000e+00 0.000000000000000000e+00
0.000000000000000000e+00 0.000000000000000000e+00 0.000000000000000000e+00 0.000000000000000000e+00 0.000000000000000000e+00
0.000000000000000000e+00 0.000000000000000000e+00 0.000000000000000000e+00 0.000000000000000000e+00 0.000000000000000000e+00
0.000000000000000000e+00 0.000000000000000000e+00 0.000000000000000000e+00 0.000000000000000000e+00 0.000000000000000000e+00
0.000000000000000000e+00 0.000000000000000000e+00 0.000000000000000000e+00 0.000000000000000000e+00 0.000000000000000000e+00
0.000000000000000000e+00 0.000000000000000000e+00 0.000000000000000000e+00 0.000000000000000000e+00 0.000000000000000000e+00
0.000000000000000000e+00 0.000000000000000000e+00 0.000000000000000000e+00 0.000000000000000000e+00 0.000000000000000000e+00
