0.000000000000000000e+00 0.000000000000000000e+00 1.000000000000000000e+00 0.000000000000000000e+00 0.000000000000000000e+00
2.056149840354919434e-01 5.716754123568534851e-02 1.000000000000000000e+00 0.000000000000000000e+00 0.000000000000000000e+00
1.004925929009914398e-02 3.339955806732177734e-01 0.000000000000000000e+00 1.000000000000000000e+00 0.000000000000000000e+00
-1.317352294921875000e+00 8.841251134872436523e-01 1.000000000000000000e+00 0.000000000000000000e+00 0.000000000000000000e+00
1.436389207839965820e+00 -2.905721068382263184e-01 1.000000000000000000e+00 0.000000000000000000e+00 0.000000000000000000e+00
6.819219589233398438e-01 -2.793596386909484863e-01 0.000000000000000000e+00 1.000000000000000000e+00 0.000000000000000000e+00
-1.108651995658874512e+00 6.273564696311950684e-01 1.000000000000000000e+00 0.000000000000000000e+00 0.000000000000000000e+00
-1.709504276514053345e-01 1.672352552413940430e-01 1.000000000000000000e+00 0.000000000000000000e+00 0.000000000000000000e+00
2.532899007201194763e-02 1.481207907199859619e-01 1.000000000000000000e+00 0.000000000000000000e+00 0.000000000000000000e+00
2.640511989593505859e-01 1.204015389084815979e-01 1.000000000000000000e+00 0.000000000000000000e+00 0.000000000000000000e+00
8.734100461006164551e-01 -2.840731739997863770e-01 1.000000000000000000e+00 0.000000000000000000e+00 0.000000000000000000e+00
-1.857438445091247559e+00 1.130056500434875488e+00 1.000000000000000000e+00 0.000000000000000000e+00 0.000000000000000000e+00
-7.036743164062500000e-01 2.376437783241271973e-01 1.000000000000000000e+00 0.000000000000000000e+00 0.000000000000000000e+00
2.067870140075683594e+00 -4.673295021057128906e-01 1.000000000000000000e+00 0.000000000000000000e+00 0.000000000000000000e+00
1.344502091407775879e+00 -1.011506468057632446e-01 0.000000000000000000e+00 1.000000000000000000e+00 0.000000000000000000e+00
-2.561564922332763672e+00 1.070739984512329102e+00 1.000000000000000000e+00 0.000000000000000000e+00 0.000000000000000000e+00
-1.525286734104156494e-01 1.636410057544708252e-01 1.000000000000000000e+00 0.000000000000000000e+00 0.000000000000000000e+00
1.616755127906799316e-02 9.106291532516479492e-01 1.000000000000000000e+00 0.000000000000000000e+00 0.000000000000000000e+00
-1.282216757535934448e-01 2.744323909282684326e-01 0.000000000000000000e+00 1.000000000000000000e+00 0.000000000000000000e+00
7.669543027877807617e-01 -1.336779594421386719e+00 1.000000000000000000e+00 0.000000000000000000e+00 0.000000000000000000e+00
1.316456675529479980e+00 -1.904708743095397949e-01 1.000000000000000000e+00 0.000000000000000000e+00 0.000000000000000000e+00
7.505534887313842773e-01 1.137156039476394653e-01 1.000000000000000000e+00 0.000000000000000000e+00 0.000000000000000000e+00
-3.017791081219911575e-03 3.265155553817749023e-01 1.000000000000000000e+00 0.000000000000000000e+00 0.000000000000000000e+00
-4.476333856582641602e-01 6.005257368087768555e-01 1.000000000000000000e+00 0.000000000000000000e+00 0.000000000000000000e+00
-3.786767125129699707e-01 2.798540890216827393e-01 0.000000000000000000e+00 1.000000000000000000e+00 0.000000000000000000e+00
-8.548735976219177246e-01 -4.984251856803894043e-01 1.000000000000000000e+00 0.000000000000000000e+00 0.000000000000000000e+00
6.086466908454895020e-01 -5.374036729335784912e-02 0.000000000000000000e+00 1.000000000000000000e+00 0.000000000000000000e+00
-5.526571273803710938e-01 5.249346494674682617e-01 1.000000000000000000e+00 0.000000000000000000e+00 0.000000000000000000e+00
6.420367956161499023e-01 -4.341103136539459229e-02 1.000000000000000000e+00 0.000000000000000000e+00 0.000000000000000000e+00
3.208422064781188965e-01 -1.697012633085250854e-01 0.000000000000000000e+00 1.000000000000000000e+00 0.000000000000000000e+00
-2.971299290657043457e-01 -6.201550960540771484e-01 1.000000000000000000e+00 0.000000000000000000e+00 0.000000000000000000e+00
-1.951812505722045898e-01 1.473022937774658203e+00 1.000000000000000000e+00 0.000000000000000000e+00 0.000000000000000000e+00
-1.378023326396942139e-01 3.552663922309875488e-01 0.000000000000000000e+00 1.000000000000000000e+00 0.000000000000000000e+00
-2.967860400676727295e-01 -4.880351722240447998e-01 1.000000000000000000e+00 0.000000000000000000e+00 0.000000000000000000e+00
8.436317443847656250e-01 -3.451550006866455078e-02 1.000000000000000000e+00 0.000000000000000000e+00 0.000000000000000000e+00
1.713286638259887695e-01 1.038067787885665894e-01 0.000000000000000000e+00 1.000000000000000000e+00 0.000000000000000000e+00
-1.868853926658630371e+00 8.721817731857299805e-01 1.000000000000000000e+00 0.000000000000000000e+00 0.000000000000000000e+00
1.868773460388183594e+00 -9.550122171640396118e-02 1.000000000000000000e+00 0.000000000000000000e+00 0.000000000000000000e+00
1.641868829727172852e+00 1.438239067792892456e-01 1.000000000000000000e+00 0.000000000000000000e+00 0.000000000000000000e+00
6.058036088943481445e-01 -5.987972021102905273e-02 0.000000000000000000e+00 1.000000000000000000e+00 0.000000000000000000e+00
-2.881866693496704102e+00 -3.103281497955322266e+00 0.000000000000000000e+00 0.000000000000000000e+00 1.000000000000000000e+00
6.047067046165466309e-01 7.122948169708251953e-01 1.000000000000000000e+00 0.000000000000000000e+00 0.000000000000000000e+00
1.399601697921752930e-01 5.318907499313354492e-01 0.000000000000000000e+00 1.000000000000000000e+00 0.000000000000000000e+00
-1.015441298484802246e+00 -4.655605554580688477e-02 0.000000000000000000e+00 0.000000000000000000e+00 1.000000000000000000e+00
-1.521394729614257812e+00 1.361770629882812500e-01 0.000000000000000000e+00 0.000000000000000000e+00 1.000000000000000000e+00
-1.243583559989929199e+00 -2.016103267669677734e-02 0.000000000000000000e+00 0.000000000000000000e+00 1.000000000000000000e+00
-1.298024773597717285e+00 -4.080572724342346191e-01 0.000000000000000000e+00 0.000000000000000000e+00 1.000000000000000000e+00
-1.185268282890319824e+00 -2.646724581718444824e-01 0.000000000000000000e+00 0.000000000000000000e+00 1.000000000000000000e+00
-1.187067627906799316e+00 -3.298757672309875488e-01 0.000000000000000000e+00 0.000000000000000000e+00 1.000000000000000000e+00
-1.153633832931518555e+00 -2.712190747261047363e-01 0.000000000000000000e+00 0.000000000000000000e+00 1.000000000000000000e+00
-1.144515156745910645e+00 -2.659500837326049805e-01 0.000000000000000000e+00 0.000000000000000000e+00 1.000000000000000000e+00
-1.131795167922973633e+00 -2.046578526496887207e-01 0.000000000000000000e+00 0.000000000000000000e+00 1.000000000000000000e+00
-1.126502394676208496e+00 -1.767984032630920410e-01 0.000000000000000000e+00 0.000000000000000000e+00 1.000000000000000000e+00
-1.109717369079589844e+00 -2.067553997039794922e-01 0.000000000000000000e+00 0.000000000000000000e+00 1.000000000000000000e+00
-1.098453521728515625e+00 -2.019947171211242676e-01 0.000000000000000000e+00 0.000000000000000000e+00 1.000000000000000000e+00
-1.085357904434204102e+00 -2.124467492103576660e-01 0.000000000000000000e+00 0.000000000000000000e+00 1.000000000000000000e+00
-1.072789788246154785e+00 -2.177757620811462402e-01 0.000000000000000000e+00 0.000000000000000000e+00 1.000000000000000000e+00
-1.059093594551086426e+00 -2.214317917823791504e-01 0.000000000000000000e+00 0.000000000000000000e+00 1.000000000000000000e+00
-1.049597978591918945e+00 -2.193540334701538086e-01 0.000000000000000000e+00 0.000000000000000000e+00 1.000000000000000000e+00
-1.038815617561340332e+00 -2.273637056350708008e-01 0.000000000000000000e+00 0.000000000000000000e+00 1.000000000000000000e+00
-1.026651740074157715e+00 -2.401565313339233398e-01 0.000000000000000000e+00 0.000000000000000000e+00 1.000000000000000000e+00
-1.016623020172119141e+00 -2.455365061759948730e-01 0.000000000000000000e+00 0.000000000000000000e+00 1.000000000000000000e+00
-1.008914232254028320e+00 -2.448681592941284180e-01 0.000000000000000000e+00 0.000000000000000000e+00 1.000000000000000000e+00
-1.000972509384155273e+00 -2.446554899215698242e-01 0.000000000000000000e+00 0.000000000000000000e+00 1.000000000000000000e+00
-9.927059412002563477e-01 -2.497254014015197754e-01 0.000000000000000000e+00 0.000000000000000000e+00 1.000000000000000000e+00
-9.865423440933227539e-01 -2.570202946662902832e-01 0.000000000000000000e+00 0.000000000000000000e+00 1.000000000000000000e+00
-9.807385206222534180e-01 -2.672673463821411133e-01 0.000000000000000000e+00 0.000000000000000000e+00 1.000000000000000000e+00
-9.736227989196777344e-01 -2.750431299209594727e-01 0.000000000000000000e+00 0.000000000000000000e+00 1.000000000000000000e+00
-9.658280611038208008e-01 -2.763128876686096191e-01 0.000000000000000000e+00 0.000000000000000000e+00 1.000000000000000000e+00
-9.604555368423461914e-01 -2.696000337600708008e-01 0.000000000000000000e+00 0.000000000000000000e+00 1.000000000000000000e+00
-9.566482305526733398e-01 -2.623560428619384766e-01 0.000000000000000000e+00 0.000000000000000000e+00 1.000000000000000000e+00
-9.545201063156127930e-01 -2.588857412338256836e-01 0.000000000000000000e+00 0.000000000000000000e+00 1.000000000000000000e+00
-9.513843059539794922e-01 -2.611722350120544434e-01 0.000000000000000000e+00 0.000000000000000000e+00 1.000000000000000000e+00
-9.448719024658203125e-01 -2.679378390312194824e-01 0.000000000000000000e+00 0.000000000000000000e+00 1.000000000000000000e+00
-9.365038871765136719e-01 -2.722997069358825684e-01 0.000000000000000000e+00 0.000000000000000000e+00 1.000000000000000000e+00
0.000000000000000000e+00 0.000000000000000000e+00 0.000000000000000000e+00 0.000000000000000000e+00 0.000000000000000000e+00
0.000000000000000000e+00 0.000000000000000000e+00 0.000000000000000000e+00 0.000000000000000000e+00 0.000000000000000000e+00
0.000000000000000000e+00 0.000000000000000000e+00 0.000000000000000000e+00 0.000000000000000000e+00 0.000000000000000000e+00
0.000000000000000000e+00 0.000000000000000000e+00 0.000000000000000000e+00 0.000000000000000000e+00 0.000000000000000000e+00
0.000000000000000000e+00 0.000000000000000000e+00 0.000000000000000000e+00 0.000000000000000000e+00 0.000000000000000000e+00
0.000000000000000000e+00 0.000000000000000000e+00 0.000000000000000000e+00 0.000000000000000000e+00 0.000000000000000000e+00
0.000000000000000000e+00 0.000000000000000000e+00 0.000000000000000000e+00 0.000000000000000000e+00 0.000000000000000000e+00
0.000000000000000000e+00 0.000000000000000000e+00 0.000000000000000000e+00 0.000000000000000000e+00 0.000000000000000000e+00
0.000000000000000000e+00 0.000000000000000000e+00 0.000000000000000000e+00 0.000000000000000000e+00 0.000000000000000000e+00
0.000000000000000000e+00 0.000000000000000000e+00 0.000000000000000000e+00 0.000000000000000000e+00 0.000000000000000000e+00
0.000000000000000000e+00 0.000000000000000000e+00 0.000000000000000000e+00 0.000000000000000000e+00 0.000000000000000000e+00
0.000000000000000000e+00 0.000000000000000000e+00 0.000000000000000000e+00 0.000000000000000000e+00 0.000000000000000000e+00
0.000000000000000000e+00 0.000000000000000000e+00 0.000000000000000000e+00 0.000000000000000000e+00 0.000000000000000000e+00
0.000000000000000000e+00 0.000000000000000000e+00 0.000000000000000000e+00 0.000000000000000000e+00 0.000000000000000000e+00
0.000000000000000000e+00 0.000000000000000000e+00 0.000000000000000000e+00 0.000000000000000000e+00 0.000000000000000000e+00
0.000000000000000000e+00 0.000000000000000000e+00 0.000000000000000000e+00 0.000000000000000000e+00 0.000000000000000000e+00
0.000000000000000000e+00 0.000000000000000000e+00 0.000000000000000000e+00 0.000000000000000000e+00 0.000000000000000000e+00
0.000000000000000000e+00 0.000000000000000000e+00 0.000000000000000000e+00 0.000000000000000000e+00 0.000000000000000000e+00
0.000000000000000000e+00 0.000000000000000000e+00 0.000000000000000000e+00 0.000000000000000000e+00 0.000000000000000000e+00
0.000000000000000000e+00 0.000000000000000000e+00 0.000000000000000000e+00 0.000000000000000000e+00 0.000000000000000000e+00
0.000000000000000000e+00 0.000000000000000000e+00 0.000000000000000000e+00 0.000000000000000000e+00 0.000000000000000000e+00
0.000000000000000000e+00 0.000000000000000000e+00 0.000000000000000000e+00 0.000000000000000000e+00 0.000000000000000000e+00
0.000000000000000000e+00 0.000000000000000000e+00 0.000000000000000000e+00 0.000000000000000000e+00 0.000000000000000000e+00
0.000000000000000000e+00 0.000000000000000000e+00 0.000000000000000000e+00 0.000000000000000000e+00 0.000000000000000000e+00
0.000000000000000000e+00 0.000000000000000000e+00 0.000000000000000000e+00 0.000000000000000000e+00 0.000000000000000000e+00
0.000000000000000000e+00 0.000000000000000000e+00 0.000000000000000000e+00 0.000000000000000000e+00 0.000000000000000000e+00
0.000000000000000000e+00 0.000000000000000000e+00 0.000000000000000000e+00 0.000000000000000000e+00 0.000000000000000000e+00
0.000000000000000000e+00 0.000000000000000000e+00 0.000000000000000000e+00 0.000000000000000000e+00 0.000000000000000000e+00
0.000000000000000000e+00 0.000000000000000000e+00 0.000000000000000000e+00 0.000000000000000000e+00 0.000000000000000000e+00
0.000000000000000000e+00 0.000000000000000000e+00 0.000000000000000000e+00 0.000000000000000000e+00 0.000000000000000000e+00
0.000000000000000000e+00 0.000000000000000000e+00 0.000000000000000000e+00 0.000000000000000000e+00 0.000000000000000000e+00
0.000000000000000000e+00 0.000000000000000000e+00 0.000000000000000000e+00 0.000000000000000000e+00 0.000000000000000000e+00
0.000000000000000000e+00 0.000000000000000000e+00 0.000000000000000000e+00 0.000000000000000000e+00 0.000000000000000000e+00
0.000000000000000000e+00 0.000000000000000000e+00 0.000000000000000000e+00 0.000000000000000000e+00 0.000000000000000000e+00
0.000000000000000000e+00 0.000000000000000000e+00 0.000000000000000000e+00 0.000000000000000000e+00 0.000000000000000000e+00
0.000000000000000000e+00 0.000000000000000000e+00 0.000000000000000000e+00 0.000000000000000000e+00 0.000000000000000000e+00
0.000000000000000000e+00 0.000000000000000000e+00 0.000000000000000000e+00 0.000000000000000000e+00 0.000000000000000000e+00
0.000000000000000000e+00 0.000000000000000000e+00 0.000000000000000000e+00 0.000000000000000000e+00 0.000000000000000000e+00
0.000000000000000000e+00 0.000000000000000000e+00 0.000000000000000000e+00 0.000000000000000000e+00 0.000000000000000000e+00
0.000000000000000000e+00 0.000000000000000000e+00 0.000000000000000000e+00 0.000000000000000000e+00 0.000000000000000000e+00
0.000000000000000000e+00 0.000000000000000000e+00 0.000000000000000000e+00 0.000000000000000000e+00 0.000000000000000000e+00
0.000000000000000000e+00 0.000000000000000000e+00 0.000000000000000000e+00 0.000000000000000000e+00 0.000000000000000000e+00
0.000000000000000000e+00 0.000000000000000000e+00 0.000000000000000000e+00 0.000000000000000000e+00 0.000000000000000000e+00
0.000000000000000000e+00 0.000000000000000000e+00 0.000000000000000000e+00 0.000000000000000000e+00 0.000000000000000000e+00
0.000000000000000000e+00 0.000000000000000000e+00 0.000000000000000000e+00 0.000000000000000000e+00 0.000000000000000000e+00
0.000000000000000000e+00 0.000000000000000000e+00 0.000000000000000000e+00 0.000000000000000000e+00 0.000000000000000000e+00
