0.000000000000000000e+00 0.000000000000000000e+00 1.000000000000000000e+00 0.000000000000000000e+00 0.000000000000000000e+00
-9.671580791473388672e-01 1.430271267890930176e+00 1.000000000000000000e+00 0.000000000000000000e+00 0.000000000000000000e+00
-8.007799386978149414e-01 8.414069414138793945e-01 1.000000000000000000e+00 0.000000000000000000e+00 0.000000000000000000e+00
-4.729954302310943604e-01 3.091961741447448730e-01 0.000000000000000000e+00 1.000000000000000000e+00 0.000000000000000000e+00
1.263827562332153320e+00 -1.079250097274780273e+00 1.000000000000000000e+00 0.000000000000000000e+00 0.000000000000000000e+00
8.832509517669677734e-01 -2.670603990554809570e-01 1.000000000000000000e+00 0.000000000000000000e+00 0.000000000000000000e+00
2.177898436784744263e-01 3.443792089819908142e-02 0.000000000000000000e+00 1.000000000000000000e+00 0.000000000000000000e+00
-6.482810974121093750e-01 5.918959379196166992e-01 1.000000000000000000e+00 0.000000000000000000e+00 0.000000000000000000e+00
5.652827620506286621e-01 -1.392725110054016113e-01 1.000000000000000000e+00 0.000000000000000000e+00 0.000000000000000000e+00
3.089863955974578857e-01 -2.257462292909622192e-01 0.000000000000000000e+00 1.000000000000000000e+00 0.000000000000000000e+00
1.081523895263671875e+00 -1.267824769020080566e+00 1.000000000000000000e+00 0.000000000000000000e+00 0.000000000000000000e+00
-8.155453205108642578e-01 1.116615772247314453e+00 1.000000000000000000e+00 0.000000000000000000e+00 0.000000000000000000e+00
-3.918582201004028320e-01 3.580138981342315674e-01 1.000000000000000000e+00 0.000000000000000000e+00 0.000000000000000000e+00
-1.904367655515670776e-01 4.681566357612609863e-02 0.000000000000000000e+00 1.000000000000000000e+00 0.000000000000000000e+00
8.980290889739990234e-01 -6.748550534248352051e-01 1.000000000000000000e+00 0.000000000000000000e+00 0.000000000000000000e+00
5.585719943046569824e-01 -2.710466273128986359e-02 1.000000000000000000e+00 0.000000000000000000e+00 0.000000000000000000e+00
2.005756050348281860e-01 1.090513989329338074e-01 1.000000000000000000e+00 0.000000000000000000e+00 0.000000000000000000e+00
-1.184540241956710815e-02 1.097361445426940918e-01 0.000000000000000000e+00 1.000000000000000000e+00 0.000000000000000000e+00
-6.877357959747314453e-01 3.791213035583496094e-01 1.000000000000000000e+00 0.000000000000000000e+00 0.000000000000000000e+00
3.463445901870727539e-01 1.646693646907806396e-01 1.000000000000000000e+00 0.000000000000000000e+00 0.000000000000000000e+00
3.316129744052886963e-02 1.136587113142013550e-01 0.000000000000000000e+00 1.000000000000000000e+00 0.000000000000000000e+00
-2.296010255813598633e+00 9.930723309516906738e-01 1.000000000000000000e+00 0.000000000000000000e+00 0.000000000000000000e+00
4.792172461748123169e-02 9.023038744926452637e-01 1.000000000000000000e+00 0.000000000000000000e+00 0.000000000000000000e+00
-6.632177531719207764e-02 2.269093990325927734e-01 0.000000000000000000e+00 1.000000000000000000e+00 0.000000000000000000e+00
5.861824750900268555e-01 -1.292757034301757812e+00 1.000000000000000000e+00 0.000000000000000000e+00 0.000000000000000000e+00
1.183793902397155762e+00 -1.883258670568466187e-01 1.000000000000000000e+00 0.000000000000000000e+00 0.000000000000000000e+00
4.702882170677185059e-01 6.364537030458450317e-02 1.000000000000000000e+00 0.000000000000000000e+00 0.000000000000000000e+00
-2.464699745178222656e-01 9.821853637695312500e-01 1.000000000000000000e+00 0.000000000000000000e+00 0.000000000000000000e+00
-1.582214534282684326e-01 2.711409926414489746e-01 1.000000000000000000e+00 0.000000000000000000e+00 0.000000000000000000e+00
-2.256109565496444702e-01 1.710448563098907471e-01 0.000000000000000000e+00 1.000000000000000000e+00 0.000000000000000000e+00
-6.779620647430419922e-01 -6.582754850387573242e-01 1.000000000000000000e+00 0.000000000000000000e+00 0.000000000000000000e+00
4.774702489376068115e-01 -1.940666139125823975e-02 1.000000000000000000e+00 0.000000000000000000e+00 0.000000000000000000e+00
-5.122103542089462280e-02 7.955529540777206421e-02 0.000000000000000000e+00 1.000000000000000000e+00 0.000000000000000000e+00
-4.421079456806182861e-01 3.845140635967254639e-01 1.000000000000000000e+00 0.000000000000000000e+00 0.000000000000000000e+00
5.708701014518737793e-01 1.000337302684783936e-02 1.000000000000000000e+00 0.000000000000000000e+00 0.000000000000000000e+00
-4.162364453077316284e-02 1.016464382410049438e-01 0.000000000000000000e+00 1.000000000000000000e+00 0.000000000000000000e+00
-1.695869326591491699e+00 9.044145941734313965e-01 1.000000000000000000e+00 0.000000000000000000e+00 0.000000000000000000e+00
1.670672059059143066e+00 -9.296552836894989014e-02 1.000000000000000000e+00 0.000000000000000000e+00 0.000000000000000000e+00
1.402693867683410645e+00 1.283839643001556396e-01 1.000000000000000000e+00 0.000000000000000000e+00 0.000000000000000000e+00
4.947847425937652588e-01 -3.912566602230072021e-02 0.000000000000000000e+00 1.000000000000000000e+00 0.000000000000000000e+00
-2.636950731277465820e+00 -2.571307897567749023e+00 0.000000000000000000e+00 0.000000000000000000e+00 1.000000000000000000e+00
-2.582226991653442383e-01 1.624458789825439453e+00 0.000000000000000000e+00 0.000000000000000000e+00 1.000000000000000000e+00
-1.484720706939697266e+00 -2.698581218719482422e-01 0.000000000000000000e+00 0.000000000000000000e+00 1.000000000000000000e+00
-1.030813455581665039e+00 -3.995636105537414551e-01 0.000000000000000000e+00 0.000000000000000000e+00 1.000000000000000000e+00
-1.117411851882934570e+00 -3.944196105003356934e-01 0.000000000000000000e+00 0.000000000000000000e+00 1.000000000000000000e+00
-1.026957750320434570e+00 -2.948572635650634766e-01 0.000000000000000000e+00 0.000000000000000000e+00 1.000000000000000000e+00
-1.037071347236633301e+00 -2.749727964401245117e-01 0.000000000000000000e+00 0.000000000000000000e+00 1.000000000000000000e+00
-1.028039097785949707e+00 -2.111350297927856445e-01 0.000000000000000000e+00 0.000000000000000000e+00 1.000000000000000000e+00
-1.030961871147155762e+00 -1.907923817634582520e-01 0.000000000000000000e+00 0.000000000000000000e+00 1.000000000000000000e+00
-1.023897290229797363e+00 -1.759378314018249512e-01 0.000000000000000000e+00 0.000000000000000000e+00 1.000000000000000000e+00
-1.016057610511779785e+00 -1.728314757347106934e-01 0.000000000000000000e+00 0.000000000000000000e+00 1.000000000000000000e+00
-1.007958531379699707e+00 -1.709294319152832031e-01 0.000000000000000000e+00 0.000000000000000000e+00 1.000000000000000000e+00
-9.995990991592407227e-01 -1.783959865570068359e-01 0.000000000000000000e+00 0.000000000000000000e+00 1.000000000000000000e+00
-9.919195175170898438e-01 -1.871058940887451172e-01 0.000000000000000000e+00 0.000000000000000000e+00 1.000000000000000000e+00
-9.863952398300170898e-01 -1.967183947563171387e-01 0.000000000000000000e+00 0.000000000000000000e+00 1.000000000000000000e+00
-9.794608354568481445e-01 -2.056928873062133789e-01 0.000000000000000000e+00 0.000000000000000000e+00 1.000000000000000000e+00
-9.706238508224487305e-01 -2.093124389648437500e-01 0.000000000000000000e+00 0.000000000000000000e+00 1.000000000000000000e+00
-9.621056318283081055e-01 -2.092862129211425781e-01 0.000000000000000000e+00 0.000000000000000000e+00 1.000000000000000000e+00
-9.540424346923828125e-01 -2.117123603820800781e-01 0.000000000000000000e+00 0.000000000000000000e+00 1.000000000000000000e+00
-9.473726749420166016e-01 -2.165551781654357910e-01 0.000000000000000000e+00 0.000000000000000000e+00 1.000000000000000000e+00
-9.406083822250366211e-01 -2.232196331024169922e-01 0.000000000000000000e+00 0.000000000000000000e+00 1.000000000000000000e+00
-9.331521987915039062e-01 -2.297192811965942383e-01 0.000000000000000000e+00 0.000000000000000000e+00 1.000000000000000000e+00
-9.255421161651611328e-01 -2.331872582435607910e-01 0.000000000000000000e+00 0.000000000000000000e+00 1.000000000000000000e+00
-9.184671640396118164e-01 -2.326040267944335938e-01 0.000000000000000000e+00 0.000000000000000000e+00 1.000000000000000000e+00
-9.132460355758666992e-01 -2.314800024032592773e-01 0.000000000000000000e+00 0.000000000000000000e+00 1.000000000000000000e+00
-9.088249206542968750e-01 -2.358660101890563965e-01 0.000000000000000000e+00 0.000000000000000000e+00 1.000000000000000000e+00
-9.046176671981811523e-01 -2.426038980484008789e-01 0.000000000000000000e+00 0.000000000000000000e+00 1.000000000000000000e+00
-8.996061086654663086e-01 -2.488696575164794922e-01 0.000000000000000000e+00 0.000000000000000000e+00 1.000000000000000000e+00
-8.951820135116577148e-01 -2.487682104110717773e-01 0.000000000000000000e+00 0.000000000000000000e+00 1.000000000000000000e+00
-8.921993970870971680e-01 -2.429012656211853027e-01 0.000000000000000000e+00 0.000000000000000000e+00 1.000000000000000000e+00
-8.892762660980224609e-01 -2.385401725769042969e-01 0.000000000000000000e+00 0.000000000000000000e+00 1.000000000000000000e+00
-8.858796358108520508e-01 -2.398504614830017090e-01 0.000000000000000000e+00 0.000000000000000000e+00 1.000000000000000000e+00
-8.812029361724853516e-01 -2.461460232734680176e-01 0.000000000000000000e+00 0.000000000000000000e+00 1.000000000000000000e+00
-8.723020553588867188e-01 -2.578722834587097168e-01 0.000000000000000000e+00 0.000000000000000000e+00 1.000000000000000000e+00
-8.602674007415771484e-01 -2.715603113174438477e-01 0.000000000000000000e+00 0.000000000000000000e+00 1.000000000000000000e+00
-8.500732183456420898e-01 -2.769123315811157227e-01 0.000000000000000000e+00 0.000000000000000000e+00 1.000000000000000000e+00
-8.447850942611694336e-01 -2.714946269989013672e-01 0.000000000000000000e+00 0.000000000000000000e+00 1.000000000000000000e+00
-8.443397283554077148e-01 -2.602890133857727051e-01 0.000000000000000000e+00 0.000000000000000000e+00 1.000000000000000000e+00
-8.456581830978393555e-01 -2.512764334678649902e-01 0.000000000000000000e+00 0.000000000000000000e+00 1.000000000000000000e+00
-8.454362154006958008e-01 -2.517921924591064453e-01 0.000000000000000000e+00 0.000000000000000000e+00 1.000000000000000000e+00
-8.426973819732666016e-01 -2.587260603904724121e-01 0.000000000000000000e+00 0.000000000000000000e+00 1.000000000000000000e+00
-8.380279541015625000e-01 -2.675842642784118652e-01 0.000000000000000000e+00 0.000000000000000000e+00 1.000000000000000000e+00
-8.330808877944946289e-01 -2.759310603141784668e-01 0.000000000000000000e+00 0.000000000000000000e+00 1.000000000000000000e+00
-8.277052640914916992e-01 -2.803673148155212402e-01 0.000000000000000000e+00 0.000000000000000000e+00 1.000000000000000000e+00
-8.244212865829467773e-01 -2.753335237503051758e-01 0.000000000000000000e+00 0.000000000000000000e+00 1.000000000000000000e+00
-8.237042427062988281e-01 -2.646557688713073730e-01 0.000000000000000000e+00 0.000000000000000000e+00 1.000000000000000000e+00
-8.214635848999023438e-01 -2.553812265396118164e-01 0.000000000000000000e+00 0.000000000000000000e+00 1.000000000000000000e+00
-8.180519342422485352e-01 -2.488798499107360840e-01 0.000000000000000000e+00 0.000000000000000000e+00 1.000000000000000000e+00
-8.160248994827270508e-01 -2.459636330604553223e-01 0.000000000000000000e+00 0.000000000000000000e+00 1.000000000000000000e+00
0.000000000000000000e+00 0.000000000000000000e+00 0.000000000000000000e+00 0.000000000000000000e+00 0.000000000000000000e+00
0.000000000000000000e+00 0.000000000000000000e+00 0.000000000000000000e+00 0.000000000000000000e+00 0.000000000000000000e+00
0.000000000000000000e+00 0.000000000000000000e+00 0.000000000000000000e+00 0.000000000000000000e+00 0.000000000000000000e+00
0.000000000000000000e+00 0.000000000000000000e+00 0.000000000000000000e+00 0.000000000000000000e+00 0.000000000000000000e+00
0.000000000000000000e+00 0.000000000000000000e+00 0.000000000000000000e+00 0.000000000000000000e+00 0.000000000000000000e+00
0.000000000000000000e+00 0.000000000000000000e+00 0.000000000000000000e+00 0.000000000000000000e+00 0.000000000000000000e+00
0.000000000000000000e+00 0.000000000000000000e+00 0.000000000000000000e+00 0.000000000000000000e+00 0.000000000000000000e+00
0.000000000000000000e+00 0.000000000000000000e+00 0.000000000000000000e+00 0.000000000000000000e+00 0.000000000000000000e+00
0.000000000000000000e+00 0.000000000000000000e+00 0.000000000000000000e+00 0.000000000000000000e+00 0.000000000000000000e+00
0.000000000000000000e+00 0.000000000000000000e+00 0.000000000000000000e+00 0.000000000000000000e+00 0.000000000000000000e+00
0.000000000000000000e+00 0.000000000000000000e+00 0.000000000000000000e+00 0.000000000000000000e+00 0.000000000000000000e+00
0.000000000000000000e+00 0.000000000000000000e+00 0.000000000000000000e+00 0.000000000000000000e+00 0.000000000000000000e+00
0.000000000000000000e+00 0.000000000000000000e+00 0.000000000000000000e+00 0.000000000000000000e+00 0.000000000000000000e+00
0.000000000000000000e+00 0.000000000000000000e+00 0.000000000000000000e+00 0.000000000000000000e+00 0.000000000000000000e+00
0.000000000000000000e+00 0.000000000000000000e+00 0.000000000000000000e+00 0.000000000000000000e+00 0.000000000000000000e+00
0.000000000000000000e+00 0.000000000000000000e+00 0.000000000000000000e+00 0.000000000000000000e+00 0.000000000000000000e+00
0.000000000000000000e+00 0.000000000000000000e+00 0.000000000000000000e+00 0.000000000000000000e+00 0.000000000000000000e+00
0.000000000000000000e+00 0.000000000000000000e+00 0.000000000000000000e+00 0.000000000000000000e+00 0.000000000000000000e+00
0.000000000000000000e+00 0.000000000000000000e+00 0.000000000000000000e+00 0.000000000000000000e+00 0.000000000000000000e+00
0.000000000000000000e+00 0.000000000000000000e+00 0.000000000000000000e+00 0.000000000000000000e+00 0.000000000000000000e+00
0.000000000000000000e+00 0.000000000000000000e+00 0.000000000000000000e+00 0.000000000000000000e+00 0.000000000000000000e+00
0.000000000000000000e+00 0.000000000000000000e+00 0.000000000000000000e+00 0.000000000000000000e+00 0.000000000000000000e+00
0.000000000000000000e+00 0.000000000000000000e+00 0.000000000000000000e+00 0.000000000000000000e+00 0.000000000000000000e+00
0.000000000000000000e+00 0.000000000000000000e+00 0.000000000000000000e+00 0.000000000000000000e+00 0.000000000000000000e+00
0.000000000000000000e+00 0.000000000000000000e+00 0.000000000000000000e+00 0.000000000000000000e+00 0.000000000000000000e+00
0.000000000000000000e+00 0.000000000000000000e+00 0.000000000000000000e+00 0.000000000000000000e+00 0.000000000000000000e+00
0.000000000000000000e+00 0.000000000000000000e+00 0.000000000000000000e+00 0.000000000000000000e+00 0.000000000000000000e+00
0.000000000000000000e+00 0.000000000000000000e+00 0.000000000000000000e+00 0.000000000000000000e+00 0.000000000000000000e+00
0.000000000000000000e+00 0.000000000000000000e+00 0.000000000000000000e+00 0.000000000000000000e+00 0.000000000000000000e+00
0.000000000000000000e+00 0.000000000000000000e+00 0.000000000000000000e+00 0.000000000000000000e+00 0.000000000000000000e+00
0.000000000000000000e+00 0.000000000000000000e+00 0.000000000000000000e+00 0.000000000000000000e+00 0.000000000000000000e+00
0.000000000000000000e+00 0.000000000000000000e+00 0.000000000000000000e+00 0.000000000000000000e+00 0.000000000000000000e+00
