0.000000000000000000e+00 0.000000000000000000e+00 1.000000000000000000e+00 0.000000000000000000e+00 0.000000000000000000e+00
-9.593310356140136719e-01 1.486586570739746094e+00 1.000000000000000000e+00 0.000000000000000000e+00 0.000000000000000000e+00
-8.545299172401428223e-01 9.253381490707397461e-01 1.000000000000000000e+00 0.000000000000000000e+00 0.000000000000000000e+00
-4.822261631488800049e-01 3.172545731067657471e-01 0.000000000000000000e+00 1.000000000000000000e+00 0.000000000000000000e+00
1.341420650482177734e+00 -1.183301925659179688e+00 1.000000000000000000e+00 0.000000000000000000e+00 0.000000000000000000e+00
9.537798762321472168e-01 -3.091506361961364746e-01 1.000000000000000000e+00 0.000000000000000000e+00 0.000000000000000000e+00
2.291718423366546631e-01 3.277292102575302124e-02 0.000000000000000000e+00 1.000000000000000000e+00 0.000000000000000000e+00
-6.904625892639160156e-01 6.176527738571166992e-01 1.000000000000000000e+00 0.000000000000000000e+00 0.000000000000000000e+00
5.824972987174987793e-01 -1.449290215969085693e-01 1.000000000000000000e+00 0.000000000000000000e+00 0.000000000000000000e+00
3.184770941734313965e-01 -2.305182367563247681e-01 0.000000000000000000e+00 1.000000000000000000e+00 0.000000000000000000e+00
1.174141287803649902e+00 -1.323636770248413086e+00 1.000000000000000000e+00 0.000000000000000000e+00 0.000000000000000000e+00
-8.425694704055786133e-01 1.147767543792724609e+00 1.000000000000000000e+00 0.000000000000000000e+00 0.000000000000000000e+00
8.512179851531982422e-01 -4.247918128967285156e-01 1.000000000000000000e+00 0.000000000000000000e+00 0.000000000000000000e+00
2.992726862430572510e-01 -1.446595042943954468e-02 1.000000000000000000e+00 0.000000000000000000e+00 0.000000000000000000e+00
4.765194654464721680e-02 8.497485518455505371e-02 0.000000000000000000e+00 1.000000000000000000e+00 0.000000000000000000e+00
-6.963608264923095703e-01 5.152832865715026855e-01 1.000000000000000000e+00 0.000000000000000000e+00 0.000000000000000000e+00
2.003866434097290039e-01 1.054857820272445679e-01 1.000000000000000000e+00 0.000000000000000000e+00 0.000000000000000000e+00
4.849124327301979065e-02 2.345043420791625977e-01 0.000000000000000000e+00 1.000000000000000000e+00 0.000000000000000000e+00
-2.388354063034057617e+00 9.209936857223510742e-01 1.000000000000000000e+00 0.000000000000000000e+00 0.000000000000000000e+00
1.111273989081382751e-01 5.875623226165771484e-01 1.000000000000000000e+00 0.000000000000000000e+00 0.000000000000000000e+00
-6.756778806447982788e-02 3.047747910022735596e-01 0.000000000000000000e+00 1.000000000000000000e+00 0.000000000000000000e+00
7.100486755371093750e-01 -9.433302283287048340e-01 1.000000000000000000e+00 0.000000000000000000e+00 0.000000000000000000e+00
1.047444105148315430e+00 -1.470782458782196045e-01 1.000000000000000000e+00 0.000000000000000000e+00 0.000000000000000000e+00
3.251630067825317383e-01 8.381761610507965088e-02 1.000000000000000000e+00 0.000000000000000000e+00 0.000000000000000000e+00
-8.358827829360961914e-01 7.229919433593750000e-01 1.000000000000000000e+00 0.000000000000000000e+00 0.000000000000000000e+00
-7.202733755111694336e-01 3.403587341308593750e-01 1.000000000000000000e+00 0.000000000000000000e+00 0.000000000000000000e+00
8.700906038284301758e-01 -3.196703493595123291e-01 1.000000000000000000e+00 0.000000000000000000e+00 0.000000000000000000e+00
2.055895477533340454e-01 -1.823468506336212158e-01 0.000000000000000000e+00 1.000000000000000000e+00 0.000000000000000000e+00
-2.172267138957977295e-01 -7.704738378524780273e-01 1.000000000000000000e+00 0.000000000000000000e+00 0.000000000000000000e+00
-2.826481759548187256e-01 1.119242072105407715e+00 1.000000000000000000e+00 0.000000000000000000e+00 0.000000000000000000e+00
-2.409862130880355835e-01 4.440596401691436768e-01 0.000000000000000000e+00 1.000000000000000000e+00 0.000000000000000000e+00
-1.316194415092468262e+00 4.039303362369537354e-01 1.000000000000000000e+00 0.000000000000000000e+00 0.000000000000000000e+00
1.649370789527893066e+00 -3.010047674179077148e-01 1.000000000000000000e+00 0.000000000000000000e+00 0.000000000000000000e+00
1.230837583541870117e+00 -4.334052801132202148e-01 0.000000000000000000e+00 1.000000000000000000e+00 0.000000000000000000e+00
-1.462518215179443359e+00 7.231386899948120117e-01 1.000000000000000000e+00 0.000000000000000000e+00 0.000000000000000000e+00
-9.150331616401672363e-01 1.046984672546386719e+00 1.000000000000000000e+00 0.000000000000000000e+00 0.000000000000000000e+00
-3.586816787719726562e-01 2.388525009155273438e-01 0.000000000000000000e+00 1.000000000000000000e+00 0.000000000000000000e+00
1.524548768997192383e+00 -9.547674059867858887e-01 1.000000000000000000e+00 0.000000000000000000e+00 0.000000000000000000e+00
1.240847587585449219e+00 5.348939895629882812e-01 1.000000000000000000e+00 0.000000000000000000e+00 0.000000000000000000e+00
7.078181505203247070e-01 1.415024250745773315e-01 1.000000000000000000e+00 0.000000000000000000e+00 0.000000000000000000e+00
8.019316196441650391e-01 -3.032992780208587646e-02 0.000000000000000000e+00 1.000000000000000000e+00 0.000000000000000000e+00
-2.760665655136108398e+00 -3.347436904907226562e+00 0.000000000000000000e+00 0.000000000000000000e+00 1.000000000000000000e+00
-3.667119145393371582e-01 1.636138677597045898e+00 0.000000000000000000e+00 0.000000000000000000e+00 1.000000000000000000e+00
-1.418662548065185547e+00 -3.552642464637756348e-01 0.000000000000000000e+00 0.000000000000000000e+00 1.000000000000000000e+00
-1.033465266227722168e+00 -5.545657277107238770e-01 0.000000000000000000e+00 0.000000000000000000e+00 1.000000000000000000e+00
-1.066641688346862793e+00 -4.722607731819152832e-01 0.000000000000000000e+00 0.000000000000000000e+00 1.000000000000000000e+00
-1.032036066055297852e+00 -3.352096676826477051e-01 0.000000000000000000e+00 0.000000000000000000e+00 1.000000000000000000e+00
-1.039968490600585938e+00 -2.791113257408142090e-01 0.000000000000000000e+00 0.000000000000000000e+00 1.000000000000000000e+00
-1.037492871284484863e+00 -2.223951816558837891e-01 0.000000000000000000e+00 0.000000000000000000e+00 1.000000000000000000e+00
-1.032892704010009766e+00 -1.981309652328491211e-01 0.000000000000000000e+00 0.000000000000000000e+00 1.000000000000000000e+00
-1.015260577201843262e+00 -1.893357634544372559e-01 0.000000000000000000e+00 0.000000000000000000e+00 1.000000000000000000e+00
-9.960738420486450195e-01 -1.976930499076843262e-01 0.000000000000000000e+00 0.000000000000000000e+00 1.000000000000000000e+00
-9.850573539733886719e-01 -2.052379846572875977e-01 0.000000000000000000e+00 0.000000000000000000e+00 1.000000000000000000e+00
-9.796502590179443359e-01 -2.115090489387512207e-01 0.000000000000000000e+00 0.000000000000000000e+00 1.000000000000000000e+00
-9.733581542968750000e-01 -2.217640876770019531e-01 0.000000000000000000e+00 0.000000000000000000e+00 1.000000000000000000e+00
-9.657618999481201172e-01 -2.255651354789733887e-01 0.000000000000000000e+00 0.000000000000000000e+00 1.000000000000000000e+00
-9.583590030670166016e-01 -2.218025326728820801e-01 0.000000000000000000e+00 0.000000000000000000e+00 1.000000000000000000e+00
-9.473704099655151367e-01 -2.192745208740234375e-01 0.000000000000000000e+00 0.000000000000000000e+00 1.000000000000000000e+00
-9.349097013473510742e-01 -2.231650948524475098e-01 0.000000000000000000e+00 0.000000000000000000e+00 1.000000000000000000e+00
0.000000000000000000e+00 0.000000000000000000e+00 0.000000000000000000e+00 0.000000000000000000e+00 0.000000000000000000e+00
0.000000000000000000e+00 0.000000000000000000e+00 0.000000000000000000e+00 0.000000000000000000e+00 0.000000000000000000e+00
0.000000000000000000e+00 0.000000000000000000e+00 0.000000000000000000e+00 0.000000000000000000e+00 0.000000000000000000e+00
0.000000000000000000e+00 0.000000000000000000e+00 0.000000000000000000e+00 0.000000000000000000e+00 0.000000000000000000e+00
0.000000000000000000e+00 0.000000000000000000e+00 0.000000000000000000e+00 0.000000000000000000e+00 0.000000000000000000e+00
0.000000000000000000e+00 0.000000000000000000e+00 0.000000000000000000e+00 0.000000000000000000e+00 0.000000000000000000e+00
0.000000000000000000e+00 0.000000000000000000e+00 0.000000000000000000e+00 0.000000000000000000e+00 0.000000000000000000e+00
0.000000000000000000e+00 0.000000000000000000e+00 0.000000000000000000e+00 0.000000000000000000e+00 0.000000000000000000e+00
0.000000000000000000e+00 0.000000000000000000e+00 0.000000000000000000e+00 0.000000000000000000e+00 0.000000000000000000e+00
0.000000000000000000e+00 0.000000000000000000e+00 0.000000000000000000e+00 0.000000000000000000e+00 0.000000000000000000e+00
0.000000000000000000e+00 0.000000000000000000e+00 0.000000000000000000e+00 0.000000000000000000e+00 0.000000000000000000e+00
0.000000000000000000e+00 0.000000000000000000e+00 0.000000000000000000e+00 0.000000000000000000e+00 0.000000000000000000e+00
0.000000000000000000e+00 0.000000000000000000e+00 0.000000000000000000e+00 0.000000000000000000e+00 0.000000000000000000e+00
0.000000000000000000e+00 0.000000000000000000e+00 0.000000000000000000e+00 0.000000000000000000e+00 0.000000000000000000e+00
0.000000000000000000e+00 0.000000000000000000e+00 0.000000000000000000e+00 0.000000000000000000e+00 0.000000000000000000e+00
0.000000000000000000e+00 0.000000000000000000e+00 0.000000000000000000e+00 0.000000000000000000e+00 0.000000000000000000e+00
0.000000000000000000e+00 0.000000000000000000e+00 0.000000000000000000e+00 0.000000000000000000e+00 0.000000000000000000e+00
0.000000000000000000e+00 0.000000000000000000e+00 0.000000000000000000e+00 0.000000000000000000e+00 0.000000000000000000e+00
0.000000000000000000e+00 0.000000000000000000e+00 0.000000000000000000e+00 0.000000000000000000e+00 0.000000000000000000e+00
0.000000000000000000e+00 0.000000000000000000e+00 0.000000000000000000e+00 0.000000000000000000e+00 0.000000000000000000e+00
0.000000000000000000e+00 0.000000000000000000e+00 0.000000000000000000e+00 0.000000000000000000e+00 0.000000000000000000e+00
0.000000000000000000e+00 0.000000000000000000e+00 0.000000000000000000e+00 0.000000000000000000e+00 0.000000000000000000e+00
0.000000000000000000e+00 0.000000000000000000e+00 0.000000000000000000e+00 0.000000000000000000e+00 0.000000000000000000e+00
0.000000000000000000e+00 0.000000000000000000e+00 0.000000000000000000e+00 0.000000000000000000e+00 0.000000000000000000e+00
0.000000000000000000e+00 0.000000000000000000e+00 0.000000000000000000e+00 0.000000000000000000e+00 0.000000000000000000e+00
0.000000000000000000e+00 0.000000000000000000e+00 0.000000000000000000e+00 0.000000000000000000e+00 0.000000000000000000e+00
0.000000000000000000e+00 0.000000000000000000e+00 0.000000000000000000e+00 0.000000000000000000e+00 0.000000000000000000e+00
0.000000000000000000e+00 0.000000000000000000e+00 0.000000000000000000e+00 0.000000000000000000e+00 0.000000000000000000e+00
0.000000000000000000e+00 0.000000000000000000e+00 0.000000000000000000e+00 0.000000000000000000e+00 0.000000000000000000e+00
0.000000000000000000e+00 0.000000000000000000e+00 0.000000000000000000e+00 0.000000000000000000e+00 0.000000000000000000e+00
0.000000000000000000e+00 0.000000000000000000e+00 0.000000000000000000e+00 0.000000000000000000e+00 0.000000000000000000e+00
0.000000000000000000e+00 0.000000000000000000e+00 0.000000000000000000e+00 0.000000000000000000e+00 0.000000000000000000e+00
0.000000000000000000e+00 0.000000000000000000e+00 0.000000000000000000e+00 0.000000000000000000e+00 0.000000000000000000e+00
0.000000000000000000e+00 0.000000000000000000e+00 0.000000000000000000e+00 0.000000000000000000e+00 0.000000000000000000e+00
0.000000000000000000e+00 0.000000000000000000e+00 0.000000000000000000e+00 0.000000000000000000e+00 0.000000000000000000e+00
0.000000000000000000e+00 0.000000000000000000e+00 0.000000000000000000e+00 0.000000000000000000e+00 0.000000000000000000e+00
0.000000000000000000e+00 0.000000000000000000e+00 0.000000000000000000e+00 0.000000000000000000e+00 0.000000000000000000e+00
0.000000000000000000e+00 0.000000000000000000e+00 0.000000000000000000e+00 0.000000000000000000e+00 0.000000000000000000e+00
0.000000000000000000e+00 0.000000000000000000e+00 0.000000000000000000e+00 0.000000000000000000e+00 0.000000000000000000e+00
0.000000000000000000e+00 0.000000000000000000e+00 0.000000000000000000e+00 0.000000000000000000e+00 0.000000000000000000e+00
0.000000000000000000e+00 0.000000000000000000e+00 0.000000000000000000e+00 0.000000000000000000e+00 0.000000000000000000e+00
0.000000000000000000e+00 0.000000000000000000e+00 0.000000000000000000e+00 0.000000000000000000e+00 0.000000000000000000e+00
0.000000000000000000e+00 0.000000000000000000e+00 0.000000000000000000e+00 0.000000000000000000e+00 0.000000000000000000e+00
0.000000000000000000e+00 0.000000000000000000e+00 0.000000000000000000e+00 0.000000000000000000e+00 0.000000000000000000e+00
0.000000000000000000e+00 0.000000000000000000e+00 0.000000000000000000e+00 0.000000000000000000e+00 0.000000000000000000e+00
0.000000000000000000e+00 0.000000000000000000e+00 0.000000000000000000e+00 0.000000000000000000e+00 0.000000000000000000e+00
0.000000000000000000e+00 0.000000000000000000e+00 0.000000000000000000e+00 0.000000000000000000e+00 0.000000000000000000e+00
0.000000000000000000e+00 0.000000000000000000e+00 0.000000000000000000e+00 0.000000000000000000e+00 0.000000000000000000e+00
0.000000000000000000e+00 0.000000000000000000e+00 0.000000000000000000e+00 0.000000000000000000e+00 0.000000000000000000e+00
0.000000000000000000e+00 0.000000000000000000e+00 0.000000000000000000e+00 0.000000000000000000e+00 0.000000000000000000e+00
0.000000000000000000e+00 0.000000000000000000e+00 0.000000000000000000e+00 0.000000000000000000e+00 0.000000000000000000e+00
0.000000000000000000e+00 0.000000000000000000e+00 0.000000000000000000e+00 0.000000000000000000e+00 0.000000000000000000e+00
0.000000000000000000e+00 0.000000000000000000e+00 0.000000000000000000e+00 0.000000000000000000e+00 0.000000000000000000e+00
0.000000000000000000e+00 0.000000000000000000e+00 0.000000000000000000e+00 0.000000000000000000e+00 0.000000000000000000e+00
0.000000000000000000e+00 0.000000000000000000e+00 0.000000000000000000e+00 0.000000000000000000e+00 0.000000000000000000e+00
0.000000000000000000e+00 0.000000000000000000e+00 0.000000000000000000e+00 0.000000000000000000e+00 0.000000000000000000e+00
0.000000000000000000e+00 0.000000000000000000e+00 0.000000000000000000e+00 0.000000000000000000e+00 0.000000000000000000e+00
0.000000000000000000e+00 0.000000000000000000e+00 0.000000000000000000e+00 0.000000000000000000e+00 0.000000000000000000e+00
0.000000000000000000e+00 0.000000000000000000e+00 0.000000000000000000e+00 0.000000000000000000e+00 0.000000000000000000e+00
0.000000000000000000e+00 0.000000000000000000e+00 0.000000000000000000e+00 0.000000000000000000e+00 0.000000000000000000e+00
0.000000000000000000e+00 0.000000000000000000e+00 0.000000000000000000e+00 0.000000000000000000e+00 0.000000000000000000e+00
0.000000000000000000e+00 0.000000000000000000e+00 0.000000000000000000e+00 0.000000000000000000e+00 0.000000000000000000e+00
