0.000000000000000000e+00 0.000000000000000000e+00 1.000000000000000000e+00 0.000000000000000000e+00 0.000000000000000000e+00
-8.496003746986389160e-01 1.359428882598876953e+00 1.000000000000000000e+00 0.000000000000000000e+00 0.000000000000000000e+00
-7.237304449081420898e-01 8.291808366775512695e-01 1.000000000000000000e+00 0.000000000000000000e+00 0.000000000000000000e+00
-4.330928921699523926e-01 3.092074990272521973e-01 0.000000000000000000e+00 1.000000000000000000e+00 0.000000000000000000e+00
1.168606638908386230e+00 -1.067869186401367188e+00 1.000000000000000000e+00 0.000000000000000000e+00 0.000000000000000000e+00
7.771811485290527344e-01 -2.403583079576492310e-01 1.000000000000000000e+00 0.000000000000000000e+00 0.000000000000000000e+00
1.834159195423126221e-01 3.945145756006240845e-02 0.000000000000000000e+00 1.000000000000000000e+00 0.000000000000000000e+00
-5.983420014381408691e-01 5.536047220230102539e-01 1.000000000000000000e+00 0.000000000000000000e+00 0.000000000000000000e+00
5.219402909278869629e-01 -1.342148035764694214e-01 1.000000000000000000e+00 0.000000000000000000e+00 0.000000000000000000e+00
2.732734680175781250e-01 -2.077045887708663940e-01 0.000000000000000000e+00 1.000000000000000000e+00 0.000000000000000000e+00
1.003928661346435547e+00 -1.228093028068542480e+00 1.000000000000000000e+00 0.000000000000000000e+00 0.000000000000000000e+00
-7.546808719635009766e-01 1.145446181297302246e+00 1.000000000000000000e+00 0.000000000000000000e+00 0.000000000000000000e+00
-3.588617742061614990e-01 3.592908680438995361e-01 1.000000000000000000e+00 0.000000000000000000e+00 0.000000000000000000e+00
-3.026871085166931152e-01 1.168031468987464905e-01 0.000000000000000000e+00 1.000000000000000000e+00 0.000000000000000000e+00
1.005474209785461426e+00 -7.857574224472045898e-01 1.000000000000000000e+00 0.000000000000000000e+00 0.000000000000000000e+00
5.192288160324096680e-01 2.876637503504753113e-03 1.000000000000000000e+00 0.000000000000000000e+00 0.000000000000000000e+00
1.827247738838195801e-01 1.230814456939697266e-01 0.000000000000000000e+00 1.000000000000000000e+00 0.000000000000000000e+00
-6.918271780014038086e-01 4.024856090545654297e-01 1.000000000000000000e+00 0.000000000000000000e+00 0.000000000000000000e+00
5.388828516006469727e-01 8.935405313968658447e-02 1.000000000000000000e+00 0.000000000000000000e+00 0.000000000000000000e+00
1.447645723819732666e-01 1.399443149566650391e-01 0.000000000000000000e+00 1.000000000000000000e+00 0.000000000000000000e+00
-2.698036193847656250e+00 7.773848772048950195e-01 1.000000000000000000e+00 0.000000000000000000e+00 0.000000000000000000e+00
9.445019364356994629e-01 -1.621753573417663574e-01 1.000000000000000000e+00 0.000000000000000000e+00 0.000000000000000000e+00
2.280361950397491455e-01 9.590466320514678955e-02 1.000000000000000000e+00 0.000000000000000000e+00 0.000000000000000000e+00
-1.131249189376831055e+00 1.209144115447998047e+00 1.000000000000000000e+00 0.000000000000000000e+00 0.000000000000000000e+00
-8.613975048065185547e-01 5.775920152664184570e-01 1.000000000000000000e+00 0.000000000000000000e+00 0.000000000000000000e+00
-4.367890655994415283e-01 9.341025352478027344e-02 0.000000000000000000e+00 1.000000000000000000e+00 0.000000000000000000e+00
8.551625013351440430e-01 -1.078310370445251465e+00 1.000000000000000000e+00 0.000000000000000000e+00 0.000000000000000000e+00
4.737741053104400635e-01 1.180023849010467529e-01 1.000000000000000000e+00 0.000000000000000000e+00 0.000000000000000000e+00
3.779444098472595215e-01 -4.458947479724884033e-02 0.000000000000000000e+00 1.000000000000000000e+00 0.000000000000000000e+00
1.732094049453735352e+00 -1.166869282722473145e+00 1.000000000000000000e+00 0.000000000000000000e+00 0.000000000000000000e+00
-7.202437520027160645e-01 6.494159698486328125e-01 1.000000000000000000e+00 0.000000000000000000e+00 0.000000000000000000e+00
8.835673332214355469e-01 3.812716305255889893e-01 1.000000000000000000e+00 0.000000000000000000e+00 0.000000000000000000e+00
3.773172795772552490e-01 2.232828736305236816e-02 0.000000000000000000e+00 1.000000000000000000e+00 0.000000000000000000e+00
-3.365588188171386719e-02 -7.670170664787292480e-01 1.000000000000000000e+00 0.000000000000000000e+00 0.000000000000000000e+00
-1.086436510086059570e+00 7.538006305694580078e-01 1.000000000000000000e+00 0.000000000000000000e+00 0.000000000000000000e+00
-5.287182927131652832e-01 2.240078151226043701e-01 0.000000000000000000e+00 1.000000000000000000e+00 0.000000000000000000e+00
-5.022723674774169922e-01 1.831667423248291016e-01 1.000000000000000000e+00 0.000000000000000000e+00 0.000000000000000000e+00
1.075964450836181641e+00 -1.756853014230728149e-01 1.000000000000000000e+00 0.000000000000000000e+00 0.000000000000000000e+00
2.660530209541320801e-01 4.159096628427505493e-02 0.000000000000000000e+00 1.000000000000000000e+00 0.000000000000000000e+00
-1.384636759757995605e+00 6.522420644760131836e-01 1.000000000000000000e+00 0.000000000000000000e+00 0.000000000000000000e+00
7.591678947210311890e-02 3.672245740890502930e-01 1.000000000000000000e+00 0.000000000000000000e+00 0.000000000000000000e+00
-5.838578194379806519e-02 1.662849187850952148e-01 0.000000000000000000e+00 1.000000000000000000e+00 0.000000000000000000e+00
5.235174894332885742e-01 -5.179510116577148438e-01 1.000000000000000000e+00 0.000000000000000000e+00 0.000000000000000000e+00
3.127927482128143311e-01 1.523174718022346497e-02 1.000000000000000000e+00 0.000000000000000000e+00 0.000000000000000000e+00
-4.682108461856842041e-01 4.706822931766510010e-01 1.000000000000000000e+00 0.000000000000000000e+00 0.000000000000000000e+00
4.028427600860595703e-01 -5.854478478431701660e-02 1.000000000000000000e+00 0.000000000000000000e+00 0.000000000000000000e+00
-3.511612862348556519e-02 4.030380398035049438e-02 0.000000000000000000e+00 1.000000000000000000e+00 0.000000000000000000e+00
-7.860868573188781738e-01 3.994624912738800049e-01 1.000000000000000000e+00 0.000000000000000000e+00 0.000000000000000000e+00
4.842913448810577393e-01 1.859056204557418823e-01 1.000000000000000000e+00 0.000000000000000000e+00 0.000000000000000000e+00
6.867837905883789062e-01 -2.012939453125000000e-01 1.000000000000000000e+00 0.000000000000000000e+00 0.000000000000000000e+00
-1.305516004562377930e+00 8.305732011795043945e-01 1.000000000000000000e+00 0.000000000000000000e+00 0.000000000000000000e+00
1.367067575454711914e+00 -1.022760421037673950e-01 1.000000000000000000e+00 0.000000000000000000e+00 0.000000000000000000e+00
1.085901498794555664e+00 8.861313015222549438e-02 0.000000000000000000e+00 1.000000000000000000e+00 0.000000000000000000e+00
-2.426573991775512695e+00 -2.809099674224853516e+00 0.000000000000000000e+00 0.000000000000000000e+00 1.000000000000000000e+00
4.504978656768798828e-01 7.711337804794311523e-01 0.000000000000000000e+00 0.000000000000000000e+00 1.000000000000000000e+00
-1.845691680908203125e+00 2.622334957122802734e-01 0.000000000000000000e+00 0.000000000000000000e+00 1.000000000000000000e+00
-1.167256236076354980e+00 -1.143842935562133789e-02 0.000000000000000000e+00 0.000000000000000000e+00 1.000000000000000000e+00
-1.369719505310058594e+00 -3.418248295783996582e-01 0.000000000000000000e+00 0.000000000000000000e+00 1.000000000000000000e+00
-1.196313619613647461e+00 -1.781663298606872559e-01 0.000000000000000000e+00 0.000000000000000000e+00 1.000000000000000000e+00
-1.247013688087463379e+00 -2.992876172065734863e-01 0.000000000000000000e+00 0.000000000000000000e+00 1.000000000000000000e+00
-1.185572028160095215e+00 -2.158439159393310547e-01 0.000000000000000000e+00 0.000000000000000000e+00 1.000000000000000000e+00
-1.202392578125000000e+00 -2.241399288177490234e-01 0.000000000000000000e+00 0.000000000000000000e+00 1.000000000000000000e+00
-1.178913474082946777e+00 -1.894630789756774902e-01 0.000000000000000000e+00 0.000000000000000000e+00 1.000000000000000000e+00
-1.174431204795837402e+00 -1.980437040328979492e-01 0.000000000000000000e+00 0.000000000000000000e+00 1.000000000000000000e+00
-1.159884929656982422e+00 -1.988651752471923828e-01 0.000000000000000000e+00 0.000000000000000000e+00 1.000000000000000000e+00
-1.148515224456787109e+00 -2.185998558998107910e-01 0.000000000000000000e+00 0.000000000000000000e+00 1.000000000000000000e+00
-1.135622382164001465e+00 -2.351404428482055664e-01 0.000000000000000000e+00 0.000000000000000000e+00 1.000000000000000000e+00
-1.127335309982299805e+00 -2.377798557281494141e-01 0.000000000000000000e+00 0.000000000000000000e+00 1.000000000000000000e+00
-1.119364261627197266e+00 -2.339743971824645996e-01 0.000000000000000000e+00 0.000000000000000000e+00 1.000000000000000000e+00
-1.111373543739318848e+00 -2.286573052406311035e-01 0.000000000000000000e+00 0.000000000000000000e+00 1.000000000000000000e+00
-1.103191018104553223e+00 -2.280820608139038086e-01 0.000000000000000000e+00 0.000000000000000000e+00 1.000000000000000000e+00
-1.095780968666076660e+00 -2.369021773338317871e-01 0.000000000000000000e+00 0.000000000000000000e+00 1.000000000000000000e+00
-1.089067578315734863e+00 -2.477489113807678223e-01 0.000000000000000000e+00 0.000000000000000000e+00 1.000000000000000000e+00
0.000000000000000000e+00 0.000000000000000000e+00 0.000000000000000000e+00 0.000000000000000000e+00 0.000000000000000000e+00
0.000000000000000000e+00 0.000000000000000000e+00 0.000000000000000000e+00 0.000000000000000000e+00 0.000000000000000000e+00
0.000000000000000000e+00 0.000000000000000000e+00 0.000000000000000000e+00 0.000000000000000000e+00 0.000000000000000000e+00
0.000000000000000000e+00 0.000000000000000000e+00 0.000000000000000000e+00 0.000000000000000000e+00 0.000000000000000000e+00
0.000000000000000000e+00 0.000000000000000000e+00 0.000000000000000000e+00 0.000000000000000000e+00 0.000000000000000000e+00
0.000000000000000000e+00 0.000000000000000000e+00 0.000000000000000000e+00 0.000000000000000000e+00 0.000000000000000000e+00
0.000000000000000000e+00 0.000000000000000000e+00 0.000000000000000000e+00 0.000000000000000000e+00 0.000000000000000000e+00
0.000000000000000000e+00 0.000000000000000000e+00 0.000000000000000000e+00 0.000000000000000000e+00 0.000000000000000000e+00
0.000000000000000000e+00 0.000000000000000000e+00 0.000000000000000000e+00 0.000000000000000000e+00 0.000000000000000000e+00
0.000000000000000000e+00 0.000000000000000000e+00 0.000000000000000000e+00 0.000000000000000000e+00 0.000000000000000000e+00
0.000000000000000000e+00 0.000000000000000000e+00 0.000000000000000000e+00 0.000000000000000000e+00 0.000000000000000000e+00
0.000000000000000000e+00 0.000000000000000000e+00 0.000000000000000000e+00 0.000000000000000000e+00 0.000000000000000000e+00
0.000000000000000000e+00 0.000000000000000000e+00 0.000000000000000000e+00 0.000000000000000000e+00 0.000000000000000000e+00
0.000000000000000000e+00 0.000000000000000000e+00 0.000000000000000000e+00 0.000000000000000000e+00 0.000000000000000000e+00
0.000000000000000000e+00 0.000000000000000000e+00 0.000000000000000000e+00 0.000000000000000000e+00 0.000000000000000000e+00
0.000000000000000000e+00 0.000000000000000000e+00 0.000000000000000000e+00 0.000000000000000000e+00 0.000000000000000000e+00
0.000000000000000000e+00 0.000000000000000000e+00 0.000000000000000000e+00 0.000000000000000000e+00 0.000000000000000000e+00
0.000000000000000000e+00 0.000000000000000000e+00 0.000000000000000000e+00 0.000000000000000000e+00 0.000000000000000000e+00
0.000000000000000000e+00 0.000000000000000000e+00 0.000000000000000000e+00 0.000000000000000000e+00 0.000000000000000000e+00
0.000000000000000000e+00 0.000000000000000000e+00 0.000000000000000000e+00 0.000000000000000000e+00 0.000000000000000000e+00
0.000000000000000000e+00 0.000000000000000000e+00 0.000000000000000000e+00 0.000000000000000000e+00 0.000000000000000000e+00
0.000000000000000000e+00 0.000000000000000000e+00 0.000000000000000000e+00 0.000000000000000000e+00 0.000000000000000000e+00
0.000000000000000000e+00 0.000000000000000000e+00 0.000000000000000000e+00 0.000000000000000000e+00 0.000000000000000000e+00
0.000000000000000000e+00 0.000000000000000000e+00 0.000000000000000000e+00 0.000000000000000000e+00 0.000000000000000000e+00
0.000000000000000000e+00 0.000000000000000000e+00 0.000000000000000000e+00 0.000000000000000000e+00 0.000000000000000000e+00
0.000000000000000000e+00 0.000000000000000000e+00 0.000000000000000000e+00 0.000000000000000000e+00 0.000000000000000000e+00
0.000000000000000000e+00 0.000000000000000000e+00 0.000000000000000000e+00 0.000000000000000000e+00 0.000000000000000000e+00
0.000000000000000000e+00 0.000000000000000000e+00 0.000000000000000000e+00 0.000000000000000000e+00 0.000000000000000000e+00
0.000000000000000000e+00 0.000000000000000000e+00 0.000000000000000000e+00 0.000000000000000000e+00 0.000000000000000000e+00
0.000000000000000000e+00 0.000000000000000000e+00 0.000000000000000000e+00 0.000000000000000000e+00 0.000000000000000000e+00
0.000000000000000000e+00 0.000000000000000000e+00 0.000000000000000000e+00 0.000000000000000000e+00 0.000000000000000000e+00
0.000000000000000000e+00 0.000000000000000000e+00 0.000000000000000000e+00 0.000000000000000000e+00 0.000000000000000000e+00
0.000000000000000000e+00 0.000000000000000000e+00 0.000000000000000000e+00 0.000000000000000000e+00 0.000000000000000000e+00
0.000000000000000000e+00 0.000000000000000000e+00 0.000000000000000000e+00 0.000000000000000000e+00 0.000000000000000000e+00
0.000000000000000000e+00 0.000000000000000000e+00 0.000000000000000000e+00 0.000000000000000000e+00 0.000000000000000000e+00
0.000000000000000000e+00 0.000000000000000000e+00 0.000000000000000000e+00 0.000000000000000000e+00 0.000000000000000000e+00
0.000000000000000000e+00 0.000000000000000000e+00 0.000000000000000000e+00 0.000000000000000000e+00 0.000000000000000000e+00
0.000000000000000000e+00 0.000000000000000000e+00 0.000000000000000000e+00 0.000000000000000000e+00 0.000000000000000000e+00
0.000000000000000000e+00 0.000000000000000000e+00 0.000000000000000000e+00 0.000000000000000000e+00 0.000000000000000000e+00
0.000000000000000000e+00 0.000000000000000000e+00 0.000000000000000000e+00 0.000000000000000000e+00 0.000000000000000000e+00
0.000000000000000000e+00 0.000000000000000000e+00 0.000000000000000000e+00 0.000000000000000000e+00 0.000000000000000000e+00
0.000000000000000000e+00 0.000000000000000000e+00 0.000000000000000000e+00 0.000000000000000000e+00 0.000000000000000000e+00
0.000000000000000000e+00 0.000000000000000000e+00 0.000000000000000000e+00 0.000000000000000000e+00 0.000000000000000000e+00
0.000000000000000000e+00 0.000000000000000000e+00 0.000000000000000000e+00 0.000000000000000000e+00 0.000000000000000000e+00
0.000000000000000000e+00 0.000000000000000000e+00 0.000000000000000000e+00 0.000000000000000000e+00 0.000000000000000000e+00
0.000000000000000000e+00 0.000000000000000000e+00 0.000000000000000000e+00 0.000000000000000000e+00 0.000000000000000000e+00
0.000000000000000000e+00 0.000000000000000000e+00 0.000000000000000000e+00 0.000000000000000000e+00 0.000000000000000000e+00
0.000000000000000000e+00 0.000000000000000000e+00 0.000000000000000000e+00 0.000000000000000000e+00 0.000000000000000000e+00
