0.000000000000000000e+00 0.000000000000000000e+00 1.000000000000000000e+00 0.000000000000000000e+00 0.000000000000000000e+00
-7.452210187911987305e-01 1.200768947601318359e+00 1.000000000000000000e+00 0.000000000000000000e+00 0.000000000000000000e+00
-6.344500184059143066e-01 7.283207178115844727e-01 1.000000000000000000e+00 0.000000000000000000e+00 0.000000000000000000e+00
-3.889726698398590088e-01 2.816872596740722656e-01 0.000000000000000000e+00 1.000000000000000000e+00 0.000000000000000000e+00
1.045427560806274414e+00 -9.709283709526062012e-01 1.000000000000000000e+00 0.000000000000000000e+00 0.000000000000000000e+00
7.509524822235107422e-01 -2.535011172294616699e-01 1.000000000000000000e+00 0.000000000000000000e+00 0.000000000000000000e+00
1.764734238386154175e-01 3.148355334997177124e-02 0.000000000000000000e+00 1.000000000000000000e+00 0.000000000000000000e+00
-5.738790035247802734e-01 5.225253105163574219e-01 1.000000000000000000e+00 0.000000000000000000e+00 0.000000000000000000e+00
4.860384762287139893e-01 -1.286346167325973511e-01 1.000000000000000000e+00 0.000000000000000000e+00 0.000000000000000000e+00
2.659724950790405273e-01 -2.002377957105636597e-01 0.000000000000000000e+00 1.000000000000000000e+00 0.000000000000000000e+00
9.066957235336303711e-01 -1.106145143508911133e+00 1.000000000000000000e+00 0.000000000000000000e+00 0.000000000000000000e+00
-6.835078001022338867e-01 1.009011268615722656e+00 1.000000000000000000e+00 0.000000000000000000e+00 0.000000000000000000e+00
6.928582787513732910e-01 -3.957318067550659180e-01 1.000000000000000000e+00 0.000000000000000000e+00 0.000000000000000000e+00
2.645561695098876953e-01 -2.601610869169235229e-02 1.000000000000000000e+00 0.000000000000000000e+00 0.000000000000000000e+00
3.714610636234283447e-02 6.848738342523574829e-02 1.000000000000000000e+00 0.000000000000000000e+00 0.000000000000000000e+00
-7.172661274671554565e-02 1.294323354959487915e-01 0.000000000000000000e+00 1.000000000000000000e+00 0.000000000000000000e+00
-5.838277339935302734e-01 4.306689500808715820e-01 1.000000000000000000e+00 0.000000000000000000e+00 0.000000000000000000e+00
4.794076383113861084e-01 3.523771464824676514e-02 1.000000000000000000e+00 0.000000000000000000e+00 0.000000000000000000e+00
-2.830732613801956177e-02 9.513061493635177612e-02 0.000000000000000000e+00 1.000000000000000000e+00 0.000000000000000000e+00
-2.343895673751831055e+00 1.114076733589172363e+00 1.000000000000000000e+00 0.000000000000000000e+00 0.000000000000000000e+00
9.162189364433288574e-01 -2.049624025821685791e-01 1.000000000000000000e+00 0.000000000000000000e+00 0.000000000000000000e+00
3.970180749893188477e-01 -1.800129413604736328e-01 0.000000000000000000e+00 1.000000000000000000e+00 0.000000000000000000e+00
-1.048477292060852051e+00 7.570425271987915039e-01 1.000000000000000000e+00 0.000000000000000000e+00 0.000000000000000000e+00
6.435191035270690918e-01 -9.698326885700225830e-02 1.000000000000000000e+00 0.000000000000000000e+00 0.000000000000000000e+00
-3.884724527597427368e-02 5.370837077498435974e-02 0.000000000000000000e+00 1.000000000000000000e+00 0.000000000000000000e+00
-1.027673363685607910e+00 6.926817893981933594e-01 1.000000000000000000e+00 0.000000000000000000e+00 0.000000000000000000e+00
9.308885931968688965e-01 -2.080895155668258667e-01 1.000000000000000000e+00 0.000000000000000000e+00 0.000000000000000000e+00
4.980410635471343994e-01 -2.566067576408386230e-01 0.000000000000000000e+00 1.000000000000000000e+00 0.000000000000000000e+00
-4.535704851150512695e-01 -1.032382249832153320e+00 1.000000000000000000e+00 0.000000000000000000e+00 0.000000000000000000e+00
8.669369667768478394e-02 7.730019688606262207e-01 1.000000000000000000e+00 0.000000000000000000e+00 0.000000000000000000e+00
-1.849832832813262939e-01 1.651443481445312500e+00 1.000000000000000000e+00 0.000000000000000000e+00 0.000000000000000000e+00
-8.416166901588439941e-02 2.375258356332778931e-01 1.000000000000000000e+00 0.000000000000000000e+00 0.000000000000000000e+00
-1.047996580600738525e-01 4.506080597639083862e-02 0.000000000000000000e+00 1.000000000000000000e+00 0.000000000000000000e+00
-1.989986896514892578e-01 -7.825281620025634766e-01 1.000000000000000000e+00 0.000000000000000000e+00 0.000000000000000000e+00
-6.328045129776000977e-01 5.555106401443481445e-01 1.000000000000000000e+00 0.000000000000000000e+00 0.000000000000000000e+00
-2.044665813446044922e-01 3.481735885143280029e-01 0.000000000000000000e+00 1.000000000000000000e+00 0.000000000000000000e+00
1.369633436203002930e+00 -7.428262829780578613e-01 1.000000000000000000e+00 0.000000000000000000e+00 0.000000000000000000e+00
3.589632809162139893e-01 2.655720114707946777e-01 1.000000000000000000e+00 0.000000000000000000e+00 0.000000000000000000e+00
2.388199716806411743e-01 4.898732155561447144e-02 0.000000000000000000e+00 1.000000000000000000e+00 0.000000000000000000e+00
3.178433179855346680e-01 -1.954615473747253418e+00 1.000000000000000000e+00 0.000000000000000000e+00 0.000000000000000000e+00
8.376324176788330078e-01 -2.268527746200561523e-01 1.000000000000000000e+00 0.000000000000000000e+00 0.000000000000000000e+00
3.302811086177825928e-01 -1.908993870019912720e-01 0.000000000000000000e+00 1.000000000000000000e+00 0.000000000000000000e+00
-7.245136499404907227e-01 -1.296952962875366211e-01 1.000000000000000000e+00 0.000000000000000000e+00 0.000000000000000000e+00
-1.787014007568359375e-01 9.045243859291076660e-01 1.000000000000000000e+00 0.000000000000000000e+00 0.000000000000000000e+00
2.877086400985717773e-02 1.470034718513488770e-01 0.000000000000000000e+00 1.000000000000000000e+00 0.000000000000000000e+00
7.593629956245422363e-01 -9.983136653900146484e-01 1.000000000000000000e+00 0.000000000000000000e+00 0.000000000000000000e+00
-7.873823046684265137e-01 1.026824474334716797e+00 1.000000000000000000e+00 0.000000000000000000e+00 0.000000000000000000e+00
-6.122151613235473633e-01 4.610097110271453857e-01 1.000000000000000000e+00 0.000000000000000000e+00 0.000000000000000000e+00
1.038039207458496094e+00 -3.527761697769165039e-01 1.000000000000000000e+00 0.000000000000000000e+00 0.000000000000000000e+00
3.040784001350402832e-01 -1.516234874725341797e-02 0.000000000000000000e+00 1.000000000000000000e+00 0.000000000000000000e+00
-1.106029510498046875e+00 7.924139499664306641e-01 1.000000000000000000e+00 0.000000000000000000e+00 0.000000000000000000e+00
-1.488755345344543457e-01 9.293277859687805176e-01 1.000000000000000000e+00 0.000000000000000000e+00 0.000000000000000000e+00
-8.612196147441864014e-02 1.780298650264739990e-01 0.000000000000000000e+00 1.000000000000000000e+00 0.000000000000000000e+00
5.166413187980651855e-01 -1.146148920059204102e+00 1.000000000000000000e+00 0.000000000000000000e+00 0.000000000000000000e+00
7.651743888854980469e-01 -1.351622790098190308e-01 1.000000000000000000e+00 0.000000000000000000e+00 0.000000000000000000e+00
2.530847787857055664e-01 8.544132113456726074e-02 1.000000000000000000e+00 0.000000000000000000e+00 0.000000000000000000e+00
-1.511151492595672607e-01 1.091577887535095215e+00 1.000000000000000000e+00 0.000000000000000000e+00 0.000000000000000000e+00
-1.001842617988586426e-01 1.817940473556518555e-01 1.000000000000000000e+00 0.000000000000000000e+00 0.000000000000000000e+00
-1.668960154056549072e-01 8.281447738409042358e-02 0.000000000000000000e+00 1.000000000000000000e+00 0.000000000000000000e+00
-3.886097371578216553e-01 -6.982304453849792480e-01 1.000000000000000000e+00 0.000000000000000000e+00 0.000000000000000000e+00
3.395362496376037598e-01 -1.999114453792572021e-02 0.000000000000000000e+00 1.000000000000000000e+00 0.000000000000000000e+00
-3.244996964931488037e-01 4.640874862670898438e-01 1.000000000000000000e+00 0.000000000000000000e+00 0.000000000000000000e+00
5.618085265159606934e-01 -9.124210476875305176e-02 1.000000000000000000e+00 0.000000000000000000e+00 0.000000000000000000e+00
4.122288823127746582e-01 -2.118694186210632324e-01 0.000000000000000000e+00 1.000000000000000000e+00 0.000000000000000000e+00
-1.263795137405395508e+00 -2.646308183670043945e+00 0.000000000000000000e+00 0.000000000000000000e+00 1.000000000000000000e+00
0.000000000000000000e+00 0.000000000000000000e+00 0.000000000000000000e+00 0.000000000000000000e+00 0.000000000000000000e+00
0.000000000000000000e+00 0.000000000000000000e+00 0.000000000000000000e+00 0.000000000000000000e+00 0.000000000000000000e+00
0.000000000000000000e+00 0.000000000000000000e+00 0.000000000000000000e+00 0.000000000000000000e+00 0.000000000000000000e+00
0.000000000000000000e+00 0.000000000000000000e+00 0.000000000000000000e+00 0.000000000000000000e+00 0.000000000000000000e+00
0.000000000000000000e+00 0.000000000000000000e+00 0.000000000000000000e+00 0.000000000000000000e+00 0.000000000000000000e+00
0.000000000000000000e+00 0.000000000000000000e+00 0.000000000000000000e+00 0.000000000000000000e+00 0.000000000000000000e+00
0.000000000000000000e+00 0.000000000000000000e+00 0.000000000000000000e+00 0.000000000000000000e+00 0.000000000000000000e+00
0.000000000000000000e+00 0.000000000000000000e+00 0.000000000000000000e+00 0.000000000000000000e+00 0.000000000000000000e+00
0.000000000000000000e+00 0.000000000000000000e+00 0.000000000000000000e+00 0.000000000000000000e+00 0.000000000000000000e+00
0.000000000000000000e+00 0.000000000000000000e+00 0.000000000000000000e+00 0.000000000000000000e+00 0.000000000000000000e+00
0.000000000000000000e+00 0.000000000000000000e+00 0.000000000000000000e+00 0.000000000000000000e+00 0.000000000000000000e+00
0.000000000000000000e+00 0.000000000000000000e+00 0.000000000000000000e+00 0.000000000000000000e+00 0.000000000000000000e+00
0.000000000000000000e+00 0.000000000000000000e+00 0.000000000000000000e+00 0.000000000000000000e+00 0.000000000000000000e+00
0.000000000000000000e+00 0.000000000000000000e+00 0.000000000000000000e+00 0.000000000000000000e+00 0.000000000000000000e+00
0.000000000000000000e+00 0.000000000000000000e+00 0.000000000000000000e+00 0.000000000000000000e+00 0.000000000000000000e+00
0.000000000000000000e+00 0.000000000000000000e+00 0.000000000000000000e+00 0.000000000000000000e+00 0.000000000000000000e+00
0.000000000000000000e+00 0.000000000000000000e+00 0.000000000000000000e+00 0.000000000000000000e+00 0.000000000000000000e+00
0.000000000000000000e+00 0.000000000000000000e+00 0.000000000000000000e+00 0.000000000000000000e+00 0.000000000000000000e+00
0.000000000000000000e+00 0.000000000000000000e+00 0.000000000000000000e+00 0.000000000000000000e+00 0.000000000000000000e+00
0.000000000000000000e+00 0.000000000000000000e+00 0.000000000000000000e+00 0.000000000000000000e+00 0.000000000000000000e+00
0.000000000000000000e+00 0.000000000000000000e+00 0.000000000000000000e+00 0.000000000000000000e+00 0.000000000000000000e+00
0.000000000000000000e+00 0.000000000000000000e+00 0.000000000000000000e+00 0.000000000000000000e+00 0.000000000000000000e+00
0.000000000000000000e+00 0.000000000000000000e+00 0.000000000000000000e+00 0.000000000000000000e+00 0.000000000000000000e+00
0.000000000000000000e+00 0.000000000000000000e+00 0.000000000000000000e+00 0.000000000000000000e+00 0.000000000000000000e+00
0.000000000000000000e+00 0.000000000000000000e+00 0.000000000000000000e+00 0.000000000000000000e+00 0.000000000000000000e+00
0.000000000000000000e+00 0.000000000000000000e+00 0.000000000000000000e+00 0.000000000000000000e+00 0.000000000000000000e+00
0.000000000000000000e+00 0.000000000000000000e+00 0.000000000000000000e+00 0.000000000000000000e+00 0.000000000000000000e+00
0.000000000000000000e+00 0.000000000000000000e+00 0.000000000000000000e+00 0.000000000000000000e+00 0.000000000000000000e+00
0.000000000000000000e+00 0.000000000000000000e+00 0.000000000000000000e+00 0.000000000000000000e+00 0.000000000000000000e+00
0.000000000000000000e+00 0.000000000000000000e+00 0.000000000000000000e+00 0.000000000000000000e+00 0.000000000000000000e+00
0.000000000000000000e+00 0.000000000000000000e+00 0.000000000000000000e+00 0.000000000000000000e+00 0.000000000000000000e+00
0.000000000000000000e+00 0.000000000000000000e+00 0.000000000000000000e+00 0.000000000000000000e+00 0.000000000000000000e+00
0.000000000000000000e+00 0.000000000000000000e+00 0.000000000000000000e+00 0.000000000000000000e+00 0.000000000000000000e+00
0.000000000000000000e+00 0.000000000000000000e+00 0.000000000000000000e+00 0.000000000000000000e+00 0.000000000000000000e+00
0.000000000000000000e+00 0.000000000000000000e+00 0.000000000000000000e+00 0.000000000000000000e+00 0.000000000000000000e+00
0.000000000000000000e+00 0.000000000000000000e+00 0.000000000000000000e+00 0.000000000000000000e+00 0.000000000000000000e+00
0.000000000000000000e+00 0.000000000000000000e+00 0.000000000000000000e+00 0.000000000000000000e+00 0.000000000000000000e+00
0.000000000000000000e+00 0.000000000000000000e+00 0.000000000000000000e+00 0.000000000000000000e+00 0.000000000000000000e+00
0.000000000000000000e+00 0.000000000000000000e+00 0.000000000000000000e+00 0.000000000000000000e+00 0.000000000000000000e+00
0.000000000000000000e+00 0.000000000000000000e+00 0.000000000000000000e+00 0.000000000000000000e+00 0.000000000000000000e+00
0.000000000000000000e+00 0.000000000000000000e+00 0.000000000000000000e+00 0.000000000000000000e+00 0.000000000000000000e+00
0.000000000000000000e+00 0.000000000000000000e+00 0.000000000000000000e+00 0.000000000000000000e+00 0.000000000000000000e+00
0.000000000000000000e+00 0.000000000000000000e+00 0.000000000000000000e+00 0.000000000000000000e+00 0.000000000000000000e+00
0.000000000000000000e+00 0.000000000000000000e+00 0.000000000000000000e+00 0.000000000000000000e+00 0.000000000000000000e+00
0.000000000000000000e+00 0.000000000000000000e+00 0.000000000000000000e+00 0.000000000000000000e+00 0.000000000000000000e+00
0.000000000000000000e+00 0.000000000000000000e+00 0.000000000000000000e+00 0.000000000000000000e+00 0.000000000000000000e+00
0.000000000000000000e+00 0.000000000000000000e+00 0.000000000000000000e+00 0.000000000000000000e+00 0.000000000000000000e+00
0.000000000000000000e+00 0.000000000000000000e+00 0.000000000000000000e+00 0.000000000000000000e+00 0.000000000000000000e+00
0.000000000000000000e+00 0.000000000000000000e+00 0.000000000000000000e+00 0.000000000000000000e+00 0.000000000000000000e+00
0.000000000000000000e+00 0.000000000000000000e+00 0.000000000000000000e+00 0.000000000000000000e+00 0.000000000000000000e+00
0.000000000000000000e+00 0.000000000000000000e+00 0.000000000000000000e+00 0.000000000000000000e+00 0.000000000000000000e+00
0.000000000000000000e+00 0.000000000000000000e+00 0.000000000000000000e+00 0.000000000000000000e+00 0.000000000000000000e+00
0.000000000000000000e+00 0.000000000000000000e+00 0.000000000000000000e+00 0.000000000000000000e+00 0.000000000000000000e+00
0.000000000000000000e+00 0.000000000000000000e+00 0.000000000000000000e+00 0.000000000000000000e+00 0.000000000000000000e+00
0.000000000000000000e+00 0.000000000000000000e+00 0.000000000000000000e+00 0.000000000000000000e+00 0.000000000000000000e+00
0.000000000000000000e+00 0.000000000000000000e+00 0.000000000000000000e+00 0.000000000000000000e+00 0.000000000000000000e+00
