0.000000000000000000e+00 0.000000000000000000e+00 1.000000000000000000e+00 0.000000000000000000e+00 0.000000000000000000e+00
4.500697255134582520e-01 2.479228228330612183e-01 1.000000000000000000e+00 0.000000000000000000e+00 0.000000000000000000e+00
2.846529185771942139e-01 4.121601581573486328e-03 0.000000000000000000e+00 1.000000000000000000e+00 0.000000000000000000e+00
8.062448501586914062e-01 -4.787331223487854004e-01 1.000000000000000000e+00 0.000000000000000000e+00 0.000000000000000000e+00
-1.306125760078430176e+00 1.025726556777954102e+00 1.000000000000000000e+00 0.000000000000000000e+00 0.000000000000000000e+00
9.424519538879394531e-01 -1.407601833343505859e-01 1.000000000000000000e+00 0.000000000000000000e+00 0.000000000000000000e+00
4.305128455162048340e-01 -1.881448477506637573e-01 1.000000000000000000e+00 0.000000000000000000e+00 0.000000000000000000e+00
1.334274113178253174e-01 -1.607964336872100830e-01 0.000000000000000000e+00 1.000000000000000000e+00 0.000000000000000000e+00
-7.120215892791748047e-01 -1.022866249084472656e+00 1.000000000000000000e+00 0.000000000000000000e+00 0.000000000000000000e+00
1.179472506046295166e-01 7.575932741165161133e-01 1.000000000000000000e+00 0.000000000000000000e+00 0.000000000000000000e+00
-1.783848702907562256e-01 1.760195374488830566e+00 1.000000000000000000e+00 0.000000000000000000e+00 0.000000000000000000e+00
-8.739149570465087891e-02 2.926181852817535400e-01 1.000000000000000000e+00 0.000000000000000000e+00 0.000000000000000000e+00
-1.031326279044151306e-01 6.914421916007995605e-02 0.000000000000000000e+00 1.000000000000000000e+00 0.000000000000000000e+00
-1.727185994386672974e-01 -8.424286842346191406e-01 1.000000000000000000e+00 0.000000000000000000e+00 0.000000000000000000e+00
-6.751806735992431641e-01 5.317965745925903320e-01 1.000000000000000000e+00 0.000000000000000000e+00 0.000000000000000000e+00
-2.647007405757904053e-01 3.819075226783752441e-01 0.000000000000000000e+00 1.000000000000000000e+00 0.000000000000000000e+00
1.462673902511596680e+00 -7.048556208610534668e-01 1.000000000000000000e+00 0.000000000000000000e+00 0.000000000000000000e+00
3.926051557064056396e-01 2.973430752754211426e-01 1.000000000000000000e+00 0.000000000000000000e+00 0.000000000000000000e+00
2.537795305252075195e-01 5.861644074320793152e-02 0.000000000000000000e+00 1.000000000000000000e+00 0.000000000000000000e+00
9.246389865875244141e-01 -2.491846561431884766e+00 1.000000000000000000e+00 0.000000000000000000e+00 0.000000000000000000e+00
-1.454343497753143311e-01 9.624912738800048828e-01 1.000000000000000000e+00 0.000000000000000000e+00 0.000000000000000000e+00
-1.239359006285667419e-01 3.540869653224945068e-01 0.000000000000000000e+00 1.000000000000000000e+00 0.000000000000000000e+00
4.357936382293701172e-01 -5.634861588478088379e-01 1.000000000000000000e+00 0.000000000000000000e+00 0.000000000000000000e+00
4.374051094055175781e-01 -6.822092831134796143e-02 1.000000000000000000e+00 0.000000000000000000e+00 0.000000000000000000e+00
1.227323561906814575e-01 8.367048203945159912e-02 0.000000000000000000e+00 1.000000000000000000e+00 0.000000000000000000e+00
-1.339213132858276367e+00 9.595348834991455078e-01 1.000000000000000000e+00 0.000000000000000000e+00 0.000000000000000000e+00
-2.281176298856735229e-02 7.158862352371215820e-01 1.000000000000000000e+00 0.000000000000000000e+00 0.000000000000000000e+00
-6.952269375324249268e-02 1.964914649724960327e-01 0.000000000000000000e+00 1.000000000000000000e+00 0.000000000000000000e+00
5.459996461868286133e-01 -8.770958185195922852e-01 1.000000000000000000e+00 0.000000000000000000e+00 0.000000000000000000e+00
4.764973223209381104e-01 6.782997399568557739e-02 1.000000000000000000e+00 0.000000000000000000e+00 0.000000000000000000e+00
1.595946401357650757e-01 1.492139101028442383e-01 1.000000000000000000e+00 0.000000000000000000e+00 0.000000000000000000e+00
-9.002811461687088013e-02 2.948111593723297119e-01 1.000000000000000000e+00 0.000000000000000000e+00 0.000000000000000000e+00
-4.071119427680969238e-01 3.754763901233673096e-01 1.000000000000000000e+00 0.000000000000000000e+00 0.000000000000000000e+00
6.208083629608154297e-01 -1.347788870334625244e-01 1.000000000000000000e+00 0.000000000000000000e+00 0.000000000000000000e+00
4.394125044345855713e-01 -2.018948644399642944e-01 0.000000000000000000e+00 1.000000000000000000e+00 0.000000000000000000e+00
-1.593889236450195312e+00 -2.242959260940551758e+00 0.000000000000000000e+00 0.000000000000000000e+00 1.000000000000000000e+00
-2.673068642616271973e-01 1.499810457229614258e+00 0.000000000000000000e+00 0.000000000000000000e+00 1.000000000000000000e+00
-1.238389730453491211e+00 -1.253968477249145508e-01 0.000000000000000000e+00 0.000000000000000000e+00 1.000000000000000000e+00
-8.481986522674560547e-01 -4.508162140846252441e-01 0.000000000000000000e+00 0.000000000000000000e+00 1.000000000000000000e+00
-8.498895168304443359e-01 -4.022964835166931152e-01 0.000000000000000000e+00 0.000000000000000000e+00 1.000000000000000000e+00
-8.045558929443359375e-01 -4.021435379981994629e-01 0.000000000000000000e+00 0.000000000000000000e+00 1.000000000000000000e+00
-7.743548154830932617e-01 -4.062121510505676270e-01 0.000000000000000000e+00 0.000000000000000000e+00 1.000000000000000000e+00
-7.663933038711547852e-01 -3.822847008705139160e-01 0.000000000000000000e+00 0.000000000000000000e+00 1.000000000000000000e+00
-7.595334053039550781e-01 -3.568084836006164551e-01 0.000000000000000000e+00 0.000000000000000000e+00 1.000000000000000000e+00
-7.424989938735961914e-01 -3.466416001319885254e-01 0.000000000000000000e+00 0.000000000000000000e+00 1.000000000000000000e+00
-7.195410728454589844e-01 -3.513366580009460449e-01 0.000000000000000000e+00 0.000000000000000000e+00 1.000000000000000000e+00
-7.075487375259399414e-01 -3.492248654365539551e-01 0.000000000000000000e+00 0.000000000000000000e+00 1.000000000000000000e+00
-7.021434307098388672e-01 -3.459830880165100098e-01 0.000000000000000000e+00 0.000000000000000000e+00 1.000000000000000000e+00
-7.032185792922973633e-01 -3.344209790229797363e-01 0.000000000000000000e+00 0.000000000000000000e+00 1.000000000000000000e+00
-7.045166492462158203e-01 -3.167358040809631348e-01 0.000000000000000000e+00 0.000000000000000000e+00 1.000000000000000000e+00
-7.023943662643432617e-01 -3.001866340637207031e-01 0.000000000000000000e+00 0.000000000000000000e+00 1.000000000000000000e+00
-6.973887681961059570e-01 -2.907245755195617676e-01 0.000000000000000000e+00 0.000000000000000000e+00 1.000000000000000000e+00
-6.912925243377685547e-01 -2.872841954231262207e-01 0.000000000000000000e+00 0.000000000000000000e+00 1.000000000000000000e+00
-6.869879961013793945e-01 -2.874333858489990234e-01 0.000000000000000000e+00 0.000000000000000000e+00 1.000000000000000000e+00
-6.864249706268310547e-01 -2.851819396018981934e-01 0.000000000000000000e+00 0.000000000000000000e+00 1.000000000000000000e+00
-6.887526512145996094e-01 -2.788828015327453613e-01 0.000000000000000000e+00 0.000000000000000000e+00 1.000000000000000000e+00
-6.864547729492187500e-01 -2.762471437454223633e-01 0.000000000000000000e+00 0.000000000000000000e+00 1.000000000000000000e+00
-6.766672134399414062e-01 -2.806590795516967773e-01 0.000000000000000000e+00 0.000000000000000000e+00 1.000000000000000000e+00
-6.680868864059448242e-01 -2.831903100013732910e-01 0.000000000000000000e+00 0.000000000000000000e+00 1.000000000000000000e+00
-6.622025370597839355e-01 -2.823325991630554199e-01 0.000000000000000000e+00 0.000000000000000000e+00 1.000000000000000000e+00
-6.565373539924621582e-01 -2.816961407661437988e-01 0.000000000000000000e+00 0.000000000000000000e+00 1.000000000000000000e+00
-6.517628431320190430e-01 -2.786405086517333984e-01 0.000000000000000000e+00 0.000000000000000000e+00 1.000000000000000000e+00
-6.506559848785400391e-01 -2.713335156440734863e-01 0.000000000000000000e+00 0.000000000000000000e+00 1.000000000000000000e+00
-6.492735743522644043e-01 -2.645361423492431641e-01 0.000000000000000000e+00 0.000000000000000000e+00 1.000000000000000000e+00
-6.442533731460571289e-01 -2.639253139495849609e-01 0.000000000000000000e+00 0.000000000000000000e+00 1.000000000000000000e+00
-6.394958496093750000e-01 -2.675451636314392090e-01 0.000000000000000000e+00 0.000000000000000000e+00 1.000000000000000000e+00
-6.375076770782470703e-01 -2.710261940956115723e-01 0.000000000000000000e+00 0.000000000000000000e+00 1.000000000000000000e+00
-6.376111507415771484e-01 -2.713018655776977539e-01 0.000000000000000000e+00 0.000000000000000000e+00 1.000000000000000000e+00
-6.380643248558044434e-01 -2.676472067832946777e-01 0.000000000000000000e+00 0.000000000000000000e+00 1.000000000000000000e+00
-6.360200643539428711e-01 -2.624306082725524902e-01 0.000000000000000000e+00 0.000000000000000000e+00 1.000000000000000000e+00
-6.311211585998535156e-01 -2.589837908744812012e-01 0.000000000000000000e+00 0.000000000000000000e+00 1.000000000000000000e+00
-6.266248226165771484e-01 -2.580003738403320312e-01 0.000000000000000000e+00 0.000000000000000000e+00 1.000000000000000000e+00
-6.229324340820312500e-01 -2.598044276237487793e-01 0.000000000000000000e+00 0.000000000000000000e+00 1.000000000000000000e+00
0.000000000000000000e+00 0.000000000000000000e+00 0.000000000000000000e+00 0.000000000000000000e+00 0.000000000000000000e+00
0.000000000000000000e+00 0.000000000000000000e+00 0.000000000000000000e+00 0.000000000000000000e+00 0.000000000000000000e+00
0.000000000000000000e+00 0.000000000000000000e+00 0.000000000000000000e+00 0.000000000000000000e+00 0.000000000000000000e+00
0.000000000000000000e+00 0.000000000000000000e+00 0.000000000000000000e+00 0.000000000000000000e+00 0.000000000000000000e+00
0.000000000000000000e+00 0.000000000000000000e+00 0.000000000000000000e+00 0.000000000000000000e+00 0.000000000000000000e+00
0.000000000000000000e+00 0.000000000000000000e+00 0.000000000000000000e+00 0.000000000000000000e+00 0.000000000000000000e+00
0.000000000000000000e+00 0.000000000000000000e+00 0.000000000000000000e+00 0.000000000000000000e+00 0.000000000000000000e+00
0.000000000000000000e+00 0.000000000000000000e+00 0.000000000000000000e+00 0.000000000000000000e+00 0.000000000000000000e+00
0.000000000000000000e+00 0.000000000000000000e+00 0.000000000000000000e+00 0.000000000000000000e+00 0.000000000000000000e+00
0.000000000000000000e+00 0.000000000000000000e+00 0.000000000000000000e+00 0.000000000000000000e+00 0.000000000000000000e+00
0.000000000000000000e+00 0.000000000000000000e+00 0.000000000000000000e+00 0.000000000000000000e+00 0.000000000000000000e+00
0.000000000000000000e+00 0.000000000000000000e+00 0.000000000000000000e+00 0.000000000000000000e+00 0.000000000000000000e+00
0.000000000000000000e+00 0.000000000000000000e+00 0.000000000000000000e+00 0.000000000000000000e+00 0.000000000000000000e+00
0.000000000000000000e+00 0.000000000000000000e+00 0.000000000000000000e+00 0.000000000000000000e+00 0.000000000000000000e+00
0.000000000000000000e+00 0.000000000000000000e+00 0.000000000000000000e+00 0.000000000000000000e+00 0.000000000000000000e+00
0.000000000000000000e+00 0.000000000000000000e+00 0.000000000000000000e+00 0.000000000000000000e+00 0.000000000000000000e+00
0.000000000000000000e+00 0.000000000000000000e+00 0.000000000000000000e+00 0.000000000000000000e+00 0.000000000000000000e+00
0.000000000000000000e+00 0.000000000000000000e+00 0.000000000000000000e+00 0.000000000000000000e+00 0.000000000000000000e+00
0.000000000000000000e+00 0.000000000000000000e+00 0.000000000000000000e+00 0.000000000000000000e+00 0.000000000000000000e+00
0.000000000000000000e+00 0.000000000000000000e+00 0.000000000000000000e+00 0.000000000000000000e+00 0.000000000000000000e+00
0.000000000000000000e+00 0.000000000000000000e+00 0.000000000000000000e+00 0.000000000000000000e+00 0.000000000000000000e+00
0.000000000000000000e+00 0.000000000000000000e+00 0.000000000000000000e+00 0.000000000000000000e+00 0.000000000000000000e+00
0.000000000000000000e+00 0.000000000000000000e+00 0.000000000000000000e+00 0.000000000000000000e+00 0.000000000000000000e+00
0.000000000000000000e+00 0.000000000000000000e+00 0.000000000000000000e+00 0.000000000000000000e+00 0.000000000000000000e+00
0.000000000000000000e+00 0.000000000000000000e+00 0.000000000000000000e+00 0.000000000000000000e+00 0.000000000000000000e+00
0.000000000000000000e+00 0.000000000000000000e+00 0.000000000000000000e+00 0.000000000000000000e+00 0.000000000000000000e+00
0.000000000000000000e+00 0.000000000000000000e+00 0.000000000000000000e+00 0.000000000000000000e+00 0.000000000000000000e+00
0.000000000000000000e+00 0.000000000000000000e+00 0.000000000000000000e+00 0.000000000000000000e+00 0.000000000000000000e+00
0.000000000000000000e+00 0.000000000000000000e+00 0.000000000000000000e+00 0.000000000000000000e+00 0.000000000000000000e+00
0.000000000000000000e+00 0.000000000000000000e+00 0.000000000000000000e+00 0.000000000000000000e+00 0.000000000000000000e+00
0.000000000000000000e+00 0.000000000000000000e+00 0.000000000000000000e+00 0.000000000000000000e+00 0.000000000000000000e+00
0.000000000000000000e+00 0.000000000000000000e+00 0.000000000000000000e+00 0.000000000000000000e+00 0.000000000000000000e+00
0.000000000000000000e+00 0.000000000000000000e+00 0.000000000000000000e+00 0.000000000000000000e+00 0.000000000000000000e+00
0.000000000000000000e+00 0.000000000000000000e+00 0.000000000000000000e+00 0.000000000000000000e+00 0.000000000000000000e+00
0.000000000000000000e+00 0.000000000000000000e+00 0.000000000000000000e+00 0.000000000000000000e+00 0.000000000000000000e+00
0.000000000000000000e+00 0.000000000000000000e+00 0.000000000000000000e+00 0.000000000000000000e+00 0.000000000000000000e+00
0.000000000000000000e+00 0.000000000000000000e+00 0.000000000000000000e+00 0.000000000000000000e+00 0.000000000000000000e+00
0.000000000000000000e+00 0.000000000000000000e+00 0.000000000000000000e+00 0.000000000000000000e+00 0.000000000000000000e+00
0.000000000000000000e+00 0.000000000000000000e+00 0.000000000000000000e+00 0.000000000000000000e+00 0.000000000000000000e+00
0.000000000000000000e+00 0.000000000000000000e+00 0.000000000000000000e+00 0.000000000000000000e+00 0.000000000000000000e+00
0.000000000000000000e+00 0.000000000000000000e+00 0.000000000000000000e+00 0.000000000000000000e+00 0.000000000000000000e+00
0.000000000000000000e+00 0.000000000000000000e+00 0.000000000000000000e+00 0.000000000000000000e+00 0.000000000000000000e+00
0.000000000000000000e+00 0.000000000000000000e+00 0.000000000000000000e+00 0.000000000000000000e+00 0.000000000000000000e+00
0.000000000000000000e+00 0.000000000000000000e+00 0.000000000000000000e+00 0.000000000000000000e+00 0.000000000000000000e+00
0.000000000000000000e+00 0.000000000000000000e+00 0.000000000000000000e+00 0.000000000000000000e+00 0.000000000000000000e+00
0.000000000000000000e+00 0.000000000000000000e+00 0.000000000000000000e+00 0.000000000000000000e+00 0.000000000000000000e+00
0.000000000000000000e+00 0.000000000000000000e+00 0.000000000000000000e+00 0.000000000000000000e+00 0.000000000000000000e+00
0.000000000000000000e+00 0.000000000000000000e+00 0.000000000000000000e+00 0.000000000000000000e+00 0.000000000000000000e+00
