0.000000000000000000e+00 0.000000000000000000e+00 1.000000000000000000e+00 0.000000000000000000e+00 0.000000000000000000e+00
-1.322769165039062500e+00 1.134181737899780273e+00 1.000000000000000000e+00 0.000000000000000000e+00 0.000000000000000000e+00
-5.356987118721008301e-01 2.870987355709075928e-01 1.000000000000000000e+00 0.000000000000000000e+00 0.000000000000000000e+00
4.261289238929748535e-01 3.928237557411193848e-01 1.000000000000000000e+00 0.000000000000000000e+00 0.000000000000000000e+00
1.067542359232902527e-01 5.876871943473815918e-01 1.000000000000000000e+00 0.000000000000000000e+00 0.000000000000000000e+00
-1.081664338707923889e-01 5.906802415847778320e-01 0.000000000000000000e+00 1.000000000000000000e+00 0.000000000000000000e+00
6.512761116027832031e-01 -1.743418216705322266e+00 1.000000000000000000e+00 0.000000000000000000e+00 0.000000000000000000e+00
1.472674608230590820e+00 -2.956572175025939941e-01 1.000000000000000000e+00 0.000000000000000000e+00 0.000000000000000000e+00
9.367499351501464844e-01 5.641248449683189392e-02 1.000000000000000000e+00 0.000000000000000000e+00 0.000000000000000000e+00
2.509492039680480957e-01 1.854912042617797852e-01 1.000000000000000000e+00 0.000000000000000000e+00 0.000000000000000000e+00
2.761492505669593811e-02 5.208436846733093262e-01 1.000000000000000000e+00 0.000000000000000000e+00 0.000000000000000000e+00
-2.247642129659652710e-01 7.460271120071411133e-01 1.000000000000000000e+00 0.000000000000000000e+00 0.000000000000000000e+00
-1.948947757482528687e-01 3.124860823154449463e-01 1.000000000000000000e+00 0.000000000000000000e+00 0.000000000000000000e+00
-2.599605321884155273e-01 1.909869909286499023e-01 0.000000000000000000e+00 1.000000000000000000e+00 0.000000000000000000e+00
-1.427457213401794434e+00 -1.308015465736389160e+00 1.000000000000000000e+00 0.000000000000000000e+00 0.000000000000000000e+00
3.647674024105072021e-01 1.488347649574279785e-01 1.000000000000000000e+00 0.000000000000000000e+00 0.000000000000000000e+00
7.434822916984558105e-01 -2.403442561626434326e-01 1.000000000000000000e+00 0.000000000000000000e+00 0.000000000000000000e+00
-1.382759451866149902e+00 9.326264858245849609e-01 1.000000000000000000e+00 0.000000000000000000e+00 0.000000000000000000e+00
1.097806453704833984e+00 -2.161381393671035767e-01 1.000000000000000000e+00 0.000000000000000000e+00 0.000000000000000000e+00
4.212569594383239746e-01 -2.124420255422592163e-01 1.000000000000000000e+00 0.000000000000000000e+00 0.000000000000000000e+00
6.010561808943748474e-02 -1.425960510969161987e-01 0.000000000000000000e+00 1.000000000000000000e+00 0.000000000000000000e+00
-6.225988864898681641e-01 -4.409729242324829102e-01 1.000000000000000000e+00 0.000000000000000000e+00 0.000000000000000000e+00
-1.068492680788040161e-01 1.249051451683044434e+00 1.000000000000000000e+00 0.000000000000000000e+00 0.000000000000000000e+00
-8.477654308080673218e-02 2.298999726772308350e-01 0.000000000000000000e+00 1.000000000000000000e+00 0.000000000000000000e+00
-1.706617474555969238e-01 -4.489447772502899170e-01 1.000000000000000000e+00 0.000000000000000000e+00 0.000000000000000000e+00
-8.655229806900024414e-01 6.161789298057556152e-01 1.000000000000000000e+00 0.000000000000000000e+00 0.000000000000000000e+00
7.601208686828613281e-01 -2.966431975364685059e-01 0.000000000000000000e+00 1.000000000000000000e+00 0.000000000000000000e+00
9.232437610626220703e-01 -1.872359514236450195e-01 1.000000000000000000e+00 0.000000000000000000e+00 0.000000000000000000e+00
1.967077851295471191e-01 7.952009886503219604e-02 1.000000000000000000e+00 0.000000000000000000e+00 0.000000000000000000e+00
7.381223142147064209e-03 9.901424497365951538e-02 0.000000000000000000e+00 1.000000000000000000e+00 0.000000000000000000e+00
-2.672197341918945312e+00 9.805449247360229492e-01 1.000000000000000000e+00 0.000000000000000000e+00 0.000000000000000000e+00
1.635286569595336914e+00 -2.376141846179962158e-01 1.000000000000000000e+00 0.000000000000000000e+00 0.000000000000000000e+00
8.534059524536132812e-01 -2.560422420501708984e-01 1.000000000000000000e+00 0.000000000000000000e+00 0.000000000000000000e+00
-1.347376227378845215e+00 9.786066412925720215e-01 1.000000000000000000e+00 0.000000000000000000e+00 0.000000000000000000e+00
1.159239530563354492e+00 -1.324825584888458252e-01 1.000000000000000000e+00 0.000000000000000000e+00 0.000000000000000000e+00
7.371364831924438477e-01 1.876371949911117554e-01 1.000000000000000000e+00 0.000000000000000000e+00 0.000000000000000000e+00
1.350214183330535889e-01 3.827403783798217773e-01 1.000000000000000000e+00 0.000000000000000000e+00 0.000000000000000000e+00
-3.995773196220397949e-01 4.697604775428771973e-01 1.000000000000000000e+00 0.000000000000000000e+00 0.000000000000000000e+00
-8.518385291099548340e-01 3.068636357784271240e-01 1.000000000000000000e+00 0.000000000000000000e+00 0.000000000000000000e+00
-4.857162237167358398e-01 -2.805115282535552979e-02 1.000000000000000000e+00 0.000000000000000000e+00 0.000000000000000000e+00
-4.193528294563293457e-01 -1.969021111726760864e-01 1.000000000000000000e+00 0.000000000000000000e+00 0.000000000000000000e+00
-3.205968141555786133e-01 -3.999536633491516113e-01 0.000000000000000000e+00 1.000000000000000000e+00 0.000000000000000000e+00
1.572349667549133301e-01 -2.979711055755615234e+00 0.000000000000000000e+00 0.000000000000000000e+00 1.000000000000000000e+00
-9.687043428421020508e-01 1.032082915306091309e+00 0.000000000000000000e+00 0.000000000000000000e+00 1.000000000000000000e+00
-1.447764158248901367e+00 -6.495888829231262207e-01 0.000000000000000000e+00 0.000000000000000000e+00 1.000000000000000000e+00
-1.075471997261047363e+00 -4.637259244918823242e-02 0.000000000000000000e+00 0.000000000000000000e+00 1.000000000000000000e+00
-1.325904846191406250e+00 -4.381704926490783691e-01 0.000000000000000000e+00 0.000000000000000000e+00 1.000000000000000000e+00
-1.125250697135925293e+00 -2.221361994743347168e-01 0.000000000000000000e+00 0.000000000000000000e+00 1.000000000000000000e+00
-1.245281457901000977e+00 -3.485117554664611816e-01 0.000000000000000000e+00 0.000000000000000000e+00 1.000000000000000000e+00
-1.135288000106811523e+00 -2.134775519371032715e-01 0.000000000000000000e+00 0.000000000000000000e+00 1.000000000000000000e+00
-1.193238496780395508e+00 -2.158518433570861816e-01 0.000000000000000000e+00 0.000000000000000000e+00 1.000000000000000000e+00
-1.143553137779235840e+00 -1.529191136360168457e-01 0.000000000000000000e+00 0.000000000000000000e+00 1.000000000000000000e+00
-1.158379912376403809e+00 -2.016742825508117676e-01 0.000000000000000000e+00 0.000000000000000000e+00 1.000000000000000000e+00
-1.119790077209472656e+00 -2.035318613052368164e-01 0.000000000000000000e+00 0.000000000000000000e+00 1.000000000000000000e+00
-1.120481610298156738e+00 -2.225689888000488281e-01 0.000000000000000000e+00 0.000000000000000000e+00 1.000000000000000000e+00
-1.095150470733642578e+00 -2.150579094886779785e-01 0.000000000000000000e+00 0.000000000000000000e+00 1.000000000000000000e+00
-1.088564991950988770e+00 -2.175535559654235840e-01 0.000000000000000000e+00 0.000000000000000000e+00 1.000000000000000000e+00
-1.070433139801025391e+00 -2.066943049430847168e-01 0.000000000000000000e+00 0.000000000000000000e+00 1.000000000000000000e+00
-1.063352823257446289e+00 -2.121216654777526855e-01 0.000000000000000000e+00 0.000000000000000000e+00 1.000000000000000000e+00
-1.051016211509704590e+00 -2.124062180519104004e-01 0.000000000000000000e+00 0.000000000000000000e+00 1.000000000000000000e+00
-1.045944333076477051e+00 -2.145418524742126465e-01 0.000000000000000000e+00 0.000000000000000000e+00 1.000000000000000000e+00
-1.036981821060180664e+00 -2.120378613471984863e-01 0.000000000000000000e+00 0.000000000000000000e+00 1.000000000000000000e+00
-1.029754161834716797e+00 -2.090924978256225586e-01 0.000000000000000000e+00 0.000000000000000000e+00 1.000000000000000000e+00
-1.022010326385498047e+00 -2.043267488479614258e-01 0.000000000000000000e+00 0.000000000000000000e+00 1.000000000000000000e+00
-1.014211297035217285e+00 -2.048665285110473633e-01 0.000000000000000000e+00 0.000000000000000000e+00 1.000000000000000000e+00
0.000000000000000000e+00 0.000000000000000000e+00 0.000000000000000000e+00 0.000000000000000000e+00 0.000000000000000000e+00
0.000000000000000000e+00 0.000000000000000000e+00 0.000000000000000000e+00 0.000000000000000000e+00 0.000000000000000000e+00
0.000000000000000000e+00 0.000000000000000000e+00 0.000000000000000000e+00 0.000000000000000000e+00 0.000000000000000000e+00
0.000000000000000000e+00 0.000000000000000000e+00 0.000000000000000000e+00 0.000000000000000000e+00 0.000000000000000000e+00
0.000000000000000000e+00 0.000000000000000000e+00 0.000000000000000000e+00 0.000000000000000000e+00 0.000000000000000000e+00
0.000000000000000000e+00 0.000000000000000000e+00 0.000000000000000000e+00 0.000000000000000000e+00 0.000000000000000000e+00
0.000000000000000000e+00 0.000000000000000000e+00 0.000000000000000000e+00 0.000000000000000000e+00 0.000000000000000000e+00
0.000000000000000000e+00 0.000000000000000000e+00 0.000000000000000000e+00 0.000000000000000000e+00 0.000000000000000000e+00
0.000000000000000000e+00 0.000000000000000000e+00 0.000000000000000000e+00 0.000000000000000000e+00 0.000000000000000000e+00
0.000000000000000000e+00 0.000000000000000000e+00 0.000000000000000000e+00 0.000000000000000000e+00 0.000000000000000000e+00
0.000000000000000000e+00 0.000000000000000000e+00 0.000000000000000000e+00 0.000000000000000000e+00 0.000000000000000000e+00
0.000000000000000000e+00 0.000000000000000000e+00 0.000000000000000000e+00 0.000000000000000000e+00 0.000000000000000000e+00
0.000000000000000000e+00 0.000000000000000000e+00 0.000000000000000000e+00 0.000000000000000000e+00 0.000000000000000000e+00
0.000000000000000000e+00 0.000000000000000000e+00 0.000000000000000000e+00 0.000000000000000000e+00 0.000000000000000000e+00
0.000000000000000000e+00 0.000000000000000000e+00 0.000000000000000000e+00 0.000000000000000000e+00 0.000000000000000000e+00
0.000000000000000000e+00 0.000000000000000000e+00 0.000000000000000000e+00 0.000000000000000000e+00 0.000000000000000000e+00
0.000000000000000000e+00 0.000000000000000000e+00 0.000000000000000000e+00 0.000000000000000000e+00 0.000000000000000000e+00
0.000000000000000000e+00 0.000000000000000000e+00 0.000000000000000000e+00 0.000000000000000000e+00 0.000000000000000000e+00
0.000000000000000000e+00 0.000000000000000000e+00 0.000000000000000000e+00 0.000000000000000000e+00 0.000000000000000000e+00
0.000000000000000000e+00 0.000000000000000000e+00 0.000000000000000000e+00 0.000000000000000000e+00 0.000000000000000000e+00
0.000000000000000000e+00 0.000000000000000000e+00 0.000000000000000000e+00 0.000000000000000000e+00 0.000000000000000000e+00
0.000000000000000000e+00 0.000000000000000000e+00 0.000000000000000000e+00 0.000000000000000000e+00 0.000000000000000000e+00
0.000000000000000000e+00 0.000000000000000000e+00 0.000000000000000000e+00 0.000000000000000000e+00 0.000000000000000000e+00
0.000000000000000000e+00 0.000000000000000000e+00 0.000000000000000000e+00 0.000000000000000000e+00 0.000000000000000000e+00
0.000000000000000000e+00 0.000000000000000000e+00 0.000000000000000000e+00 0.000000000000000000e+00 0.000000000000000000e+00
0.000000000000000000e+00 0.000000000000000000e+00 0.000000000000000000e+00 0.000000000000000000e+00 0.000000000000000000e+00
0.000000000000000000e+00 0.000000000000000000e+00 0.000000000000000000e+00 0.000000000000000000e+00 0.000000000000000000e+00
0.000000000000000000e+00 0.000000000000000000e+00 0.000000000000000000e+00 0.000000000000000000e+00 0.000000000000000000e+00
0.000000000000000000e+00 0.000000000000000000e+00 0.000000000000000000e+00 0.000000000000000000e+00 0.000000000000000000e+00
0.000000000000000000e+00 0.000000000000000000e+00 0.000000000000000000e+00 0.000000000000000000e+00 0.000000000000000000e+00
0.000000000000000000e+00 0.000000000000000000e+00 0.000000000000000000e+00 0.000000000000000000e+00 0.000000000000000000e+00
0.000000000000000000e+00 0.000000000000000000e+00 0.000000000000000000e+00 0.000000000000000000e+00 0.000000000000000000e+00
0.000000000000000000e+00 0.000000000000000000e+00 0.000000000000000000e+00 0.000000000000000000e+00 0.000000000000000000e+00
0.000000000000000000e+00 0.000000000000000000e+00 0.000000000000000000e+00 0.000000000000000000e+00 0.000000000000000000e+00
0.000000000000000000e+00 0.000000000000000000e+00 0.000000000000000000e+00 0.000000000000000000e+00 0.000000000000000000e+00
0.000000000000000000e+00 0.000000000000000000e+00 0.000000000000000000e+00 0.000000000000000000e+00 0.000000000000000000e+00
0.000000000000000000e+00 0.000000000000000000e+00 0.000000000000000000e+00 0.000000000000000000e+00 0.000000000000000000e+00
0.000000000000000000e+00 0.000000000000000000e+00 0.000000000000000000e+00 0.000000000000000000e+00 0.000000000000000000e+00
0.000000000000000000e+00 0.000000000000000000e+00 0.000000000000000000e+00 0.000000000000000000e+00 0.000000000000000000e+00
0.000000000000000000e+00 0.000000000000000000e+00 0.000000000000000000e+00 0.000000000000000000e+00 0.000000000000000000e+00
0.000000000000000000e+00 0.000000000000000000e+00 0.000000000000000000e+00 0.000000000000000000e+00 0.000000000000000000e+00
0.000000000000000000e+00 0.000000000000000000e+00 0.000000000000000000e+00 0.000000000000000000e+00 0.000000000000000000e+00
0.000000000000000000e+00 0.000000000000000000e+00 0.000000000000000000e+00 0.000000000000000000e+00 0.000000000000000000e+00
0.000000000000000000e+00 0.000000000000000000e+00 0.000000000000000000e+00 0.000000000000000000e+00 0.000000000000000000e+00
0.000000000000000000e+00 0.000000000000000000e+00 0.000000000000000000e+00 0.000000000000000000e+00 0.000000000000000000e+00
0.000000000000000000e+00 0.000000000000000000e+00 0.000000000000000000e+00 0.000000000000000000e+00 0.000000000000000000e+00
0.000000000000000000e+00 0.000000000000000000e+00 0.000000000000000000e+00 0.000000000000000000e+00 0.000000000000000000e+00
0.000000000000000000e+00 0.000000000000000000e+00 0.000000000000000000e+00 0.000000000000000000e+00 0.000000000000000000e+00
0.000000000000000000e+00 0.000000000000000000e+00 0.000000000000000000e+00 0.000000000000000000e+00 0.000000000000000000e+00
0.000000000000000000e+00 0.000000000000000000e+00 0.000000000000000000e+00 0.000000000000000000e+00 0.000000000000000000e+00
0.000000000000000000e+00 0.000000000000000000e+00 0.000000000000000000e+00 0.000000000000000000e+00 0.000000000000000000e+00
0.000000000000000000e+00 0.000000000000000000e+00 0.000000000000000000e+00 0.000000000000000000e+00 0.000000000000000000e+00
0.000000000000000000e+00 0.000000000000000000e+00 0.000000000000000000e+00 0.000000000000000000e+00 0.000000000000000000e+00
0.000000000000000000e+00 0.000000000000000000e+00 0.000000000000000000e+00 0.000000000000000000e+00 0.000000000000000000e+00
0.000000000000000000e+00 0.000000000000000000e+00 0.000000000000000000e+00 0.000000000000000000e+00 0.000000000000000000e+00
0.000000000000000000e+00 0.000000000000000000e+00 0.000000000000000000e+00 0.000000000000000000e+00 0.000000000000000000e+00
