0.000000000000000000e+00 0.000000000000000000e+00 1.000000000000000000e+00 0.000000000000000000e+00 0.000000000000000000e+00
4.941273927688598633e-01 -9.521931409835815430e-03 1.000000000000000000e+00 0.000000000000000000e+00 0.000000000000000000e+00
4.323950111865997314e-01 -1.382263600826263428e-01 1.000000000000000000e+00 0.000000000000000000e+00 0.000000000000000000e+00
-9.060714244842529297e-01 7.479203343391418457e-01 1.000000000000000000e+00 0.000000000000000000e+00 0.000000000000000000e+00
6.581604480743408203e-01 -8.652292191982269287e-02 1.000000000000000000e+00 0.000000000000000000e+00 0.000000000000000000e+00
3.150781393051147461e-01 -1.415092051029205322e-01 1.000000000000000000e+00 0.000000000000000000e+00 0.000000000000000000e+00
8.851630985736846924e-02 -1.229806840419769287e-01 0.000000000000000000e+00 1.000000000000000000e+00 0.000000000000000000e+00
-4.971596896648406982e-01 -7.835586071014404297e-01 1.000000000000000000e+00 0.000000000000000000e+00 0.000000000000000000e+00
8.550154417753219604e-02 6.219142079353332520e-01 1.000000000000000000e+00 0.000000000000000000e+00 0.000000000000000000e+00
-1.440311819314956665e-01 1.260444164276123047e+00 1.000000000000000000e+00 0.000000000000000000e+00 0.000000000000000000e+00
-7.020521163940429688e-02 2.074250876903533936e-01 1.000000000000000000e+00 0.000000000000000000e+00 0.000000000000000000e+00
-8.137959241867065430e-02 4.757155850529670715e-02 0.000000000000000000e+00 1.000000000000000000e+00 0.000000000000000000e+00
-1.335829794406890869e-01 -6.880289316177368164e-01 1.000000000000000000e+00 0.000000000000000000e+00 0.000000000000000000e+00
-4.381318688392639160e-01 4.619955420494079590e-01 1.000000000000000000e+00 0.000000000000000000e+00 0.000000000000000000e+00
-1.239555105566978455e-01 2.890021502971649170e-01 0.000000000000000000e+00 1.000000000000000000e+00 0.000000000000000000e+00
9.946321845054626465e-01 -5.415865182876586914e-01 1.000000000000000000e+00 0.000000000000000000e+00 0.000000000000000000e+00
1.468761563301086426e-01 7.481675595045089722e-02 1.000000000000000000e+00 0.000000000000000000e+00 0.000000000000000000e+00
1.095531657338142395e-01 2.105081379413604736e-01 0.000000000000000000e+00 1.000000000000000000e+00 0.000000000000000000e+00
2.542213201522827148e-01 -1.108180999755859375e+00 1.000000000000000000e+00 0.000000000000000000e+00 0.000000000000000000e+00
5.938755869865417480e-01 -1.650516837835311890e-01 1.000000000000000000e+00 0.000000000000000000e+00 0.000000000000000000e+00
2.565166652202606201e-01 -1.577489674091339111e-01 0.000000000000000000e+00 1.000000000000000000e+00 0.000000000000000000e+00
-3.504481613636016846e-01 -2.009046971797943115e-01 1.000000000000000000e+00 0.000000000000000000e+00 0.000000000000000000e+00
-2.405339181423187256e-01 8.269269466400146484e-01 1.000000000000000000e+00 0.000000000000000000e+00 0.000000000000000000e+00
-1.338701993227005005e-01 2.501931190490722656e-01 0.000000000000000000e+00 1.000000000000000000e+00 0.000000000000000000e+00
-4.579415172338485718e-02 -6.740946322679519653e-03 1.000000000000000000e+00 0.000000000000000000e+00 0.000000000000000000e+00
-8.034762740135192871e-02 3.354742527008056641e-01 1.000000000000000000e+00 0.000000000000000000e+00 0.000000000000000000e+00
3.917370438575744629e-01 -3.184196949005126953e-01 0.000000000000000000e+00 1.000000000000000000e+00 0.000000000000000000e+00
2.733156085014343262e-02 1.410865485668182373e-01 1.000000000000000000e+00 0.000000000000000000e+00 0.000000000000000000e+00
-1.512712091207504272e-01 2.190486788749694824e-01 1.000000000000000000e+00 0.000000000000000000e+00 0.000000000000000000e+00
2.147849053144454956e-01 -1.933759301900863647e-01 0.000000000000000000e+00 1.000000000000000000e+00 0.000000000000000000e+00
6.390508413314819336e-01 -1.015944719314575195e+00 1.000000000000000000e+00 0.000000000000000000e+00 0.000000000000000000e+00
-2.023745477199554443e-01 1.011810421943664551e+00 1.000000000000000000e+00 0.000000000000000000e+00 0.000000000000000000e+00
-9.958110749721527100e-02 2.511072158813476562e-01 1.000000000000000000e+00 0.000000000000000000e+00 0.000000000000000000e+00
-1.041098535060882568e-01 1.040678024291992188e-01 0.000000000000000000e+00 1.000000000000000000e+00 0.000000000000000000e+00
6.244360208511352539e-01 -1.811799526214599609e+00 1.000000000000000000e+00 0.000000000000000000e+00 0.000000000000000000e+00
4.563198089599609375e-01 -1.035392954945564270e-01 1.000000000000000000e+00 0.000000000000000000e+00 0.000000000000000000e+00
1.472228318452835083e-01 9.804796427488327026e-02 1.000000000000000000e+00 0.000000000000000000e+00 0.000000000000000000e+00
-8.934478461742401123e-02 1.683775901794433594e+00 1.000000000000000000e+00 0.000000000000000000e+00 0.000000000000000000e+00
-6.439790129661560059e-02 2.494333982467651367e-01 1.000000000000000000e+00 0.000000000000000000e+00 0.000000000000000000e+00
-9.148766100406646729e-02 1.084232032299041748e-01 1.000000000000000000e+00 0.000000000000000000e+00 0.000000000000000000e+00
-1.330900788307189941e-01 2.385714277625083923e-02 0.000000000000000000e+00 1.000000000000000000e+00 0.000000000000000000e+00
-1.533527374267578125e-01 -1.294580578804016113e+00 1.000000000000000000e+00 0.000000000000000000e+00 0.000000000000000000e+00
1.247514784336090088e-01 2.320401743054389954e-02 1.000000000000000000e+00 0.000000000000000000e+00 0.000000000000000000e+00
7.728874683380126953e-03 7.814134657382965088e-02 0.000000000000000000e+00 1.000000000000000000e+00 0.000000000000000000e+00
-1.670156270265579224e-01 3.201071918010711670e-01 1.000000000000000000e+00 0.000000000000000000e+00 0.000000000000000000e+00
3.938716650009155273e-01 -8.249883353710174561e-02 1.000000000000000000e+00 0.000000000000000000e+00 0.000000000000000000e+00
2.053601890802383423e-01 -1.199210360646247864e-01 0.000000000000000000e+00 1.000000000000000000e+00 0.000000000000000000e+00
-1.337447762489318848e+00 -1.353283643722534180e+00 0.000000000000000000e+00 0.000000000000000000e+00 1.000000000000000000e+00
-4.409803152084350586e-01 7.961285114288330078e-01 0.000000000000000000e+00 0.000000000000000000e+00 1.000000000000000000e+00
-1.312922239303588867e+00 -4.823887944221496582e-01 0.000000000000000000e+00 0.000000000000000000e+00 1.000000000000000000e+00
-9.099339246749877930e-01 -1.902658343315124512e-01 0.000000000000000000e+00 0.000000000000000000e+00 1.000000000000000000e+00
-1.027155876159667969e+00 -4.322510361671447754e-01 0.000000000000000000e+00 0.000000000000000000e+00 1.000000000000000000e+00
-9.683743715286254883e-01 -3.241124749183654785e-01 0.000000000000000000e+00 0.000000000000000000e+00 1.000000000000000000e+00
-9.907720088958740234e-01 -3.620620369911193848e-01 0.000000000000000000e+00 0.000000000000000000e+00 1.000000000000000000e+00
-9.715363979339599609e-01 -3.680770993232727051e-01 0.000000000000000000e+00 0.000000000000000000e+00 1.000000000000000000e+00
-9.653861522674560547e-01 -3.670038580894470215e-01 0.000000000000000000e+00 0.000000000000000000e+00 1.000000000000000000e+00
-9.542359113693237305e-01 -3.540120720863342285e-01 0.000000000000000000e+00 0.000000000000000000e+00 1.000000000000000000e+00
-9.426932334899902344e-01 -3.451109528541564941e-01 0.000000000000000000e+00 0.000000000000000000e+00 1.000000000000000000e+00
-9.343969821929931641e-01 -3.369224667549133301e-01 0.000000000000000000e+00 0.000000000000000000e+00 1.000000000000000000e+00
-9.277976751327514648e-01 -3.300810456275939941e-01 0.000000000000000000e+00 0.000000000000000000e+00 1.000000000000000000e+00
-9.216028451919555664e-01 -3.276345133781433105e-01 0.000000000000000000e+00 0.000000000000000000e+00 1.000000000000000000e+00
-9.135202169418334961e-01 -3.257661461830139160e-01 0.000000000000000000e+00 0.000000000000000000e+00 1.000000000000000000e+00
-9.040799140930175781e-01 -3.196783661842346191e-01 0.000000000000000000e+00 0.000000000000000000e+00 1.000000000000000000e+00
-8.955332040786743164e-01 -3.139489293098449707e-01 0.000000000000000000e+00 0.000000000000000000e+00 1.000000000000000000e+00
-8.883774280548095703e-01 -3.115516901016235352e-01 0.000000000000000000e+00 0.000000000000000000e+00 1.000000000000000000e+00
-8.831940889358520508e-01 -3.122219443321228027e-01 0.000000000000000000e+00 0.000000000000000000e+00 1.000000000000000000e+00
0.000000000000000000e+00 0.000000000000000000e+00 0.000000000000000000e+00 0.000000000000000000e+00 0.000000000000000000e+00
0.000000000000000000e+00 0.000000000000000000e+00 0.000000000000000000e+00 0.000000000000000000e+00 0.000000000000000000e+00
0.000000000000000000e+00 0.000000000000000000e+00 0.000000000000000000e+00 0.000000000000000000e+00 0.000000000000000000e+00
0.000000000000000000e+00 0.000000000000000000e+00 0.000000000000000000e+00 0.000000000000000000e+00 0.000000000000000000e+00
0.000000000000000000e+00 0.000000000000000000e+00 0.000000000000000000e+00 0.000000000000000000e+00 0.000000000000000000e+00
0.000000000000000000e+00 0.000000000000000000e+00 0.000000000000000000e+00 0.000000000000000000e+00 0.000000000000000000e+00
0.000000000000000000e+00 0.000000000000000000e+00 0.000000000000000000e+00 0.000000000000000000e+00 0.000000000000000000e+00
0.000000000000000000e+00 0.000000000000000000e+00 0.000000000000000000e+00 0.000000000000000000e+00 0.000000000000000000e+00
0.000000000000000000e+00 0.000000000000000000e+00 0.000000000000000000e+00 0.000000000000000000e+00 0.000000000000000000e+00
0.000000000000000000e+00 0.000000000000000000e+00 0.000000000000000000e+00 0.000000000000000000e+00 0.000000000000000000e+00
0.000000000000000000e+00 0.000000000000000000e+00 0.000000000000000000e+00 0.000000000000000000e+00 0.000000000000000000e+00
0.000000000000000000e+00 0.000000000000000000e+00 0.000000000000000000e+00 0.000000000000000000e+00 0.000000000000000000e+00
0.000000000000000000e+00 0.000000000000000000e+00 0.000000000000000000e+00 0.000000000000000000e+00 0.000000000000000000e+00
0.000000000000000000e+00 0.000000000000000000e+00 0.000000000000000000e+00 0.000000000000000000e+00 0.000000000000000000e+00
0.000000000000000000e+00 0.000000000000000000e+00 0.000000000000000000e+00 0.000000000000000000e+00 0.000000000000000000e+00
0.000000000000000000e+00 0.000000000000000000e+00 0.000000000000000000e+00 0.000000000000000000e+00 0.000000000000000000e+00
0.000000000000000000e+00 0.000000000000000000e+00 0.000000000000000000e+00 0.000000000000000000e+00 0.000000000000000000e+00
0.000000000000000000e+00 0.000000000000000000e+00 0.000000000000000000e+00 0.000000000000000000e+00 0.000000000000000000e+00
0.000000000000000000e+00 0.000000000000000000e+00 0.000000000000000000e+00 0.000000000000000000e+00 0.000000000000000000e+00
0.000000000000000000e+00 0.000000000000000000e+00 0.000000000000000000e+00 0.000000000000000000e+00 0.000000000000000000e+00
0.000000000000000000e+00 0.000000000000000000e+00 0.000000000000000000e+00 0.000000000000000000e+00 0.000000000000000000e+00
0.000000000000000000e+00 0.000000000000000000e+00 0.000000000000000000e+00 0.000000000000000000e+00 0.000000000000000000e+00
0.000000000000000000e+00 0.000000000000000000e+00 0.000000000000000000e+00 0.000000000000000000e+00 0.000000000000000000e+00
0.000000000000000000e+00 0.000000000000000000e+00 0.000000000000000000e+00 0.000000000000000000e+00 0.000000000000000000e+00
0.000000000000000000e+00 0.000000000000000000e+00 0.000000000000000000e+00 0.000000000000000000e+00 0.000000000000000000e+00
0.000000000000000000e+00 0.000000000000000000e+00 0.000000000000000000e+00 0.000000000000000000e+00 0.000000000000000000e+00
0.000000000000000000e+00 0.000000000000000000e+00 0.000000000000000000e+00 0.000000000000000000e+00 0.000000000000000000e+00
0.000000000000000000e+00 0.000000000000000000e+00 0.000000000000000000e+00 0.000000000000000000e+00 0.000000000000000000e+00
0.000000000000000000e+00 0.000000000000000000e+00 0.000000000000000000e+00 0.000000000000000000e+00 0.000000000000000000e+00
0.000000000000000000e+00 0.000000000000000000e+00 0.000000000000000000e+00 0.000000000000000000e+00 0.000000000000000000e+00
0.000000000000000000e+00 0.000000000000000000e+00 0.000000000000000000e+00 0.000000000000000000e+00 0.000000000000000000e+00
0.000000000000000000e+00 0.000000000000000000e+00 0.000000000000000000e+00 0.000000000000000000e+00 0.000000000000000000e+00
0.000000000000000000e+00 0.000000000000000000e+00 0.000000000000000000e+00 0.000000000000000000e+00 0.000000000000000000e+00
0.000000000000000000e+00 0.000000000000000000e+00 0.000000000000000000e+00 0.000000000000000000e+00 0.000000000000000000e+00
0.000000000000000000e+00 0.000000000000000000e+00 0.000000000000000000e+00 0.000000000000000000e+00 0.000000000000000000e+00
0.000000000000000000e+00 0.000000000000000000e+00 0.000000000000000000e+00 0.000000000000000000e+00 0.000000000000000000e+00
0.000000000000000000e+00 0.000000000000000000e+00 0.000000000000000000e+00 0.000000000000000000e+00 0.000000000000000000e+00
0.000000000000000000e+00 0.000000000000000000e+00 0.000000000000000000e+00 0.000000000000000000e+00 0.000000000000000000e+00
0.000000000000000000e+00 0.000000000000000000e+00 0.000000000000000000e+00 0.000000000000000000e+00 0.000000000000000000e+00
0.000000000000000000e+00 0.000000000000000000e+00 0.000000000000000000e+00 0.000000000000000000e+00 0.000000000000000000e+00
0.000000000000000000e+00 0.000000000000000000e+00 0.000000000000000000e+00 0.000000000000000000e+00 0.000000000000000000e+00
0.000000000000000000e+00 0.000000000000000000e+00 0.000000000000000000e+00 0.000000000000000000e+00 0.000000000000000000e+00
0.000000000000000000e+00 0.000000000000000000e+00 0.000000000000000000e+00 0.000000000000000000e+00 0.000000000000000000e+00
0.000000000000000000e+00 0.000000000000000000e+00 0.000000000000000000e+00 0.000000000000000000e+00 0.000000000000000000e+00
0.000000000000000000e+00 0.000000000000000000e+00 0.000000000000000000e+00 0.000000000000000000e+00 0.000000000000000000e+00
0.000000000000000000e+00 0.000000000000000000e+00 0.000000000000000000e+00 0.000000000000000000e+00 0.000000000000000000e+00
0.000000000000000000e+00 0.000000000000000000e+00 0.000000000000000000e+00 0.000000000000000000e+00 0.000000000000000000e+00
0.000000000000000000e+00 0.000000000000000000e+00 0.000000000000000000e+00 0.000000000000000000e+00 0.000000000000000000e+00
0.000000000000000000e+00 0.000000000000000000e+00 0.000000000000000000e+00 0.000000000000000000e+00 0.000000000000000000e+00
0.000000000000000000e+00 0.000000000000000000e+00 0.000000000000000000e+00 0.000000000000000000e+00 0.000000000000000000e+00
0.000000000000000000e+00 0.000000000000000000e+00 0.000000000000000000e+00 0.000000000000000000e+00 0.000000000000000000e+00
0.000000000000000000e+00 0.000000000000000000e+00 0.000000000000000000e+00 0.000000000000000000e+00 0.000000000000000000e+00
0.000000000000000000e+00 0.000000000000000000e+00 0.000000000000000000e+00 0.000000000000000000e+00 0.000000000000000000e+00
0.000000000000000000e+00 0.000000000000000000e+00 0.000000000000000000e+00 0.000000000000000000e+00 0.000000000000000000e+00
0.000000000000000000e+00 0.000000000000000000e+00 0.000000000000000000e+00 0.000000000000000000e+00 0.000000000000000000e+00
