0.000000000000000000e+00 0.000000000000000000e+00 1.000000000000000000e+00 0.000000000000000000e+00 0.000000000000000000e+00
-8.389166593551635742e-01 1.098626017570495605e+00 1.000000000000000000e+00 0.000000000000000000e+00 0.000000000000000000e+00
6.273108720779418945e-01 -3.066505491733551025e-02 1.000000000000000000e+00 0.000000000000000000e+00 0.000000000000000000e+00
-5.325970053672790527e-01 8.527735471725463867e-01 1.000000000000000000e+00 0.000000000000000000e+00 0.000000000000000000e+00
4.529524743556976318e-01 -6.289824843406677246e-03 1.000000000000000000e+00 0.000000000000000000e+00 0.000000000000000000e+00
4.967505857348442078e-02 8.038246631622314453e-02 0.000000000000000000e+00 1.000000000000000000e+00 0.000000000000000000e+00
-5.498088002204895020e-01 1.029319167137145996e+00 1.000000000000000000e+00 0.000000000000000000e+00 0.000000000000000000e+00
6.539278030395507812e-01 -4.538860917091369629e-01 1.000000000000000000e+00 0.000000000000000000e+00 0.000000000000000000e+00
2.813098728656768799e-01 -3.437381982803344727e-01 0.000000000000000000e+00 1.000000000000000000e+00 0.000000000000000000e+00
1.140761256217956543e+00 -2.327157974243164062e+00 1.000000000000000000e+00 0.000000000000000000e+00 0.000000000000000000e+00
-8.288832008838653564e-02 4.273439943790435791e-02 1.000000000000000000e+00 0.000000000000000000e+00 0.000000000000000000e+00
-2.139759808778762817e-02 4.204827845096588135e-01 1.000000000000000000e+00 0.000000000000000000e+00 0.000000000000000000e+00
-1.251843124628067017e-01 2.866022586822509766e-01 0.000000000000000000e+00 1.000000000000000000e+00 0.000000000000000000e+00
-3.029612004756927490e-01 3.152602016925811768e-01 1.000000000000000000e+00 0.000000000000000000e+00 0.000000000000000000e+00
8.399871587753295898e-01 -1.392802596092224121e-01 1.000000000000000000e+00 0.000000000000000000e+00 0.000000000000000000e+00
2.872358858585357666e-01 8.118602633476257324e-02 1.000000000000000000e+00 0.000000000000000000e+00 0.000000000000000000e+00
-8.250283002853393555e-01 1.204505801200866699e+00 1.000000000000000000e+00 0.000000000000000000e+00 0.000000000000000000e+00
-6.486710309982299805e-01 5.682047009468078613e-01 1.000000000000000000e+00 0.000000000000000000e+00 0.000000000000000000e+00
-3.460669815540313721e-01 9.470178186893463135e-02 0.000000000000000000e+00 1.000000000000000000e+00 0.000000000000000000e+00
5.313674807548522949e-01 -9.362800717353820801e-01 1.000000000000000000e+00 0.000000000000000000e+00 0.000000000000000000e+00
1.144381761550903320e+00 7.960305213928222656e-01 1.000000000000000000e+00 0.000000000000000000e+00 0.000000000000000000e+00
6.481734514236450195e-01 2.523643970489501953e-01 1.000000000000000000e+00 0.000000000000000000e+00 0.000000000000000000e+00
6.490112543106079102e-01 8.368107676506042480e-02 1.000000000000000000e+00 0.000000000000000000e+00 0.000000000000000000e+00
6.687397360801696777e-01 -6.384967267513275146e-02 0.000000000000000000e+00 1.000000000000000000e+00 0.000000000000000000e+00
-2.748091459274291992e+00 -2.840259313583374023e+00 0.000000000000000000e+00 0.000000000000000000e+00 1.000000000000000000e+00
3.253593146800994873e-01 6.235258579254150391e-01 0.000000000000000000e+00 0.000000000000000000e+00 1.000000000000000000e+00
-1.459663391113281250e+00 2.839297056198120117e-02 0.000000000000000000e+00 0.000000000000000000e+00 1.000000000000000000e+00
-9.474228620529174805e-01 -2.777669429779052734e-01 0.000000000000000000e+00 0.000000000000000000e+00 1.000000000000000000e+00
-1.009392380714416504e+00 -1.954365968704223633e-01 0.000000000000000000e+00 0.000000000000000000e+00 1.000000000000000000e+00
-9.703789949417114258e-01 -1.378877758979797363e-01 0.000000000000000000e+00 0.000000000000000000e+00 1.000000000000000000e+00
-9.542115926742553711e-01 -1.534645557403564453e-01 0.000000000000000000e+00 0.000000000000000000e+00 1.000000000000000000e+00
-9.251343011856079102e-01 -1.690673828125000000e-01 0.000000000000000000e+00 0.000000000000000000e+00 1.000000000000000000e+00
-9.041891098022460938e-01 -1.846007108688354492e-01 0.000000000000000000e+00 0.000000000000000000e+00 1.000000000000000000e+00
-8.865373134613037109e-01 -1.906422376632690430e-01 0.000000000000000000e+00 0.000000000000000000e+00 1.000000000000000000e+00
-8.729782104492187500e-01 -1.912921667098999023e-01 0.000000000000000000e+00 0.000000000000000000e+00 1.000000000000000000e+00
-8.664339780807495117e-01 -1.922292113304138184e-01 0.000000000000000000e+00 0.000000000000000000e+00 1.000000000000000000e+00
-8.608851432800292969e-01 -1.963126063346862793e-01 0.000000000000000000e+00 0.000000000000000000e+00 1.000000000000000000e+00
-8.509346246719360352e-01 -1.998828649520874023e-01 0.000000000000000000e+00 0.000000000000000000e+00 1.000000000000000000e+00
-8.418548107147216797e-01 -2.025645375251770020e-01 0.000000000000000000e+00 0.000000000000000000e+00 1.000000000000000000e+00
-8.337291479110717773e-01 -2.032666206359863281e-01 0.000000000000000000e+00 0.000000000000000000e+00 1.000000000000000000e+00
-8.277640342712402344e-01 -2.028064727783203125e-01 0.000000000000000000e+00 0.000000000000000000e+00 1.000000000000000000e+00
-8.231418132781982422e-01 -2.008081674575805664e-01 0.000000000000000000e+00 0.000000000000000000e+00 1.000000000000000000e+00
-8.155848979949951172e-01 -2.004182338714599609e-01 0.000000000000000000e+00 0.000000000000000000e+00 1.000000000000000000e+00
-8.054798841476440430e-01 -2.018712162971496582e-01 0.000000000000000000e+00 0.000000000000000000e+00 1.000000000000000000e+00
-7.927772998809814453e-01 -2.081052064895629883e-01 0.000000000000000000e+00 0.000000000000000000e+00 1.000000000000000000e+00
-7.803498506546020508e-01 -2.172982692718505859e-01 0.000000000000000000e+00 0.000000000000000000e+00 1.000000000000000000e+00
-7.707182168960571289e-01 -2.260987758636474609e-01 0.000000000000000000e+00 0.000000000000000000e+00 1.000000000000000000e+00
-7.644037008285522461e-01 -2.330414652824401855e-01 0.000000000000000000e+00 0.000000000000000000e+00 1.000000000000000000e+00
-7.606372833251953125e-01 -2.354297637939453125e-01 0.000000000000000000e+00 0.000000000000000000e+00 1.000000000000000000e+00
-7.572125196456909180e-01 -2.331634759902954102e-01 0.000000000000000000e+00 0.000000000000000000e+00 1.000000000000000000e+00
-7.515885829925537109e-01 -2.289794087409973145e-01 0.000000000000000000e+00 0.000000000000000000e+00 1.000000000000000000e+00
-7.446116209030151367e-01 -2.264076471328735352e-01 0.000000000000000000e+00 0.000000000000000000e+00 1.000000000000000000e+00
-7.373620271682739258e-01 -2.281818389892578125e-01 0.000000000000000000e+00 0.000000000000000000e+00 1.000000000000000000e+00
-7.310291528701782227e-01 -2.327737212181091309e-01 0.000000000000000000e+00 0.000000000000000000e+00 1.000000000000000000e+00
-7.273721694946289062e-01 -2.356643080711364746e-01 0.000000000000000000e+00 0.000000000000000000e+00 1.000000000000000000e+00
-7.249324321746826172e-01 -2.364380955696105957e-01 0.000000000000000000e+00 0.000000000000000000e+00 1.000000000000000000e+00
-7.223526239395141602e-01 -2.355660796165466309e-01 0.000000000000000000e+00 0.000000000000000000e+00 1.000000000000000000e+00
-7.185714244842529297e-01 -2.343209385871887207e-01 0.000000000000000000e+00 0.000000000000000000e+00 1.000000000000000000e+00
-7.140012979507446289e-01 -2.337294220924377441e-01 0.000000000000000000e+00 0.000000000000000000e+00 1.000000000000000000e+00
-7.093217372894287109e-01 -2.360267043113708496e-01 0.000000000000000000e+00 0.000000000000000000e+00 1.000000000000000000e+00
-7.045011520385742188e-01 -2.378486394882202148e-01 0.000000000000000000e+00 0.000000000000000000e+00 1.000000000000000000e+00
-7.005608081817626953e-01 -2.377410531044006348e-01 0.000000000000000000e+00 0.000000000000000000e+00 1.000000000000000000e+00
-6.974446773529052734e-01 -2.341195344924926758e-01 0.000000000000000000e+00 0.000000000000000000e+00 1.000000000000000000e+00
0.000000000000000000e+00 0.000000000000000000e+00 0.000000000000000000e+00 0.000000000000000000e+00 0.000000000000000000e+00
0.000000000000000000e+00 0.000000000000000000e+00 0.000000000000000000e+00 0.000000000000000000e+00 0.000000000000000000e+00
0.000000000000000000e+00 0.000000000000000000e+00 0.000000000000000000e+00 0.000000000000000000e+00 0.000000000000000000e+00
0.000000000000000000e+00 0.000000000000000000e+00 0.000000000000000000e+00 0.000000000000000000e+00 0.000000000000000000e+00
0.000000000000000000e+00 0.000000000000000000e+00 0.000000000000000000e+00 0.000000000000000000e+00 0.000000000000000000e+00
0.000000000000000000e+00 0.000000000000000000e+00 0.000000000000000000e+00 0.000000000000000000e+00 0.000000000000000000e+00
0.000000000000000000e+00 0.000000000000000000e+00 0.000000000000000000e+00 0.000000000000000000e+00 0.000000000000000000e+00
0.000000000000000000e+00 0.000000000000000000e+00 0.000000000000000000e+00 0.000000000000000000e+00 0.000000000000000000e+00
0.000000000000000000e+00 0.000000000000000000e+00 0.000000000000000000e+00 0.000000000000000000e+00 0.000000000000000000e+00
0.000000000000000000e+00 0.000000000000000000e+00 0.000000000000000000e+00 0.000000000000000000e+00 0.000000000000000000e+00
0.000000000000000000e+00 0.000000000000000000e+00 0.000000000000000000e+00 0.000000000000000000e+00 0.000000000000000000e+00
0.000000000000000000e+00 0.000000000000000000e+00 0.000000000000000000e+00 0.000000000000000000e+00 0.000000000000000000e+00
0.000000000000000000e+00 0.000000000000000000e+00 0.000000000000000000e+00 0.000000000000000000e+00 0.000000000000000000e+00
0.000000000000000000e+00 0.000000000000000000e+00 0.000000000000000000e+00 0.000000000000000000e+00 0.000000000000000000e+00
0.000000000000000000e+00 0.000000000000000000e+00 0.000000000000000000e+00 0.000000000000000000e+00 0.000000000000000000e+00
0.000000000000000000e+00 0.000000000000000000e+00 0.000000000000000000e+00 0.000000000000000000e+00 0.000000000000000000e+00
0.000000000000000000e+00 0.000000000000000000e+00 0.000000000000000000e+00 0.000000000000000000e+00 0.000000000000000000e+00
0.000000000000000000e+00 0.000000000000000000e+00 0.000000000000000000e+00 0.000000000000000000e+00 0.000000000000000000e+00
0.000000000000000000e+00 0.000000000000000000e+00 0.000000000000000000e+00 0.000000000000000000e+00 0.000000000000000000e+00
0.000000000000000000e+00 0.000000000000000000e+00 0.000000000000000000e+00 0.000000000000000000e+00 0.000000000000000000e+00
0.000000000000000000e+00 0.000000000000000000e+00 0.000000000000000000e+00 0.000000000000000000e+00 0.000000000000000000e+00
0.000000000000000000e+00 0.000000000000000000e+00 0.000000000000000000e+00 0.000000000000000000e+00 0.000000000000000000e+00
0.000000000000000000e+00 0.000000000000000000e+00 0.000000000000000000e+00 0.000000000000000000e+00 0.000000000000000000e+00
0.000000000000000000e+00 0.000000000000000000e+00 0.000000000000000000e+00 0.000000000000000000e+00 0.000000000000000000e+00
0.000000000000000000e+00 0.000000000000000000e+00 0.000000000000000000e+00 0.000000000000000000e+00 0.000000000000000000e+00
0.000000000000000000e+00 0.000000000000000000e+00 0.000000000000000000e+00 0.000000000000000000e+00 0.000000000000000000e+00
0.000000000000000000e+00 0.000000000000000000e+00 0.000000000000000000e+00 0.000000000000000000e+00 0.000000000000000000e+00
0.000000000000000000e+00 0.000000000000000000e+00 0.000000000000000000e+00 0.000000000000000000e+00 0.000000000000000000e+00
0.000000000000000000e+00 0.000000000000000000e+00 0.000000000000000000e+00 0.000000000000000000e+00 0.000000000000000000e+00
0.000000000000000000e+00 0.000000000000000000e+00 0.000000000000000000e+00 0.000000000000000000e+00 0.000000000000000000e+00
0.000000000000000000e+00 0.000000000000000000e+00 0.000000000000000000e+00 0.000000000000000000e+00 0.000000000000000000e+00
0.000000000000000000e+00 0.000000000000000000e+00 0.000000000000000000e+00 0.000000000000000000e+00 0.000000000000000000e+00
0.000000000000000000e+00 0.000000000000000000e+00 0.000000000000000000e+00 0.000000000000000000e+00 0.000000000000000000e+00
0.000000000000000000e+00 0.000000000000000000e+00 0.000000000000000000e+00 0.000000000000000000e+00 0.000000000000000000e+00
0.000000000000000000e+00 0.000000000000000000e+00 0.000000000000000000e+00 0.000000000000000000e+00 0.000000000000000000e+00
0.000000000000000000e+00 0.000000000000000000e+00 0.000000000000000000e+00 0.000000000000000000e+00 0.000000000000000000e+00
0.000000000000000000e+00 0.000000000000000000e+00 0.000000000000000000e+00 0.000000000000000000e+00 0.000000000000000000e+00
0.000000000000000000e+00 0.000000000000000000e+00 0.000000000000000000e+00 0.000000000000000000e+00 0.000000000000000000e+00
0.000000000000000000e+00 0.000000000000000000e+00 0.000000000000000000e+00 0.000000000000000000e+00 0.000000000000000000e+00
0.000000000000000000e+00 0.000000000000000000e+00 0.000000000000000000e+00 0.000000000000000000e+00 0.000000000000000000e+00
0.000000000000000000e+00 0.000000000000000000e+00 0.000000000000000000e+00 0.000000000000000000e+00 0.000000000000000000e+00
0.000000000000000000e+00 0.000000000000000000e+00 0.000000000000000000e+00 0.000000000000000000e+00 0.000000000000000000e+00
0.000000000000000000e+00 0.000000000000000000e+00 0.000000000000000000e+00 0.000000000000000000e+00 0.000000000000000000e+00
0.000000000000000000e+00 0.000000000000000000e+00 0.000000000000000000e+00 0.000000000000000000e+00 0.000000000000000000e+00
0.000000000000000000e+00 0.000000000000000000e+00 0.000000000000000000e+00 0.000000000000000000e+00 0.000000000000000000e+00
0.000000000000000000e+00 0.000000000000000000e+00 0.000000000000000000e+00 0.000000000000000000e+00 0.000000000000000000e+00
0.000000000000000000e+00 0.000000000000000000e+00 0.000000000000000000e+00 0.000000000000000000e+00 0.000000000000000000e+00
0.000000000000000000e+00 0.000000000000000000e+00 0.000000000000000000e+00 0.000000000000000000e+00 0.000000000000000000e+00
0.000000000000000000e+00 0.000000000000000000e+00 0.000000000000000000e+00 0.000000000000000000e+00 0.000000000000000000e+00
0.000000000000000000e+00 0.000000000000000000e+00 0.000000000000000000e+00 0.000000000000000000e+00 0.000000000000000000e+00
0.000000000000000000e+00 0.000000000000000000e+00 0.000000000000000000e+00 0.000000000000000000e+00 0.000000000000000000e+00
0.000000000000000000e+00 0.000000000000000000e+00 0.000000000000000000e+00 0.000000000000000000e+00 0.000000000000000000e+00
0.000000000000000000e+00 0.000000000000000000e+00 0.000000000000000000e+00 0.000000000000000000e+00 0.000000000000000000e+00
0.000000000000000000e+00 0.000000000000000000e+00 0.000000000000000000e+00 0.000000000000000000e+00 0.000000000000000000e+00
0.000000000000000000e+00 0.000000000000000000e+00 0.000000000000000000e+00 0.000000000000000000e+00 0.000000000000000000e+00
0.000000000000000000e+00 0.000000000000000000e+00 0.000000000000000000e+00 0.000000000000000000e+00 0.000000000000000000e+00
0.000000000000000000e+00 0.000000000000000000e+00 0.000000000000000000e+00 0.000000000000000000e+00 0.000000000000000000e+00
0.000000000000000000e+00 0.000000000000000000e+00 0.000000000000000000e+00 0.000000000000000000e+00 0.000000000000000000e+00
