0.000000000000000000e+00 0.000000000000000000e+00 1.000000000000000000e+00 0.000000000000000000e+00 0.000000000000000000e+00
-9.277120828628540039e-01 1.129734754562377930e+00 1.000000000000000000e+00 0.000000000000000000e+00 0.000000000000000000e+00
6.766501069068908691e-01 -1.246653497219085693e-02 1.000000000000000000e+00 0.000000000000000000e+00 0.000000000000000000e+00
-5.592502355575561523e-01 8.769521117210388184e-01 1.000000000000000000e+00 0.000000000000000000e+00 0.000000000000000000e+00
4.871512353420257568e-01 2.324882149696350098e-02 1.000000000000000000e+00 0.000000000000000000e+00 0.000000000000000000e+00
5.216384679079055786e-02 9.079667925834655762e-02 0.000000000000000000e+00 1.000000000000000000e+00 0.000000000000000000e+00
-6.130614280700683594e-01 1.085177659988403320e+00 1.000000000000000000e+00 0.000000000000000000e+00 0.000000000000000000e+00
6.817380785942077637e-01 -4.219796657562255859e-01 1.000000000000000000e+00 0.000000000000000000e+00 0.000000000000000000e+00
3.050162792205810547e-01 -3.359336853027343750e-01 0.000000000000000000e+00 1.000000000000000000e+00 0.000000000000000000e+00
9.721105694770812988e-01 -2.229792833328247070e+00 1.000000000000000000e+00 0.000000000000000000e+00 0.000000000000000000e+00
7.847487330436706543e-01 -1.363535225391387939e-01 1.000000000000000000e+00 0.000000000000000000e+00 0.000000000000000000e+00
1.918135583400726318e-01 9.180855751037597656e-02 1.000000000000000000e+00 0.000000000000000000e+00 0.000000000000000000e+00
-1.245986461639404297e+00 1.466277956962585449e+00 1.000000000000000000e+00 0.000000000000000000e+00 0.000000000000000000e+00
-7.549955844879150391e-01 6.126458644866943359e-01 1.000000000000000000e+00 0.000000000000000000e+00 0.000000000000000000e+00
-3.988861739635467529e-01 1.655799448490142822e-01 0.000000000000000000e+00 1.000000000000000000e+00 0.000000000000000000e+00
1.600886225700378418e+00 -9.974009394645690918e-01 1.000000000000000000e+00 0.000000000000000000e+00 0.000000000000000000e+00
3.325914144515991211e-01 8.511660993099212646e-02 1.000000000000000000e+00 0.000000000000000000e+00 0.000000000000000000e+00
1.970800757408142090e-01 1.931415051221847534e-01 1.000000000000000000e+00 0.000000000000000000e+00 0.000000000000000000e+00
4.024326801300048828e-03 1.427470445632934570e-01 0.000000000000000000e+00 1.000000000000000000e+00 0.000000000000000000e+00
-8.085092306137084961e-01 4.064520001411437988e-01 1.000000000000000000e+00 0.000000000000000000e+00 0.000000000000000000e+00
5.984792709350585938e-01 -4.052695631980895996e-02 1.000000000000000000e+00 0.000000000000000000e+00 0.000000000000000000e+00
-2.367911636829376221e-01 8.164767622947692871e-01 1.000000000000000000e+00 0.000000000000000000e+00 0.000000000000000000e+00
-2.040996253490447998e-01 2.698001563549041748e-01 1.000000000000000000e+00 0.000000000000000000e+00 0.000000000000000000e+00
8.593355417251586914e-01 -1.574460715055465698e-01 0.000000000000000000e+00 1.000000000000000000e+00 0.000000000000000000e+00
-1.478463411331176758e+00 -1.934158802032470703e+00 0.000000000000000000e+00 0.000000000000000000e+00 1.000000000000000000e+00
-4.002951979637145996e-01 1.365216135978698730e+00 0.000000000000000000e+00 0.000000000000000000e+00 1.000000000000000000e+00
-1.385312676429748535e+00 -2.377097606658935547e-01 0.000000000000000000e+00 0.000000000000000000e+00 1.000000000000000000e+00
-9.931886196136474609e-01 -3.034272789955139160e-01 0.000000000000000000e+00 0.000000000000000000e+00 1.000000000000000000e+00
-1.012108683586120605e+00 -2.940727472305297852e-01 0.000000000000000000e+00 0.000000000000000000e+00 1.000000000000000000e+00
-9.682823419570922852e-01 -2.657386064529418945e-01 0.000000000000000000e+00 0.000000000000000000e+00 1.000000000000000000e+00
-9.517546892166137695e-01 -2.720944285392761230e-01 0.000000000000000000e+00 0.000000000000000000e+00 1.000000000000000000e+00
-9.276229143142700195e-01 -2.777237296104431152e-01 0.000000000000000000e+00 0.000000000000000000e+00 1.000000000000000000e+00
-9.114370346069335938e-01 -2.753058075904846191e-01 0.000000000000000000e+00 0.000000000000000000e+00 1.000000000000000000e+00
-8.986002206802368164e-01 -2.686055898666381836e-01 0.000000000000000000e+00 0.000000000000000000e+00 1.000000000000000000e+00
-8.821780681610107422e-01 -2.784877419471740723e-01 0.000000000000000000e+00 0.000000000000000000e+00 1.000000000000000000e+00
-8.720984458923339844e-01 -2.787843346595764160e-01 0.000000000000000000e+00 0.000000000000000000e+00 1.000000000000000000e+00
-8.624867200851440430e-01 -2.811440825462341309e-01 0.000000000000000000e+00 0.000000000000000000e+00 1.000000000000000000e+00
-8.494948148727416992e-01 -2.872038483619689941e-01 0.000000000000000000e+00 0.000000000000000000e+00 1.000000000000000000e+00
-8.358855247497558594e-01 -2.945548295974731445e-01 0.000000000000000000e+00 0.000000000000000000e+00 1.000000000000000000e+00
-8.258147239685058594e-01 -2.979574203491210938e-01 0.000000000000000000e+00 0.000000000000000000e+00 1.000000000000000000e+00
-8.189408779144287109e-01 -2.988698482513427734e-01 0.000000000000000000e+00 0.000000000000000000e+00 1.000000000000000000e+00
-8.135625123977661133e-01 -2.953569293022155762e-01 0.000000000000000000e+00 0.000000000000000000e+00 1.000000000000000000e+00
-8.078198432922363281e-01 -2.904626727104187012e-01 0.000000000000000000e+00 0.000000000000000000e+00 1.000000000000000000e+00
-7.990653514862060547e-01 -2.882196307182312012e-01 0.000000000000000000e+00 0.000000000000000000e+00 1.000000000000000000e+00
-7.886419296264648438e-01 -2.912549376487731934e-01 0.000000000000000000e+00 0.000000000000000000e+00 1.000000000000000000e+00
-7.786358594894409180e-01 -2.990925312042236328e-01 0.000000000000000000e+00 0.000000000000000000e+00 1.000000000000000000e+00
-7.712974548339843750e-01 -3.084554076194763184e-01 0.000000000000000000e+00 0.000000000000000000e+00 1.000000000000000000e+00
-7.674087285995483398e-01 -3.135322928428649902e-01 0.000000000000000000e+00 0.000000000000000000e+00 1.000000000000000000e+00
-7.654606103897094727e-01 -3.131374120712280273e-01 0.000000000000000000e+00 0.000000000000000000e+00 1.000000000000000000e+00
-7.630571126937866211e-01 -3.085284829139709473e-01 0.000000000000000000e+00 0.000000000000000000e+00 1.000000000000000000e+00
-7.589673995971679688e-01 -3.032503724098205566e-01 0.000000000000000000e+00 0.000000000000000000e+00 1.000000000000000000e+00
-7.537519931793212891e-01 -3.014339208602905273e-01 0.000000000000000000e+00 0.000000000000000000e+00 1.000000000000000000e+00
-7.482726573944091797e-01 -3.036791086196899414e-01 0.000000000000000000e+00 0.000000000000000000e+00 1.000000000000000000e+00
-7.436895370483398438e-01 -3.085834980010986328e-01 0.000000000000000000e+00 0.000000000000000000e+00 1.000000000000000000e+00
-7.401590347290039062e-01 -3.135843873023986816e-01 0.000000000000000000e+00 0.000000000000000000e+00 1.000000000000000000e+00
-7.371273040771484375e-01 -3.160968422889709473e-01 0.000000000000000000e+00 0.000000000000000000e+00 1.000000000000000000e+00
-7.336140871047973633e-01 -3.170831799507141113e-01 0.000000000000000000e+00 0.000000000000000000e+00 1.000000000000000000e+00
-7.289962768554687500e-01 -3.184917569160461426e-01 0.000000000000000000e+00 0.000000000000000000e+00 1.000000000000000000e+00
-7.243057489395141602e-01 -3.207047581672668457e-01 0.000000000000000000e+00 0.000000000000000000e+00 1.000000000000000000e+00
-7.199900150299072266e-01 -3.240347504615783691e-01 0.000000000000000000e+00 0.000000000000000000e+00 1.000000000000000000e+00
-7.164027690887451172e-01 -3.258311152458190918e-01 0.000000000000000000e+00 0.000000000000000000e+00 1.000000000000000000e+00
-7.118562459945678711e-01 -3.269502520561218262e-01 0.000000000000000000e+00 0.000000000000000000e+00 1.000000000000000000e+00
-7.071074247360229492e-01 -3.258019089698791504e-01 0.000000000000000000e+00 0.000000000000000000e+00 1.000000000000000000e+00
-7.035245895385742188e-01 -3.221753239631652832e-01 0.000000000000000000e+00 0.000000000000000000e+00 1.000000000000000000e+00
-7.006781101226806641e-01 -3.206821084022521973e-01 0.000000000000000000e+00 0.000000000000000000e+00 1.000000000000000000e+00
-6.982420682907104492e-01 -3.230465054512023926e-01 0.000000000000000000e+00 0.000000000000000000e+00 1.000000000000000000e+00
-6.964812874794006348e-01 -3.272653222084045410e-01 0.000000000000000000e+00 0.000000000000000000e+00 1.000000000000000000e+00
-6.949551701545715332e-01 -3.304656147956848145e-01 0.000000000000000000e+00 0.000000000000000000e+00 1.000000000000000000e+00
-6.924926042556762695e-01 -3.312144875526428223e-01 0.000000000000000000e+00 0.000000000000000000e+00 1.000000000000000000e+00
-6.910154819488525391e-01 -3.267179131507873535e-01 0.000000000000000000e+00 0.000000000000000000e+00 1.000000000000000000e+00
-6.897855997085571289e-01 -3.218724131584167480e-01 0.000000000000000000e+00 0.000000000000000000e+00 1.000000000000000000e+00
-6.890465021133422852e-01 -3.206585049629211426e-01 0.000000000000000000e+00 0.000000000000000000e+00 1.000000000000000000e+00
-6.889790296554565430e-01 -3.229721188545227051e-01 0.000000000000000000e+00 0.000000000000000000e+00 1.000000000000000000e+00
-6.870124340057373047e-01 -3.258013129234313965e-01 0.000000000000000000e+00 0.000000000000000000e+00 1.000000000000000000e+00
-6.821969747543334961e-01 -3.327494263648986816e-01 0.000000000000000000e+00 0.000000000000000000e+00 1.000000000000000000e+00
-6.769288778305053711e-01 -3.387227654457092285e-01 0.000000000000000000e+00 0.000000000000000000e+00 1.000000000000000000e+00
-6.730496883392333984e-01 -3.356315493583679199e-01 0.000000000000000000e+00 0.000000000000000000e+00 1.000000000000000000e+00
-6.699947118759155273e-01 -3.296750187873840332e-01 0.000000000000000000e+00 0.000000000000000000e+00 1.000000000000000000e+00
-6.688764691352844238e-01 -3.240731358528137207e-01 0.000000000000000000e+00 0.000000000000000000e+00 1.000000000000000000e+00
-6.700736880302429199e-01 -3.225486874580383301e-01 0.000000000000000000e+00 0.000000000000000000e+00 1.000000000000000000e+00
-6.717885732650756836e-01 -3.219339251518249512e-01 0.000000000000000000e+00 0.000000000000000000e+00 1.000000000000000000e+00
-6.719005107879638672e-01 -3.250686526298522949e-01 0.000000000000000000e+00 0.000000000000000000e+00 1.000000000000000000e+00
-6.705901622772216797e-01 -3.287366032600402832e-01 0.000000000000000000e+00 0.000000000000000000e+00 1.000000000000000000e+00
0.000000000000000000e+00 0.000000000000000000e+00 0.000000000000000000e+00 0.000000000000000000e+00 0.000000000000000000e+00
0.000000000000000000e+00 0.000000000000000000e+00 0.000000000000000000e+00 0.000000000000000000e+00 0.000000000000000000e+00
0.000000000000000000e+00 0.000000000000000000e+00 0.000000000000000000e+00 0.000000000000000000e+00 0.000000000000000000e+00
0.000000000000000000e+00 0.000000000000000000e+00 0.000000000000000000e+00 0.000000000000000000e+00 0.000000000000000000e+00
0.000000000000000000e+00 0.000000000000000000e+00 0.000000000000000000e+00 0.000000000000000000e+00 0.000000000000000000e+00
0.000000000000000000e+00 0.000000000000000000e+00 0.000000000000000000e+00 0.000000000000000000e+00 0.000000000000000000e+00
0.000000000000000000e+00 0.000000000000000000e+00 0.000000000000000000e+00 0.000000000000000000e+00 0.000000000000000000e+00
0.000000000000000000e+00 0.000000000000000000e+00 0.000000000000000000e+00 0.000000000000000000e+00 0.000000000000000000e+00
0.000000000000000000e+00 0.000000000000000000e+00 0.000000000000000000e+00 0.000000000000000000e+00 0.000000000000000000e+00
0.000000000000000000e+00 0.000000000000000000e+00 0.000000000000000000e+00 0.000000000000000000e+00 0.000000000000000000e+00
0.000000000000000000e+00 0.000000000000000000e+00 0.000000000000000000e+00 0.000000000000000000e+00 0.000000000000000000e+00
0.000000000000000000e+00 0.000000000000000000e+00 0.000000000000000000e+00 0.000000000000000000e+00 0.000000000000000000e+00
0.000000000000000000e+00 0.000000000000000000e+00 0.000000000000000000e+00 0.000000000000000000e+00 0.000000000000000000e+00
0.000000000000000000e+00 0.000000000000000000e+00 0.000000000000000000e+00 0.000000000000000000e+00 0.000000000000000000e+00
0.000000000000000000e+00 0.000000000000000000e+00 0.000000000000000000e+00 0.000000000000000000e+00 0.000000000000000000e+00
0.000000000000000000e+00 0.000000000000000000e+00 0.000000000000000000e+00 0.000000000000000000e+00 0.000000000000000000e+00
0.000000000000000000e+00 0.000000000000000000e+00 0.000000000000000000e+00 0.000000000000000000e+00 0.000000000000000000e+00
0.000000000000000000e+00 0.000000000000000000e+00 0.000000000000000000e+00 0.000000000000000000e+00 0.000000000000000000e+00
0.000000000000000000e+00 0.000000000000000000e+00 0.000000000000000000e+00 0.000000000000000000e+00 0.000000000000000000e+00
0.000000000000000000e+00 0.000000000000000000e+00 0.000000000000000000e+00 0.000000000000000000e+00 0.000000000000000000e+00
0.000000000000000000e+00 0.000000000000000000e+00 0.000000000000000000e+00 0.000000000000000000e+00 0.000000000000000000e+00
0.000000000000000000e+00 0.000000000000000000e+00 0.000000000000000000e+00 0.000000000000000000e+00 0.000000000000000000e+00
0.000000000000000000e+00 0.000000000000000000e+00 0.000000000000000000e+00 0.000000000000000000e+00 0.000000000000000000e+00
0.000000000000000000e+00 0.000000000000000000e+00 0.000000000000000000e+00 0.000000000000000000e+00 0.000000000000000000e+00
0.000000000000000000e+00 0.000000000000000000e+00 0.000000000000000000e+00 0.000000000000000000e+00 0.000000000000000000e+00
0.000000000000000000e+00 0.000000000000000000e+00 0.000000000000000000e+00 0.000000000000000000e+00 0.000000000000000000e+00
0.000000000000000000e+00 0.000000000000000000e+00 0.000000000000000000e+00 0.000000000000000000e+00 0.000000000000000000e+00
0.000000000000000000e+00 0.000000000000000000e+00 0.000000000000000000e+00 0.000000000000000000e+00 0.000000000000000000e+00
0.000000000000000000e+00 0.000000000000000000e+00 0.000000000000000000e+00 0.000000000000000000e+00 0.000000000000000000e+00
0.000000000000000000e+00 0.000000000000000000e+00 0.000000000000000000e+00 0.000000000000000000e+00 0.000000000000000000e+00
0.000000000000000000e+00 0.000000000000000000e+00 0.000000000000000000e+00 0.000000000000000000e+00 0.000000000000000000e+00
0.000000000000000000e+00 0.000000000000000000e+00 0.000000000000000000e+00 0.000000000000000000e+00 0.000000000000000000e+00
0.000000000000000000e+00 0.000000000000000000e+00 0.000000000000000000e+00 0.000000000000000000e+00 0.000000000000000000e+00
0.000000000000000000e+00 0.000000000000000000e+00 0.000000000000000000e+00 0.000000000000000000e+00 0.000000000000000000e+00
0.000000000000000000e+00 0.000000000000000000e+00 0.000000000000000000e+00 0.000000000000000000e+00 0.000000000000000000e+00
0.000000000000000000e+00 0.000000000000000000e+00 0.000000000000000000e+00 0.000000000000000000e+00 0.000000000000000000e+00
0.000000000000000000e+00 0.000000000000000000e+00 0.000000000000000000e+00 0.000000000000000000e+00 0.000000000000000000e+00
0.000000000000000000e+00 0.000000000000000000e+00 0.000000000000000000e+00 0.000000000000000000e+00 0.000000000000000000e+00
