0.000000000000000000e+00 0.000000000000000000e+00 1.000000000000000000e+00 0.000000000000000000e+00 0.000000000000000000e+00
-7.662638425827026367e-01 9.612891077995300293e-01 1.000000000000000000e+00 0.000000000000000000e+00 0.000000000000000000e+00
5.717823505401611328e-01 -4.976965487003326416e-02 1.000000000000000000e+00 0.000000000000000000e+00 0.000000000000000000e+00
-5.421446561813354492e-01 7.523004412651062012e-01 1.000000000000000000e+00 0.000000000000000000e+00 0.000000000000000000e+00
4.525151848793029785e-01 -4.619918763637542725e-02 1.000000000000000000e+00 0.000000000000000000e+00 0.000000000000000000e+00
4.392473772168159485e-02 5.649545043706893921e-02 0.000000000000000000e+00 1.000000000000000000e+00 0.000000000000000000e+00
-5.510678291320800781e-01 8.616279959678649902e-01 1.000000000000000000e+00 0.000000000000000000e+00 0.000000000000000000e+00
6.101638674736022949e-01 -3.498242795467376709e-01 1.000000000000000000e+00 0.000000000000000000e+00 0.000000000000000000e+00
2.446507215499877930e-01 -2.524536550045013428e-01 0.000000000000000000e+00 1.000000000000000000e+00 0.000000000000000000e+00
9.733979105949401855e-01 -1.861904382705688477e+00 1.000000000000000000e+00 0.000000000000000000e+00 0.000000000000000000e+00
-6.279073357582092285e-01 8.722994923591613770e-01 1.000000000000000000e+00 0.000000000000000000e+00 0.000000000000000000e+00
-2.918640375137329102e-01 2.736481428146362305e-01 1.000000000000000000e+00 0.000000000000000000e+00 0.000000000000000000e+00
-2.709760963916778564e-01 1.323720067739486694e-01 0.000000000000000000e+00 1.000000000000000000e+00 0.000000000000000000e+00
1.067956447601318359e+00 -4.564496874809265137e-01 1.000000000000000000e+00 0.000000000000000000e+00 0.000000000000000000e+00
-6.752754449844360352e-01 7.537262439727783203e-01 1.000000000000000000e+00 0.000000000000000000e+00 0.000000000000000000e+00
-2.839717864990234375e-01 2.045053839683532715e-01 1.000000000000000000e+00 0.000000000000000000e+00 0.000000000000000000e+00
-2.342569828033447266e-01 7.123523205518722534e-02 1.000000000000000000e+00 0.000000000000000000e+00 0.000000000000000000e+00
-3.634570166468620300e-02 -5.637694895267486572e-02 1.000000000000000000e+00 0.000000000000000000e+00 0.000000000000000000e+00
1.008066087961196899e-01 -1.190971285104751587e-01 1.000000000000000000e+00 0.000000000000000000e+00 0.000000000000000000e+00
2.750043869018554688e-01 -1.200578957796096802e-01 1.000000000000000000e+00 0.000000000000000000e+00 0.000000000000000000e+00
2.564820647239685059e-01 4.103206098079681396e-03 1.000000000000000000e+00 0.000000000000000000e+00 0.000000000000000000e+00
1.034361869096755981e-01 8.680061995983123779e-02 1.000000000000000000e+00 0.000000000000000000e+00 0.000000000000000000e+00
5.151752755045890808e-02 3.680883347988128662e-01 1.000000000000000000e+00 0.000000000000000000e+00 0.000000000000000000e+00
-9.254807233810424805e-02 4.322920143604278564e-01 1.000000000000000000e+00 0.000000000000000000e+00 0.000000000000000000e+00
-7.025825977325439453e-02 8.617298305034637451e-02 0.000000000000000000e+00 1.000000000000000000e+00 0.000000000000000000e+00
1.242004752159118652e+00 -2.236976623535156250e+00 1.000000000000000000e+00 0.000000000000000000e+00 0.000000000000000000e+00
4.886101484298706055e-01 -9.719061851501464844e-02 1.000000000000000000e+00 0.000000000000000000e+00 0.000000000000000000e+00
-5.774347111582756042e-02 6.622947752475738525e-02 0.000000000000000000e+00 1.000000000000000000e+00 0.000000000000000000e+00
-7.624446749687194824e-01 7.626209855079650879e-01 1.000000000000000000e+00 0.000000000000000000e+00 0.000000000000000000e+00
7.640994191169738770e-01 -1.324015706777572632e-01 1.000000000000000000e+00 0.000000000000000000e+00 0.000000000000000000e+00
2.044514417648315430e-01 6.329314410686492920e-02 1.000000000000000000e+00 0.000000000000000000e+00 0.000000000000000000e+00
-6.577454507350921631e-03 1.251520156860351562e+00 1.000000000000000000e+00 0.000000000000000000e+00 0.000000000000000000e+00
-1.048518419265747070e-01 4.013855755329132080e-01 1.000000000000000000e+00 0.000000000000000000e+00 0.000000000000000000e+00
-1.182101890444755554e-01 1.193277761340141296e-01 1.000000000000000000e+00 0.000000000000000000e+00 0.000000000000000000e+00
-2.841703891754150391e-01 4.169904813170433044e-02 1.000000000000000000e+00 0.000000000000000000e+00 0.000000000000000000e+00
-3.006050884723663330e-01 -7.512393593788146973e-02 1.000000000000000000e+00 0.000000000000000000e+00 0.000000000000000000e+00
-3.373166322708129883e-01 -2.348204702138900757e-01 0.000000000000000000e+00 1.000000000000000000e+00 0.000000000000000000e+00
-2.247235178947448730e-01 -2.102732181549072266e+00 0.000000000000000000e+00 0.000000000000000000e+00 1.000000000000000000e+00
-9.608600139617919922e-01 5.590508580207824707e-01 0.000000000000000000e+00 0.000000000000000000e+00 1.000000000000000000e+00
-1.289783835411071777e+00 -3.191444277763366699e-01 0.000000000000000000e+00 0.000000000000000000e+00 1.000000000000000000e+00
-9.979735612869262695e-01 -1.220986247062683105e-01 0.000000000000000000e+00 0.000000000000000000e+00 1.000000000000000000e+00
-1.068369746208190918e+00 -2.048106789588928223e-01 0.000000000000000000e+00 0.000000000000000000e+00 1.000000000000000000e+00
-1.004501938819885254e+00 -2.130593061447143555e-01 0.000000000000000000e+00 0.000000000000000000e+00 1.000000000000000000e+00
-9.848320484161376953e-01 -2.502705454826354980e-01 0.000000000000000000e+00 0.000000000000000000e+00 1.000000000000000000e+00
-9.527382850646972656e-01 -2.652620673179626465e-01 0.000000000000000000e+00 0.000000000000000000e+00 1.000000000000000000e+00
-9.340112209320068359e-01 -2.717549204826354980e-01 0.000000000000000000e+00 0.000000000000000000e+00 1.000000000000000000e+00
-9.191292524337768555e-01 -2.680419087409973145e-01 0.000000000000000000e+00 0.000000000000000000e+00 1.000000000000000000e+00
-9.066417217254638672e-01 -2.646364569664001465e-01 0.000000000000000000e+00 0.000000000000000000e+00 1.000000000000000000e+00
-8.994859457015991211e-01 -2.581974267959594727e-01 0.000000000000000000e+00 0.000000000000000000e+00 1.000000000000000000e+00
-8.939386606216430664e-01 -2.538317441940307617e-01 0.000000000000000000e+00 0.000000000000000000e+00 1.000000000000000000e+00
-8.876835107803344727e-01 -2.521269917488098145e-01 0.000000000000000000e+00 0.000000000000000000e+00 1.000000000000000000e+00
-8.824354410171508789e-01 -2.521619200706481934e-01 0.000000000000000000e+00 0.000000000000000000e+00 1.000000000000000000e+00
-8.788050413131713867e-01 -2.513694167137145996e-01 0.000000000000000000e+00 0.000000000000000000e+00 1.000000000000000000e+00
-8.761291503906250000e-01 -2.522184252738952637e-01 0.000000000000000000e+00 0.000000000000000000e+00 1.000000000000000000e+00
-8.719241619110107422e-01 -2.551943659782409668e-01 0.000000000000000000e+00 0.000000000000000000e+00 1.000000000000000000e+00
-8.635659217834472656e-01 -2.618246078491210938e-01 0.000000000000000000e+00 0.000000000000000000e+00 1.000000000000000000e+00
-8.531485795974731445e-01 -2.669815421104431152e-01 0.000000000000000000e+00 0.000000000000000000e+00 1.000000000000000000e+00
-8.431640863418579102e-01 -2.716520428657531738e-01 0.000000000000000000e+00 0.000000000000000000e+00 1.000000000000000000e+00
-8.352656364440917969e-01 -2.728167176246643066e-01 0.000000000000000000e+00 0.000000000000000000e+00 1.000000000000000000e+00
-8.292009830474853516e-01 -2.730811238288879395e-01 0.000000000000000000e+00 0.000000000000000000e+00 1.000000000000000000e+00
-8.224008083343505859e-01 -2.734040617942810059e-01 0.000000000000000000e+00 0.000000000000000000e+00 1.000000000000000000e+00
-8.146657943725585938e-01 -2.736575007438659668e-01 0.000000000000000000e+00 0.000000000000000000e+00 1.000000000000000000e+00
-8.062925338745117188e-01 -2.719826102256774902e-01 0.000000000000000000e+00 0.000000000000000000e+00 1.000000000000000000e+00
-8.002967834472656250e-01 -2.690282464027404785e-01 0.000000000000000000e+00 0.000000000000000000e+00 1.000000000000000000e+00
-7.962207794189453125e-01 -2.689545154571533203e-01 0.000000000000000000e+00 0.000000000000000000e+00 1.000000000000000000e+00
-7.934311628341674805e-01 -2.702887654304504395e-01 0.000000000000000000e+00 0.000000000000000000e+00 1.000000000000000000e+00
-7.916748523712158203e-01 -2.723528146743774414e-01 0.000000000000000000e+00 0.000000000000000000e+00 1.000000000000000000e+00
-7.879545688629150391e-01 -2.746201753616333008e-01 0.000000000000000000e+00 0.000000000000000000e+00 1.000000000000000000e+00
-7.835299968719482422e-01 -2.729957699775695801e-01 0.000000000000000000e+00 0.000000000000000000e+00 1.000000000000000000e+00
-7.784504890441894531e-01 -2.694457173347473145e-01 0.000000000000000000e+00 0.000000000000000000e+00 1.000000000000000000e+00
-7.748888731002807617e-01 -2.669020891189575195e-01 0.000000000000000000e+00 0.000000000000000000e+00 1.000000000000000000e+00
0.000000000000000000e+00 0.000000000000000000e+00 0.000000000000000000e+00 0.000000000000000000e+00 0.000000000000000000e+00
0.000000000000000000e+00 0.000000000000000000e+00 0.000000000000000000e+00 0.000000000000000000e+00 0.000000000000000000e+00
0.000000000000000000e+00 0.000000000000000000e+00 0.000000000000000000e+00 0.000000000000000000e+00 0.000000000000000000e+00
0.000000000000000000e+00 0.000000000000000000e+00 0.000000000000000000e+00 0.000000000000000000e+00 0.000000000000000000e+00
0.000000000000000000e+00 0.000000000000000000e+00 0.000000000000000000e+00 0.000000000000000000e+00 0.000000000000000000e+00
0.000000000000000000e+00 0.000000000000000000e+00 0.000000000000000000e+00 0.000000000000000000e+00 0.000000000000000000e+00
0.000000000000000000e+00 0.000000000000000000e+00 0.000000000000000000e+00 0.000000000000000000e+00 0.000000000000000000e+00
0.000000000000000000e+00 0.000000000000000000e+00 0.000000000000000000e+00 0.000000000000000000e+00 0.000000000000000000e+00
0.000000000000000000e+00 0.000000000000000000e+00 0.000000000000000000e+00 0.000000000000000000e+00 0.000000000000000000e+00
0.000000000000000000e+00 0.000000000000000000e+00 0.000000000000000000e+00 0.000000000000000000e+00 0.000000000000000000e+00
0.000000000000000000e+00 0.000000000000000000e+00 0.000000000000000000e+00 0.000000000000000000e+00 0.000000000000000000e+00
0.000000000000000000e+00 0.000000000000000000e+00 0.000000000000000000e+00 0.000000000000000000e+00 0.000000000000000000e+00
0.000000000000000000e+00 0.000000000000000000e+00 0.000000000000000000e+00 0.000000000000000000e+00 0.000000000000000000e+00
0.000000000000000000e+00 0.000000000000000000e+00 0.000000000000000000e+00 0.000000000000000000e+00 0.000000000000000000e+00
0.000000000000000000e+00 0.000000000000000000e+00 0.000000000000000000e+00 0.000000000000000000e+00 0.000000000000000000e+00
0.000000000000000000e+00 0.000000000000000000e+00 0.000000000000000000e+00 0.000000000000000000e+00 0.000000000000000000e+00
0.000000000000000000e+00 0.000000000000000000e+00 0.000000000000000000e+00 0.000000000000000000e+00 0.000000000000000000e+00
0.000000000000000000e+00 0.000000000000000000e+00 0.000000000000000000e+00 0.000000000000000000e+00 0.000000000000000000e+00
0.000000000000000000e+00 0.000000000000000000e+00 0.000000000000000000e+00 0.000000000000000000e+00 0.000000000000000000e+00
0.000000000000000000e+00 0.000000000000000000e+00 0.000000000000000000e+00 0.000000000000000000e+00 0.000000000000000000e+00
0.000000000000000000e+00 0.000000000000000000e+00 0.000000000000000000e+00 0.000000000000000000e+00 0.000000000000000000e+00
0.000000000000000000e+00 0.000000000000000000e+00 0.000000000000000000e+00 0.000000000000000000e+00 0.000000000000000000e+00
0.000000000000000000e+00 0.000000000000000000e+00 0.000000000000000000e+00 0.000000000000000000e+00 0.000000000000000000e+00
0.000000000000000000e+00 0.000000000000000000e+00 0.000000000000000000e+00 0.000000000000000000e+00 0.000000000000000000e+00
0.000000000000000000e+00 0.000000000000000000e+00 0.000000000000000000e+00 0.000000000000000000e+00 0.000000000000000000e+00
0.000000000000000000e+00 0.000000000000000000e+00 0.000000000000000000e+00 0.000000000000000000e+00 0.000000000000000000e+00
0.000000000000000000e+00 0.000000000000000000e+00 0.000000000000000000e+00 0.000000000000000000e+00 0.000000000000000000e+00
0.000000000000000000e+00 0.000000000000000000e+00 0.000000000000000000e+00 0.000000000000000000e+00 0.000000000000000000e+00
0.000000000000000000e+00 0.000000000000000000e+00 0.000000000000000000e+00 0.000000000000000000e+00 0.000000000000000000e+00
0.000000000000000000e+00 0.000000000000000000e+00 0.000000000000000000e+00 0.000000000000000000e+00 0.000000000000000000e+00
0.000000000000000000e+00 0.000000000000000000e+00 0.000000000000000000e+00 0.000000000000000000e+00 0.000000000000000000e+00
0.000000000000000000e+00 0.000000000000000000e+00 0.000000000000000000e+00 0.000000000000000000e+00 0.000000000000000000e+00
0.000000000000000000e+00 0.000000000000000000e+00 0.000000000000000000e+00 0.000000000000000000e+00 0.000000000000000000e+00
0.000000000000000000e+00 0.000000000000000000e+00 0.000000000000000000e+00 0.000000000000000000e+00 0.000000000000000000e+00
0.000000000000000000e+00 0.000000000000000000e+00 0.000000000000000000e+00 0.000000000000000000e+00 0.000000000000000000e+00
0.000000000000000000e+00 0.000000000000000000e+00 0.000000000000000000e+00 0.000000000000000000e+00 0.000000000000000000e+00
0.000000000000000000e+00 0.000000000000000000e+00 0.000000000000000000e+00 0.000000000000000000e+00 0.000000000000000000e+00
0.000000000000000000e+00 0.000000000000000000e+00 0.000000000000000000e+00 0.000000000000000000e+00 0.000000000000000000e+00
0.000000000000000000e+00 0.000000000000000000e+00 0.000000000000000000e+00 0.000000000000000000e+00 0.000000000000000000e+00
0.000000000000000000e+00 0.000000000000000000e+00 0.000000000000000000e+00 0.000000000000000000e+00 0.000000000000000000e+00
0.000000000000000000e+00 0.000000000000000000e+00 0.000000000000000000e+00 0.000000000000000000e+00 0.000000000000000000e+00
0.000000000000000000e+00 0.000000000000000000e+00 0.000000000000000000e+00 0.000000000000000000e+00 0.000000000000000000e+00
0.000000000000000000e+00 0.000000000000000000e+00 0.000000000000000000e+00 0.000000000000000000e+00 0.000000000000000000e+00
0.000000000000000000e+00 0.000000000000000000e+00 0.000000000000000000e+00 0.000000000000000000e+00 0.000000000000000000e+00
0.000000000000000000e+00 0.000000000000000000e+00 0.000000000000000000e+00 0.000000000000000000e+00 0.000000000000000000e+00
0.000000000000000000e+00 0.000000000000000000e+00 0.000000000000000000e+00 0.000000000000000000e+00 0.000000000000000000e+00
0.000000000000000000e+00 0.000000000000000000e+00 0.000000000000000000e+00 0.000000000000000000e+00 0.000000000000000000e+00
0.000000000000000000e+00 0.000000000000000000e+00 0.000000000000000000e+00 0.000000000000000000e+00 0.000000000000000000e+00
0.000000000000000000e+00 0.000000000000000000e+00 0.000000000000000000e+00 0.000000000000000000e+00 0.000000000000000000e+00
0.000000000000000000e+00 0.000000000000000000e+00 0.000000000000000000e+00 0.000000000000000000e+00 0.000000000000000000e+00
