0.000000000000000000e+00 0.000000000000000000e+00 1.000000000000000000e+00 0.000000000000000000e+00 0.000000000000000000e+00
-8.603165149688720703e-01 1.077172279357910156e+00 1.000000000000000000e+00 0.000000000000000000e+00 0.000000000000000000e+00
6.106041669845581055e-01 -3.976380825042724609e-02 1.000000000000000000e+00 0.000000000000000000e+00 0.000000000000000000e+00
-5.317733883857727051e-01 8.307847976684570312e-01 1.000000000000000000e+00 0.000000000000000000e+00 0.000000000000000000e+00
4.649009704589843750e-01 6.907090544700622559e-03 1.000000000000000000e+00 0.000000000000000000e+00 0.000000000000000000e+00
4.918967932462692261e-02 8.139753341674804688e-02 0.000000000000000000e+00 1.000000000000000000e+00 0.000000000000000000e+00
-6.250503063201904297e-01 1.062747716903686523e+00 1.000000000000000000e+00 0.000000000000000000e+00 0.000000000000000000e+00
6.811327338218688965e-01 -3.931630253791809082e-01 1.000000000000000000e+00 0.000000000000000000e+00 0.000000000000000000e+00
3.005003929138183594e-01 -3.031568825244903564e-01 0.000000000000000000e+00 1.000000000000000000e+00 0.000000000000000000e+00
7.531018257141113281e-01 -2.002720355987548828e+00 1.000000000000000000e+00 0.000000000000000000e+00 0.000000000000000000e+00
8.222948312759399414e-01 -2.515124976634979248e-01 1.000000000000000000e+00 0.000000000000000000e+00 0.000000000000000000e+00
3.299752771854400635e-01 -2.078737914562225342e-01 0.000000000000000000e+00 1.000000000000000000e+00 0.000000000000000000e+00
-2.984597086906433105e-01 -2.143924087285995483e-01 1.000000000000000000e+00 0.000000000000000000e+00 0.000000000000000000e+00
-3.439669907093048096e-01 8.829644322395324707e-01 1.000000000000000000e+00 0.000000000000000000e+00 0.000000000000000000e+00
-2.173930555582046509e-01 3.267861306667327881e-01 0.000000000000000000e+00 1.000000000000000000e+00 0.000000000000000000e+00
-5.068268179893493652e-01 1.489761620759963989e-01 1.000000000000000000e+00 0.000000000000000000e+00 0.000000000000000000e+00
1.194589495658874512e+00 -2.131529897451400757e-01 1.000000000000000000e+00 0.000000000000000000e+00 0.000000000000000000e+00
7.634927630424499512e-01 4.495991766452789307e-02 1.000000000000000000e+00 0.000000000000000000e+00 0.000000000000000000e+00
-6.719897985458374023e-01 6.419409513473510742e-01 1.000000000000000000e+00 0.000000000000000000e+00 0.000000000000000000e+00
-3.966818451881408691e-01 2.297408431768417358e-01 0.000000000000000000e+00 1.000000000000000000e+00 0.000000000000000000e+00
-6.306117773056030273e-01 -1.740713715553283691e-01 1.000000000000000000e+00 0.000000000000000000e+00 0.000000000000000000e+00
1.588053107261657715e-01 5.486265197396278381e-02 1.000000000000000000e+00 0.000000000000000000e+00 0.000000000000000000e+00
1.106395572423934937e-02 1.430063098669052124e-01 0.000000000000000000e+00 1.000000000000000000e+00 0.000000000000000000e+00
-2.909877300262451172e-01 2.818627655506134033e-01 1.000000000000000000e+00 0.000000000000000000e+00 0.000000000000000000e+00
4.842330515384674072e-01 -2.662077546119689941e-03 1.000000000000000000e+00 0.000000000000000000e+00 0.000000000000000000e+00
-3.274723887443542480e-02 6.881961226463317871e-02 0.000000000000000000e+00 1.000000000000000000e+00 0.000000000000000000e+00
-8.838973045349121094e-01 5.265361666679382324e-01 1.000000000000000000e+00 0.000000000000000000e+00 0.000000000000000000e+00
1.236299276351928711e+00 -1.870068609714508057e-01 1.000000000000000000e+00 0.000000000000000000e+00 0.000000000000000000e+00
5.789813995361328125e-01 -1.945763975381851196e-01 0.000000000000000000e+00 1.000000000000000000e+00 0.000000000000000000e+00
-3.768585026264190674e-01 -4.154731631278991699e-01 1.000000000000000000e+00 0.000000000000000000e+00 0.000000000000000000e+00
-7.862608432769775391e-01 1.148328304290771484e+00 1.000000000000000000e+00 0.000000000000000000e+00 0.000000000000000000e+00
-3.503904640674591064e-01 3.235579133033752441e-01 1.000000000000000000e+00 0.000000000000000000e+00 0.000000000000000000e+00
-3.365355730056762695e-01 1.524108946323394775e-01 0.000000000000000000e+00 1.000000000000000000e+00 0.000000000000000000e+00
1.189346551895141602e+00 -5.308675765991210938e-01 1.000000000000000000e+00 0.000000000000000000e+00 0.000000000000000000e+00
8.549532890319824219e-01 5.465958714485168457e-01 1.000000000000000000e+00 0.000000000000000000e+00 0.000000000000000000e+00
4.892915785312652588e-01 1.466724127531051636e-01 0.000000000000000000e+00 1.000000000000000000e+00 0.000000000000000000e+00
-2.108570575714111328e+00 -2.780922889709472656e+00 0.000000000000000000e+00 0.000000000000000000e+00 1.000000000000000000e+00
-1.996782422065734863e-01 1.233639955520629883e+00 0.000000000000000000e+00 0.000000000000000000e+00 1.000000000000000000e+00
-1.286078453063964844e+00 -3.819499611854553223e-01 0.000000000000000000e+00 0.000000000000000000e+00 1.000000000000000000e+00
-9.030894041061401367e-01 -3.563337922096252441e-01 0.000000000000000000e+00 0.000000000000000000e+00 1.000000000000000000e+00
-9.298591613769531250e-01 -3.933761715888977051e-01 0.000000000000000000e+00 0.000000000000000000e+00 1.000000000000000000e+00
-8.840461969375610352e-01 -3.323081135749816895e-01 0.000000000000000000e+00 0.000000000000000000e+00 1.000000000000000000e+00
-8.697079420089721680e-01 -3.121097087860107422e-01 0.000000000000000000e+00 0.000000000000000000e+00 1.000000000000000000e+00
-8.564207553863525391e-01 -2.977346181869506836e-01 0.000000000000000000e+00 0.000000000000000000e+00 1.000000000000000000e+00
-8.484960794448852539e-01 -2.814454436302185059e-01 0.000000000000000000e+00 0.000000000000000000e+00 1.000000000000000000e+00
-8.334732055664062500e-01 -2.839129567146301270e-01 0.000000000000000000e+00 0.000000000000000000e+00 1.000000000000000000e+00
-8.046524524688720703e-01 -3.080093860626220703e-01 0.000000000000000000e+00 0.000000000000000000e+00 1.000000000000000000e+00
-7.906588315963745117e-01 -3.130866289138793945e-01 0.000000000000000000e+00 0.000000000000000000e+00 1.000000000000000000e+00
-7.834452390670776367e-01 -3.090277314186096191e-01 0.000000000000000000e+00 0.000000000000000000e+00 1.000000000000000000e+00
-7.774149179458618164e-01 -2.993178963661193848e-01 0.000000000000000000e+00 0.000000000000000000e+00 1.000000000000000000e+00
-7.722870111465454102e-01 -2.884137630462646484e-01 0.000000000000000000e+00 0.000000000000000000e+00 1.000000000000000000e+00
-7.689639329910278320e-01 -2.766819596290588379e-01 0.000000000000000000e+00 0.000000000000000000e+00 1.000000000000000000e+00
-7.605857849121093750e-01 -2.803588509559631348e-01 0.000000000000000000e+00 0.000000000000000000e+00 1.000000000000000000e+00
-7.468265295028686523e-01 -2.963231205940246582e-01 0.000000000000000000e+00 0.000000000000000000e+00 1.000000000000000000e+00
-7.337901592254638672e-01 -3.023628592491149902e-01 0.000000000000000000e+00 0.000000000000000000e+00 1.000000000000000000e+00
-7.265428304672241211e-01 -3.042754530906677246e-01 0.000000000000000000e+00 0.000000000000000000e+00 1.000000000000000000e+00
-7.205859422683715820e-01 -3.051050901412963867e-01 0.000000000000000000e+00 0.000000000000000000e+00 1.000000000000000000e+00
-7.149059772491455078e-01 -3.063408136367797852e-01 0.000000000000000000e+00 0.000000000000000000e+00 1.000000000000000000e+00
-7.097344398498535156e-01 -3.081888556480407715e-01 0.000000000000000000e+00 0.000000000000000000e+00 1.000000000000000000e+00
-7.036597728729248047e-01 -3.121196627616882324e-01 0.000000000000000000e+00 0.000000000000000000e+00 1.000000000000000000e+00
-6.957963705062866211e-01 -3.147605061531066895e-01 0.000000000000000000e+00 0.000000000000000000e+00 1.000000000000000000e+00
-6.877050399780273438e-01 -3.147616982460021973e-01 0.000000000000000000e+00 0.000000000000000000e+00 1.000000000000000000e+00
-6.787387132644653320e-01 -3.114719390869140625e-01 0.000000000000000000e+00 0.000000000000000000e+00 1.000000000000000000e+00
-6.716611385345458984e-01 -3.075389862060546875e-01 0.000000000000000000e+00 0.000000000000000000e+00 1.000000000000000000e+00
-6.668729782104492188e-01 -3.079915046691894531e-01 0.000000000000000000e+00 0.000000000000000000e+00 1.000000000000000000e+00
-6.634622812271118164e-01 -3.119283318519592285e-01 0.000000000000000000e+00 0.000000000000000000e+00 1.000000000000000000e+00
-6.610742807388305664e-01 -3.164690136909484863e-01 0.000000000000000000e+00 0.000000000000000000e+00 1.000000000000000000e+00
-6.584266424179077148e-01 -3.175135254859924316e-01 0.000000000000000000e+00 0.000000000000000000e+00 1.000000000000000000e+00
-6.547595262527465820e-01 -3.149386048316955566e-01 0.000000000000000000e+00 0.000000000000000000e+00 1.000000000000000000e+00
0.000000000000000000e+00 0.000000000000000000e+00 0.000000000000000000e+00 0.000000000000000000e+00 0.000000000000000000e+00
0.000000000000000000e+00 0.000000000000000000e+00 0.000000000000000000e+00 0.000000000000000000e+00 0.000000000000000000e+00
0.000000000000000000e+00 0.000000000000000000e+00 0.000000000000000000e+00 0.000000000000000000e+00 0.000000000000000000e+00
0.000000000000000000e+00 0.000000000000000000e+00 0.000000000000000000e+00 0.000000000000000000e+00 0.000000000000000000e+00
0.000000000000000000e+00 0.000000000000000000e+00 0.000000000000000000e+00 0.000000000000000000e+00 0.000000000000000000e+00
0.000000000000000000e+00 0.000000000000000000e+00 0.000000000000000000e+00 0.000000000000000000e+00 0.000000000000000000e+00
0.000000000000000000e+00 0.000000000000000000e+00 0.000000000000000000e+00 0.000000000000000000e+00 0.000000000000000000e+00
0.000000000000000000e+00 0.000000000000000000e+00 0.000000000000000000e+00 0.000000000000000000e+00 0.000000000000000000e+00
0.000000000000000000e+00 0.000000000000000000e+00 0.000000000000000000e+00 0.000000000000000000e+00 0.000000000000000000e+00
0.000000000000000000e+00 0.000000000000000000e+00 0.000000000000000000e+00 0.000000000000000000e+00 0.000000000000000000e+00
0.000000000000000000e+00 0.000000000000000000e+00 0.000000000000000000e+00 0.000000000000000000e+00 0.000000000000000000e+00
0.000000000000000000e+00 0.000000000000000000e+00 0.000000000000000000e+00 0.000000000000000000e+00 0.000000000000000000e+00
0.000000000000000000e+00 0.000000000000000000e+00 0.000000000000000000e+00 0.000000000000000000e+00 0.000000000000000000e+00
0.000000000000000000e+00 0.000000000000000000e+00 0.000000000000000000e+00 0.000000000000000000e+00 0.000000000000000000e+00
0.000000000000000000e+00 0.000000000000000000e+00 0.000000000000000000e+00 0.000000000000000000e+00 0.000000000000000000e+00
0.000000000000000000e+00 0.000000000000000000e+00 0.000000000000000000e+00 0.000000000000000000e+00 0.000000000000000000e+00
0.000000000000000000e+00 0.000000000000000000e+00 0.000000000000000000e+00 0.000000000000000000e+00 0.000000000000000000e+00
0.000000000000000000e+00 0.000000000000000000e+00 0.000000000000000000e+00 0.000000000000000000e+00 0.000000000000000000e+00
0.000000000000000000e+00 0.000000000000000000e+00 0.000000000000000000e+00 0.000000000000000000e+00 0.000000000000000000e+00
0.000000000000000000e+00 0.000000000000000000e+00 0.000000000000000000e+00 0.000000000000000000e+00 0.000000000000000000e+00
0.000000000000000000e+00 0.000000000000000000e+00 0.000000000000000000e+00 0.000000000000000000e+00 0.000000000000000000e+00
0.000000000000000000e+00 0.000000000000000000e+00 0.000000000000000000e+00 0.000000000000000000e+00 0.000000000000000000e+00
0.000000000000000000e+00 0.000000000000000000e+00 0.000000000000000000e+00 0.000000000000000000e+00 0.000000000000000000e+00
0.000000000000000000e+00 0.000000000000000000e+00 0.000000000000000000e+00 0.000000000000000000e+00 0.000000000000000000e+00
0.000000000000000000e+00 0.000000000000000000e+00 0.000000000000000000e+00 0.000000000000000000e+00 0.000000000000000000e+00
0.000000000000000000e+00 0.000000000000000000e+00 0.000000000000000000e+00 0.000000000000000000e+00 0.000000000000000000e+00
0.000000000000000000e+00 0.000000000000000000e+00 0.000000000000000000e+00 0.000000000000000000e+00 0.000000000000000000e+00
0.000000000000000000e+00 0.000000000000000000e+00 0.000000000000000000e+00 0.000000000000000000e+00 0.000000000000000000e+00
0.000000000000000000e+00 0.000000000000000000e+00 0.000000000000000000e+00 0.000000000000000000e+00 0.000000000000000000e+00
0.000000000000000000e+00 0.000000000000000000e+00 0.000000000000000000e+00 0.000000000000000000e+00 0.000000000000000000e+00
0.000000000000000000e+00 0.000000000000000000e+00 0.000000000000000000e+00 0.000000000000000000e+00 0.000000000000000000e+00
0.000000000000000000e+00 0.000000000000000000e+00 0.000000000000000000e+00 0.000000000000000000e+00 0.000000000000000000e+00
0.000000000000000000e+00 0.000000000000000000e+00 0.000000000000000000e+00 0.000000000000000000e+00 0.000000000000000000e+00
0.000000000000000000e+00 0.000000000000000000e+00 0.000000000000000000e+00 0.000000000000000000e+00 0.000000000000000000e+00
0.000000000000000000e+00 0.000000000000000000e+00 0.000000000000000000e+00 0.000000000000000000e+00 0.000000000000000000e+00
0.000000000000000000e+00 0.000000000000000000e+00 0.000000000000000000e+00 0.000000000000000000e+00 0.000000000000000000e+00
0.000000000000000000e+00 0.000000000000000000e+00 0.000000000000000000e+00 0.000000000000000000e+00 0.000000000000000000e+00
0.000000000000000000e+00 0.000000000000000000e+00 0.000000000000000000e+00 0.000000000000000000e+00 0.000000000000000000e+00
0.000000000000000000e+00 0.000000000000000000e+00 0.000000000000000000e+00 0.000000000000000000e+00 0.000000000000000000e+00
0.000000000000000000e+00 0.000000000000000000e+00 0.000000000000000000e+00 0.000000000000000000e+00 0.000000000000000000e+00
0.000000000000000000e+00 0.000000000000000000e+00 0.000000000000000000e+00 0.000000000000000000e+00 0.000000000000000000e+00
0.000000000000000000e+00 0.000000000000000000e+00 0.000000000000000000e+00 0.000000000000000000e+00 0.000000000000000000e+00
0.000000000000000000e+00 0.000000000000000000e+00 0.000000000000000000e+00 0.000000000000000000e+00 0.000000000000000000e+00
0.000000000000000000e+00 0.000000000000000000e+00 0.000000000000000000e+00 0.000000000000000000e+00 0.000000000000000000e+00
0.000000000000000000e+00 0.000000000000000000e+00 0.000000000000000000e+00 0.000000000000000000e+00 0.000000000000000000e+00
0.000000000000000000e+00 0.000000000000000000e+00 0.000000000000000000e+00 0.000000000000000000e+00 0.000000000000000000e+00
0.000000000000000000e+00 0.000000000000000000e+00 0.000000000000000000e+00 0.000000000000000000e+00 0.000000000000000000e+00
0.000000000000000000e+00 0.000000000000000000e+00 0.000000000000000000e+00 0.000000000000000000e+00 0.000000000000000000e+00
0.000000000000000000e+00 0.000000000000000000e+00 0.000000000000000000e+00 0.000000000000000000e+00 0.000000000000000000e+00
0.000000000000000000e+00 0.000000000000000000e+00 0.000000000000000000e+00 0.000000000000000000e+00 0.000000000000000000e+00
0.000000000000000000e+00 0.000000000000000000e+00 0.000000000000000000e+00 0.000000000000000000e+00 0.000000000000000000e+00
0.000000000000000000e+00 0.000000000000000000e+00 0.000000000000000000e+00 0.000000000000000000e+00 0.000000000000000000e+00
