0.000000000000000000e+00 0.000000000000000000e+00 1.000000000000000000e+00 0.000000000000000000e+00 0.000000000000000000e+00
-7.308652400970458984e-01 1.000679969787597656e+00 1.000000000000000000e+00 0.000000000000000000e+00 0.000000000000000000e+00
5.446818470954895020e-01 -5.758722126483917236e-02 1.000000000000000000e+00 0.000000000000000000e+00 0.000000000000000000e+00
-4.970255494117736816e-01 7.612176537513732910e-01 1.000000000000000000e+00 0.000000000000000000e+00 0.000000000000000000e+00
4.259811043739318848e-01 -4.271927475929260254e-02 1.000000000000000000e+00 0.000000000000000000e+00 0.000000000000000000e+00
4.579449072480201721e-02 5.885422602295875549e-02 0.000000000000000000e+00 1.000000000000000000e+00 0.000000000000000000e+00
-4.826473295688629150e-01 8.432491421699523926e-01 1.000000000000000000e+00 0.000000000000000000e+00 0.000000000000000000e+00
5.747267007827758789e-01 -3.781347870826721191e-01 1.000000000000000000e+00 0.000000000000000000e+00 0.000000000000000000e+00
2.181013524532318115e-01 -2.577182948589324951e-01 0.000000000000000000e+00 1.000000000000000000e+00 0.000000000000000000e+00
4.396303594112396240e-01 -1.216202616691589355e+00 1.000000000000000000e+00 0.000000000000000000e+00 0.000000000000000000e+00
4.864056408405303955e-02 5.634850263595581055e-01 1.000000000000000000e+00 0.000000000000000000e+00 0.000000000000000000e+00
-5.309420451521873474e-02 4.119081795215606689e-01 1.000000000000000000e+00 0.000000000000000000e+00 0.000000000000000000e+00
-2.519136965274810791e-01 8.590346574783325195e-01 1.000000000000000000e+00 0.000000000000000000e+00 0.000000000000000000e+00
-1.438104510307312012e-01 1.998526751995086670e-01 0.000000000000000000e+00 1.000000000000000000e+00 0.000000000000000000e+00
6.975708007812500000e-01 -2.485707044601440430e+00 1.000000000000000000e+00 0.000000000000000000e+00 0.000000000000000000e+00
8.764504194259643555e-01 -2.431771755218505859e-01 1.000000000000000000e+00 0.000000000000000000e+00 0.000000000000000000e+00
3.424249887466430664e-01 2.841316349804401398e-02 1.000000000000000000e+00 0.000000000000000000e+00 0.000000000000000000e+00
1.620646864175796509e-01 1.738638281822204590e-01 1.000000000000000000e+00 0.000000000000000000e+00 0.000000000000000000e+00
9.745005518198013306e-02 6.558935642242431641e-01 1.000000000000000000e+00 0.000000000000000000e+00 0.000000000000000000e+00
-1.046207547187805176e-01 1.889810323715209961e+00 1.000000000000000000e+00 0.000000000000000000e+00 0.000000000000000000e+00
-7.304772734642028809e-02 2.245794981718063354e-01 1.000000000000000000e+00 0.000000000000000000e+00 0.000000000000000000e+00
-1.193435937166213989e-01 8.555589616298675537e-02 1.000000000000000000e+00 0.000000000000000000e+00 0.000000000000000000e+00
-2.489318400621414185e-01 -2.519568800926208496e-02 0.000000000000000000e+00 1.000000000000000000e+00 0.000000000000000000e+00
-7.827348709106445312e-01 -1.887301325798034668e+00 1.000000000000000000e+00 0.000000000000000000e+00 0.000000000000000000e+00
5.464298725128173828e-01 -1.866595149040222168e-01 1.000000000000000000e+00 0.000000000000000000e+00 0.000000000000000000e+00
1.342639774084091187e-01 -1.091084480285644531e-01 0.000000000000000000e+00 1.000000000000000000e+00 0.000000000000000000e+00
-1.379225254058837891e-01 -1.780187785625457764e-01 1.000000000000000000e+00 0.000000000000000000e+00 0.000000000000000000e+00
-2.967471778392791748e-01 7.405189275741577148e-01 1.000000000000000000e+00 0.000000000000000000e+00 0.000000000000000000e+00
4.198134839534759521e-01 -5.311779677867889404e-02 1.000000000000000000e+00 0.000000000000000000e+00 0.000000000000000000e+00
5.486948043107986450e-02 3.739040344953536987e-02 0.000000000000000000e+00 1.000000000000000000e+00 0.000000000000000000e+00
-6.613550782203674316e-01 5.263040661811828613e-01 1.000000000000000000e+00 0.000000000000000000e+00 0.000000000000000000e+00
-1.794071495532989502e-02 3.366175293922424316e-01 1.000000000000000000e+00 0.000000000000000000e+00 0.000000000000000000e+00
-7.952075451612472534e-02 1.320222318172454834e-01 0.000000000000000000e+00 1.000000000000000000e+00 0.000000000000000000e+00
4.365470707416534424e-01 -5.401132106781005859e-01 1.000000000000000000e+00 0.000000000000000000e+00 0.000000000000000000e+00
1.967025697231292725e-01 3.322634473443031311e-02 1.000000000000000000e+00 0.000000000000000000e+00 0.000000000000000000e+00
-1.012678816914558411e-02 1.943288147449493408e-01 1.000000000000000000e+00 0.000000000000000000e+00 0.000000000000000000e+00
-2.348867952823638916e-01 2.725484371185302734e-01 1.000000000000000000e+00 0.000000000000000000e+00 0.000000000000000000e+00
4.539110660552978516e-01 -1.320965737104415894e-01 0.000000000000000000e+00 1.000000000000000000e+00 0.000000000000000000e+00
-1.182776570320129395e+00 -1.785934925079345703e+00 0.000000000000000000e+00 0.000000000000000000e+00 1.000000000000000000e+00
-5.887626409530639648e-01 1.181409120559692383e+00 0.000000000000000000e+00 0.000000000000000000e+00 1.000000000000000000e+00
-1.495628952980041504e+00 -3.614273667335510254e-01 0.000000000000000000e+00 0.000000000000000000e+00 1.000000000000000000e+00
-9.459574222564697266e-01 -1.396057605743408203e-01 0.000000000000000000e+00 0.000000000000000000e+00 1.000000000000000000e+00
-1.107025027275085449e+00 -3.209080100059509277e-01 0.000000000000000000e+00 0.000000000000000000e+00 1.000000000000000000e+00
-9.811254739761352539e-01 -2.834740281105041504e-01 0.000000000000000000e+00 0.000000000000000000e+00 1.000000000000000000e+00
-9.887024164199829102e-01 -3.170948624610900879e-01 0.000000000000000000e+00 0.000000000000000000e+00 1.000000000000000000e+00
-9.556145668029785156e-01 -3.070395588874816895e-01 0.000000000000000000e+00 0.000000000000000000e+00 1.000000000000000000e+00
-9.444983005523681641e-01 -3.107448816299438477e-01 0.000000000000000000e+00 0.000000000000000000e+00 1.000000000000000000e+00
-9.301987886428833008e-01 -3.040805459022521973e-01 0.000000000000000000e+00 0.000000000000000000e+00 1.000000000000000000e+00
-9.218993186950683594e-01 -2.969613671302795410e-01 0.000000000000000000e+00 0.000000000000000000e+00 1.000000000000000000e+00
-9.152426719665527344e-01 -2.850437760353088379e-01 0.000000000000000000e+00 0.000000000000000000e+00 1.000000000000000000e+00
-9.072214365005493164e-01 -2.736824154853820801e-01 0.000000000000000000e+00 0.000000000000000000e+00 1.000000000000000000e+00
-8.993839025497436523e-01 -2.648917436599731445e-01 0.000000000000000000e+00 0.000000000000000000e+00 1.000000000000000000e+00
-8.901908397674560547e-01 -2.617441415786743164e-01 0.000000000000000000e+00 0.000000000000000000e+00 1.000000000000000000e+00
-8.818149566650390625e-01 -2.628315091133117676e-01 0.000000000000000000e+00 0.000000000000000000e+00 1.000000000000000000e+00
-8.731434345245361328e-01 -2.652674317359924316e-01 0.000000000000000000e+00 0.000000000000000000e+00 1.000000000000000000e+00
-8.656537532806396484e-01 -2.647696733474731445e-01 0.000000000000000000e+00 0.000000000000000000e+00 1.000000000000000000e+00
-8.579900264739990234e-01 -2.636910080909729004e-01 0.000000000000000000e+00 0.000000000000000000e+00 1.000000000000000000e+00
-8.487836122512817383e-01 -2.624782919883728027e-01 0.000000000000000000e+00 0.000000000000000000e+00 1.000000000000000000e+00
-8.419730663299560547e-01 -2.600616812705993652e-01 0.000000000000000000e+00 0.000000000000000000e+00 1.000000000000000000e+00
-8.371328115463256836e-01 -2.591018080711364746e-01 0.000000000000000000e+00 0.000000000000000000e+00 1.000000000000000000e+00
-8.322556018829345703e-01 -2.583995461463928223e-01 0.000000000000000000e+00 0.000000000000000000e+00 1.000000000000000000e+00
0.000000000000000000e+00 0.000000000000000000e+00 0.000000000000000000e+00 0.000000000000000000e+00 0.000000000000000000e+00
0.000000000000000000e+00 0.000000000000000000e+00 0.000000000000000000e+00 0.000000000000000000e+00 0.000000000000000000e+00
0.000000000000000000e+00 0.000000000000000000e+00 0.000000000000000000e+00 0.000000000000000000e+00 0.000000000000000000e+00
0.000000000000000000e+00 0.000000000000000000e+00 0.000000000000000000e+00 0.000000000000000000e+00 0.000000000000000000e+00
0.000000000000000000e+00 0.000000000000000000e+00 0.000000000000000000e+00 0.000000000000000000e+00 0.000000000000000000e+00
0.000000000000000000e+00 0.000000000000000000e+00 0.000000000000000000e+00 0.000000000000000000e+00 0.000000000000000000e+00
0.000000000000000000e+00 0.000000000000000000e+00 0.000000000000000000e+00 0.000000000000000000e+00 0.000000000000000000e+00
0.000000000000000000e+00 0.000000000000000000e+00 0.000000000000000000e+00 0.000000000000000000e+00 0.000000000000000000e+00
0.000000000000000000e+00 0.000000000000000000e+00 0.000000000000000000e+00 0.000000000000000000e+00 0.000000000000000000e+00
0.000000000000000000e+00 0.000000000000000000e+00 0.000000000000000000e+00 0.000000000000000000e+00 0.000000000000000000e+00
0.000000000000000000e+00 0.000000000000000000e+00 0.000000000000000000e+00 0.000000000000000000e+00 0.000000000000000000e+00
0.000000000000000000e+00 0.000000000000000000e+00 0.000000000000000000e+00 0.000000000000000000e+00 0.000000000000000000e+00
0.000000000000000000e+00 0.000000000000000000e+00 0.000000000000000000e+00 0.000000000000000000e+00 0.000000000000000000e+00
0.000000000000000000e+00 0.000000000000000000e+00 0.000000000000000000e+00 0.000000000000000000e+00 0.000000000000000000e+00
0.000000000000000000e+00 0.000000000000000000e+00 0.000000000000000000e+00 0.000000000000000000e+00 0.000000000000000000e+00
0.000000000000000000e+00 0.000000000000000000e+00 0.000000000000000000e+00 0.000000000000000000e+00 0.000000000000000000e+00
0.000000000000000000e+00 0.000000000000000000e+00 0.000000000000000000e+00 0.000000000000000000e+00 0.000000000000000000e+00
0.000000000000000000e+00 0.000000000000000000e+00 0.000000000000000000e+00 0.000000000000000000e+00 0.000000000000000000e+00
0.000000000000000000e+00 0.000000000000000000e+00 0.000000000000000000e+00 0.000000000000000000e+00 0.000000000000000000e+00
0.000000000000000000e+00 0.000000000000000000e+00 0.000000000000000000e+00 0.000000000000000000e+00 0.000000000000000000e+00
0.000000000000000000e+00 0.000000000000000000e+00 0.000000000000000000e+00 0.000000000000000000e+00 0.000000000000000000e+00
0.000000000000000000e+00 0.000000000000000000e+00 0.000000000000000000e+00 0.000000000000000000e+00 0.000000000000000000e+00
0.000000000000000000e+00 0.000000000000000000e+00 0.000000000000000000e+00 0.000000000000000000e+00 0.000000000000000000e+00
0.000000000000000000e+00 0.000000000000000000e+00 0.000000000000000000e+00 0.000000000000000000e+00 0.000000000000000000e+00
0.000000000000000000e+00 0.000000000000000000e+00 0.000000000000000000e+00 0.000000000000000000e+00 0.000000000000000000e+00
0.000000000000000000e+00 0.000000000000000000e+00 0.000000000000000000e+00 0.000000000000000000e+00 0.000000000000000000e+00
0.000000000000000000e+00 0.000000000000000000e+00 0.000000000000000000e+00 0.000000000000000000e+00 0.000000000000000000e+00
0.000000000000000000e+00 0.000000000000000000e+00 0.000000000000000000e+00 0.000000000000000000e+00 0.000000000000000000e+00
0.000000000000000000e+00 0.000000000000000000e+00 0.000000000000000000e+00 0.000000000000000000e+00 0.000000000000000000e+00
0.000000000000000000e+00 0.000000000000000000e+00 0.000000000000000000e+00 0.000000000000000000e+00 0.000000000000000000e+00
0.000000000000000000e+00 0.000000000000000000e+00 0.000000000000000000e+00 0.000000000000000000e+00 0.000000000000000000e+00
0.000000000000000000e+00 0.000000000000000000e+00 0.000000000000000000e+00 0.000000000000000000e+00 0.000000000000000000e+00
0.000000000000000000e+00 0.000000000000000000e+00 0.000000000000000000e+00 0.000000000000000000e+00 0.000000000000000000e+00
0.000000000000000000e+00 0.000000000000000000e+00 0.000000000000000000e+00 0.000000000000000000e+00 0.000000000000000000e+00
0.000000000000000000e+00 0.000000000000000000e+00 0.000000000000000000e+00 0.000000000000000000e+00 0.000000000000000000e+00
0.000000000000000000e+00 0.000000000000000000e+00 0.000000000000000000e+00 0.000000000000000000e+00 0.000000000000000000e+00
0.000000000000000000e+00 0.000000000000000000e+00 0.000000000000000000e+00 0.000000000000000000e+00 0.000000000000000000e+00
0.000000000000000000e+00 0.000000000000000000e+00 0.000000000000000000e+00 0.000000000000000000e+00 0.000000000000000000e+00
0.000000000000000000e+00 0.000000000000000000e+00 0.000000000000000000e+00 0.000000000000000000e+00 0.000000000000000000e+00
0.000000000000000000e+00 0.000000000000000000e+00 0.000000000000000000e+00 0.000000000000000000e+00 0.000000000000000000e+00
0.000000000000000000e+00 0.000000000000000000e+00 0.000000000000000000e+00 0.000000000000000000e+00 0.000000000000000000e+00
0.000000000000000000e+00 0.000000000000000000e+00 0.000000000000000000e+00 0.000000000000000000e+00 0.000000000000000000e+00
0.000000000000000000e+00 0.000000000000000000e+00 0.000000000000000000e+00 0.000000000000000000e+00 0.000000000000000000e+00
0.000000000000000000e+00 0.000000000000000000e+00 0.000000000000000000e+00 0.000000000000000000e+00 0.000000000000000000e+00
0.000000000000000000e+00 0.000000000000000000e+00 0.000000000000000000e+00 0.000000000000000000e+00 0.000000000000000000e+00
0.000000000000000000e+00 0.000000000000000000e+00 0.000000000000000000e+00 0.000000000000000000e+00 0.000000000000000000e+00
0.000000000000000000e+00 0.000000000000000000e+00 0.000000000000000000e+00 0.000000000000000000e+00 0.000000000000000000e+00
0.000000000000000000e+00 0.000000000000000000e+00 0.000000000000000000e+00 0.000000000000000000e+00 0.000000000000000000e+00
0.000000000000000000e+00 0.000000000000000000e+00 0.000000000000000000e+00 0.000000000000000000e+00 0.000000000000000000e+00
0.000000000000000000e+00 0.000000000000000000e+00 0.000000000000000000e+00 0.000000000000000000e+00 0.000000000000000000e+00
0.000000000000000000e+00 0.000000000000000000e+00 0.000000000000000000e+00 0.000000000000000000e+00 0.000000000000000000e+00
0.000000000000000000e+00 0.000000000000000000e+00 0.000000000000000000e+00 0.000000000000000000e+00 0.000000000000000000e+00
0.000000000000000000e+00 0.000000000000000000e+00 0.000000000000000000e+00 0.000000000000000000e+00 0.000000000000000000e+00
0.000000000000000000e+00 0.000000000000000000e+00 0.000000000000000000e+00 0.000000000000000000e+00 0.000000000000000000e+00
0.000000000000000000e+00 0.000000000000000000e+00 0.000000000000000000e+00 0.000000000000000000e+00 0.000000000000000000e+00
0.000000000000000000e+00 0.000000000000000000e+00 0.000000000000000000e+00 0.000000000000000000e+00 0.000000000000000000e+00
0.000000000000000000e+00 0.000000000000000000e+00 0.000000000000000000e+00 0.000000000000000000e+00 0.000000000000000000e+00
0.000000000000000000e+00 0.000000000000000000e+00 0.000000000000000000e+00 0.000000000000000000e+00 0.000000000000000000e+00
0.000000000000000000e+00 0.000000000000000000e+00 0.000000000000000000e+00 0.000000000000000000e+00 0.000000000000000000e+00
0.000000000000000000e+00 0.000000000000000000e+00 0.000000000000000000e+00 0.000000000000000000e+00 0.000000000000000000e+00
