0.000000000000000000e+00 0.000000000000000000e+00 1.000000000000000000e+00 0.000000000000000000e+00 0.000000000000000000e+00
-7.973543405532836914e-01 1.021662831306457520e+00 1.000000000000000000e+00 0.000000000000000000e+00 0.000000000000000000e+00
5.638110041618347168e-01 -3.698550164699554443e-02 1.000000000000000000e+00 0.000000000000000000e+00 0.000000000000000000e+00
-5.121743083000183105e-01 8.045902252197265625e-01 1.000000000000000000e+00 0.000000000000000000e+00 0.000000000000000000e+00
4.431977272033691406e-01 -1.139996945858001709e-02 1.000000000000000000e+00 0.000000000000000000e+00 0.000000000000000000e+00
4.775796458125114441e-02 7.445663958787918091e-02 0.000000000000000000e+00 1.000000000000000000e+00 0.000000000000000000e+00
-5.361524224281311035e-01 9.675723910331726074e-01 1.000000000000000000e+00 0.000000000000000000e+00 0.000000000000000000e+00
6.277138590812683105e-01 -3.982330560684204102e-01 1.000000000000000000e+00 0.000000000000000000e+00 0.000000000000000000e+00
2.730877697467803955e-01 -3.032599687576293945e-01 0.000000000000000000e+00 1.000000000000000000e+00 0.000000000000000000e+00
8.264073133468627930e-01 -2.121485710144042969e+00 1.000000000000000000e+00 0.000000000000000000e+00 0.000000000000000000e+00
-2.261225134134292603e-02 5.610317587852478027e-01 1.000000000000000000e+00 0.000000000000000000e+00 0.000000000000000000e+00
-6.591640412807464600e-02 1.426199674606323242e-01 0.000000000000000000e+00 1.000000000000000000e+00 0.000000000000000000e+00
4.888532161712646484e-01 -8.719599843025207520e-01 1.000000000000000000e+00 0.000000000000000000e+00 0.000000000000000000e+00
3.356360197067260742e-01 2.037914469838142395e-02 1.000000000000000000e+00 0.000000000000000000e+00 0.000000000000000000e+00
8.882145583629608154e-02 1.256675273180007935e-01 1.000000000000000000e+00 0.000000000000000000e+00 0.000000000000000000e+00
-5.820704102516174316e-01 6.002054214477539062e-01 1.000000000000000000e+00 0.000000000000000000e+00 0.000000000000000000e+00
3.380403816699981689e-01 -9.157232940196990967e-02 0.000000000000000000e+00 1.000000000000000000e+00 0.000000000000000000e+00
-1.149329304695129395e+00 6.963947415351867676e-01 1.000000000000000000e+00 0.000000000000000000e+00 0.000000000000000000e+00
3.599151223897933960e-02 4.733716249465942383e-01 1.000000000000000000e+00 0.000000000000000000e+00 0.000000000000000000e+00
-6.841739267110824585e-02 1.549281477928161621e-01 0.000000000000000000e+00 1.000000000000000000e+00 0.000000000000000000e+00
4.268413186073303223e-01 -6.175240278244018555e-01 1.000000000000000000e+00 0.000000000000000000e+00 0.000000000000000000e+00
1.930785477161407471e-01 2.650045230984687805e-02 1.000000000000000000e+00 0.000000000000000000e+00 0.000000000000000000e+00
-1.815892755985260010e-02 1.988758891820907593e-01 1.000000000000000000e+00 0.000000000000000000e+00 0.000000000000000000e+00
-2.469975203275680542e-01 3.175162971019744873e-01 1.000000000000000000e+00 0.000000000000000000e+00 0.000000000000000000e+00
4.245340228080749512e-01 -3.046953976154327393e-01 0.000000000000000000e+00 1.000000000000000000e+00 0.000000000000000000e+00
6.347044706344604492e-01 -4.757837057113647461e-01 1.000000000000000000e+00 0.000000000000000000e+00 0.000000000000000000e+00
-1.577941477298736572e-01 5.440520048141479492e-01 1.000000000000000000e+00 0.000000000000000000e+00 0.000000000000000000e+00
-2.640273422002792358e-03 -5.435016751289367676e-02 0.000000000000000000e+00 1.000000000000000000e+00 0.000000000000000000e+00
4.183634519577026367e-01 -4.963047504425048828e-01 1.000000000000000000e+00 0.000000000000000000e+00 0.000000000000000000e+00
1.777127385139465332e-01 2.258598804473876953e-02 1.000000000000000000e+00 0.000000000000000000e+00 0.000000000000000000e+00
-2.355739660561084747e-02 2.096581757068634033e-01 1.000000000000000000e+00 0.000000000000000000e+00 0.000000000000000000e+00
-3.409475684165954590e-01 3.778594732284545898e-01 1.000000000000000000e+00 0.000000000000000000e+00 0.000000000000000000e+00
2.557502090930938721e-01 -6.866255402565002441e-02 0.000000000000000000e+00 1.000000000000000000e+00 0.000000000000000000e+00
-1.851926803588867188e+00 9.607428908348083496e-01 1.000000000000000000e+00 0.000000000000000000e+00 0.000000000000000000e+00
1.223477840423583984e+00 -2.032654583454132080e-01 1.000000000000000000e+00 0.000000000000000000e+00 0.000000000000000000e+00
5.125052928924560547e-01 -1.775849461555480957e-01 1.000000000000000000e+00 0.000000000000000000e+00 0.000000000000000000e+00
6.008688360452651978e-02 -8.720409870147705078e-02 0.000000000000000000e+00 1.000000000000000000e+00 0.000000000000000000e+00
-6.918449997901916504e-01 -1.829985082149505615e-01 1.000000000000000000e+00 0.000000000000000000e+00 0.000000000000000000e+00
-5.743750184774398804e-02 1.149129748344421387e+00 1.000000000000000000e+00 0.000000000000000000e+00 0.000000000000000000e+00
-6.779289990663528442e-02 2.273064404726028442e-01 1.000000000000000000e+00 0.000000000000000000e+00 0.000000000000000000e+00
-9.584744274616241455e-02 8.440229296684265137e-02 0.000000000000000000e+00 1.000000000000000000e+00 0.000000000000000000e+00
-1.454325616359710693e-01 -6.275260448455810547e-01 1.000000000000000000e+00 0.000000000000000000e+00 0.000000000000000000e+00
-8.334670066833496094e-01 5.667178630828857422e-01 1.000000000000000000e+00 0.000000000000000000e+00 0.000000000000000000e+00
-4.800294712185859680e-02 -4.915567487478256226e-02 0.000000000000000000e+00 1.000000000000000000e+00 0.000000000000000000e+00
1.496560096740722656e+00 -5.282995700836181641e-01 1.000000000000000000e+00 0.000000000000000000e+00 0.000000000000000000e+00
7.680810689926147461e-01 5.009192228317260742e-01 1.000000000000000000e+00 0.000000000000000000e+00 0.000000000000000000e+00
4.466305673122406006e-01 1.348841041326522827e-01 0.000000000000000000e+00 1.000000000000000000e+00 0.000000000000000000e+00
-2.164322853088378906e+00 -2.517801761627197266e+00 0.000000000000000000e+00 0.000000000000000000e+00 1.000000000000000000e+00
-2.932166755199432373e-01 1.491337776184082031e+00 0.000000000000000000e+00 0.000000000000000000e+00 1.000000000000000000e+00
-1.661039829254150391e+00 -1.793709993362426758e-01 0.000000000000000000e+00 0.000000000000000000e+00 1.000000000000000000e+00
-1.072268366813659668e+00 -1.808418035507202148e-01 0.000000000000000000e+00 0.000000000000000000e+00 1.000000000000000000e+00
-1.238519191741943359e+00 -3.317731022834777832e-01 0.000000000000000000e+00 0.000000000000000000e+00 1.000000000000000000e+00
-1.122358798980712891e+00 -2.325552701950073242e-01 0.000000000000000000e+00 0.000000000000000000e+00 1.000000000000000000e+00
-1.148448348045349121e+00 -2.266823053359985352e-01 0.000000000000000000e+00 0.000000000000000000e+00 1.000000000000000000e+00
-1.119703292846679688e+00 -2.054234147071838379e-01 0.000000000000000000e+00 0.000000000000000000e+00 1.000000000000000000e+00
-1.113533973693847656e+00 -1.858227252960205078e-01 0.000000000000000000e+00 0.000000000000000000e+00 1.000000000000000000e+00
-1.099850416183471680e+00 -1.645259857177734375e-01 0.000000000000000000e+00 0.000000000000000000e+00 1.000000000000000000e+00
-1.087571978569030762e+00 -1.665114760398864746e-01 0.000000000000000000e+00 0.000000000000000000e+00 1.000000000000000000e+00
-1.074626088142395020e+00 -1.779277920722961426e-01 0.000000000000000000e+00 0.000000000000000000e+00 1.000000000000000000e+00
-1.065956115722656250e+00 -1.797354817390441895e-01 0.000000000000000000e+00 0.000000000000000000e+00 1.000000000000000000e+00
-1.057857513427734375e+00 -1.795256137847900391e-01 0.000000000000000000e+00 0.000000000000000000e+00 1.000000000000000000e+00
-1.049363374710083008e+00 -1.824440360069274902e-01 0.000000000000000000e+00 0.000000000000000000e+00 1.000000000000000000e+00
-1.039248347282409668e+00 -1.828818321228027344e-01 0.000000000000000000e+00 0.000000000000000000e+00 1.000000000000000000e+00
-1.029267549514770508e+00 -1.847074031829833984e-01 0.000000000000000000e+00 0.000000000000000000e+00 1.000000000000000000e+00
-1.019180536270141602e+00 -1.907428503036499023e-01 0.000000000000000000e+00 0.000000000000000000e+00 1.000000000000000000e+00
-1.011217713356018066e+00 -1.991922855377197266e-01 0.000000000000000000e+00 0.000000000000000000e+00 1.000000000000000000e+00
-1.004371643066406250e+00 -2.036221027374267578e-01 0.000000000000000000e+00 0.000000000000000000e+00 1.000000000000000000e+00
-9.984298944473266602e-01 -2.039457559585571289e-01 0.000000000000000000e+00 0.000000000000000000e+00 1.000000000000000000e+00
-9.930006265640258789e-01 -1.989303231239318848e-01 0.000000000000000000e+00 0.000000000000000000e+00 1.000000000000000000e+00
-9.879156351089477539e-01 -1.915109753608703613e-01 0.000000000000000000e+00 0.000000000000000000e+00 1.000000000000000000e+00
-9.832226037979125977e-01 -1.869340538978576660e-01 0.000000000000000000e+00 0.000000000000000000e+00 1.000000000000000000e+00
-9.786570072174072266e-01 -1.884240508079528809e-01 0.000000000000000000e+00 0.000000000000000000e+00 1.000000000000000000e+00
-9.729615449905395508e-01 -1.963794827461242676e-01 0.000000000000000000e+00 0.000000000000000000e+00 1.000000000000000000e+00
0.000000000000000000e+00 0.000000000000000000e+00 0.000000000000000000e+00 0.000000000000000000e+00 0.000000000000000000e+00
0.000000000000000000e+00 0.000000000000000000e+00 0.000000000000000000e+00 0.000000000000000000e+00 0.000000000000000000e+00
0.000000000000000000e+00 0.000000000000000000e+00 0.000000000000000000e+00 0.000000000000000000e+00 0.000000000000000000e+00
0.000000000000000000e+00 0.000000000000000000e+00 0.000000000000000000e+00 0.000000000000000000e+00 0.000000000000000000e+00
0.000000000000000000e+00 0.000000000000000000e+00 0.000000000000000000e+00 0.000000000000000000e+00 0.000000000000000000e+00
0.000000000000000000e+00 0.000000000000000000e+00 0.000000000000000000e+00 0.000000000000000000e+00 0.000000000000000000e+00
0.000000000000000000e+00 0.000000000000000000e+00 0.000000000000000000e+00 0.000000000000000000e+00 0.000000000000000000e+00
0.000000000000000000e+00 0.000000000000000000e+00 0.000000000000000000e+00 0.000000000000000000e+00 0.000000000000000000e+00
0.000000000000000000e+00 0.000000000000000000e+00 0.000000000000000000e+00 0.000000000000000000e+00 0.000000000000000000e+00
0.000000000000000000e+00 0.000000000000000000e+00 0.000000000000000000e+00 0.000000000000000000e+00 0.000000000000000000e+00
0.000000000000000000e+00 0.000000000000000000e+00 0.000000000000000000e+00 0.000000000000000000e+00 0.000000000000000000e+00
0.000000000000000000e+00 0.000000000000000000e+00 0.000000000000000000e+00 0.000000000000000000e+00 0.000000000000000000e+00
0.000000000000000000e+00 0.000000000000000000e+00 0.000000000000000000e+00 0.000000000000000000e+00 0.000000000000000000e+00
0.000000000000000000e+00 0.000000000000000000e+00 0.000000000000000000e+00 0.000000000000000000e+00 0.000000000000000000e+00
0.000000000000000000e+00 0.000000000000000000e+00 0.000000000000000000e+00 0.000000000000000000e+00 0.000000000000000000e+00
0.000000000000000000e+00 0.000000000000000000e+00 0.000000000000000000e+00 0.000000000000000000e+00 0.000000000000000000e+00
0.000000000000000000e+00 0.000000000000000000e+00 0.000000000000000000e+00 0.000000000000000000e+00 0.000000000000000000e+00
0.000000000000000000e+00 0.000000000000000000e+00 0.000000000000000000e+00 0.000000000000000000e+00 0.000000000000000000e+00
0.000000000000000000e+00 0.000000000000000000e+00 0.000000000000000000e+00 0.000000000000000000e+00 0.000000000000000000e+00
0.000000000000000000e+00 0.000000000000000000e+00 0.000000000000000000e+00 0.000000000000000000e+00 0.000000000000000000e+00
0.000000000000000000e+00 0.000000000000000000e+00 0.000000000000000000e+00 0.000000000000000000e+00 0.000000000000000000e+00
0.000000000000000000e+00 0.000000000000000000e+00 0.000000000000000000e+00 0.000000000000000000e+00 0.000000000000000000e+00
0.000000000000000000e+00 0.000000000000000000e+00 0.000000000000000000e+00 0.000000000000000000e+00 0.000000000000000000e+00
0.000000000000000000e+00 0.000000000000000000e+00 0.000000000000000000e+00 0.000000000000000000e+00 0.000000000000000000e+00
0.000000000000000000e+00 0.000000000000000000e+00 0.000000000000000000e+00 0.000000000000000000e+00 0.000000000000000000e+00
0.000000000000000000e+00 0.000000000000000000e+00 0.000000000000000000e+00 0.000000000000000000e+00 0.000000000000000000e+00
0.000000000000000000e+00 0.000000000000000000e+00 0.000000000000000000e+00 0.000000000000000000e+00 0.000000000000000000e+00
0.000000000000000000e+00 0.000000000000000000e+00 0.000000000000000000e+00 0.000000000000000000e+00 0.000000000000000000e+00
0.000000000000000000e+00 0.000000000000000000e+00 0.000000000000000000e+00 0.000000000000000000e+00 0.000000000000000000e+00
0.000000000000000000e+00 0.000000000000000000e+00 0.000000000000000000e+00 0.000000000000000000e+00 0.000000000000000000e+00
0.000000000000000000e+00 0.000000000000000000e+00 0.000000000000000000e+00 0.000000000000000000e+00 0.000000000000000000e+00
0.000000000000000000e+00 0.000000000000000000e+00 0.000000000000000000e+00 0.000000000000000000e+00 0.000000000000000000e+00
0.000000000000000000e+00 0.000000000000000000e+00 0.000000000000000000e+00 0.000000000000000000e+00 0.000000000000000000e+00
0.000000000000000000e+00 0.000000000000000000e+00 0.000000000000000000e+00 0.000000000000000000e+00 0.000000000000000000e+00
0.000000000000000000e+00 0.000000000000000000e+00 0.000000000000000000e+00 0.000000000000000000e+00 0.000000000000000000e+00
0.000000000000000000e+00 0.000000000000000000e+00 0.000000000000000000e+00 0.000000000000000000e+00 0.000000000000000000e+00
0.000000000000000000e+00 0.000000000000000000e+00 0.000000000000000000e+00 0.000000000000000000e+00 0.000000000000000000e+00
0.000000000000000000e+00 0.000000000000000000e+00 0.000000000000000000e+00 0.000000000000000000e+00 0.000000000000000000e+00
0.000000000000000000e+00 0.000000000000000000e+00 0.000000000000000000e+00 0.000000000000000000e+00 0.000000000000000000e+00
0.000000000000000000e+00 0.000000000000000000e+00 0.000000000000000000e+00 0.000000000000000000e+00 0.000000000000000000e+00
0.000000000000000000e+00 0.000000000000000000e+00 0.000000000000000000e+00 0.000000000000000000e+00 0.000000000000000000e+00
0.000000000000000000e+00 0.000000000000000000e+00 0.000000000000000000e+00 0.000000000000000000e+00 0.000000000000000000e+00
0.000000000000000000e+00 0.000000000000000000e+00 0.000000000000000000e+00 0.000000000000000000e+00 0.000000000000000000e+00
0.000000000000000000e+00 0.000000000000000000e+00 0.000000000000000000e+00 0.000000000000000000e+00 0.000000000000000000e+00
0.000000000000000000e+00 0.000000000000000000e+00 0.000000000000000000e+00 0.000000000000000000e+00 0.000000000000000000e+00
0.000000000000000000e+00 0.000000000000000000e+00 0.000000000000000000e+00 0.000000000000000000e+00 0.000000000000000000e+00
0.000000000000000000e+00 0.000000000000000000e+00 0.000000000000000000e+00 0.000000000000000000e+00 0.000000000000000000e+00
0.000000000000000000e+00 0.000000000000000000e+00 0.000000000000000000e+00 0.000000000000000000e+00 0.000000000000000000e+00
