0.000000000000000000e+00 0.000000000000000000e+00 1.000000000000000000e+00 0.000000000000000000e+00 0.000000000000000000e+00
-6.563664674758911133e-01 8.902892470359802246e-01 1.000000000000000000e+00 0.000000000000000000e+00 0.000000000000000000e+00
4.881519973278045654e-01 -4.618626832962036133e-02 1.000000000000000000e+00 0.000000000000000000e+00 0.000000000000000000e+00
-4.595263898372650146e-01 7.224917411804199219e-01 1.000000000000000000e+00 0.000000000000000000e+00 0.000000000000000000e+00
3.775007128715515137e-01 -1.415504515171051025e-02 1.000000000000000000e+00 0.000000000000000000e+00 0.000000000000000000e+00
4.293555393815040588e-02 6.388479471206665039e-02 0.000000000000000000e+00 1.000000000000000000e+00 0.000000000000000000e+00
-4.682040214538574219e-01 8.460969924926757812e-01 1.000000000000000000e+00 0.000000000000000000e+00 0.000000000000000000e+00
5.465880036354064941e-01 -3.939620852470397949e-01 1.000000000000000000e+00 0.000000000000000000e+00 0.000000000000000000e+00
2.208947092294692993e-01 -2.798582017421722412e-01 0.000000000000000000e+00 1.000000000000000000e+00 0.000000000000000000e+00
1.014314413070678711e+00 -2.010362148284912109e+00 1.000000000000000000e+00 0.000000000000000000e+00 0.000000000000000000e+00
-6.338838338851928711e-01 6.292920112609863281e-01 1.000000000000000000e+00 0.000000000000000000e+00 0.000000000000000000e+00
1.372907161712646484e-01 3.232003748416900635e-01 1.000000000000000000e+00 0.000000000000000000e+00 0.000000000000000000e+00
-4.525922611355781555e-02 3.160706162452697754e-01 0.000000000000000000e+00 1.000000000000000000e+00 0.000000000000000000e+00
2.982783913612365723e-01 -7.049340605735778809e-01 1.000000000000000000e+00 0.000000000000000000e+00 0.000000000000000000e+00
6.189637184143066406e-01 -1.167348250746726990e-01 1.000000000000000000e+00 0.000000000000000000e+00 0.000000000000000000e+00
1.733528971672058105e-01 6.266602873802185059e-02 1.000000000000000000e+00 0.000000000000000000e+00 0.000000000000000000e+00
-2.127224504947662354e-01 6.610640287399291992e-01 1.000000000000000000e+00 0.000000000000000000e+00 0.000000000000000000e+00
-1.156067848205566406e-01 1.548248231410980225e-01 0.000000000000000000e+00 1.000000000000000000e+00 0.000000000000000000e+00
-4.208850562572479248e-01 -3.469331264495849609e-01 1.000000000000000000e+00 0.000000000000000000e+00 0.000000000000000000e+00
3.439385592937469482e-01 -2.911554276943206787e-02 0.000000000000000000e+00 1.000000000000000000e+00 0.000000000000000000e+00
-3.167091608047485352e-01 3.155124485492706299e-01 1.000000000000000000e+00 0.000000000000000000e+00 0.000000000000000000e+00
3.660439848899841309e-01 -5.524791777133941650e-02 1.000000000000000000e+00 0.000000000000000000e+00 0.000000000000000000e+00
-5.995374321937561035e-01 6.506295204162597656e-01 0.000000000000000000e+00 1.000000000000000000e+00 0.000000000000000000e+00
3.581907153129577637e-01 -2.164719104766845703e-01 1.000000000000000000e+00 0.000000000000000000e+00 0.000000000000000000e+00
1.758180111646652222e-01 2.179194986820220947e-02 1.000000000000000000e+00 0.000000000000000000e+00 0.000000000000000000e+00
7.935744524002075195e-02 1.196282058954238892e-01 1.000000000000000000e+00 0.000000000000000000e+00 0.000000000000000000e+00
-7.492900639772415161e-02 2.429970502853393555e-01 1.000000000000000000e+00 0.000000000000000000e+00 0.000000000000000000e+00
-2.861074805259704590e-01 2.960881590843200684e-01 1.000000000000000000e+00 0.000000000000000000e+00 0.000000000000000000e+00
-1.963562071323394775e-01 5.358680337667465210e-02 1.000000000000000000e+00 0.000000000000000000e+00 0.000000000000000000e+00
-1.100913435220718384e-01 -6.952213495969772339e-02 0.000000000000000000e+00 1.000000000000000000e+00 0.000000000000000000e+00
1.641281962394714355e+00 -2.101166725158691406e+00 1.000000000000000000e+00 0.000000000000000000e+00 0.000000000000000000e+00
-4.751408398151397705e-01 7.496812343597412109e-01 1.000000000000000000e+00 0.000000000000000000e+00 0.000000000000000000e+00
5.058982968330383301e-01 -1.268941313028335571e-01 1.000000000000000000e+00 0.000000000000000000e+00 0.000000000000000000e+00
2.030700296163558960e-01 5.987723916769027710e-02 1.000000000000000000e+00 0.000000000000000000e+00 0.000000000000000000e+00
-4.955146089196205139e-02 2.676544189453125000e-01 1.000000000000000000e+00 0.000000000000000000e+00 0.000000000000000000e+00
-3.943768739700317383e-01 5.711159706115722656e-01 1.000000000000000000e+00 0.000000000000000000e+00 0.000000000000000000e+00
-4.892372190952301025e-01 4.255689382553100586e-01 1.000000000000000000e+00 0.000000000000000000e+00 0.000000000000000000e+00
-2.553187906742095947e-01 7.777437567710876465e-02 0.000000000000000000e+00 1.000000000000000000e+00 0.000000000000000000e+00
3.984342217445373535e-01 -6.948238611221313477e-01 1.000000000000000000e+00 0.000000000000000000e+00 0.000000000000000000e+00
8.493665456771850586e-01 7.187858819961547852e-01 1.000000000000000000e+00 0.000000000000000000e+00 0.000000000000000000e+00
4.683991372585296631e-01 2.101392000913619995e-01 1.000000000000000000e+00 0.000000000000000000e+00 0.000000000000000000e+00
5.231882929801940918e-01 8.196239173412322998e-02 0.000000000000000000e+00 1.000000000000000000e+00 0.000000000000000000e+00
-2.646170854568481445e+00 -2.463264226913452148e+00 0.000000000000000000e+00 0.000000000000000000e+00 1.000000000000000000e+00
-2.451120316982269287e-01 1.308926582336425781e+00 0.000000000000000000e+00 0.000000000000000000e+00 1.000000000000000000e+00
-1.585909128189086914e+00 -9.049355983734130859e-02 0.000000000000000000e+00 0.000000000000000000e+00 1.000000000000000000e+00
-1.036965966224670410e+00 -2.125654220581054688e-01 0.000000000000000000e+00 0.000000000000000000e+00 1.000000000000000000e+00
-1.186162948608398438e+00 -3.297520279884338379e-01 0.000000000000000000e+00 0.000000000000000000e+00 1.000000000000000000e+00
-1.069492816925048828e+00 -2.449466586112976074e-01 0.000000000000000000e+00 0.000000000000000000e+00 1.000000000000000000e+00
-1.090664267539978027e+00 -2.773703932762145996e-01 0.000000000000000000e+00 0.000000000000000000e+00 1.000000000000000000e+00
-1.052691698074340820e+00 -2.256888151168823242e-01 0.000000000000000000e+00 0.000000000000000000e+00 1.000000000000000000e+00
-1.050442814826965332e+00 -2.181515097618103027e-01 0.000000000000000000e+00 0.000000000000000000e+00 1.000000000000000000e+00
-1.030129671096801758e+00 -2.121010422706604004e-01 0.000000000000000000e+00 0.000000000000000000e+00 1.000000000000000000e+00
-1.014180302619934082e+00 -2.553909420967102051e-01 0.000000000000000000e+00 0.000000000000000000e+00 1.000000000000000000e+00
-9.942554235458374023e-01 -2.661854028701782227e-01 0.000000000000000000e+00 0.000000000000000000e+00 1.000000000000000000e+00
-9.833992719650268555e-01 -2.746001482009887695e-01 0.000000000000000000e+00 0.000000000000000000e+00 1.000000000000000000e+00
-9.709011316299438477e-01 -2.771828770637512207e-01 0.000000000000000000e+00 0.000000000000000000e+00 1.000000000000000000e+00
-9.614076614379882812e-01 -2.746027112007141113e-01 0.000000000000000000e+00 0.000000000000000000e+00 1.000000000000000000e+00
-9.519226551055908203e-01 -2.678508162498474121e-01 0.000000000000000000e+00 0.000000000000000000e+00 1.000000000000000000e+00
-9.421790838241577148e-01 -2.634636759757995605e-01 0.000000000000000000e+00 0.000000000000000000e+00 1.000000000000000000e+00
-9.303056001663208008e-01 -2.725154757499694824e-01 0.000000000000000000e+00 0.000000000000000000e+00 1.000000000000000000e+00
-9.195084571838378906e-01 -2.781279683113098145e-01 0.000000000000000000e+00 0.000000000000000000e+00 1.000000000000000000e+00
-9.104292392730712891e-01 -2.806015014648437500e-01 0.000000000000000000e+00 0.000000000000000000e+00 1.000000000000000000e+00
-9.025962352752685547e-01 -2.799355983734130859e-01 0.000000000000000000e+00 0.000000000000000000e+00 1.000000000000000000e+00
-8.968625068664550781e-01 -2.759304046630859375e-01 0.000000000000000000e+00 0.000000000000000000e+00 1.000000000000000000e+00
-8.931094408035278320e-01 -2.721285820007324219e-01 0.000000000000000000e+00 0.000000000000000000e+00 1.000000000000000000e+00
-8.916726112365722656e-01 -2.726388573646545410e-01 0.000000000000000000e+00 0.000000000000000000e+00 1.000000000000000000e+00
-8.884043693542480469e-01 -2.789891958236694336e-01 0.000000000000000000e+00 0.000000000000000000e+00 1.000000000000000000e+00
-8.830822706222534180e-01 -2.858023047447204590e-01 0.000000000000000000e+00 0.000000000000000000e+00 1.000000000000000000e+00
-8.767263889312744141e-01 -2.872449159622192383e-01 0.000000000000000000e+00 0.000000000000000000e+00 1.000000000000000000e+00
-8.722456693649291992e-01 -2.842181324958801270e-01 0.000000000000000000e+00 0.000000000000000000e+00 1.000000000000000000e+00
-8.694295883178710938e-01 -2.807071208953857422e-01 0.000000000000000000e+00 0.000000000000000000e+00 1.000000000000000000e+00
-8.689618110656738281e-01 -2.790913581848144531e-01 0.000000000000000000e+00 0.000000000000000000e+00 1.000000000000000000e+00
-8.688417673110961914e-01 -2.803185582160949707e-01 0.000000000000000000e+00 0.000000000000000000e+00 1.000000000000000000e+00
-8.640584945678710938e-01 -2.845430970191955566e-01 0.000000000000000000e+00 0.000000000000000000e+00 1.000000000000000000e+00
-8.569253683090209961e-01 -2.877382636070251465e-01 0.000000000000000000e+00 0.000000000000000000e+00 1.000000000000000000e+00
0.000000000000000000e+00 0.000000000000000000e+00 0.000000000000000000e+00 0.000000000000000000e+00 0.000000000000000000e+00
0.000000000000000000e+00 0.000000000000000000e+00 0.000000000000000000e+00 0.000000000000000000e+00 0.000000000000000000e+00
0.000000000000000000e+00 0.000000000000000000e+00 0.000000000000000000e+00 0.000000000000000000e+00 0.000000000000000000e+00
0.000000000000000000e+00 0.000000000000000000e+00 0.000000000000000000e+00 0.000000000000000000e+00 0.000000000000000000e+00
0.000000000000000000e+00 0.000000000000000000e+00 0.000000000000000000e+00 0.000000000000000000e+00 0.000000000000000000e+00
0.000000000000000000e+00 0.000000000000000000e+00 0.000000000000000000e+00 0.000000000000000000e+00 0.000000000000000000e+00
0.000000000000000000e+00 0.000000000000000000e+00 0.000000000000000000e+00 0.000000000000000000e+00 0.000000000000000000e+00
0.000000000000000000e+00 0.000000000000000000e+00 0.000000000000000000e+00 0.000000000000000000e+00 0.000000000000000000e+00
0.000000000000000000e+00 0.000000000000000000e+00 0.000000000000000000e+00 0.000000000000000000e+00 0.000000000000000000e+00
0.000000000000000000e+00 0.000000000000000000e+00 0.000000000000000000e+00 0.000000000000000000e+00 0.000000000000000000e+00
0.000000000000000000e+00 0.000000000000000000e+00 0.000000000000000000e+00 0.000000000000000000e+00 0.000000000000000000e+00
0.000000000000000000e+00 0.000000000000000000e+00 0.000000000000000000e+00 0.000000000000000000e+00 0.000000000000000000e+00
0.000000000000000000e+00 0.000000000000000000e+00 0.000000000000000000e+00 0.000000000000000000e+00 0.000000000000000000e+00
0.000000000000000000e+00 0.000000000000000000e+00 0.000000000000000000e+00 0.000000000000000000e+00 0.000000000000000000e+00
0.000000000000000000e+00 0.000000000000000000e+00 0.000000000000000000e+00 0.000000000000000000e+00 0.000000000000000000e+00
0.000000000000000000e+00 0.000000000000000000e+00 0.000000000000000000e+00 0.000000000000000000e+00 0.000000000000000000e+00
0.000000000000000000e+00 0.000000000000000000e+00 0.000000000000000000e+00 0.000000000000000000e+00 0.000000000000000000e+00
0.000000000000000000e+00 0.000000000000000000e+00 0.000000000000000000e+00 0.000000000000000000e+00 0.000000000000000000e+00
0.000000000000000000e+00 0.000000000000000000e+00 0.000000000000000000e+00 0.000000000000000000e+00 0.000000000000000000e+00
0.000000000000000000e+00 0.000000000000000000e+00 0.000000000000000000e+00 0.000000000000000000e+00 0.000000000000000000e+00
0.000000000000000000e+00 0.000000000000000000e+00 0.000000000000000000e+00 0.000000000000000000e+00 0.000000000000000000e+00
0.000000000000000000e+00 0.000000000000000000e+00 0.000000000000000000e+00 0.000000000000000000e+00 0.000000000000000000e+00
0.000000000000000000e+00 0.000000000000000000e+00 0.000000000000000000e+00 0.000000000000000000e+00 0.000000000000000000e+00
0.000000000000000000e+00 0.000000000000000000e+00 0.000000000000000000e+00 0.000000000000000000e+00 0.000000000000000000e+00
0.000000000000000000e+00 0.000000000000000000e+00 0.000000000000000000e+00 0.000000000000000000e+00 0.000000000000000000e+00
0.000000000000000000e+00 0.000000000000000000e+00 0.000000000000000000e+00 0.000000000000000000e+00 0.000000000000000000e+00
0.000000000000000000e+00 0.000000000000000000e+00 0.000000000000000000e+00 0.000000000000000000e+00 0.000000000000000000e+00
0.000000000000000000e+00 0.000000000000000000e+00 0.000000000000000000e+00 0.000000000000000000e+00 0.000000000000000000e+00
0.000000000000000000e+00 0.000000000000000000e+00 0.000000000000000000e+00 0.000000000000000000e+00 0.000000000000000000e+00
0.000000000000000000e+00 0.000000000000000000e+00 0.000000000000000000e+00 0.000000000000000000e+00 0.000000000000000000e+00
0.000000000000000000e+00 0.000000000000000000e+00 0.000000000000000000e+00 0.000000000000000000e+00 0.000000000000000000e+00
0.000000000000000000e+00 0.000000000000000000e+00 0.000000000000000000e+00 0.000000000000000000e+00 0.000000000000000000e+00
0.000000000000000000e+00 0.000000000000000000e+00 0.000000000000000000e+00 0.000000000000000000e+00 0.000000000000000000e+00
0.000000000000000000e+00 0.000000000000000000e+00 0.000000000000000000e+00 0.000000000000000000e+00 0.000000000000000000e+00
0.000000000000000000e+00 0.000000000000000000e+00 0.000000000000000000e+00 0.000000000000000000e+00 0.000000000000000000e+00
0.000000000000000000e+00 0.000000000000000000e+00 0.000000000000000000e+00 0.000000000000000000e+00 0.000000000000000000e+00
0.000000000000000000e+00 0.000000000000000000e+00 0.000000000000000000e+00 0.000000000000000000e+00 0.000000000000000000e+00
0.000000000000000000e+00 0.000000000000000000e+00 0.000000000000000000e+00 0.000000000000000000e+00 0.000000000000000000e+00
0.000000000000000000e+00 0.000000000000000000e+00 0.000000000000000000e+00 0.000000000000000000e+00 0.000000000000000000e+00
0.000000000000000000e+00 0.000000000000000000e+00 0.000000000000000000e+00 0.000000000000000000e+00 0.000000000000000000e+00
0.000000000000000000e+00 0.000000000000000000e+00 0.000000000000000000e+00 0.000000000000000000e+00 0.000000000000000000e+00
0.000000000000000000e+00 0.000000000000000000e+00 0.000000000000000000e+00 0.000000000000000000e+00 0.000000000000000000e+00
0.000000000000000000e+00 0.000000000000000000e+00 0.000000000000000000e+00 0.000000000000000000e+00 0.000000000000000000e+00
0.000000000000000000e+00 0.000000000000000000e+00 0.000000000000000000e+00 0.000000000000000000e+00 0.000000000000000000e+00
0.000000000000000000e+00 0.000000000000000000e+00 0.000000000000000000e+00 0.000000000000000000e+00 0.000000000000000000e+00
0.000000000000000000e+00 0.000000000000000000e+00 0.000000000000000000e+00 0.000000000000000000e+00 0.000000000000000000e+00
