0.000000000000000000e+00 0.000000000000000000e+00 1.000000000000000000e+00 0.000000000000000000e+00 0.000000000000000000e+00
1.232469797134399414e+00 -2.697429656982421875e-01 1.000000000000000000e+00 0.000000000000000000e+00 0.000000000000000000e+00
4.742169082164764404e-01 -2.371232807636260986e-01 0.000000000000000000e+00 1.000000000000000000e+00 0.000000000000000000e+00
-6.205862760543823242e-01 -4.034878313541412354e-01 1.000000000000000000e+00 0.000000000000000000e+00 0.000000000000000000e+00
-2.394711077213287354e-01 1.046927928924560547e+00 1.000000000000000000e+00 0.000000000000000000e+00 0.000000000000000000e+00
-2.513901591300964355e-01 4.717661738395690918e-01 0.000000000000000000e+00 1.000000000000000000e+00 0.000000000000000000e+00
-2.132706940174102783e-01 8.059209585189819336e-02 1.000000000000000000e+00 0.000000000000000000e+00 0.000000000000000000e+00
7.966771125793457031e-01 -1.707256436347961426e-01 1.000000000000000000e+00 0.000000000000000000e+00 0.000000000000000000e+00
1.683335900306701660e-01 5.215778946876525879e-02 0.000000000000000000e+00 1.000000000000000000e+00 0.000000000000000000e+00
-1.213789105415344238e+00 8.068726658821105957e-01 1.000000000000000000e+00 0.000000000000000000e+00 0.000000000000000000e+00
1.084803700447082520e+00 -1.823692768812179565e-01 1.000000000000000000e+00 0.000000000000000000e+00 0.000000000000000000e+00
3.009400963783264160e-01 8.354097604751586914e-02 1.000000000000000000e+00 0.000000000000000000e+00 0.000000000000000000e+00
-5.088207721710205078e-01 5.910224914550781250e-01 1.000000000000000000e+00 0.000000000000000000e+00 0.000000000000000000e+00
-3.265089690685272217e-01 1.474879682064056396e-01 0.000000000000000000e+00 1.000000000000000000e+00 0.000000000000000000e+00
-4.337203875184059143e-02 -4.319919645786285400e-01 1.000000000000000000e+00 0.000000000000000000e+00 0.000000000000000000e+00
-4.013880789279937744e-01 6.749860048294067383e-01 1.000000000000000000e+00 0.000000000000000000e+00 0.000000000000000000e+00
6.482538580894470215e-01 -2.096179574728012085e-01 1.000000000000000000e+00 0.000000000000000000e+00 0.000000000000000000e+00
2.403264492750167847e-01 -2.163437753915786743e-01 0.000000000000000000e+00 1.000000000000000000e+00 0.000000000000000000e+00
-8.911740183830261230e-01 -1.518775224685668945e-01 1.000000000000000000e+00 0.000000000000000000e+00 0.000000000000000000e+00
-3.575487136840820312e-01 1.150249719619750977e+00 1.000000000000000000e+00 0.000000000000000000e+00 0.000000000000000000e+00
-4.912944436073303223e-01 7.306365966796875000e-01 1.000000000000000000e+00 0.000000000000000000e+00 0.000000000000000000e+00
-3.129943013191223145e-01 2.002710998058319092e-01 0.000000000000000000e+00 1.000000000000000000e+00 0.000000000000000000e+00
3.384423732757568359e+00 -4.057291984558105469e+00 1.000000000000000000e+00 0.000000000000000000e+00 0.000000000000000000e+00
-2.692418694496154785e-01 9.783582687377929688e-01 1.000000000000000000e+00 0.000000000000000000e+00 0.000000000000000000e+00
-4.106805622577667236e-01 6.256116032600402832e-01 1.000000000000000000e+00 0.000000000000000000e+00 0.000000000000000000e+00
-1.707377433776855469e-01 8.476397395133972168e-02 0.000000000000000000e+00 1.000000000000000000e+00 0.000000000000000000e+00
8.785036206245422363e-01 -1.473166942596435547e+00 1.000000000000000000e+00 0.000000000000000000e+00 0.000000000000000000e+00
2.706389427185058594e-01 -2.259734272956848145e-02 1.000000000000000000e+00 0.000000000000000000e+00 0.000000000000000000e+00
1.702341586351394653e-01 1.844462454319000244e-01 1.000000000000000000e+00 0.000000000000000000e+00 0.000000000000000000e+00
2.878917008638381958e-02 8.783178329467773438e-01 1.000000000000000000e+00 0.000000000000000000e+00 0.000000000000000000e+00
1.883687078952789307e-01 2.100166976451873779e-01 0.000000000000000000e+00 1.000000000000000000e+00 0.000000000000000000e+00
-1.239416360855102539e+00 5.466218590736389160e-01 1.000000000000000000e+00 0.000000000000000000e+00 0.000000000000000000e+00
7.905422449111938477e-01 -8.137602359056472778e-02 1.000000000000000000e+00 0.000000000000000000e+00 0.000000000000000000e+00
1.966622024774551392e-01 1.266903281211853027e-01 1.000000000000000000e+00 0.000000000000000000e+00 0.000000000000000000e+00
-9.748835563659667969e-01 1.041721582412719727e+00 1.000000000000000000e+00 0.000000000000000000e+00 0.000000000000000000e+00
-4.306234717369079590e-01 2.732930481433868408e-01 1.000000000000000000e+00 0.000000000000000000e+00 0.000000000000000000e+00
-3.681753873825073242e-01 6.104542315006256104e-02 0.000000000000000000e+00 1.000000000000000000e+00 0.000000000000000000e+00
7.263153195381164551e-01 -8.760070800781250000e-01 1.000000000000000000e+00 0.000000000000000000e+00 0.000000000000000000e+00
9.427148103713989258e-01 5.468966960906982422e-01 1.000000000000000000e+00 0.000000000000000000e+00 0.000000000000000000e+00
9.673147648572921753e-02 1.905918419361114502e-01 0.000000000000000000e+00 1.000000000000000000e+00 0.000000000000000000e+00
-1.790424585342407227e+00 -4.523112624883651733e-02 1.000000000000000000e+00 0.000000000000000000e+00 0.000000000000000000e+00
-9.796884059906005859e-01 1.085634231567382812e+00 1.000000000000000000e+00 0.000000000000000000e+00 0.000000000000000000e+00
1.190943360328674316e+00 -1.970372200012207031e-01 1.000000000000000000e+00 0.000000000000000000e+00 0.000000000000000000e+00
4.792567789554595947e-01 -1.957346349954605103e-01 0.000000000000000000e+00 1.000000000000000000e+00 0.000000000000000000e+00
-1.607247829437255859e+00 1.071879506111145020e+00 1.000000000000000000e+00 0.000000000000000000e+00 0.000000000000000000e+00
6.064512133598327637e-01 4.769366979598999023e-02 1.000000000000000000e+00 0.000000000000000000e+00 0.000000000000000000e+00
6.651623249053955078e-01 -1.818307340145111084e-01 1.000000000000000000e+00 0.000000000000000000e+00 0.000000000000000000e+00
4.780156314373016357e-01 -2.833740413188934326e-01 0.000000000000000000e+00 1.000000000000000000e+00 0.000000000000000000e+00
-5.226396918296813965e-01 -1.953563094139099121e-01 1.000000000000000000e+00 0.000000000000000000e+00 0.000000000000000000e+00
-2.606579363346099854e-01 1.218674421310424805e+00 1.000000000000000000e+00 0.000000000000000000e+00 0.000000000000000000e+00
-1.514620035886764526e-01 2.507399916648864746e-01 0.000000000000000000e+00 1.000000000000000000e+00 0.000000000000000000e+00
-7.279526591300964355e-01 -3.223983645439147949e-01 1.000000000000000000e+00 0.000000000000000000e+00 0.000000000000000000e+00
-1.396012008190155029e-01 1.518090516328811646e-01 1.000000000000000000e+00 0.000000000000000000e+00 0.000000000000000000e+00
6.276625394821166992e-02 4.212101995944976807e-01 1.000000000000000000e+00 0.000000000000000000e+00 0.000000000000000000e+00
1.766378134489059448e-01 1.370313167572021484e-01 1.000000000000000000e+00 0.000000000000000000e+00 0.000000000000000000e+00
2.849749028682708740e-01 3.529254347085952759e-02 1.000000000000000000e+00 0.000000000000000000e+00 0.000000000000000000e+00
1.233738422393798828e+00 -4.740907549858093262e-01 1.000000000000000000e+00 0.000000000000000000e+00 0.000000000000000000e+00
3.353552222251892090e-01 2.905458770692348480e-02 1.000000000000000000e+00 0.000000000000000000e+00 0.000000000000000000e+00
-2.275332622230052948e-02 7.484825849533081055e-01 1.000000000000000000e+00 0.000000000000000000e+00 0.000000000000000000e+00
-1.680245399475097656e-01 3.217901885509490967e-01 0.000000000000000000e+00 1.000000000000000000e+00 0.000000000000000000e+00
-1.323228120803833008e+00 -4.175851345062255859e+00 0.000000000000000000e+00 0.000000000000000000e+00 1.000000000000000000e+00
-5.415922403335571289e-01 1.511206150054931641e+00 0.000000000000000000e+00 0.000000000000000000e+00 1.000000000000000000e+00
0.000000000000000000e+00 0.000000000000000000e+00 0.000000000000000000e+00 0.000000000000000000e+00 0.000000000000000000e+00
0.000000000000000000e+00 0.000000000000000000e+00 0.000000000000000000e+00 0.000000000000000000e+00 0.000000000000000000e+00
0.000000000000000000e+00 0.000000000000000000e+00 0.000000000000000000e+00 0.000000000000000000e+00 0.000000000000000000e+00
0.000000000000000000e+00 0.000000000000000000e+00 0.000000000000000000e+00 0.000000000000000000e+00 0.000000000000000000e+00
0.000000000000000000e+00 0.000000000000000000e+00 0.000000000000000000e+00 0.000000000000000000e+00 0.000000000000000000e+00
0.000000000000000000e+00 0.000000000000000000e+00 0.000000000000000000e+00 0.000000000000000000e+00 0.000000000000000000e+00
0.000000000000000000e+00 0.000000000000000000e+00 0.000000000000000000e+00 0.000000000000000000e+00 0.000000000000000000e+00
0.000000000000000000e+00 0.000000000000000000e+00 0.000000000000000000e+00 0.000000000000000000e+00 0.000000000000000000e+00
0.000000000000000000e+00 0.000000000000000000e+00 0.000000000000000000e+00 0.000000000000000000e+00 0.000000000000000000e+00
0.000000000000000000e+00 0.000000000000000000e+00 0.000000000000000000e+00 0.000000000000000000e+00 0.000000000000000000e+00
0.000000000000000000e+00 0.000000000000000000e+00 0.000000000000000000e+00 0.000000000000000000e+00 0.000000000000000000e+00
0.000000000000000000e+00 0.000000000000000000e+00 0.000000000000000000e+00 0.000000000000000000e+00 0.000000000000000000e+00
0.000000000000000000e+00 0.000000000000000000e+00 0.000000000000000000e+00 0.000000000000000000e+00 0.000000000000000000e+00
0.000000000000000000e+00 0.000000000000000000e+00 0.000000000000000000e+00 0.000000000000000000e+00 0.000000000000000000e+00
0.000000000000000000e+00 0.000000000000000000e+00 0.000000000000000000e+00 0.000000000000000000e+00 0.000000000000000000e+00
0.000000000000000000e+00 0.000000000000000000e+00 0.000000000000000000e+00 0.000000000000000000e+00 0.000000000000000000e+00
0.000000000000000000e+00 0.000000000000000000e+00 0.000000000000000000e+00 0.000000000000000000e+00 0.000000000000000000e+00
0.000000000000000000e+00 0.000000000000000000e+00 0.000000000000000000e+00 0.000000000000000000e+00 0.000000000000000000e+00
0.000000000000000000e+00 0.000000000000000000e+00 0.000000000000000000e+00 0.000000000000000000e+00 0.000000000000000000e+00
0.000000000000000000e+00 0.000000000000000000e+00 0.000000000000000000e+00 0.000000000000000000e+00 0.000000000000000000e+00
0.000000000000000000e+00 0.000000000000000000e+00 0.000000000000000000e+00 0.000000000000000000e+00 0.000000000000000000e+00
0.000000000000000000e+00 0.000000000000000000e+00 0.000000000000000000e+00 0.000000000000000000e+00 0.000000000000000000e+00
0.000000000000000000e+00 0.000000000000000000e+00 0.000000000000000000e+00 0.000000000000000000e+00 0.000000000000000000e+00
0.000000000000000000e+00 0.000000000000000000e+00 0.000000000000000000e+00 0.000000000000000000e+00 0.000000000000000000e+00
0.000000000000000000e+00 0.000000000000000000e+00 0.000000000000000000e+00 0.000000000000000000e+00 0.000000000000000000e+00
0.000000000000000000e+00 0.000000000000000000e+00 0.000000000000000000e+00 0.000000000000000000e+00 0.000000000000000000e+00
0.000000000000000000e+00 0.000000000000000000e+00 0.000000000000000000e+00 0.000000000000000000e+00 0.000000000000000000e+00
0.000000000000000000e+00 0.000000000000000000e+00 0.000000000000000000e+00 0.000000000000000000e+00 0.000000000000000000e+00
0.000000000000000000e+00 0.000000000000000000e+00 0.000000000000000000e+00 0.000000000000000000e+00 0.000000000000000000e+00
0.000000000000000000e+00 0.000000000000000000e+00 0.000000000000000000e+00 0.000000000000000000e+00 0.000000000000000000e+00
0.000000000000000000e+00 0.000000000000000000e+00 0.000000000000000000e+00 0.000000000000000000e+00 0.000000000000000000e+00
0.000000000000000000e+00 0.000000000000000000e+00 0.000000000000000000e+00 0.000000000000000000e+00 0.000000000000000000e+00
0.000000000000000000e+00 0.000000000000000000e+00 0.000000000000000000e+00 0.000000000000000000e+00 0.000000000000000000e+00
0.000000000000000000e+00 0.000000000000000000e+00 0.000000000000000000e+00 0.000000000000000000e+00 0.000000000000000000e+00
0.000000000000000000e+00 0.000000000000000000e+00 0.000000000000000000e+00 0.000000000000000000e+00 0.000000000000000000e+00
0.000000000000000000e+00 0.000000000000000000e+00 0.000000000000000000e+00 0.000000000000000000e+00 0.000000000000000000e+00
0.000000000000000000e+00 0.000000000000000000e+00 0.000000000000000000e+00 0.000000000000000000e+00 0.000000000000000000e+00
0.000000000000000000e+00 0.000000000000000000e+00 0.000000000000000000e+00 0.000000000000000000e+00 0.000000000000000000e+00
0.000000000000000000e+00 0.000000000000000000e+00 0.000000000000000000e+00 0.000000000000000000e+00 0.000000000000000000e+00
0.000000000000000000e+00 0.000000000000000000e+00 0.000000000000000000e+00 0.000000000000000000e+00 0.000000000000000000e+00
0.000000000000000000e+00 0.000000000000000000e+00 0.000000000000000000e+00 0.000000000000000000e+00 0.000000000000000000e+00
0.000000000000000000e+00 0.000000000000000000e+00 0.000000000000000000e+00 0.000000000000000000e+00 0.000000000000000000e+00
0.000000000000000000e+00 0.000000000000000000e+00 0.000000000000000000e+00 0.000000000000000000e+00 0.000000000000000000e+00
0.000000000000000000e+00 0.000000000000000000e+00 0.000000000000000000e+00 0.000000000000000000e+00 0.000000000000000000e+00
0.000000000000000000e+00 0.000000000000000000e+00 0.000000000000000000e+00 0.000000000000000000e+00 0.000000000000000000e+00
0.000000000000000000e+00 0.000000000000000000e+00 0.000000000000000000e+00 0.000000000000000000e+00 0.000000000000000000e+00
0.000000000000000000e+00 0.000000000000000000e+00 0.000000000000000000e+00 0.000000000000000000e+00 0.000000000000000000e+00
0.000000000000000000e+00 0.000000000000000000e+00 0.000000000000000000e+00 0.000000000000000000e+00 0.000000000000000000e+00
0.000000000000000000e+00 0.000000000000000000e+00 0.000000000000000000e+00 0.000000000000000000e+00 0.000000000000000000e+00
0.000000000000000000e+00 0.000000000000000000e+00 0.000000000000000000e+00 0.000000000000000000e+00 0.000000000000000000e+00
0.000000000000000000e+00 0.000000000000000000e+00 0.000000000000000000e+00 0.000000000000000000e+00 0.000000000000000000e+00
0.000000000000000000e+00 0.000000000000000000e+00 0.000000000000000000e+00 0.000000000000000000e+00 0.000000000000000000e+00
0.000000000000000000e+00 0.000000000000000000e+00 0.000000000000000000e+00 0.000000000000000000e+00 0.000000000000000000e+00
0.000000000000000000e+00 0.000000000000000000e+00 0.000000000000000000e+00 0.000000000000000000e+00 0.000000000000000000e+00
0.000000000000000000e+00 0.000000000000000000e+00 0.000000000000000000e+00 0.000000000000000000e+00 0.000000000000000000e+00
0.000000000000000000e+00 0.000000000000000000e+00 0.000000000000000000e+00 0.000000000000000000e+00 0.000000000000000000e+00
0.000000000000000000e+00 0.000000000000000000e+00 0.000000000000000000e+00 0.000000000000000000e+00 0.000000000000000000e+00
0.000000000000000000e+00 0.000000000000000000e+00 0.000000000000000000e+00 0.000000000000000000e+00 0.000000000000000000e+00
0.000000000000000000e+00 0.000000000000000000e+00 0.000000000000000000e+00 0.000000000000000000e+00 0.000000000000000000e+00
