0.000000000000000000e+00 0.000000000000000000e+00 1.000000000000000000e+00 0.000000000000000000e+00 0.000000000000000000e+00
7.274513244628906250e-01 -1.233767867088317871e-01 1.000000000000000000e+00 0.000000000000000000e+00 0.000000000000000000e+00
2.055731117725372314e-01 5.366330593824386597e-02 1.000000000000000000e+00 0.000000000000000000e+00 0.000000000000000000e+00
-9.746042490005493164e-01 8.151068091392517090e-01 1.000000000000000000e+00 0.000000000000000000e+00 0.000000000000000000e+00
-4.398501813411712646e-01 2.304501235485076904e-01 1.000000000000000000e+00 0.000000000000000000e+00 0.000000000000000000e+00
-3.206199407577514648e-01 6.231258437037467957e-02 1.000000000000000000e+00 0.000000000000000000e+00 0.000000000000000000e+00
1.691098809242248535e-01 6.151550412178039551e-01 1.000000000000000000e+00 0.000000000000000000e+00 0.000000000000000000e+00
-2.376842871308326721e-02 1.917217075824737549e-01 0.000000000000000000e+00 1.000000000000000000e+00 0.000000000000000000e+00
3.874212205410003662e-01 -9.037444591522216797e-01 1.000000000000000000e+00 0.000000000000000000e+00 0.000000000000000000e+00
9.742997288703918457e-01 -1.463464498519897461e-01 1.000000000000000000e+00 0.000000000000000000e+00 0.000000000000000000e+00
4.159000813961029053e-01 5.262066423892974854e-02 1.000000000000000000e+00 0.000000000000000000e+00 0.000000000000000000e+00
9.039467200636863708e-03 2.398029863834381104e-01 1.000000000000000000e+00 0.000000000000000000e+00 0.000000000000000000e+00
-2.537757456302642822e-01 4.360385537147521973e-01 1.000000000000000000e+00 0.000000000000000000e+00 0.000000000000000000e+00
-1.836420893669128418e-01 1.722689419984817505e-01 1.000000000000000000e+00 0.000000000000000000e+00 0.000000000000000000e+00
-2.111682444810867310e-01 6.730486452579498291e-02 0.000000000000000000e+00 1.000000000000000000e+00 0.000000000000000000e+00
-3.933071792125701904e-01 -6.205621957778930664e-01 1.000000000000000000e+00 0.000000000000000000e+00 0.000000000000000000e+00
-9.118838608264923096e-02 5.533632040023803711e-01 1.000000000000000000e+00 0.000000000000000000e+00 0.000000000000000000e+00
3.479836136102676392e-02 4.122494906187057495e-02 0.000000000000000000e+00 1.000000000000000000e+00 0.000000000000000000e+00
5.492434501647949219e-01 -6.576451063156127930e-01 1.000000000000000000e+00 0.000000000000000000e+00 0.000000000000000000e+00
-1.358794718980789185e-01 9.031499624252319336e-01 1.000000000000000000e+00 0.000000000000000000e+00 0.000000000000000000e+00
2.602600306272506714e-02 2.118490636348724365e-01 0.000000000000000000e+00 1.000000000000000000e+00 0.000000000000000000e+00
1.056053638458251953e+00 -1.661248683929443359e+00 1.000000000000000000e+00 0.000000000000000000e+00 0.000000000000000000e+00
8.815753459930419922e-01 -2.143155038356781006e-01 1.000000000000000000e+00 0.000000000000000000e+00 0.000000000000000000e+00
3.222886025905609131e-01 -1.633909791707992554e-01 1.000000000000000000e+00 0.000000000000000000e+00 0.000000000000000000e+00
5.050077289342880249e-02 -1.111872717738151550e-01 0.000000000000000000e+00 1.000000000000000000e+00 0.000000000000000000e+00
-4.381391704082489014e-01 -4.714383780956268311e-01 1.000000000000000000e+00 0.000000000000000000e+00 0.000000000000000000e+00
1.017558723688125610e-01 7.538706660270690918e-01 1.000000000000000000e+00 0.000000000000000000e+00 0.000000000000000000e+00
-3.441229462623596191e-02 1.005455493927001953e+00 1.000000000000000000e+00 0.000000000000000000e+00 0.000000000000000000e+00
-1.448920369148254395e-01 7.768303155899047852e-01 1.000000000000000000e+00 0.000000000000000000e+00 0.000000000000000000e+00
-1.040456816554069519e-01 1.300153732299804688e-01 1.000000000000000000e+00 0.000000000000000000e+00 0.000000000000000000e+00
-1.231457293033599854e-01 1.704119145870208740e-02 1.000000000000000000e+00 0.000000000000000000e+00 0.000000000000000000e+00
-1.864949613809585571e-01 -1.046257019042968750e-01 1.000000000000000000e+00 0.000000000000000000e+00 0.000000000000000000e+00
-1.941848099231719971e-01 -2.836633324623107910e-01 1.000000000000000000e+00 0.000000000000000000e+00 0.000000000000000000e+00
-7.802662253379821777e-02 -3.354076743125915527e-01 1.000000000000000000e+00 0.000000000000000000e+00 0.000000000000000000e+00
5.782306566834449768e-02 -2.077841162681579590e-01 1.000000000000000000e+00 0.000000000000000000e+00 0.000000000000000000e+00
4.879675507545471191e-01 -1.521487832069396973e-01 0.000000000000000000e+00 1.000000000000000000e+00 0.000000000000000000e+00
-9.417656660079956055e-01 -1.384829521179199219e+00 0.000000000000000000e+00 0.000000000000000000e+00 1.000000000000000000e+00
-5.039409995079040527e-01 7.164086103439331055e-01 0.000000000000000000e+00 0.000000000000000000e+00 1.000000000000000000e+00
-1.193420886993408203e+00 -4.622761607170104980e-01 0.000000000000000000e+00 0.000000000000000000e+00 1.000000000000000000e+00
-8.622460365295410156e-01 -2.050068378448486328e-01 0.000000000000000000e+00 0.000000000000000000e+00 1.000000000000000000e+00
-9.412140846252441406e-01 -4.393163323402404785e-01 0.000000000000000000e+00 0.000000000000000000e+00 1.000000000000000000e+00
-8.679234981536865234e-01 -3.889601826667785645e-01 0.000000000000000000e+00 0.000000000000000000e+00 1.000000000000000000e+00
-8.783454895019531250e-01 -3.971990942955017090e-01 0.000000000000000000e+00 0.000000000000000000e+00 1.000000000000000000e+00
-8.609206676483154297e-01 -3.776242136955261230e-01 0.000000000000000000e+00 0.000000000000000000e+00 1.000000000000000000e+00
-8.609317541122436523e-01 -3.542074561119079590e-01 0.000000000000000000e+00 0.000000000000000000e+00 1.000000000000000000e+00
-8.590477705001831055e-01 -3.360431790351867676e-01 0.000000000000000000e+00 0.000000000000000000e+00 1.000000000000000000e+00
-8.429758548736572266e-01 -3.391354680061340332e-01 0.000000000000000000e+00 0.000000000000000000e+00 1.000000000000000000e+00
-8.333795070648193359e-01 -3.341639637947082520e-01 0.000000000000000000e+00 0.000000000000000000e+00 1.000000000000000000e+00
-8.258893489837646484e-01 -3.283246159553527832e-01 0.000000000000000000e+00 0.000000000000000000e+00 1.000000000000000000e+00
-8.185658454895019531e-01 -3.198376297950744629e-01 0.000000000000000000e+00 0.000000000000000000e+00 1.000000000000000000e+00
-8.156124353408813477e-01 -3.073837757110595703e-01 0.000000000000000000e+00 0.000000000000000000e+00 1.000000000000000000e+00
-8.176022768020629883e-01 -2.924560904502868652e-01 0.000000000000000000e+00 0.000000000000000000e+00 1.000000000000000000e+00
-8.141297101974487305e-01 -2.848734855651855469e-01 0.000000000000000000e+00 0.000000000000000000e+00 1.000000000000000000e+00
-8.053531646728515625e-01 -2.853877544403076172e-01 0.000000000000000000e+00 0.000000000000000000e+00 1.000000000000000000e+00
-7.980651855468750000e-01 -2.871520519256591797e-01 0.000000000000000000e+00 0.000000000000000000e+00 1.000000000000000000e+00
-7.910554409027099609e-01 -2.882276773452758789e-01 0.000000000000000000e+00 0.000000000000000000e+00 1.000000000000000000e+00
-7.848941087722778320e-01 -2.910149097442626953e-01 0.000000000000000000e+00 0.000000000000000000e+00 1.000000000000000000e+00
-7.794218063354492188e-01 -2.932427525520324707e-01 0.000000000000000000e+00 0.000000000000000000e+00 1.000000000000000000e+00
-7.761926651000976562e-01 -2.917025089263916016e-01 0.000000000000000000e+00 0.000000000000000000e+00 1.000000000000000000e+00
-7.710529565811157227e-01 -2.911581397056579590e-01 0.000000000000000000e+00 0.000000000000000000e+00 1.000000000000000000e+00
-7.636840343475341797e-01 -2.910842895507812500e-01 0.000000000000000000e+00 0.000000000000000000e+00 1.000000000000000000e+00
-7.561423778533935547e-01 -2.893396019935607910e-01 0.000000000000000000e+00 0.000000000000000000e+00 1.000000000000000000e+00
-7.496230602264404297e-01 -2.859959602355957031e-01 0.000000000000000000e+00 0.000000000000000000e+00 1.000000000000000000e+00
-7.439197301864624023e-01 -2.833484411239624023e-01 0.000000000000000000e+00 0.000000000000000000e+00 1.000000000000000000e+00
-7.395960092544555664e-01 -2.831278443336486816e-01 0.000000000000000000e+00 0.000000000000000000e+00 1.000000000000000000e+00
-7.367876768112182617e-01 -2.851405739784240723e-01 0.000000000000000000e+00 0.000000000000000000e+00 1.000000000000000000e+00
-7.341451644897460938e-01 -2.873702645301818848e-01 0.000000000000000000e+00 0.000000000000000000e+00 1.000000000000000000e+00
-7.303589582443237305e-01 -2.876524925231933594e-01 0.000000000000000000e+00 0.000000000000000000e+00 1.000000000000000000e+00
-7.256044149398803711e-01 -2.860746383666992188e-01 0.000000000000000000e+00 0.000000000000000000e+00 1.000000000000000000e+00
-7.214336395263671875e-01 -2.835953235626220703e-01 0.000000000000000000e+00 0.000000000000000000e+00 1.000000000000000000e+00
-7.191340923309326172e-01 -2.816661596298217773e-01 0.000000000000000000e+00 0.000000000000000000e+00 1.000000000000000000e+00
-7.171905040740966797e-01 -2.821549177169799805e-01 0.000000000000000000e+00 0.000000000000000000e+00 1.000000000000000000e+00
-7.155731916427612305e-01 -2.852157354354858398e-01 0.000000000000000000e+00 0.000000000000000000e+00 1.000000000000000000e+00
-7.133209705352783203e-01 -2.888073921203613281e-01 0.000000000000000000e+00 0.000000000000000000e+00 1.000000000000000000e+00
-7.080225944519042969e-01 -2.883924841880798340e-01 0.000000000000000000e+00 0.000000000000000000e+00 1.000000000000000000e+00
-7.009956836700439453e-01 -2.862915396690368652e-01 0.000000000000000000e+00 0.000000000000000000e+00 1.000000000000000000e+00
-6.943444013595581055e-01 -2.844656705856323242e-01 0.000000000000000000e+00 0.000000000000000000e+00 1.000000000000000000e+00
-6.889691352844238281e-01 -2.844120860099792480e-01 0.000000000000000000e+00 0.000000000000000000e+00 1.000000000000000000e+00
-6.872786283493041992e-01 -2.839654684066772461e-01 0.000000000000000000e+00 0.000000000000000000e+00 1.000000000000000000e+00
-6.878088712692260742e-01 -2.844442725181579590e-01 0.000000000000000000e+00 0.000000000000000000e+00 1.000000000000000000e+00
-6.885602474212646484e-01 -2.864448428153991699e-01 0.000000000000000000e+00 0.000000000000000000e+00 1.000000000000000000e+00
-6.885065436363220215e-01 -2.872421145439147949e-01 0.000000000000000000e+00 0.000000000000000000e+00 1.000000000000000000e+00
-6.865352988243103027e-01 -2.875504493713378906e-01 0.000000000000000000e+00 0.000000000000000000e+00 1.000000000000000000e+00
0.000000000000000000e+00 0.000000000000000000e+00 0.000000000000000000e+00 0.000000000000000000e+00 0.000000000000000000e+00
0.000000000000000000e+00 0.000000000000000000e+00 0.000000000000000000e+00 0.000000000000000000e+00 0.000000000000000000e+00
0.000000000000000000e+00 0.000000000000000000e+00 0.000000000000000000e+00 0.000000000000000000e+00 0.000000000000000000e+00
0.000000000000000000e+00 0.000000000000000000e+00 0.000000000000000000e+00 0.000000000000000000e+00 0.000000000000000000e+00
0.000000000000000000e+00 0.000000000000000000e+00 0.000000000000000000e+00 0.000000000000000000e+00 0.000000000000000000e+00
0.000000000000000000e+00 0.000000000000000000e+00 0.000000000000000000e+00 0.000000000000000000e+00 0.000000000000000000e+00
0.000000000000000000e+00 0.000000000000000000e+00 0.000000000000000000e+00 0.000000000000000000e+00 0.000000000000000000e+00
0.000000000000000000e+00 0.000000000000000000e+00 0.000000000000000000e+00 0.000000000000000000e+00 0.000000000000000000e+00
0.000000000000000000e+00 0.000000000000000000e+00 0.000000000000000000e+00 0.000000000000000000e+00 0.000000000000000000e+00
0.000000000000000000e+00 0.000000000000000000e+00 0.000000000000000000e+00 0.000000000000000000e+00 0.000000000000000000e+00
0.000000000000000000e+00 0.000000000000000000e+00 0.000000000000000000e+00 0.000000000000000000e+00 0.000000000000000000e+00
0.000000000000000000e+00 0.000000000000000000e+00 0.000000000000000000e+00 0.000000000000000000e+00 0.000000000000000000e+00
0.000000000000000000e+00 0.000000000000000000e+00 0.000000000000000000e+00 0.000000000000000000e+00 0.000000000000000000e+00
0.000000000000000000e+00 0.000000000000000000e+00 0.000000000000000000e+00 0.000000000000000000e+00 0.000000000000000000e+00
0.000000000000000000e+00 0.000000000000000000e+00 0.000000000000000000e+00 0.000000000000000000e+00 0.000000000000000000e+00
0.000000000000000000e+00 0.000000000000000000e+00 0.000000000000000000e+00 0.000000000000000000e+00 0.000000000000000000e+00
0.000000000000000000e+00 0.000000000000000000e+00 0.000000000000000000e+00 0.000000000000000000e+00 0.000000000000000000e+00
0.000000000000000000e+00 0.000000000000000000e+00 0.000000000000000000e+00 0.000000000000000000e+00 0.000000000000000000e+00
0.000000000000000000e+00 0.000000000000000000e+00 0.000000000000000000e+00 0.000000000000000000e+00 0.000000000000000000e+00
0.000000000000000000e+00 0.000000000000000000e+00 0.000000000000000000e+00 0.000000000000000000e+00 0.000000000000000000e+00
0.000000000000000000e+00 0.000000000000000000e+00 0.000000000000000000e+00 0.000000000000000000e+00 0.000000000000000000e+00
0.000000000000000000e+00 0.000000000000000000e+00 0.000000000000000000e+00 0.000000000000000000e+00 0.000000000000000000e+00
0.000000000000000000e+00 0.000000000000000000e+00 0.000000000000000000e+00 0.000000000000000000e+00 0.000000000000000000e+00
0.000000000000000000e+00 0.000000000000000000e+00 0.000000000000000000e+00 0.000000000000000000e+00 0.000000000000000000e+00
0.000000000000000000e+00 0.000000000000000000e+00 0.000000000000000000e+00 0.000000000000000000e+00 0.000000000000000000e+00
0.000000000000000000e+00 0.000000000000000000e+00 0.000000000000000000e+00 0.000000000000000000e+00 0.000000000000000000e+00
0.000000000000000000e+00 0.000000000000000000e+00 0.000000000000000000e+00 0.000000000000000000e+00 0.000000000000000000e+00
0.000000000000000000e+00 0.000000000000000000e+00 0.000000000000000000e+00 0.000000000000000000e+00 0.000000000000000000e+00
0.000000000000000000e+00 0.000000000000000000e+00 0.000000000000000000e+00 0.000000000000000000e+00 0.000000000000000000e+00
0.000000000000000000e+00 0.000000000000000000e+00 0.000000000000000000e+00 0.000000000000000000e+00 0.000000000000000000e+00
0.000000000000000000e+00 0.000000000000000000e+00 0.000000000000000000e+00 0.000000000000000000e+00 0.000000000000000000e+00
0.000000000000000000e+00 0.000000000000000000e+00 0.000000000000000000e+00 0.000000000000000000e+00 0.000000000000000000e+00
0.000000000000000000e+00 0.000000000000000000e+00 0.000000000000000000e+00 0.000000000000000000e+00 0.000000000000000000e+00
0.000000000000000000e+00 0.000000000000000000e+00 0.000000000000000000e+00 0.000000000000000000e+00 0.000000000000000000e+00
0.000000000000000000e+00 0.000000000000000000e+00 0.000000000000000000e+00 0.000000000000000000e+00 0.000000000000000000e+00
0.000000000000000000e+00 0.000000000000000000e+00 0.000000000000000000e+00 0.000000000000000000e+00 0.000000000000000000e+00
0.000000000000000000e+00 0.000000000000000000e+00 0.000000000000000000e+00 0.000000000000000000e+00 0.000000000000000000e+00
0.000000000000000000e+00 0.000000000000000000e+00 0.000000000000000000e+00 0.000000000000000000e+00 0.000000000000000000e+00
