0.000000000000000000e+00 0.000000000000000000e+00 1.000000000000000000e+00 0.000000000000000000e+00 0.000000000000000000e+00
7.192441821098327637e-01 -1.417615115642547607e-01 1.000000000000000000e+00 0.000000000000000000e+00 0.000000000000000000e+00
-3.514730185270309448e-02 5.749603360891342163e-02 0.000000000000000000e+00 1.000000000000000000e+00 0.000000000000000000e+00
-5.906352400779724121e-01 5.800744295120239258e-01 1.000000000000000000e+00 0.000000000000000000e+00 0.000000000000000000e+00
5.477147698402404785e-01 -5.009509623050689697e-02 1.000000000000000000e+00 0.000000000000000000e+00 0.000000000000000000e+00
-4.016973823308944702e-02 7.171545922756195068e-02 0.000000000000000000e+00 1.000000000000000000e+00 0.000000000000000000e+00
-8.580271005630493164e-01 7.036970853805541992e-01 1.000000000000000000e+00 0.000000000000000000e+00 0.000000000000000000e+00
8.602666854858398438e-01 -1.746931374073028564e-01 1.000000000000000000e+00 0.000000000000000000e+00 0.000000000000000000e+00
4.174019098281860352e-01 -2.075442969799041748e-01 1.000000000000000000e+00 0.000000000000000000e+00 0.000000000000000000e+00
1.109255105257034302e-01 -1.530128866434097290e-01 0.000000000000000000e+00 1.000000000000000000e+00 0.000000000000000000e+00
-6.457623243331909180e-01 -1.386728882789611816e+00 1.000000000000000000e+00 0.000000000000000000e+00 0.000000000000000000e+00
1.481035351753234863e-01 7.543047070503234863e-01 1.000000000000000000e+00 0.000000000000000000e+00 0.000000000000000000e+00
-9.008407592773437500e-02 1.969777822494506836e+00 1.000000000000000000e+00 0.000000000000000000e+00 0.000000000000000000e+00
-7.023365795612335205e-02 2.901259064674377441e-01 1.000000000000000000e+00 0.000000000000000000e+00 0.000000000000000000e+00
-9.985400736331939697e-02 1.015115827322006226e-01 0.000000000000000000e+00 1.000000000000000000e+00 0.000000000000000000e+00
-1.613854169845581055e-01 -8.340904712677001953e-01 1.000000000000000000e+00 0.000000000000000000e+00 0.000000000000000000e+00
-6.308138370513916016e-01 6.070108413696289062e-01 1.000000000000000000e+00 0.000000000000000000e+00 0.000000000000000000e+00
-2.032944262027740479e-01 3.596251010894775391e-01 0.000000000000000000e+00 1.000000000000000000e+00 0.000000000000000000e+00
1.354506254196166992e+00 -7.858681678771972656e-01 1.000000000000000000e+00 0.000000000000000000e+00 0.000000000000000000e+00
3.924397230148315430e-01 3.154792189598083496e-01 1.000000000000000000e+00 0.000000000000000000e+00 0.000000000000000000e+00
2.500836849212646484e-01 7.507279515266418457e-02 0.000000000000000000e+00 1.000000000000000000e+00 0.000000000000000000e+00
4.624955952167510986e-01 -2.371915817260742188e+00 1.000000000000000000e+00 0.000000000000000000e+00 0.000000000000000000e+00
-4.547811299562454224e-02 7.391653656959533691e-01 1.000000000000000000e+00 0.000000000000000000e+00 0.000000000000000000e+00
-7.564860582351684570e-02 2.332171648740768433e-01 0.000000000000000000e+00 1.000000000000000000e+00 0.000000000000000000e+00
4.535188376903533936e-01 -1.023189783096313477e+00 1.000000000000000000e+00 0.000000000000000000e+00 0.000000000000000000e+00
3.735806643962860107e-01 7.595276460051536560e-03 1.000000000000000000e+00 0.000000000000000000e+00 0.000000000000000000e+00
1.235761493444442749e-01 1.268704235553741455e-01 1.000000000000000000e+00 0.000000000000000000e+00 0.000000000000000000e+00
-2.644573450088500977e-01 4.147169291973114014e-01 1.000000000000000000e+00 0.000000000000000000e+00 0.000000000000000000e+00
-4.295036792755126953e-01 3.477788865566253662e-01 1.000000000000000000e+00 0.000000000000000000e+00 0.000000000000000000e+00
4.468614459037780762e-01 -1.043238639831542969e-01 1.000000000000000000e+00 0.000000000000000000e+00 0.000000000000000000e+00
-3.660029917955398560e-02 6.033223122358322144e-02 0.000000000000000000e+00 1.000000000000000000e+00 0.000000000000000000e+00
-8.096092939376831055e-01 7.800616621971130371e-01 1.000000000000000000e+00 0.000000000000000000e+00 0.000000000000000000e+00
1.388502866029739380e-02 7.836903333663940430e-01 1.000000000000000000e+00 0.000000000000000000e+00 0.000000000000000000e+00
-5.458109080791473389e-02 1.816549003124237061e-01 0.000000000000000000e+00 1.000000000000000000e+00 0.000000000000000000e+00
3.992823362350463867e-01 -8.936956524848937988e-01 1.000000000000000000e+00 0.000000000000000000e+00 0.000000000000000000e+00
7.245749235153198242e-01 -3.157281875610351562e-02 1.000000000000000000e+00 0.000000000000000000e+00 0.000000000000000000e+00
1.992111206054687500e-01 9.830337017774581909e-02 1.000000000000000000e+00 0.000000000000000000e+00 0.000000000000000000e+00
-5.191609859466552734e-01 6.634004116058349609e-01 1.000000000000000000e+00 0.000000000000000000e+00 0.000000000000000000e+00
-3.314050137996673584e-01 2.256439924240112305e-01 1.000000000000000000e+00 0.000000000000000000e+00 0.000000000000000000e+00
7.366213202476501465e-01 -2.079248279333114624e-01 1.000000000000000000e+00 0.000000000000000000e+00 0.000000000000000000e+00
3.640122115612030029e-01 -1.263119280338287354e-03 0.000000000000000000e+00 1.000000000000000000e+00 0.000000000000000000e+00
-1.718771576881408691e+00 -1.733895778656005859e+00 0.000000000000000000e+00 0.000000000000000000e+00 1.000000000000000000e+00
-3.972836732864379883e-01 1.308212518692016602e+00 0.000000000000000000e+00 0.000000000000000000e+00 1.000000000000000000e+00
-1.430463552474975586e+00 -3.413558602333068848e-01 0.000000000000000000e+00 0.000000000000000000e+00 1.000000000000000000e+00
-1.018965244293212891e+00 -3.718500733375549316e-01 0.000000000000000000e+00 0.000000000000000000e+00 1.000000000000000000e+00
-1.067610859870910645e+00 -3.375700116157531738e-01 0.000000000000000000e+00 0.000000000000000000e+00 1.000000000000000000e+00
-1.014578223228454590e+00 -3.318350911140441895e-01 0.000000000000000000e+00 0.000000000000000000e+00 1.000000000000000000e+00
-1.002458691596984863e+00 -3.148620724678039551e-01 0.000000000000000000e+00 0.000000000000000000e+00 1.000000000000000000e+00
-9.898306131362915039e-01 -3.006281256675720215e-01 0.000000000000000000e+00 0.000000000000000000e+00 1.000000000000000000e+00
-9.809883832931518555e-01 -2.851577401161193848e-01 0.000000000000000000e+00 0.000000000000000000e+00 1.000000000000000000e+00
-9.693889617919921875e-01 -2.814761400222778320e-01 0.000000000000000000e+00 0.000000000000000000e+00 1.000000000000000000e+00
-9.595209360122680664e-01 -2.842438220977783203e-01 0.000000000000000000e+00 0.000000000000000000e+00 1.000000000000000000e+00
-9.523863792419433594e-01 -2.916528582572937012e-01 0.000000000000000000e+00 0.000000000000000000e+00 1.000000000000000000e+00
-9.445782899856567383e-01 -2.997527122497558594e-01 0.000000000000000000e+00 0.000000000000000000e+00 1.000000000000000000e+00
-9.398343563079833984e-01 -2.973016500473022461e-01 0.000000000000000000e+00 0.000000000000000000e+00 1.000000000000000000e+00
-9.343860149383544922e-01 -2.952151298522949219e-01 0.000000000000000000e+00 0.000000000000000000e+00 1.000000000000000000e+00
-9.266545772552490234e-01 -2.910369634628295898e-01 0.000000000000000000e+00 0.000000000000000000e+00 1.000000000000000000e+00
-9.152995347976684570e-01 -2.936952114105224609e-01 0.000000000000000000e+00 0.000000000000000000e+00 1.000000000000000000e+00
-9.058144092559814453e-01 -2.969484925270080566e-01 0.000000000000000000e+00 0.000000000000000000e+00 1.000000000000000000e+00
-8.962869644165039062e-01 -3.028559684753417969e-01 0.000000000000000000e+00 0.000000000000000000e+00 1.000000000000000000e+00
-8.867557048797607422e-01 -3.090475201606750488e-01 0.000000000000000000e+00 0.000000000000000000e+00 1.000000000000000000e+00
-8.775382041931152344e-01 -3.115712404251098633e-01 0.000000000000000000e+00 0.000000000000000000e+00 1.000000000000000000e+00
-8.692311048507690430e-01 -3.104977011680603027e-01 0.000000000000000000e+00 0.000000000000000000e+00 1.000000000000000000e+00
-8.615024089813232422e-01 -3.078600168228149414e-01 0.000000000000000000e+00 0.000000000000000000e+00 1.000000000000000000e+00
-8.559613227844238281e-01 -3.069999217987060547e-01 0.000000000000000000e+00 0.000000000000000000e+00 1.000000000000000000e+00
-8.526678085327148438e-01 -3.090308308601379395e-01 0.000000000000000000e+00 0.000000000000000000e+00 1.000000000000000000e+00
-8.495581150054931641e-01 -3.124485611915588379e-01 0.000000000000000000e+00 0.000000000000000000e+00 1.000000000000000000e+00
-8.459864854812622070e-01 -3.154042363166809082e-01 0.000000000000000000e+00 0.000000000000000000e+00 1.000000000000000000e+00
-8.420063257217407227e-01 -3.134611248970031738e-01 0.000000000000000000e+00 0.000000000000000000e+00 1.000000000000000000e+00
-8.383007049560546875e-01 -3.075077533721923828e-01 0.000000000000000000e+00 0.000000000000000000e+00 1.000000000000000000e+00
0.000000000000000000e+00 0.000000000000000000e+00 0.000000000000000000e+00 0.000000000000000000e+00 0.000000000000000000e+00
0.000000000000000000e+00 0.000000000000000000e+00 0.000000000000000000e+00 0.000000000000000000e+00 0.000000000000000000e+00
0.000000000000000000e+00 0.000000000000000000e+00 0.000000000000000000e+00 0.000000000000000000e+00 0.000000000000000000e+00
0.000000000000000000e+00 0.000000000000000000e+00 0.000000000000000000e+00 0.000000000000000000e+00 0.000000000000000000e+00
0.000000000000000000e+00 0.000000000000000000e+00 0.000000000000000000e+00 0.000000000000000000e+00 0.000000000000000000e+00
0.000000000000000000e+00 0.000000000000000000e+00 0.000000000000000000e+00 0.000000000000000000e+00 0.000000000000000000e+00
0.000000000000000000e+00 0.000000000000000000e+00 0.000000000000000000e+00 0.000000000000000000e+00 0.000000000000000000e+00
0.000000000000000000e+00 0.000000000000000000e+00 0.000000000000000000e+00 0.000000000000000000e+00 0.000000000000000000e+00
0.000000000000000000e+00 0.000000000000000000e+00 0.000000000000000000e+00 0.000000000000000000e+00 0.000000000000000000e+00
0.000000000000000000e+00 0.000000000000000000e+00 0.000000000000000000e+00 0.000000000000000000e+00 0.000000000000000000e+00
0.000000000000000000e+00 0.000000000000000000e+00 0.000000000000000000e+00 0.000000000000000000e+00 0.000000000000000000e+00
0.000000000000000000e+00 0.000000000000000000e+00 0.000000000000000000e+00 0.000000000000000000e+00 0.000000000000000000e+00
0.000000000000000000e+00 0.000000000000000000e+00 0.000000000000000000e+00 0.000000000000000000e+00 0.000000000000000000e+00
0.000000000000000000e+00 0.000000000000000000e+00 0.000000000000000000e+00 0.000000000000000000e+00 0.000000000000000000e+00
0.000000000000000000e+00 0.000000000000000000e+00 0.000000000000000000e+00 0.000000000000000000e+00 0.000000000000000000e+00
0.000000000000000000e+00 0.000000000000000000e+00 0.000000000000000000e+00 0.000000000000000000e+00 0.000000000000000000e+00
0.000000000000000000e+00 0.000000000000000000e+00 0.000000000000000000e+00 0.000000000000000000e+00 0.000000000000000000e+00
0.000000000000000000e+00 0.000000000000000000e+00 0.000000000000000000e+00 0.000000000000000000e+00 0.000000000000000000e+00
0.000000000000000000e+00 0.000000000000000000e+00 0.000000000000000000e+00 0.000000000000000000e+00 0.000000000000000000e+00
0.000000000000000000e+00 0.000000000000000000e+00 0.000000000000000000e+00 0.000000000000000000e+00 0.000000000000000000e+00
0.000000000000000000e+00 0.000000000000000000e+00 0.000000000000000000e+00 0.000000000000000000e+00 0.000000000000000000e+00
0.000000000000000000e+00 0.000000000000000000e+00 0.000000000000000000e+00 0.000000000000000000e+00 0.000000000000000000e+00
0.000000000000000000e+00 0.000000000000000000e+00 0.000000000000000000e+00 0.000000000000000000e+00 0.000000000000000000e+00
0.000000000000000000e+00 0.000000000000000000e+00 0.000000000000000000e+00 0.000000000000000000e+00 0.000000000000000000e+00
0.000000000000000000e+00 0.000000000000000000e+00 0.000000000000000000e+00 0.000000000000000000e+00 0.000000000000000000e+00
0.000000000000000000e+00 0.000000000000000000e+00 0.000000000000000000e+00 0.000000000000000000e+00 0.000000000000000000e+00
0.000000000000000000e+00 0.000000000000000000e+00 0.000000000000000000e+00 0.000000000000000000e+00 0.000000000000000000e+00
0.000000000000000000e+00 0.000000000000000000e+00 0.000000000000000000e+00 0.000000000000000000e+00 0.000000000000000000e+00
0.000000000000000000e+00 0.000000000000000000e+00 0.000000000000000000e+00 0.000000000000000000e+00 0.000000000000000000e+00
0.000000000000000000e+00 0.000000000000000000e+00 0.000000000000000000e+00 0.000000000000000000e+00 0.000000000000000000e+00
0.000000000000000000e+00 0.000000000000000000e+00 0.000000000000000000e+00 0.000000000000000000e+00 0.000000000000000000e+00
0.000000000000000000e+00 0.000000000000000000e+00 0.000000000000000000e+00 0.000000000000000000e+00 0.000000000000000000e+00
0.000000000000000000e+00 0.000000000000000000e+00 0.000000000000000000e+00 0.000000000000000000e+00 0.000000000000000000e+00
0.000000000000000000e+00 0.000000000000000000e+00 0.000000000000000000e+00 0.000000000000000000e+00 0.000000000000000000e+00
0.000000000000000000e+00 0.000000000000000000e+00 0.000000000000000000e+00 0.000000000000000000e+00 0.000000000000000000e+00
0.000000000000000000e+00 0.000000000000000000e+00 0.000000000000000000e+00 0.000000000000000000e+00 0.000000000000000000e+00
0.000000000000000000e+00 0.000000000000000000e+00 0.000000000000000000e+00 0.000000000000000000e+00 0.000000000000000000e+00
0.000000000000000000e+00 0.000000000000000000e+00 0.000000000000000000e+00 0.000000000000000000e+00 0.000000000000000000e+00
0.000000000000000000e+00 0.000000000000000000e+00 0.000000000000000000e+00 0.000000000000000000e+00 0.000000000000000000e+00
0.000000000000000000e+00 0.000000000000000000e+00 0.000000000000000000e+00 0.000000000000000000e+00 0.000000000000000000e+00
0.000000000000000000e+00 0.000000000000000000e+00 0.000000000000000000e+00 0.000000000000000000e+00 0.000000000000000000e+00
0.000000000000000000e+00 0.000000000000000000e+00 0.000000000000000000e+00 0.000000000000000000e+00 0.000000000000000000e+00
0.000000000000000000e+00 0.000000000000000000e+00 0.000000000000000000e+00 0.000000000000000000e+00 0.000000000000000000e+00
0.000000000000000000e+00 0.000000000000000000e+00 0.000000000000000000e+00 0.000000000000000000e+00 0.000000000000000000e+00
0.000000000000000000e+00 0.000000000000000000e+00 0.000000000000000000e+00 0.000000000000000000e+00 0.000000000000000000e+00
0.000000000000000000e+00 0.000000000000000000e+00 0.000000000000000000e+00 0.000000000000000000e+00 0.000000000000000000e+00
0.000000000000000000e+00 0.000000000000000000e+00 0.000000000000000000e+00 0.000000000000000000e+00 0.000000000000000000e+00
0.000000000000000000e+00 0.000000000000000000e+00 0.000000000000000000e+00 0.000000000000000000e+00 0.000000000000000000e+00
0.000000000000000000e+00 0.000000000000000000e+00 0.000000000000000000e+00 0.000000000000000000e+00 0.000000000000000000e+00
0.000000000000000000e+00 0.000000000000000000e+00 0.000000000000000000e+00 0.000000000000000000e+00 0.000000000000000000e+00
0.000000000000000000e+00 0.000000000000000000e+00 0.000000000000000000e+00 0.000000000000000000e+00 0.000000000000000000e+00
