0.000000000000000000e+00 0.000000000000000000e+00 1.000000000000000000e+00 0.000000000000000000e+00 0.000000000000000000e+00
1.857343673706054688e+00 -3.616477251052856445e-01 1.000000000000000000e+00 0.000000000000000000e+00 0.000000000000000000e+00
9.048316478729248047e-01 -3.369880020618438721e-01 0.000000000000000000e+00 1.000000000000000000e+00 0.000000000000000000e+00
-1.554288864135742188e+00 7.538372874259948730e-01 1.000000000000000000e+00 0.000000000000000000e+00 0.000000000000000000e+00
-3.640670180320739746e-01 2.081457853317260742e+00 1.000000000000000000e+00 0.000000000000000000e+00 0.000000000000000000e+00
2.392055839300155640e-02 4.021782279014587402e-01 0.000000000000000000e+00 1.000000000000000000e+00 0.000000000000000000e+00
1.712846159934997559e+00 -2.479082107543945312e+00 1.000000000000000000e+00 0.000000000000000000e+00 0.000000000000000000e+00
3.801871091127395630e-03 2.339141607284545898e+00 1.000000000000000000e+00 0.000000000000000000e+00 0.000000000000000000e+00
-1.948232948780059814e-01 1.638947129249572754e+00 1.000000000000000000e+00 0.000000000000000000e+00 0.000000000000000000e+00
-1.479374170303344727e-01 4.020856618881225586e-01 1.000000000000000000e+00 0.000000000000000000e+00 0.000000000000000000e+00
-1.887416243553161621e-01 1.361086964607238770e-01 0.000000000000000000e+00 1.000000000000000000e+00 0.000000000000000000e+00
-5.840293169021606445e-01 -2.835653543472290039e+00 1.000000000000000000e+00 0.000000000000000000e+00 0.000000000000000000e+00
5.686894655227661133e-01 -1.214147508144378662e-01 1.000000000000000000e+00 0.000000000000000000e+00 0.000000000000000000e+00
-6.492882966995239258e-02 7.516869902610778809e-02 0.000000000000000000e+00 1.000000000000000000e+00 0.000000000000000000e+00
-5.050016045570373535e-01 5.033299922943115234e-01 1.000000000000000000e+00 0.000000000000000000e+00 0.000000000000000000e+00
6.040304303169250488e-01 4.536291956901550293e-02 1.000000000000000000e+00 0.000000000000000000e+00 0.000000000000000000e+00
-7.460259646177291870e-02 1.199997216463088989e-01 0.000000000000000000e+00 1.000000000000000000e+00 0.000000000000000000e+00
-2.203284740447998047e+00 1.095453858375549316e+00 1.000000000000000000e+00 0.000000000000000000e+00 0.000000000000000000e+00
2.094439029693603516e+00 -2.093350589275360107e-01 1.000000000000000000e+00 0.000000000000000000e+00 0.000000000000000000e+00
1.951750993728637695e+00 7.991708070039749146e-02 1.000000000000000000e+00 0.000000000000000000e+00 0.000000000000000000e+00
5.901707410812377930e-01 -8.088149130344390869e-02 1.000000000000000000e+00 0.000000000000000000e+00 0.000000000000000000e+00
3.897927999496459961e-01 -1.916999965906143188e-01 0.000000000000000000e+00 1.000000000000000000e+00 0.000000000000000000e+00
-3.021423101425170898e+00 -2.960726261138916016e+00 0.000000000000000000e+00 0.000000000000000000e+00 1.000000000000000000e+00
7.370994091033935547e-01 6.441829204559326172e-01 0.000000000000000000e+00 0.000000000000000000e+00 1.000000000000000000e+00
-1.623341917991638184e+00 1.793201565742492676e-01 0.000000000000000000e+00 0.000000000000000000e+00 1.000000000000000000e+00
-9.809576272964477539e-01 -3.985415101051330566e-01 0.000000000000000000e+00 0.000000000000000000e+00 1.000000000000000000e+00
-1.065378308296203613e+00 -3.121713399887084961e-01 0.000000000000000000e+00 0.000000000000000000e+00 1.000000000000000000e+00
-1.000593543052673340e+00 -2.572375535964965820e-01 0.000000000000000000e+00 0.000000000000000000e+00 1.000000000000000000e+00
-9.949085712432861328e-01 -2.257990241050720215e-01 0.000000000000000000e+00 0.000000000000000000e+00 1.000000000000000000e+00
-9.877933263778686523e-01 -2.366792559623718262e-01 0.000000000000000000e+00 0.000000000000000000e+00 1.000000000000000000e+00
-9.648553133010864258e-01 -2.509472370147705078e-01 0.000000000000000000e+00 0.000000000000000000e+00 1.000000000000000000e+00
-9.257658720016479492e-01 -2.787684202194213867e-01 0.000000000000000000e+00 0.000000000000000000e+00 1.000000000000000000e+00
-8.827506303787231445e-01 -3.012798428535461426e-01 0.000000000000000000e+00 0.000000000000000000e+00 1.000000000000000000e+00
-8.585219383239746094e-01 -3.031192421913146973e-01 0.000000000000000000e+00 0.000000000000000000e+00 1.000000000000000000e+00
-8.442783355712890625e-01 -3.034660816192626953e-01 0.000000000000000000e+00 0.000000000000000000e+00 1.000000000000000000e+00
-8.368232250213623047e-01 -3.054553866386413574e-01 0.000000000000000000e+00 0.000000000000000000e+00 1.000000000000000000e+00
-8.324464559555053711e-01 -3.068030476570129395e-01 0.000000000000000000e+00 0.000000000000000000e+00 1.000000000000000000e+00
-8.215606212615966797e-01 -3.122994899749755859e-01 0.000000000000000000e+00 0.000000000000000000e+00 1.000000000000000000e+00
-8.080480098724365234e-01 -3.181270956993103027e-01 0.000000000000000000e+00 0.000000000000000000e+00 1.000000000000000000e+00
-7.978671789169311523e-01 -3.138059973716735840e-01 0.000000000000000000e+00 0.000000000000000000e+00 1.000000000000000000e+00
-7.921895980834960938e-01 -3.041398525238037109e-01 0.000000000000000000e+00 0.000000000000000000e+00 1.000000000000000000e+00
-7.917640209197998047e-01 -2.959973216056823730e-01 0.000000000000000000e+00 0.000000000000000000e+00 1.000000000000000000e+00
-7.911002635955810547e-01 -2.920963168144226074e-01 0.000000000000000000e+00 0.000000000000000000e+00 1.000000000000000000e+00
-7.864751815795898438e-01 -2.922873497009277344e-01 0.000000000000000000e+00 0.000000000000000000e+00 1.000000000000000000e+00
-7.787089347839355469e-01 -2.961358428001403809e-01 0.000000000000000000e+00 0.000000000000000000e+00 1.000000000000000000e+00
-7.719278335571289062e-01 -3.017891049385070801e-01 0.000000000000000000e+00 0.000000000000000000e+00 1.000000000000000000e+00
-7.678265571594238281e-01 -3.084701299667358398e-01 0.000000000000000000e+00 0.000000000000000000e+00 1.000000000000000000e+00
-7.661190032958984375e-01 -3.111901283264160156e-01 0.000000000000000000e+00 0.000000000000000000e+00 1.000000000000000000e+00
-7.645462751388549805e-01 -3.118692040443420410e-01 0.000000000000000000e+00 0.000000000000000000e+00 1.000000000000000000e+00
-7.611390352249145508e-01 -3.096999526023864746e-01 0.000000000000000000e+00 0.000000000000000000e+00 1.000000000000000000e+00
-7.566937208175659180e-01 -3.039278984069824219e-01 0.000000000000000000e+00 0.000000000000000000e+00 1.000000000000000000e+00
-7.534425258636474609e-01 -2.956519722938537598e-01 0.000000000000000000e+00 0.000000000000000000e+00 1.000000000000000000e+00
-7.535231113433837891e-01 -2.901877760887145996e-01 0.000000000000000000e+00 0.000000000000000000e+00 1.000000000000000000e+00
-7.546223402023315430e-01 -2.881165146827697754e-01 0.000000000000000000e+00 0.000000000000000000e+00 1.000000000000000000e+00
-7.549493312835693359e-01 -2.907789945602416992e-01 0.000000000000000000e+00 0.000000000000000000e+00 1.000000000000000000e+00
-7.520204782485961914e-01 -2.976682782173156738e-01 0.000000000000000000e+00 0.000000000000000000e+00 1.000000000000000000e+00
-7.454023361206054688e-01 -3.038118481636047363e-01 0.000000000000000000e+00 0.000000000000000000e+00 1.000000000000000000e+00
-7.370961904525756836e-01 -3.062844872474670410e-01 0.000000000000000000e+00 0.000000000000000000e+00 1.000000000000000000e+00
-7.331253290176391602e-01 -3.051911592483520508e-01 0.000000000000000000e+00 0.000000000000000000e+00 1.000000000000000000e+00
-7.324879169464111328e-01 -3.062281012535095215e-01 0.000000000000000000e+00 0.000000000000000000e+00 1.000000000000000000e+00
-7.314862012863159180e-01 -3.087185621261596680e-01 0.000000000000000000e+00 0.000000000000000000e+00 1.000000000000000000e+00
-7.288130521774291992e-01 -3.089104294776916504e-01 0.000000000000000000e+00 0.000000000000000000e+00 1.000000000000000000e+00
-7.246352434158325195e-01 -3.072844147682189941e-01 0.000000000000000000e+00 0.000000000000000000e+00 1.000000000000000000e+00
-7.184022665023803711e-01 -3.043401241302490234e-01 0.000000000000000000e+00 0.000000000000000000e+00 1.000000000000000000e+00
-7.136838436126708984e-01 -3.003726601600646973e-01 0.000000000000000000e+00 0.000000000000000000e+00 1.000000000000000000e+00
-7.144392728805541992e-01 -2.985920906066894531e-01 0.000000000000000000e+00 0.000000000000000000e+00 1.000000000000000000e+00
-7.164283990859985352e-01 -3.012546896934509277e-01 0.000000000000000000e+00 0.000000000000000000e+00 1.000000000000000000e+00
0.000000000000000000e+00 0.000000000000000000e+00 0.000000000000000000e+00 0.000000000000000000e+00 0.000000000000000000e+00
0.000000000000000000e+00 0.000000000000000000e+00 0.000000000000000000e+00 0.000000000000000000e+00 0.000000000000000000e+00
0.000000000000000000e+00 0.000000000000000000e+00 0.000000000000000000e+00 0.000000000000000000e+00 0.000000000000000000e+00
0.000000000000000000e+00 0.000000000000000000e+00 0.000000000000000000e+00 0.000000000000000000e+00 0.000000000000000000e+00
0.000000000000000000e+00 0.000000000000000000e+00 0.000000000000000000e+00 0.000000000000000000e+00 0.000000000000000000e+00
0.000000000000000000e+00 0.000000000000000000e+00 0.000000000000000000e+00 0.000000000000000000e+00 0.000000000000000000e+00
0.000000000000000000e+00 0.000000000000000000e+00 0.000000000000000000e+00 0.000000000000000000e+00 0.000000000000000000e+00
0.000000000000000000e+00 0.000000000000000000e+00 0.000000000000000000e+00 0.000000000000000000e+00 0.000000000000000000e+00
0.000000000000000000e+00 0.000000000000000000e+00 0.000000000000000000e+00 0.000000000000000000e+00 0.000000000000000000e+00
0.000000000000000000e+00 0.000000000000000000e+00 0.000000000000000000e+00 0.000000000000000000e+00 0.000000000000000000e+00
0.000000000000000000e+00 0.000000000000000000e+00 0.000000000000000000e+00 0.000000000000000000e+00 0.000000000000000000e+00
0.000000000000000000e+00 0.000000000000000000e+00 0.000000000000000000e+00 0.000000000000000000e+00 0.000000000000000000e+00
0.000000000000000000e+00 0.000000000000000000e+00 0.000000000000000000e+00 0.000000000000000000e+00 0.000000000000000000e+00
0.000000000000000000e+00 0.000000000000000000e+00 0.000000000000000000e+00 0.000000000000000000e+00 0.000000000000000000e+00
0.000000000000000000e+00 0.000000000000000000e+00 0.000000000000000000e+00 0.000000000000000000e+00 0.000000000000000000e+00
0.000000000000000000e+00 0.000000000000000000e+00 0.000000000000000000e+00 0.000000000000000000e+00 0.000000000000000000e+00
0.000000000000000000e+00 0.000000000000000000e+00 0.000000000000000000e+00 0.000000000000000000e+00 0.000000000000000000e+00
0.000000000000000000e+00 0.000000000000000000e+00 0.000000000000000000e+00 0.000000000000000000e+00 0.000000000000000000e+00
0.000000000000000000e+00 0.000000000000000000e+00 0.000000000000000000e+00 0.000000000000000000e+00 0.000000000000000000e+00
0.000000000000000000e+00 0.000000000000000000e+00 0.000000000000000000e+00 0.000000000000000000e+00 0.000000000000000000e+00
0.000000000000000000e+00 0.000000000000000000e+00 0.000000000000000000e+00 0.000000000000000000e+00 0.000000000000000000e+00
0.000000000000000000e+00 0.000000000000000000e+00 0.000000000000000000e+00 0.000000000000000000e+00 0.000000000000000000e+00
0.000000000000000000e+00 0.000000000000000000e+00 0.000000000000000000e+00 0.000000000000000000e+00 0.000000000000000000e+00
0.000000000000000000e+00 0.000000000000000000e+00 0.000000000000000000e+00 0.000000000000000000e+00 0.000000000000000000e+00
0.000000000000000000e+00 0.000000000000000000e+00 0.000000000000000000e+00 0.000000000000000000e+00 0.000000000000000000e+00
0.000000000000000000e+00 0.000000000000000000e+00 0.000000000000000000e+00 0.000000000000000000e+00 0.000000000000000000e+00
0.000000000000000000e+00 0.000000000000000000e+00 0.000000000000000000e+00 0.000000000000000000e+00 0.000000000000000000e+00
0.000000000000000000e+00 0.000000000000000000e+00 0.000000000000000000e+00 0.000000000000000000e+00 0.000000000000000000e+00
0.000000000000000000e+00 0.000000000000000000e+00 0.000000000000000000e+00 0.000000000000000000e+00 0.000000000000000000e+00
0.000000000000000000e+00 0.000000000000000000e+00 0.000000000000000000e+00 0.000000000000000000e+00 0.000000000000000000e+00
0.000000000000000000e+00 0.000000000000000000e+00 0.000000000000000000e+00 0.000000000000000000e+00 0.000000000000000000e+00
0.000000000000000000e+00 0.000000000000000000e+00 0.000000000000000000e+00 0.000000000000000000e+00 0.000000000000000000e+00
0.000000000000000000e+00 0.000000000000000000e+00 0.000000000000000000e+00 0.000000000000000000e+00 0.000000000000000000e+00
0.000000000000000000e+00 0.000000000000000000e+00 0.000000000000000000e+00 0.000000000000000000e+00 0.000000000000000000e+00
0.000000000000000000e+00 0.000000000000000000e+00 0.000000000000000000e+00 0.000000000000000000e+00 0.000000000000000000e+00
0.000000000000000000e+00 0.000000000000000000e+00 0.000000000000000000e+00 0.000000000000000000e+00 0.000000000000000000e+00
0.000000000000000000e+00 0.000000000000000000e+00 0.000000000000000000e+00 0.000000000000000000e+00 0.000000000000000000e+00
0.000000000000000000e+00 0.000000000000000000e+00 0.000000000000000000e+00 0.000000000000000000e+00 0.000000000000000000e+00
0.000000000000000000e+00 0.000000000000000000e+00 0.000000000000000000e+00 0.000000000000000000e+00 0.000000000000000000e+00
0.000000000000000000e+00 0.000000000000000000e+00 0.000000000000000000e+00 0.000000000000000000e+00 0.000000000000000000e+00
0.000000000000000000e+00 0.000000000000000000e+00 0.000000000000000000e+00 0.000000000000000000e+00 0.000000000000000000e+00
0.000000000000000000e+00 0.000000000000000000e+00 0.000000000000000000e+00 0.000000000000000000e+00 0.000000000000000000e+00
0.000000000000000000e+00 0.000000000000000000e+00 0.000000000000000000e+00 0.000000000000000000e+00 0.000000000000000000e+00
0.000000000000000000e+00 0.000000000000000000e+00 0.000000000000000000e+00 0.000000000000000000e+00 0.000000000000000000e+00
0.000000000000000000e+00 0.000000000000000000e+00 0.000000000000000000e+00 0.000000000000000000e+00 0.000000000000000000e+00
0.000000000000000000e+00 0.000000000000000000e+00 0.000000000000000000e+00 0.000000000000000000e+00 0.000000000000000000e+00
0.000000000000000000e+00 0.000000000000000000e+00 0.000000000000000000e+00 0.000000000000000000e+00 0.000000000000000000e+00
0.000000000000000000e+00 0.000000000000000000e+00 0.000000000000000000e+00 0.000000000000000000e+00 0.000000000000000000e+00
0.000000000000000000e+00 0.000000000000000000e+00 0.000000000000000000e+00 0.000000000000000000e+00 0.000000000000000000e+00
0.000000000000000000e+00 0.000000000000000000e+00 0.000000000000000000e+00 0.000000000000000000e+00 0.000000000000000000e+00
0.000000000000000000e+00 0.000000000000000000e+00 0.000000000000000000e+00 0.000000000000000000e+00 0.000000000000000000e+00
0.000000000000000000e+00 0.000000000000000000e+00 0.000000000000000000e+00 0.000000000000000000e+00 0.000000000000000000e+00
0.000000000000000000e+00 0.000000000000000000e+00 0.000000000000000000e+00 0.000000000000000000e+00 0.000000000000000000e+00
0.000000000000000000e+00 0.000000000000000000e+00 0.000000000000000000e+00 0.000000000000000000e+00 0.000000000000000000e+00
