0.000000000000000000e+00 0.000000000000000000e+00 1.000000000000000000e+00 0.000000000000000000e+00 0.000000000000000000e+00
-1.167213559150695801e+00 1.525054812431335449e+00 1.000000000000000000e+00 0.000000000000000000e+00 0.000000000000000000e+00
-8.410196304321289062e-01 7.815563678741455078e-01 1.000000000000000000e+00 0.000000000000000000e+00 0.000000000000000000e+00
-4.610258340835571289e-01 2.454283833503723145e-01 0.000000000000000000e+00 1.000000000000000000e+00 0.000000000000000000e+00
1.111157894134521484e+00 -7.155215740203857422e-01 1.000000000000000000e+00 0.000000000000000000e+00 0.000000000000000000e+00
6.299117207527160645e-01 1.138780266046524048e-01 1.000000000000000000e+00 0.000000000000000000e+00 0.000000000000000000e+00
4.950993955135345459e-01 3.899133503437042236e-01 0.000000000000000000e+00 1.000000000000000000e+00 0.000000000000000000e+00
1.445055723190307617e+00 -1.785814523696899414e+00 1.000000000000000000e+00 0.000000000000000000e+00 0.000000000000000000e+00
-1.008504986763000488e+00 1.213934302330017090e+00 1.000000000000000000e+00 0.000000000000000000e+00 0.000000000000000000e+00
-4.262100756168365479e-01 3.363654017448425293e-01 1.000000000000000000e+00 0.000000000000000000e+00 0.000000000000000000e+00
-3.279137313365936279e-01 8.181235194206237793e-02 0.000000000000000000e+00 1.000000000000000000e+00 0.000000000000000000e+00
1.035050034523010254e+00 -5.135253667831420898e-01 1.000000000000000000e+00 0.000000000000000000e+00 0.000000000000000000e+00
5.446318387985229492e-01 1.680635809898376465e-01 1.000000000000000000e+00 0.000000000000000000e+00 0.000000000000000000e+00
1.974194943904876709e-01 1.978719979524612427e-01 0.000000000000000000e+00 1.000000000000000000e+00 0.000000000000000000e+00
-3.260736942291259766e+00 1.080351591110229492e+00 1.000000000000000000e+00 0.000000000000000000e+00 0.000000000000000000e+00
1.803894281387329102e+00 -2.755300402641296387e-01 1.000000000000000000e+00 0.000000000000000000e+00 0.000000000000000000e+00
1.411972284317016602e+00 -4.566543102264404297e-01 0.000000000000000000e+00 1.000000000000000000e+00 0.000000000000000000e+00
-1.820463418960571289e+00 6.450543403625488281e-01 1.000000000000000000e+00 0.000000000000000000e+00 0.000000000000000000e+00
-2.961264252662658691e-01 1.474233388900756836e+00 1.000000000000000000e+00 0.000000000000000000e+00 0.000000000000000000e+00
3.291476145386695862e-02 2.143502533435821533e-01 0.000000000000000000e+00 1.000000000000000000e+00 0.000000000000000000e+00
1.544268488883972168e+00 -1.912274122238159180e+00 1.000000000000000000e+00 0.000000000000000000e+00 0.000000000000000000e+00
-4.948234185576438904e-02 2.071955680847167969e+00 1.000000000000000000e+00 0.000000000000000000e+00 0.000000000000000000e+00
-9.583184868097305298e-02 5.411413311958312988e-01 1.000000000000000000e+00 0.000000000000000000e+00 0.000000000000000000e+00
-1.497240513563156128e-01 3.242532014846801758e-01 0.000000000000000000e+00 1.000000000000000000e+00 0.000000000000000000e+00
-5.115721225738525391e-01 -2.089632511138916016e+00 1.000000000000000000e+00 0.000000000000000000e+00 0.000000000000000000e+00
4.373953342437744141e-01 -5.062583088874816895e-02 0.000000000000000000e+00 1.000000000000000000e+00 0.000000000000000000e+00
-3.568091094493865967e-01 4.600138068199157715e-01 1.000000000000000000e+00 0.000000000000000000e+00 0.000000000000000000e+00
4.984673559665679932e-01 7.721081376075744629e-03 0.000000000000000000e+00 1.000000000000000000e+00 0.000000000000000000e+00
-2.043504953384399414e+00 9.690668582916259766e-01 1.000000000000000000e+00 0.000000000000000000e+00 0.000000000000000000e+00
1.884889960289001465e+00 -1.650511622428894043e-01 1.000000000000000000e+00 0.000000000000000000e+00 0.000000000000000000e+00
1.834537744522094727e+00 -4.297315478324890137e-01 0.000000000000000000e+00 1.000000000000000000e+00 0.000000000000000000e+00
-2.115735054016113281e+00 -2.445997953414916992e+00 0.000000000000000000e+00 0.000000000000000000e+00 1.000000000000000000e+00
-4.527918398380279541e-01 1.833252191543579102e+00 0.000000000000000000e+00 0.000000000000000000e+00 1.000000000000000000e+00
-1.304997801780700684e+00 -4.868445992469787598e-01 0.000000000000000000e+00 0.000000000000000000e+00 1.000000000000000000e+00
-1.011244773864746094e+00 -5.803542733192443848e-01 0.000000000000000000e+00 0.000000000000000000e+00 1.000000000000000000e+00
-1.066269993782043457e+00 -4.402216076850891113e-01 0.000000000000000000e+00 0.000000000000000000e+00 1.000000000000000000e+00
-1.049368262290954590e+00 -2.781487703323364258e-01 0.000000000000000000e+00 0.000000000000000000e+00 1.000000000000000000e+00
-9.968025684356689453e-01 -3.085500597953796387e-01 0.000000000000000000e+00 0.000000000000000000e+00 1.000000000000000000e+00
-9.576576948165893555e-01 -2.949290275573730469e-01 0.000000000000000000e+00 0.000000000000000000e+00 1.000000000000000000e+00
-9.562293291091918945e-01 -2.584713101387023926e-01 0.000000000000000000e+00 0.000000000000000000e+00 1.000000000000000000e+00
-9.473329782485961914e-01 -2.687731385231018066e-01 0.000000000000000000e+00 0.000000000000000000e+00 1.000000000000000000e+00
-9.380083084106445312e-01 -2.771290540695190430e-01 0.000000000000000000e+00 0.000000000000000000e+00 1.000000000000000000e+00
-9.379264116287231445e-01 -2.742655873298645020e-01 0.000000000000000000e+00 0.000000000000000000e+00 1.000000000000000000e+00
-9.326428174972534180e-01 -2.688059210777282715e-01 0.000000000000000000e+00 0.000000000000000000e+00 1.000000000000000000e+00
-9.079176187515258789e-01 -2.882217168807983398e-01 0.000000000000000000e+00 0.000000000000000000e+00 1.000000000000000000e+00
-8.826501369476318359e-01 -3.043119907379150391e-01 0.000000000000000000e+00 0.000000000000000000e+00 1.000000000000000000e+00
-8.672991991043090820e-01 -3.124380111694335938e-01 0.000000000000000000e+00 0.000000000000000000e+00 1.000000000000000000e+00
-8.549833297729492188e-01 -3.213825821876525879e-01 0.000000000000000000e+00 0.000000000000000000e+00 1.000000000000000000e+00
-8.458259105682373047e-01 -3.283841013908386230e-01 0.000000000000000000e+00 0.000000000000000000e+00 1.000000000000000000e+00
-8.396415710449218750e-01 -3.251504302024841309e-01 0.000000000000000000e+00 0.000000000000000000e+00 1.000000000000000000e+00
-8.329159021377563477e-01 -3.178361058235168457e-01 0.000000000000000000e+00 0.000000000000000000e+00 1.000000000000000000e+00
-8.245757818222045898e-01 -3.130573630332946777e-01 0.000000000000000000e+00 0.000000000000000000e+00 1.000000000000000000e+00
-8.173782825469970703e-01 -3.118677139282226562e-01 0.000000000000000000e+00 0.000000000000000000e+00 1.000000000000000000e+00
-8.121886253356933594e-01 -3.153958916664123535e-01 0.000000000000000000e+00 0.000000000000000000e+00 1.000000000000000000e+00
-8.065264225006103516e-01 -3.263953328132629395e-01 0.000000000000000000e+00 0.000000000000000000e+00 1.000000000000000000e+00
-7.995628118515014648e-01 -3.381906151771545410e-01 0.000000000000000000e+00 0.000000000000000000e+00 1.000000000000000000e+00
-7.923196554183959961e-01 -3.434136509895324707e-01 0.000000000000000000e+00 0.000000000000000000e+00 1.000000000000000000e+00
-7.847610712051391602e-01 -3.436937928199768066e-01 0.000000000000000000e+00 0.000000000000000000e+00 1.000000000000000000e+00
-7.781841754913330078e-01 -3.432011008262634277e-01 0.000000000000000000e+00 0.000000000000000000e+00 1.000000000000000000e+00
-7.742322683334350586e-01 -3.437507748603820801e-01 0.000000000000000000e+00 0.000000000000000000e+00 1.000000000000000000e+00
0.000000000000000000e+00 0.000000000000000000e+00 0.000000000000000000e+00 0.000000000000000000e+00 0.000000000000000000e+00
0.000000000000000000e+00 0.000000000000000000e+00 0.000000000000000000e+00 0.000000000000000000e+00 0.000000000000000000e+00
0.000000000000000000e+00 0.000000000000000000e+00 0.000000000000000000e+00 0.000000000000000000e+00 0.000000000000000000e+00
0.000000000000000000e+00 0.000000000000000000e+00 0.000000000000000000e+00 0.000000000000000000e+00 0.000000000000000000e+00
0.000000000000000000e+00 0.000000000000000000e+00 0.000000000000000000e+00 0.000000000000000000e+00 0.000000000000000000e+00
0.000000000000000000e+00 0.000000000000000000e+00 0.000000000000000000e+00 0.000000000000000000e+00 0.000000000000000000e+00
0.000000000000000000e+00 0.000000000000000000e+00 0.000000000000000000e+00 0.000000000000000000e+00 0.000000000000000000e+00
0.000000000000000000e+00 0.000000000000000000e+00 0.000000000000000000e+00 0.000000000000000000e+00 0.000000000000000000e+00
0.000000000000000000e+00 0.000000000000000000e+00 0.000000000000000000e+00 0.000000000000000000e+00 0.000000000000000000e+00
0.000000000000000000e+00 0.000000000000000000e+00 0.000000000000000000e+00 0.000000000000000000e+00 0.000000000000000000e+00
0.000000000000000000e+00 0.000000000000000000e+00 0.000000000000000000e+00 0.000000000000000000e+00 0.000000000000000000e+00
0.000000000000000000e+00 0.000000000000000000e+00 0.000000000000000000e+00 0.000000000000000000e+00 0.000000000000000000e+00
0.000000000000000000e+00 0.000000000000000000e+00 0.000000000000000000e+00 0.000000000000000000e+00 0.000000000000000000e+00
0.000000000000000000e+00 0.000000000000000000e+00 0.000000000000000000e+00 0.000000000000000000e+00 0.000000000000000000e+00
0.000000000000000000e+00 0.000000000000000000e+00 0.000000000000000000e+00 0.000000000000000000e+00 0.000000000000000000e+00
0.000000000000000000e+00 0.000000000000000000e+00 0.000000000000000000e+00 0.000000000000000000e+00 0.000000000000000000e+00
0.000000000000000000e+00 0.000000000000000000e+00 0.000000000000000000e+00 0.000000000000000000e+00 0.000000000000000000e+00
0.000000000000000000e+00 0.000000000000000000e+00 0.000000000000000000e+00 0.000000000000000000e+00 0.000000000000000000e+00
0.000000000000000000e+00 0.000000000000000000e+00 0.000000000000000000e+00 0.000000000000000000e+00 0.000000000000000000e+00
0.000000000000000000e+00 0.000000000000000000e+00 0.000000000000000000e+00 0.000000000000000000e+00 0.000000000000000000e+00
0.000000000000000000e+00 0.000000000000000000e+00 0.000000000000000000e+00 0.000000000000000000e+00 0.000000000000000000e+00
0.000000000000000000e+00 0.000000000000000000e+00 0.000000000000000000e+00 0.000000000000000000e+00 0.000000000000000000e+00
0.000000000000000000e+00 0.000000000000000000e+00 0.000000000000000000e+00 0.000000000000000000e+00 0.000000000000000000e+00
0.000000000000000000e+00 0.000000000000000000e+00 0.000000000000000000e+00 0.000000000000000000e+00 0.000000000000000000e+00
0.000000000000000000e+00 0.000000000000000000e+00 0.000000000000000000e+00 0.000000000000000000e+00 0.000000000000000000e+00
0.000000000000000000e+00 0.000000000000000000e+00 0.000000000000000000e+00 0.000000000000000000e+00 0.000000000000000000e+00
0.000000000000000000e+00 0.000000000000000000e+00 0.000000000000000000e+00 0.000000000000000000e+00 0.000000000000000000e+00
0.000000000000000000e+00 0.000000000000000000e+00 0.000000000000000000e+00 0.000000000000000000e+00 0.000000000000000000e+00
0.000000000000000000e+00 0.000000000000000000e+00 0.000000000000000000e+00 0.000000000000000000e+00 0.000000000000000000e+00
0.000000000000000000e+00 0.000000000000000000e+00 0.000000000000000000e+00 0.000000000000000000e+00 0.000000000000000000e+00
0.000000000000000000e+00 0.000000000000000000e+00 0.000000000000000000e+00 0.000000000000000000e+00 0.000000000000000000e+00
0.000000000000000000e+00 0.000000000000000000e+00 0.000000000000000000e+00 0.000000000000000000e+00 0.000000000000000000e+00
0.000000000000000000e+00 0.000000000000000000e+00 0.000000000000000000e+00 0.000000000000000000e+00 0.000000000000000000e+00
0.000000000000000000e+00 0.000000000000000000e+00 0.000000000000000000e+00 0.000000000000000000e+00 0.000000000000000000e+00
0.000000000000000000e+00 0.000000000000000000e+00 0.000000000000000000e+00 0.000000000000000000e+00 0.000000000000000000e+00
0.000000000000000000e+00 0.000000000000000000e+00 0.000000000000000000e+00 0.000000000000000000e+00 0.000000000000000000e+00
0.000000000000000000e+00 0.000000000000000000e+00 0.000000000000000000e+00 0.000000000000000000e+00 0.000000000000000000e+00
0.000000000000000000e+00 0.000000000000000000e+00 0.000000000000000000e+00 0.000000000000000000e+00 0.000000000000000000e+00
0.000000000000000000e+00 0.000000000000000000e+00 0.000000000000000000e+00 0.000000000000000000e+00 0.000000000000000000e+00
0.000000000000000000e+00 0.000000000000000000e+00 0.000000000000000000e+00 0.000000000000000000e+00 0.000000000000000000e+00
0.000000000000000000e+00 0.000000000000000000e+00 0.000000000000000000e+00 0.000000000000000000e+00 0.000000000000000000e+00
0.000000000000000000e+00 0.000000000000000000e+00 0.000000000000000000e+00 0.000000000000000000e+00 0.000000000000000000e+00
0.000000000000000000e+00 0.000000000000000000e+00 0.000000000000000000e+00 0.000000000000000000e+00 0.000000000000000000e+00
0.000000000000000000e+00 0.000000000000000000e+00 0.000000000000000000e+00 0.000000000000000000e+00 0.000000000000000000e+00
0.000000000000000000e+00 0.000000000000000000e+00 0.000000000000000000e+00 0.000000000000000000e+00 0.000000000000000000e+00
0.000000000000000000e+00 0.000000000000000000e+00 0.000000000000000000e+00 0.000000000000000000e+00 0.000000000000000000e+00
0.000000000000000000e+00 0.000000000000000000e+00 0.000000000000000000e+00 0.000000000000000000e+00 0.000000000000000000e+00
0.000000000000000000e+00 0.000000000000000000e+00 0.000000000000000000e+00 0.000000000000000000e+00 0.000000000000000000e+00
0.000000000000000000e+00 0.000000000000000000e+00 0.000000000000000000e+00 0.000000000000000000e+00 0.000000000000000000e+00
0.000000000000000000e+00 0.000000000000000000e+00 0.000000000000000000e+00 0.000000000000000000e+00 0.000000000000000000e+00
0.000000000000000000e+00 0.000000000000000000e+00 0.000000000000000000e+00 0.000000000000000000e+00 0.000000000000000000e+00
0.000000000000000000e+00 0.000000000000000000e+00 0.000000000000000000e+00 0.000000000000000000e+00 0.000000000000000000e+00
0.000000000000000000e+00 0.000000000000000000e+00 0.000000000000000000e+00 0.000000000000000000e+00 0.000000000000000000e+00
0.000000000000000000e+00 0.000000000000000000e+00 0.000000000000000000e+00 0.000000000000000000e+00 0.000000000000000000e+00
0.000000000000000000e+00 0.000000000000000000e+00 0.000000000000000000e+00 0.000000000000000000e+00 0.000000000000000000e+00
0.000000000000000000e+00 0.000000000000000000e+00 0.000000000000000000e+00 0.000000000000000000e+00 0.000000000000000000e+00
0.000000000000000000e+00 0.000000000000000000e+00 0.000000000000000000e+00 0.000000000000000000e+00 0.000000000000000000e+00
0.000000000000000000e+00 0.000000000000000000e+00 0.000000000000000000e+00 0.000000000000000000e+00 0.000000000000000000e+00
0.000000000000000000e+00 0.000000000000000000e+00 0.000000000000000000e+00 0.000000000000000000e+00 0.000000000000000000e+00
0.000000000000000000e+00 0.000000000000000000e+00 0.000000000000000000e+00 0.000000000000000000e+00 0.000000000000000000e+00
0.000000000000000000e+00 0.000000000000000000e+00 0.000000000000000000e+00 0.000000000000000000e+00 0.000000000000000000e+00
