0.000000000000000000e+00 0.000000000000000000e+00 1.000000000000000000e+00 0.000000000000000000e+00 0.000000000000000000e+00
9.425112009048461914e-01 -2.040883004665374756e-01 1.000000000000000000e+00 0.000000000000000000e+00 0.000000000000000000e+00
4.533422291278839111e-01 -2.059109359979629517e-01 0.000000000000000000e+00 1.000000000000000000e+00 0.000000000000000000e+00
-4.239484965801239014e-01 -3.585276901721954346e-01 1.000000000000000000e+00 0.000000000000000000e+00 0.000000000000000000e+00
-2.532117068767547607e-01 1.008945465087890625e+00 1.000000000000000000e+00 0.000000000000000000e+00 0.000000000000000000e+00
-1.834431588649749756e-01 3.880980014801025391e-01 0.000000000000000000e+00 1.000000000000000000e+00 0.000000000000000000e+00
-2.703396081924438477e-01 1.544922888278961182e-01 1.000000000000000000e+00 0.000000000000000000e+00 0.000000000000000000e+00
-1.655683666467666626e-02 4.471369385719299316e-01 1.000000000000000000e+00 0.000000000000000000e+00 0.000000000000000000e+00
-9.411456435918807983e-02 1.926750838756561279e-01 0.000000000000000000e+00 1.000000000000000000e+00 0.000000000000000000e+00
4.948895275592803955e-01 -7.007911205291748047e-01 1.000000000000000000e+00 0.000000000000000000e+00 0.000000000000000000e+00
2.372854650020599365e-01 1.543947309255599976e-02 1.000000000000000000e+00 0.000000000000000000e+00 0.000000000000000000e+00
5.507262051105499268e-02 7.868520915508270264e-02 1.000000000000000000e+00 0.000000000000000000e+00 0.000000000000000000e+00
-6.873299926519393921e-02 2.653058171272277832e-01 1.000000000000000000e+00 0.000000000000000000e+00 0.000000000000000000e+00
-2.557432651519775391e-01 2.628207504749298096e-01 1.000000000000000000e+00 0.000000000000000000e+00 0.000000000000000000e+00
4.480407238006591797e-01 -2.976348400115966797e-01 0.000000000000000000e+00 1.000000000000000000e+00 0.000000000000000000e+00
9.774906635284423828e-01 -1.391337871551513672e+00 1.000000000000000000e+00 0.000000000000000000e+00 0.000000000000000000e+00
-1.843688488006591797e-01 1.214900255203247070e+00 1.000000000000000000e+00 0.000000000000000000e+00 0.000000000000000000e+00
-1.155137866735458374e-01 3.685633540153503418e-01 1.000000000000000000e+00 0.000000000000000000e+00 0.000000000000000000e+00
-1.376499533653259277e-01 1.991781294345855713e-01 0.000000000000000000e+00 1.000000000000000000e+00 0.000000000000000000e+00
6.759378910064697266e-01 -2.322482109069824219e+00 1.000000000000000000e+00 0.000000000000000000e+00 0.000000000000000000e+00
6.595984697341918945e-01 -1.360476613044738770e-01 1.000000000000000000e+00 0.000000000000000000e+00 0.000000000000000000e+00
2.038566768169403076e-01 9.514699131250381470e-02 1.000000000000000000e+00 0.000000000000000000e+00 0.000000000000000000e+00
-9.262094646692276001e-02 1.912679433822631836e+00 1.000000000000000000e+00 0.000000000000000000e+00 0.000000000000000000e+00
-1.233698427677154541e-01 6.800705194473266602e-01 1.000000000000000000e+00 0.000000000000000000e+00 0.000000000000000000e+00
-9.440574049949645996e-02 1.298215240240097046e-01 1.000000000000000000e+00 0.000000000000000000e+00 0.000000000000000000e+00
-1.316882073879241943e-01 2.381268143653869629e-02 0.000000000000000000e+00 1.000000000000000000e+00 0.000000000000000000e+00
-3.684747219085693359e-01 -1.633239865303039551e+00 1.000000000000000000e+00 0.000000000000000000e+00 0.000000000000000000e+00
3.322746455669403076e-01 -2.888818085193634033e-02 1.000000000000000000e+00 0.000000000000000000e+00 0.000000000000000000e+00
4.664950445294380188e-02 5.163747072219848633e-02 0.000000000000000000e+00 1.000000000000000000e+00 0.000000000000000000e+00
-3.137179911136627197e-01 4.073042273521423340e-01 1.000000000000000000e+00 0.000000000000000000e+00 0.000000000000000000e+00
5.315747857093811035e-01 -6.591287255287170410e-02 1.000000000000000000e+00 0.000000000000000000e+00 0.000000000000000000e+00
3.528899550437927246e-01 -1.506860405206680298e-01 0.000000000000000000e+00 1.000000000000000000e+00 0.000000000000000000e+00
-1.420611381530761719e+00 -1.492234230041503906e+00 0.000000000000000000e+00 0.000000000000000000e+00 1.000000000000000000e+00
-4.932027459144592285e-01 1.065043687820434570e+00 0.000000000000000000e+00 0.000000000000000000e+00 1.000000000000000000e+00
-1.222408533096313477e+00 -3.999790549278259277e-01 0.000000000000000000e+00 0.000000000000000000e+00 1.000000000000000000e+00
-9.005267620086669922e-01 -3.767822384834289551e-01 0.000000000000000000e+00 0.000000000000000000e+00 1.000000000000000000e+00
-9.542441368103027344e-01 -3.608196377754211426e-01 0.000000000000000000e+00 0.000000000000000000e+00 1.000000000000000000e+00
-9.137606620788574219e-01 -3.523640036582946777e-01 0.000000000000000000e+00 0.000000000000000000e+00 1.000000000000000000e+00
-8.984733819961547852e-01 -3.413161635398864746e-01 0.000000000000000000e+00 0.000000000000000000e+00 1.000000000000000000e+00
-8.788192272186279297e-01 -3.360206484794616699e-01 0.000000000000000000e+00 0.000000000000000000e+00 1.000000000000000000e+00
-8.596252202987670898e-01 -3.350972533226013184e-01 0.000000000000000000e+00 0.000000000000000000e+00 1.000000000000000000e+00
-8.379470109939575195e-01 -3.302204012870788574e-01 0.000000000000000000e+00 0.000000000000000000e+00 1.000000000000000000e+00
-8.270764350891113281e-01 -3.225483298301696777e-01 0.000000000000000000e+00 0.000000000000000000e+00 1.000000000000000000e+00
-8.194483518600463867e-01 -3.157721161842346191e-01 0.000000000000000000e+00 0.000000000000000000e+00 1.000000000000000000e+00
-8.099342584609985352e-01 -3.151521086692810059e-01 0.000000000000000000e+00 0.000000000000000000e+00 1.000000000000000000e+00
-7.988271713256835938e-01 -3.203380703926086426e-01 0.000000000000000000e+00 0.000000000000000000e+00 1.000000000000000000e+00
-7.865818738937377930e-01 -3.253197073936462402e-01 0.000000000000000000e+00 0.000000000000000000e+00 1.000000000000000000e+00
-7.773693799972534180e-01 -3.279604315757751465e-01 0.000000000000000000e+00 0.000000000000000000e+00 1.000000000000000000e+00
-7.711758613586425781e-01 -3.271434903144836426e-01 0.000000000000000000e+00 0.000000000000000000e+00 1.000000000000000000e+00
-7.668883800506591797e-01 -3.222013115882873535e-01 0.000000000000000000e+00 0.000000000000000000e+00 1.000000000000000000e+00
-7.624402046203613281e-01 -3.149468302726745605e-01 0.000000000000000000e+00 0.000000000000000000e+00 1.000000000000000000e+00
-7.589882612228393555e-01 -3.082658648490905762e-01 0.000000000000000000e+00 0.000000000000000000e+00 1.000000000000000000e+00
-7.564016580581665039e-01 -3.050635457038879395e-01 0.000000000000000000e+00 0.000000000000000000e+00 1.000000000000000000e+00
-7.534227371215820312e-01 -3.060311675071716309e-01 0.000000000000000000e+00 0.000000000000000000e+00 1.000000000000000000e+00
-7.514877319335937500e-01 -3.077514767646789551e-01 0.000000000000000000e+00 0.000000000000000000e+00 1.000000000000000000e+00
-7.502143383026123047e-01 -3.091244101524353027e-01 0.000000000000000000e+00 0.000000000000000000e+00 1.000000000000000000e+00
-7.448805570602416992e-01 -3.114075064659118652e-01 0.000000000000000000e+00 0.000000000000000000e+00 1.000000000000000000e+00
-7.344408035278320312e-01 -3.160731196403503418e-01 0.000000000000000000e+00 0.000000000000000000e+00 1.000000000000000000e+00
-7.253047227859497070e-01 -3.195422291755676270e-01 0.000000000000000000e+00 0.000000000000000000e+00 1.000000000000000000e+00
-7.188215255737304688e-01 -3.203440308570861816e-01 0.000000000000000000e+00 0.000000000000000000e+00 1.000000000000000000e+00
-7.140884399414062500e-01 -3.190074563026428223e-01 0.000000000000000000e+00 0.000000000000000000e+00 1.000000000000000000e+00
-7.105923891067504883e-01 -3.155713677406311035e-01 0.000000000000000000e+00 0.000000000000000000e+00 1.000000000000000000e+00
-7.078919410705566406e-01 -3.103803992271423340e-01 0.000000000000000000e+00 0.000000000000000000e+00 1.000000000000000000e+00
-7.037729024887084961e-01 -3.056347966194152832e-01 0.000000000000000000e+00 0.000000000000000000e+00 1.000000000000000000e+00
-6.980240941047668457e-01 -3.035294413566589355e-01 0.000000000000000000e+00 0.000000000000000000e+00 1.000000000000000000e+00
-6.947685480117797852e-01 -3.047488331794738770e-01 0.000000000000000000e+00 0.000000000000000000e+00 1.000000000000000000e+00
0.000000000000000000e+00 0.000000000000000000e+00 0.000000000000000000e+00 0.000000000000000000e+00 0.000000000000000000e+00
0.000000000000000000e+00 0.000000000000000000e+00 0.000000000000000000e+00 0.000000000000000000e+00 0.000000000000000000e+00
0.000000000000000000e+00 0.000000000000000000e+00 0.000000000000000000e+00 0.000000000000000000e+00 0.000000000000000000e+00
0.000000000000000000e+00 0.000000000000000000e+00 0.000000000000000000e+00 0.000000000000000000e+00 0.000000000000000000e+00
0.000000000000000000e+00 0.000000000000000000e+00 0.000000000000000000e+00 0.000000000000000000e+00 0.000000000000000000e+00
0.000000000000000000e+00 0.000000000000000000e+00 0.000000000000000000e+00 0.000000000000000000e+00 0.000000000000000000e+00
0.000000000000000000e+00 0.000000000000000000e+00 0.000000000000000000e+00 0.000000000000000000e+00 0.000000000000000000e+00
0.000000000000000000e+00 0.000000000000000000e+00 0.000000000000000000e+00 0.000000000000000000e+00 0.000000000000000000e+00
0.000000000000000000e+00 0.000000000000000000e+00 0.000000000000000000e+00 0.000000000000000000e+00 0.000000000000000000e+00
0.000000000000000000e+00 0.000000000000000000e+00 0.000000000000000000e+00 0.000000000000000000e+00 0.000000000000000000e+00
0.000000000000000000e+00 0.000000000000000000e+00 0.000000000000000000e+00 0.000000000000000000e+00 0.000000000000000000e+00
0.000000000000000000e+00 0.000000000000000000e+00 0.000000000000000000e+00 0.000000000000000000e+00 0.000000000000000000e+00
0.000000000000000000e+00 0.000000000000000000e+00 0.000000000000000000e+00 0.000000000000000000e+00 0.000000000000000000e+00
0.000000000000000000e+00 0.000000000000000000e+00 0.000000000000000000e+00 0.000000000000000000e+00 0.000000000000000000e+00
0.000000000000000000e+00 0.000000000000000000e+00 0.000000000000000000e+00 0.000000000000000000e+00 0.000000000000000000e+00
0.000000000000000000e+00 0.000000000000000000e+00 0.000000000000000000e+00 0.000000000000000000e+00 0.000000000000000000e+00
0.000000000000000000e+00 0.000000000000000000e+00 0.000000000000000000e+00 0.000000000000000000e+00 0.000000000000000000e+00
0.000000000000000000e+00 0.000000000000000000e+00 0.000000000000000000e+00 0.000000000000000000e+00 0.000000000000000000e+00
0.000000000000000000e+00 0.000000000000000000e+00 0.000000000000000000e+00 0.000000000000000000e+00 0.000000000000000000e+00
0.000000000000000000e+00 0.000000000000000000e+00 0.000000000000000000e+00 0.000000000000000000e+00 0.000000000000000000e+00
0.000000000000000000e+00 0.000000000000000000e+00 0.000000000000000000e+00 0.000000000000000000e+00 0.000000000000000000e+00
0.000000000000000000e+00 0.000000000000000000e+00 0.000000000000000000e+00 0.000000000000000000e+00 0.000000000000000000e+00
0.000000000000000000e+00 0.000000000000000000e+00 0.000000000000000000e+00 0.000000000000000000e+00 0.000000000000000000e+00
0.000000000000000000e+00 0.000000000000000000e+00 0.000000000000000000e+00 0.000000000000000000e+00 0.000000000000000000e+00
0.000000000000000000e+00 0.000000000000000000e+00 0.000000000000000000e+00 0.000000000000000000e+00 0.000000000000000000e+00
0.000000000000000000e+00 0.000000000000000000e+00 0.000000000000000000e+00 0.000000000000000000e+00 0.000000000000000000e+00
0.000000000000000000e+00 0.000000000000000000e+00 0.000000000000000000e+00 0.000000000000000000e+00 0.000000000000000000e+00
0.000000000000000000e+00 0.000000000000000000e+00 0.000000000000000000e+00 0.000000000000000000e+00 0.000000000000000000e+00
0.000000000000000000e+00 0.000000000000000000e+00 0.000000000000000000e+00 0.000000000000000000e+00 0.000000000000000000e+00
0.000000000000000000e+00 0.000000000000000000e+00 0.000000000000000000e+00 0.000000000000000000e+00 0.000000000000000000e+00
0.000000000000000000e+00 0.000000000000000000e+00 0.000000000000000000e+00 0.000000000000000000e+00 0.000000000000000000e+00
0.000000000000000000e+00 0.000000000000000000e+00 0.000000000000000000e+00 0.000000000000000000e+00 0.000000000000000000e+00
0.000000000000000000e+00 0.000000000000000000e+00 0.000000000000000000e+00 0.000000000000000000e+00 0.000000000000000000e+00
0.000000000000000000e+00 0.000000000000000000e+00 0.000000000000000000e+00 0.000000000000000000e+00 0.000000000000000000e+00
0.000000000000000000e+00 0.000000000000000000e+00 0.000000000000000000e+00 0.000000000000000000e+00 0.000000000000000000e+00
0.000000000000000000e+00 0.000000000000000000e+00 0.000000000000000000e+00 0.000000000000000000e+00 0.000000000000000000e+00
0.000000000000000000e+00 0.000000000000000000e+00 0.000000000000000000e+00 0.000000000000000000e+00 0.000000000000000000e+00
0.000000000000000000e+00 0.000000000000000000e+00 0.000000000000000000e+00 0.000000000000000000e+00 0.000000000000000000e+00
0.000000000000000000e+00 0.000000000000000000e+00 0.000000000000000000e+00 0.000000000000000000e+00 0.000000000000000000e+00
0.000000000000000000e+00 0.000000000000000000e+00 0.000000000000000000e+00 0.000000000000000000e+00 0.000000000000000000e+00
0.000000000000000000e+00 0.000000000000000000e+00 0.000000000000000000e+00 0.000000000000000000e+00 0.000000000000000000e+00
0.000000000000000000e+00 0.000000000000000000e+00 0.000000000000000000e+00 0.000000000000000000e+00 0.000000000000000000e+00
0.000000000000000000e+00 0.000000000000000000e+00 0.000000000000000000e+00 0.000000000000000000e+00 0.000000000000000000e+00
0.000000000000000000e+00 0.000000000000000000e+00 0.000000000000000000e+00 0.000000000000000000e+00 0.000000000000000000e+00
0.000000000000000000e+00 0.000000000000000000e+00 0.000000000000000000e+00 0.000000000000000000e+00 0.000000000000000000e+00
0.000000000000000000e+00 0.000000000000000000e+00 0.000000000000000000e+00 0.000000000000000000e+00 0.000000000000000000e+00
0.000000000000000000e+00 0.000000000000000000e+00 0.000000000000000000e+00 0.000000000000000000e+00 0.000000000000000000e+00
0.000000000000000000e+00 0.000000000000000000e+00 0.000000000000000000e+00 0.000000000000000000e+00 0.000000000000000000e+00
0.000000000000000000e+00 0.000000000000000000e+00 0.000000000000000000e+00 0.000000000000000000e+00 0.000000000000000000e+00
0.000000000000000000e+00 0.000000000000000000e+00 0.000000000000000000e+00 0.000000000000000000e+00 0.000000000000000000e+00
0.000000000000000000e+00 0.000000000000000000e+00 0.000000000000000000e+00 0.000000000000000000e+00 0.000000000000000000e+00
0.000000000000000000e+00 0.000000000000000000e+00 0.000000000000000000e+00 0.000000000000000000e+00 0.000000000000000000e+00
0.000000000000000000e+00 0.000000000000000000e+00 0.000000000000000000e+00 0.000000000000000000e+00 0.000000000000000000e+00
0.000000000000000000e+00 0.000000000000000000e+00 0.000000000000000000e+00 0.000000000000000000e+00 0.000000000000000000e+00
0.000000000000000000e+00 0.000000000000000000e+00 0.000000000000000000e+00 0.000000000000000000e+00 0.000000000000000000e+00
