0.000000000000000000e+00 0.000000000000000000e+00 1.000000000000000000e+00 0.000000000000000000e+00 0.000000000000000000e+00
1.567850261926651001e-01 9.451717138290405273e-02 1.000000000000000000e+00 0.000000000000000000e+00 0.000000000000000000e+00
5.060423538088798523e-02 4.899815320968627930e-01 1.000000000000000000e+00 0.000000000000000000e+00 0.000000000000000000e+00
-1.792399734258651733e-01 9.071161746978759766e-01 1.000000000000000000e+00 0.000000000000000000e+00 0.000000000000000000e+00
-1.715612709522247314e-01 4.191590547561645508e-01 1.000000000000000000e+00 0.000000000000000000e+00 0.000000000000000000e+00
-1.845659911632537842e-01 2.058933228254318237e-01 0.000000000000000000e+00 1.000000000000000000e+00 0.000000000000000000e+00
7.698565125465393066e-01 -2.485920429229736328e+00 1.000000000000000000e+00 0.000000000000000000e+00 0.000000000000000000e+00
7.184920907020568848e-01 -2.260225713253021240e-01 1.000000000000000000e+00 0.000000000000000000e+00 0.000000000000000000e+00
2.489055842161178589e-01 7.648216187953948975e-02 1.000000000000000000e+00 0.000000000000000000e+00 0.000000000000000000e+00
-3.727268427610397339e-02 1.936205148696899414e+00 1.000000000000000000e+00 0.000000000000000000e+00 0.000000000000000000e+00
-1.194783747196197510e-01 6.028941869735717773e-01 1.000000000000000000e+00 0.000000000000000000e+00 0.000000000000000000e+00
-1.088232398033142090e-01 1.472427397966384888e-01 1.000000000000000000e+00 0.000000000000000000e+00 0.000000000000000000e+00
-1.456336826086044312e-01 2.397840842604637146e-02 0.000000000000000000e+00 1.000000000000000000e+00 0.000000000000000000e+00
-3.560303747653961182e-01 -1.474062561988830566e+00 1.000000000000000000e+00 0.000000000000000000e+00 0.000000000000000000e+00
3.267051577568054199e-01 -6.015492975711822510e-02 1.000000000000000000e+00 0.000000000000000000e+00 0.000000000000000000e+00
4.841770976781845093e-02 5.327628552913665771e-02 0.000000000000000000e+00 1.000000000000000000e+00 0.000000000000000000e+00
-2.933611571788787842e-01 4.482704699039459229e-01 1.000000000000000000e+00 0.000000000000000000e+00 0.000000000000000000e+00
4.670480489730834961e-01 -1.697392165660858154e-01 1.000000000000000000e+00 0.000000000000000000e+00 0.000000000000000000e+00
2.498222738504409790e-01 -2.091181725263595581e-01 0.000000000000000000e+00 1.000000000000000000e+00 0.000000000000000000e+00
1.051600933074951172e+00 -1.387667179107666016e+00 1.000000000000000000e+00 0.000000000000000000e+00 0.000000000000000000e+00
6.867396831512451172e-01 -5.486057698726654053e-02 1.000000000000000000e+00 0.000000000000000000e+00 0.000000000000000000e+00
-1.052119612693786621e+00 1.330636143684387207e+00 1.000000000000000000e+00 0.000000000000000000e+00 0.000000000000000000e+00
-6.812922358512878418e-01 5.978143215179443359e-01 1.000000000000000000e+00 0.000000000000000000e+00 0.000000000000000000e+00
-3.072966635227203369e-01 1.251516938209533691e-01 0.000000000000000000e+00 1.000000000000000000e+00 0.000000000000000000e+00
1.384523153305053711e+00 -9.033563137054443359e-01 1.000000000000000000e+00 0.000000000000000000e+00 0.000000000000000000e+00
2.630683481693267822e-01 8.463303744792938232e-02 1.000000000000000000e+00 0.000000000000000000e+00 0.000000000000000000e+00
1.614125967025756836e-01 1.854709088802337646e-01 0.000000000000000000e+00 1.000000000000000000e+00 0.000000000000000000e+00
-7.530893683433532715e-01 3.909884989261627197e-01 1.000000000000000000e+00 0.000000000000000000e+00 0.000000000000000000e+00
5.774168968200683594e-01 -4.046678543090820312e-02 1.000000000000000000e+00 0.000000000000000000e+00 0.000000000000000000e+00
-2.666303515434265137e-01 7.741814851760864258e-01 1.000000000000000000e+00 0.000000000000000000e+00 0.000000000000000000e+00
-2.033802866935729980e-01 2.437212765216827393e-01 1.000000000000000000e+00 0.000000000000000000e+00 0.000000000000000000e+00
7.970806360244750977e-01 -1.470235884189605713e-01 0.000000000000000000e+00 1.000000000000000000e+00 0.000000000000000000e+00
-1.389294266700744629e+00 -1.890867948532104492e+00 0.000000000000000000e+00 0.000000000000000000e+00 1.000000000000000000e+00
-3.598192334175109863e-01 1.172814011573791504e+00 0.000000000000000000e+00 0.000000000000000000e+00 1.000000000000000000e+00
-1.496926069259643555e+00 -3.730178475379943848e-01 0.000000000000000000e+00 0.000000000000000000e+00 1.000000000000000000e+00
-1.015322446823120117e+00 -3.174559473991394043e-01 0.000000000000000000e+00 0.000000000000000000e+00 1.000000000000000000e+00
-1.096093297004699707e+00 -3.812592625617980957e-01 0.000000000000000000e+00 0.000000000000000000e+00 1.000000000000000000e+00
-1.009336471557617188e+00 -3.655148148536682129e-01 0.000000000000000000e+00 0.000000000000000000e+00 1.000000000000000000e+00
-9.941906929016113281e-01 -3.738067746162414551e-01 0.000000000000000000e+00 0.000000000000000000e+00 1.000000000000000000e+00
-9.658948183059692383e-01 -3.549953103065490723e-01 0.000000000000000000e+00 0.000000000000000000e+00 1.000000000000000000e+00
-9.493829011917114258e-01 -3.475607037544250488e-01 0.000000000000000000e+00 0.000000000000000000e+00 1.000000000000000000e+00
-9.389269351959228516e-01 -3.312273621559143066e-01 0.000000000000000000e+00 0.000000000000000000e+00 1.000000000000000000e+00
-9.332458972930908203e-01 -3.148813843727111816e-01 0.000000000000000000e+00 0.000000000000000000e+00 1.000000000000000000e+00
-9.254665374755859375e-01 -3.050848245620727539e-01 0.000000000000000000e+00 0.000000000000000000e+00 1.000000000000000000e+00
-9.159630537033081055e-01 -3.013380765914916992e-01 0.000000000000000000e+00 0.000000000000000000e+00 1.000000000000000000e+00
-9.039797782897949219e-01 -3.034375905990600586e-01 0.000000000000000000e+00 0.000000000000000000e+00 1.000000000000000000e+00
-8.923866748809814453e-01 -3.088634014129638672e-01 0.000000000000000000e+00 0.000000000000000000e+00 1.000000000000000000e+00
-8.864393234252929688e-01 -3.099600672721862793e-01 0.000000000000000000e+00 0.000000000000000000e+00 1.000000000000000000e+00
-8.815140724182128906e-01 -3.122810125350952148e-01 0.000000000000000000e+00 0.000000000000000000e+00 1.000000000000000000e+00
-8.765245676040649414e-01 -3.102290630340576172e-01 0.000000000000000000e+00 0.000000000000000000e+00 1.000000000000000000e+00
-8.710362911224365234e-01 -3.079844117164611816e-01 0.000000000000000000e+00 0.000000000000000000e+00 1.000000000000000000e+00
-8.640899658203125000e-01 -3.066423535346984863e-01 0.000000000000000000e+00 0.000000000000000000e+00 1.000000000000000000e+00
-8.568481206893920898e-01 -3.116451501846313477e-01 0.000000000000000000e+00 0.000000000000000000e+00 1.000000000000000000e+00
-8.500988483428955078e-01 -3.193383812904357910e-01 0.000000000000000000e+00 0.000000000000000000e+00 1.000000000000000000e+00
-8.439573049545288086e-01 -3.259461522102355957e-01 0.000000000000000000e+00 0.000000000000000000e+00 1.000000000000000000e+00
-8.378139734268188477e-01 -3.310552239418029785e-01 0.000000000000000000e+00 0.000000000000000000e+00 1.000000000000000000e+00
-8.305140733718872070e-01 -3.328214287757873535e-01 0.000000000000000000e+00 0.000000000000000000e+00 1.000000000000000000e+00
-8.236588239669799805e-01 -3.319213986396789551e-01 0.000000000000000000e+00 0.000000000000000000e+00 1.000000000000000000e+00
-8.174705505371093750e-01 -3.315491080284118652e-01 0.000000000000000000e+00 0.000000000000000000e+00 1.000000000000000000e+00
-8.119955062866210938e-01 -3.334763646125793457e-01 0.000000000000000000e+00 0.000000000000000000e+00 1.000000000000000000e+00
-8.085380792617797852e-01 -3.353911042213439941e-01 0.000000000000000000e+00 0.000000000000000000e+00 1.000000000000000000e+00
-8.044029474258422852e-01 -3.364253640174865723e-01 0.000000000000000000e+00 0.000000000000000000e+00 1.000000000000000000e+00
-7.995008230209350586e-01 -3.362069725990295410e-01 0.000000000000000000e+00 0.000000000000000000e+00 1.000000000000000000e+00
-7.943440675735473633e-01 -3.348720669746398926e-01 0.000000000000000000e+00 0.000000000000000000e+00 1.000000000000000000e+00
-7.890709638595581055e-01 -3.348503708839416504e-01 0.000000000000000000e+00 0.000000000000000000e+00 1.000000000000000000e+00
-7.840733528137207031e-01 -3.378651738166809082e-01 0.000000000000000000e+00 0.000000000000000000e+00 1.000000000000000000e+00
-7.812342643737792969e-01 -3.421420454978942871e-01 0.000000000000000000e+00 0.000000000000000000e+00 1.000000000000000000e+00
-7.793904542922973633e-01 -3.427347540855407715e-01 0.000000000000000000e+00 0.000000000000000000e+00 1.000000000000000000e+00
-7.768192291259765625e-01 -3.383381962776184082e-01 0.000000000000000000e+00 0.000000000000000000e+00 1.000000000000000000e+00
-7.744941711425781250e-01 -3.329909443855285645e-01 0.000000000000000000e+00 0.000000000000000000e+00 1.000000000000000000e+00
-7.726649045944213867e-01 -3.289088606834411621e-01 0.000000000000000000e+00 0.000000000000000000e+00 1.000000000000000000e+00
-7.699462175369262695e-01 -3.317051529884338379e-01 0.000000000000000000e+00 0.000000000000000000e+00 1.000000000000000000e+00
-7.655751705169677734e-01 -3.418000340461730957e-01 0.000000000000000000e+00 0.000000000000000000e+00 1.000000000000000000e+00
-7.631660699844360352e-01 -3.464513421058654785e-01 0.000000000000000000e+00 0.000000000000000000e+00 1.000000000000000000e+00
0.000000000000000000e+00 0.000000000000000000e+00 0.000000000000000000e+00 0.000000000000000000e+00 0.000000000000000000e+00
0.000000000000000000e+00 0.000000000000000000e+00 0.000000000000000000e+00 0.000000000000000000e+00 0.000000000000000000e+00
0.000000000000000000e+00 0.000000000000000000e+00 0.000000000000000000e+00 0.000000000000000000e+00 0.000000000000000000e+00
0.000000000000000000e+00 0.000000000000000000e+00 0.000000000000000000e+00 0.000000000000000000e+00 0.000000000000000000e+00
0.000000000000000000e+00 0.000000000000000000e+00 0.000000000000000000e+00 0.000000000000000000e+00 0.000000000000000000e+00
0.000000000000000000e+00 0.000000000000000000e+00 0.000000000000000000e+00 0.000000000000000000e+00 0.000000000000000000e+00
0.000000000000000000e+00 0.000000000000000000e+00 0.000000000000000000e+00 0.000000000000000000e+00 0.000000000000000000e+00
0.000000000000000000e+00 0.000000000000000000e+00 0.000000000000000000e+00 0.000000000000000000e+00 0.000000000000000000e+00
0.000000000000000000e+00 0.000000000000000000e+00 0.000000000000000000e+00 0.000000000000000000e+00 0.000000000000000000e+00
0.000000000000000000e+00 0.000000000000000000e+00 0.000000000000000000e+00 0.000000000000000000e+00 0.000000000000000000e+00
0.000000000000000000e+00 0.000000000000000000e+00 0.000000000000000000e+00 0.000000000000000000e+00 0.000000000000000000e+00
0.000000000000000000e+00 0.000000000000000000e+00 0.000000000000000000e+00 0.000000000000000000e+00 0.000000000000000000e+00
0.000000000000000000e+00 0.000000000000000000e+00 0.000000000000000000e+00 0.000000000000000000e+00 0.000000000000000000e+00
0.000000000000000000e+00 0.000000000000000000e+00 0.000000000000000000e+00 0.000000000000000000e+00 0.000000000000000000e+00
0.000000000000000000e+00 0.000000000000000000e+00 0.000000000000000000e+00 0.000000000000000000e+00 0.000000000000000000e+00
0.000000000000000000e+00 0.000000000000000000e+00 0.000000000000000000e+00 0.000000000000000000e+00 0.000000000000000000e+00
0.000000000000000000e+00 0.000000000000000000e+00 0.000000000000000000e+00 0.000000000000000000e+00 0.000000000000000000e+00
0.000000000000000000e+00 0.000000000000000000e+00 0.000000000000000000e+00 0.000000000000000000e+00 0.000000000000000000e+00
0.000000000000000000e+00 0.000000000000000000e+00 0.000000000000000000e+00 0.000000000000000000e+00 0.000000000000000000e+00
0.000000000000000000e+00 0.000000000000000000e+00 0.000000000000000000e+00 0.000000000000000000e+00 0.000000000000000000e+00
0.000000000000000000e+00 0.000000000000000000e+00 0.000000000000000000e+00 0.000000000000000000e+00 0.000000000000000000e+00
0.000000000000000000e+00 0.000000000000000000e+00 0.000000000000000000e+00 0.000000000000000000e+00 0.000000000000000000e+00
0.000000000000000000e+00 0.000000000000000000e+00 0.000000000000000000e+00 0.000000000000000000e+00 0.000000000000000000e+00
0.000000000000000000e+00 0.000000000000000000e+00 0.000000000000000000e+00 0.000000000000000000e+00 0.000000000000000000e+00
0.000000000000000000e+00 0.000000000000000000e+00 0.000000000000000000e+00 0.000000000000000000e+00 0.000000000000000000e+00
0.000000000000000000e+00 0.000000000000000000e+00 0.000000000000000000e+00 0.000000000000000000e+00 0.000000000000000000e+00
0.000000000000000000e+00 0.000000000000000000e+00 0.000000000000000000e+00 0.000000000000000000e+00 0.000000000000000000e+00
0.000000000000000000e+00 0.000000000000000000e+00 0.000000000000000000e+00 0.000000000000000000e+00 0.000000000000000000e+00
0.000000000000000000e+00 0.000000000000000000e+00 0.000000000000000000e+00 0.000000000000000000e+00 0.000000000000000000e+00
0.000000000000000000e+00 0.000000000000000000e+00 0.000000000000000000e+00 0.000000000000000000e+00 0.000000000000000000e+00
0.000000000000000000e+00 0.000000000000000000e+00 0.000000000000000000e+00 0.000000000000000000e+00 0.000000000000000000e+00
0.000000000000000000e+00 0.000000000000000000e+00 0.000000000000000000e+00 0.000000000000000000e+00 0.000000000000000000e+00
0.000000000000000000e+00 0.000000000000000000e+00 0.000000000000000000e+00 0.000000000000000000e+00 0.000000000000000000e+00
0.000000000000000000e+00 0.000000000000000000e+00 0.000000000000000000e+00 0.000000000000000000e+00 0.000000000000000000e+00
0.000000000000000000e+00 0.000000000000000000e+00 0.000000000000000000e+00 0.000000000000000000e+00 0.000000000000000000e+00
0.000000000000000000e+00 0.000000000000000000e+00 0.000000000000000000e+00 0.000000000000000000e+00 0.000000000000000000e+00
0.000000000000000000e+00 0.000000000000000000e+00 0.000000000000000000e+00 0.000000000000000000e+00 0.000000000000000000e+00
0.000000000000000000e+00 0.000000000000000000e+00 0.000000000000000000e+00 0.000000000000000000e+00 0.000000000000000000e+00
0.000000000000000000e+00 0.000000000000000000e+00 0.000000000000000000e+00 0.000000000000000000e+00 0.000000000000000000e+00
0.000000000000000000e+00 0.000000000000000000e+00 0.000000000000000000e+00 0.000000000000000000e+00 0.000000000000000000e+00
0.000000000000000000e+00 0.000000000000000000e+00 0.000000000000000000e+00 0.000000000000000000e+00 0.000000000000000000e+00
0.000000000000000000e+00 0.000000000000000000e+00 0.000000000000000000e+00 0.000000000000000000e+00 0.000000000000000000e+00
0.000000000000000000e+00 0.000000000000000000e+00 0.000000000000000000e+00 0.000000000000000000e+00 0.000000000000000000e+00
0.000000000000000000e+00 0.000000000000000000e+00 0.000000000000000000e+00 0.000000000000000000e+00 0.000000000000000000e+00
0.000000000000000000e+00 0.000000000000000000e+00 0.000000000000000000e+00 0.000000000000000000e+00 0.000000000000000000e+00
0.000000000000000000e+00 0.000000000000000000e+00 0.000000000000000000e+00 0.000000000000000000e+00 0.000000000000000000e+00
0.000000000000000000e+00 0.000000000000000000e+00 0.000000000000000000e+00 0.000000000000000000e+00 0.000000000000000000e+00
