0.000000000000000000e+00 0.000000000000000000e+00 1.000000000000000000e+00 0.000000000000000000e+00 0.000000000000000000e+00
1.200752407312393188e-01 8.246542513370513916e-02 1.000000000000000000e+00 0.000000000000000000e+00 0.000000000000000000e+00
3.954615816473960876e-02 3.849358856678009033e-01 1.000000000000000000e+00 0.000000000000000000e+00 0.000000000000000000e+00
-1.271335780620574951e-01 7.043087482452392578e-01 1.000000000000000000e+00 0.000000000000000000e+00 0.000000000000000000e+00
-1.270879507064819336e-01 3.367367982864379883e-01 1.000000000000000000e+00 0.000000000000000000e+00 0.000000000000000000e+00
-1.453024744987487793e-01 1.862747669219970703e-01 0.000000000000000000e+00 1.000000000000000000e+00 0.000000000000000000e+00
5.673001408576965332e-01 -1.924111604690551758e+00 1.000000000000000000e+00 0.000000000000000000e+00 0.000000000000000000e+00
5.956699848175048828e-01 -1.659874618053436279e-01 1.000000000000000000e+00 0.000000000000000000e+00 0.000000000000000000e+00
1.769387125968933105e-01 7.361724972724914551e-02 1.000000000000000000e+00 0.000000000000000000e+00 0.000000000000000000e+00
-6.560690701007843018e-02 1.612965106964111328e+00 1.000000000000000000e+00 0.000000000000000000e+00 0.000000000000000000e+00
-1.035010367631912231e-01 4.309202730655670166e-01 1.000000000000000000e+00 0.000000000000000000e+00 0.000000000000000000e+00
-9.606319665908813477e-02 1.089086532592773438e-01 0.000000000000000000e+00 1.000000000000000000e+00 0.000000000000000000e+00
-3.398768007755279541e-01 -1.194382429122924805e+00 1.000000000000000000e+00 0.000000000000000000e+00 0.000000000000000000e+00
2.827523052692413330e-01 -3.476341068744659424e-02 1.000000000000000000e+00 0.000000000000000000e+00 0.000000000000000000e+00
-3.604307025671005249e-02 5.599958077073097229e-02 0.000000000000000000e+00 1.000000000000000000e+00 0.000000000000000000e+00
-2.280889004468917847e-01 3.443703651428222656e-01 1.000000000000000000e+00 0.000000000000000000e+00 0.000000000000000000e+00
4.220666289329528809e-01 -1.424952149391174316e-01 1.000000000000000000e+00 0.000000000000000000e+00 0.000000000000000000e+00
1.945820897817611694e-01 -1.529836654663085938e-01 0.000000000000000000e+00 1.000000000000000000e+00 0.000000000000000000e+00
4.790606498718261719e-01 -7.093089818954467773e-01 1.000000000000000000e+00 0.000000000000000000e+00 0.000000000000000000e+00
4.198333621025085449e-02 5.556249618530273438e-01 1.000000000000000000e+00 0.000000000000000000e+00 0.000000000000000000e+00
-1.113827303051948547e-01 7.267611026763916016e-01 1.000000000000000000e+00 0.000000000000000000e+00 0.000000000000000000e+00
-8.362057805061340332e-02 2.667641639709472656e-01 1.000000000000000000e+00 0.000000000000000000e+00 0.000000000000000000e+00
-1.070980429649353027e-01 1.238407045602798462e-01 0.000000000000000000e+00 1.000000000000000000e+00 0.000000000000000000e+00
5.570907592773437500e-01 -2.108604669570922852e+00 1.000000000000000000e+00 0.000000000000000000e+00 0.000000000000000000e+00
7.526594400405883789e-01 -1.608718484640121460e-01 1.000000000000000000e+00 0.000000000000000000e+00 0.000000000000000000e+00
2.779439091682434082e-01 5.821007117629051208e-02 1.000000000000000000e+00 0.000000000000000000e+00 0.000000000000000000e+00
7.903476804494857788e-02 1.154012084007263184e-01 1.000000000000000000e+00 0.000000000000000000e+00 0.000000000000000000e+00
5.562445521354675293e-02 5.973513126373291016e-01 1.000000000000000000e+00 0.000000000000000000e+00 0.000000000000000000e+00
-1.317228674888610840e-01 1.648147821426391602e+00 1.000000000000000000e+00 0.000000000000000000e+00 0.000000000000000000e+00
-6.795601546764373779e-02 1.860310137271881104e-01 1.000000000000000000e+00 0.000000000000000000e+00 0.000000000000000000e+00
-1.099215373396873474e-01 7.577126473188400269e-02 0.000000000000000000e+00 1.000000000000000000e+00 0.000000000000000000e+00
-6.254024505615234375e-01 -1.703866004943847656e+00 1.000000000000000000e+00 0.000000000000000000e+00 0.000000000000000000e+00
3.877857923507690430e-01 -6.735447049140930176e-02 1.000000000000000000e+00 0.000000000000000000e+00 0.000000000000000000e+00
-4.542161524295806885e-02 5.457060784101486206e-02 0.000000000000000000e+00 1.000000000000000000e+00 0.000000000000000000e+00
-3.734836578369140625e-01 3.995395302772521973e-01 1.000000000000000000e+00 0.000000000000000000e+00 0.000000000000000000e+00
-3.642741218209266663e-02 3.632332086563110352e-01 1.000000000000000000e+00 0.000000000000000000e+00 0.000000000000000000e+00
3.064751327037811279e-01 -2.260785549879074097e-01 0.000000000000000000e+00 1.000000000000000000e+00 0.000000000000000000e+00
1.967500448226928711e-01 -2.900019288063049316e-02 1.000000000000000000e+00 0.000000000000000000e+00 0.000000000000000000e+00
-2.478729039430618286e-01 3.944907784461975098e-01 1.000000000000000000e+00 0.000000000000000000e+00 0.000000000000000000e+00
4.003238976001739502e-01 -1.018462181091308594e-01 0.000000000000000000e+00 1.000000000000000000e+00 0.000000000000000000e+00
-1.141483306884765625e+00 -1.182209014892578125e+00 0.000000000000000000e+00 0.000000000000000000e+00 1.000000000000000000e+00
-6.443045139312744141e-01 6.672289371490478516e-01 0.000000000000000000e+00 0.000000000000000000e+00 1.000000000000000000e+00
-1.387421369552612305e+00 -4.814454913139343262e-01 0.000000000000000000e+00 0.000000000000000000e+00 1.000000000000000000e+00
-9.417470693588256836e-01 -1.102767586708068848e-01 0.000000000000000000e+00 0.000000000000000000e+00 1.000000000000000000e+00
-1.081895947456359863e+00 -3.941236138343811035e-01 0.000000000000000000e+00 0.000000000000000000e+00 1.000000000000000000e+00
-9.834370613098144531e-01 -2.993131279945373535e-01 0.000000000000000000e+00 0.000000000000000000e+00 1.000000000000000000e+00
-9.910310506820678711e-01 -3.522052168846130371e-01 0.000000000000000000e+00 0.000000000000000000e+00 1.000000000000000000e+00
-9.575017690658569336e-01 -3.512504696846008301e-01 0.000000000000000000e+00 0.000000000000000000e+00 1.000000000000000000e+00
-9.526721239089965820e-01 -3.549241423606872559e-01 0.000000000000000000e+00 0.000000000000000000e+00 1.000000000000000000e+00
-9.420355558395385742e-01 -3.479532599449157715e-01 0.000000000000000000e+00 0.000000000000000000e+00 1.000000000000000000e+00
-9.336812496185302734e-01 -3.476019501686096191e-01 0.000000000000000000e+00 0.000000000000000000e+00 1.000000000000000000e+00
-9.263657331466674805e-01 -3.439384102821350098e-01 0.000000000000000000e+00 0.000000000000000000e+00 1.000000000000000000e+00
-9.213825464248657227e-01 -3.404366374015808105e-01 0.000000000000000000e+00 0.000000000000000000e+00 1.000000000000000000e+00
-9.176052808761596680e-01 -3.335372805595397949e-01 0.000000000000000000e+00 0.000000000000000000e+00 1.000000000000000000e+00
-9.144231081008911133e-01 -3.290637135505676270e-01 0.000000000000000000e+00 0.000000000000000000e+00 1.000000000000000000e+00
-9.104537963867187500e-01 -3.259561657905578613e-01 0.000000000000000000e+00 0.000000000000000000e+00 1.000000000000000000e+00
-9.040466547012329102e-01 -3.233945965766906738e-01 0.000000000000000000e+00 0.000000000000000000e+00 1.000000000000000000e+00
0.000000000000000000e+00 0.000000000000000000e+00 0.000000000000000000e+00 0.000000000000000000e+00 0.000000000000000000e+00
0.000000000000000000e+00 0.000000000000000000e+00 0.000000000000000000e+00 0.000000000000000000e+00 0.000000000000000000e+00
0.000000000000000000e+00 0.000000000000000000e+00 0.000000000000000000e+00 0.000000000000000000e+00 0.000000000000000000e+00
0.000000000000000000e+00 0.000000000000000000e+00 0.000000000000000000e+00 0.000000000000000000e+00 0.000000000000000000e+00
0.000000000000000000e+00 0.000000000000000000e+00 0.000000000000000000e+00 0.000000000000000000e+00 0.000000000000000000e+00
0.000000000000000000e+00 0.000000000000000000e+00 0.000000000000000000e+00 0.000000000000000000e+00 0.000000000000000000e+00
0.000000000000000000e+00 0.000000000000000000e+00 0.000000000000000000e+00 0.000000000000000000e+00 0.000000000000000000e+00
0.000000000000000000e+00 0.000000000000000000e+00 0.000000000000000000e+00 0.000000000000000000e+00 0.000000000000000000e+00
0.000000000000000000e+00 0.000000000000000000e+00 0.000000000000000000e+00 0.000000000000000000e+00 0.000000000000000000e+00
0.000000000000000000e+00 0.000000000000000000e+00 0.000000000000000000e+00 0.000000000000000000e+00 0.000000000000000000e+00
0.000000000000000000e+00 0.000000000000000000e+00 0.000000000000000000e+00 0.000000000000000000e+00 0.000000000000000000e+00
0.000000000000000000e+00 0.000000000000000000e+00 0.000000000000000000e+00 0.000000000000000000e+00 0.000000000000000000e+00
0.000000000000000000e+00 0.000000000000000000e+00 0.000000000000000000e+00 0.000000000000000000e+00 0.000000000000000000e+00
0.000000000000000000e+00 0.000000000000000000e+00 0.000000000000000000e+00 0.000000000000000000e+00 0.000000000000000000e+00
0.000000000000000000e+00 0.000000000000000000e+00 0.000000000000000000e+00 0.000000000000000000e+00 0.000000000000000000e+00
0.000000000000000000e+00 0.000000000000000000e+00 0.000000000000000000e+00 0.000000000000000000e+00 0.000000000000000000e+00
0.000000000000000000e+00 0.000000000000000000e+00 0.000000000000000000e+00 0.000000000000000000e+00 0.000000000000000000e+00
0.000000000000000000e+00 0.000000000000000000e+00 0.000000000000000000e+00 0.000000000000000000e+00 0.000000000000000000e+00
0.000000000000000000e+00 0.000000000000000000e+00 0.000000000000000000e+00 0.000000000000000000e+00 0.000000000000000000e+00
0.000000000000000000e+00 0.000000000000000000e+00 0.000000000000000000e+00 0.000000000000000000e+00 0.000000000000000000e+00
0.000000000000000000e+00 0.000000000000000000e+00 0.000000000000000000e+00 0.000000000000000000e+00 0.000000000000000000e+00
0.000000000000000000e+00 0.000000000000000000e+00 0.000000000000000000e+00 0.000000000000000000e+00 0.000000000000000000e+00
0.000000000000000000e+00 0.000000000000000000e+00 0.000000000000000000e+00 0.000000000000000000e+00 0.000000000000000000e+00
0.000000000000000000e+00 0.000000000000000000e+00 0.000000000000000000e+00 0.000000000000000000e+00 0.000000000000000000e+00
0.000000000000000000e+00 0.000000000000000000e+00 0.000000000000000000e+00 0.000000000000000000e+00 0.000000000000000000e+00
0.000000000000000000e+00 0.000000000000000000e+00 0.000000000000000000e+00 0.000000000000000000e+00 0.000000000000000000e+00
0.000000000000000000e+00 0.000000000000000000e+00 0.000000000000000000e+00 0.000000000000000000e+00 0.000000000000000000e+00
0.000000000000000000e+00 0.000000000000000000e+00 0.000000000000000000e+00 0.000000000000000000e+00 0.000000000000000000e+00
0.000000000000000000e+00 0.000000000000000000e+00 0.000000000000000000e+00 0.000000000000000000e+00 0.000000000000000000e+00
0.000000000000000000e+00 0.000000000000000000e+00 0.000000000000000000e+00 0.000000000000000000e+00 0.000000000000000000e+00
0.000000000000000000e+00 0.000000000000000000e+00 0.000000000000000000e+00 0.000000000000000000e+00 0.000000000000000000e+00
0.000000000000000000e+00 0.000000000000000000e+00 0.000000000000000000e+00 0.000000000000000000e+00 0.000000000000000000e+00
0.000000000000000000e+00 0.000000000000000000e+00 0.000000000000000000e+00 0.000000000000000000e+00 0.000000000000000000e+00
0.000000000000000000e+00 0.000000000000000000e+00 0.000000000000000000e+00 0.000000000000000000e+00 0.000000000000000000e+00
0.000000000000000000e+00 0.000000000000000000e+00 0.000000000000000000e+00 0.000000000000000000e+00 0.000000000000000000e+00
0.000000000000000000e+00 0.000000000000000000e+00 0.000000000000000000e+00 0.000000000000000000e+00 0.000000000000000000e+00
0.000000000000000000e+00 0.000000000000000000e+00 0.000000000000000000e+00 0.000000000000000000e+00 0.000000000000000000e+00
0.000000000000000000e+00 0.000000000000000000e+00 0.000000000000000000e+00 0.000000000000000000e+00 0.000000000000000000e+00
0.000000000000000000e+00 0.000000000000000000e+00 0.000000000000000000e+00 0.000000000000000000e+00 0.000000000000000000e+00
0.000000000000000000e+00 0.000000000000000000e+00 0.000000000000000000e+00 0.000000000000000000e+00 0.000000000000000000e+00
0.000000000000000000e+00 0.000000000000000000e+00 0.000000000000000000e+00 0.000000000000000000e+00 0.000000000000000000e+00
0.000000000000000000e+00 0.000000000000000000e+00 0.000000000000000000e+00 0.000000000000000000e+00 0.000000000000000000e+00
0.000000000000000000e+00 0.000000000000000000e+00 0.000000000000000000e+00 0.000000000000000000e+00 0.000000000000000000e+00
0.000000000000000000e+00 0.000000000000000000e+00 0.000000000000000000e+00 0.000000000000000000e+00 0.000000000000000000e+00
0.000000000000000000e+00 0.000000000000000000e+00 0.000000000000000000e+00 0.000000000000000000e+00 0.000000000000000000e+00
0.000000000000000000e+00 0.000000000000000000e+00 0.000000000000000000e+00 0.000000000000000000e+00 0.000000000000000000e+00
0.000000000000000000e+00 0.000000000000000000e+00 0.000000000000000000e+00 0.000000000000000000e+00 0.000000000000000000e+00
0.000000000000000000e+00 0.000000000000000000e+00 0.000000000000000000e+00 0.000000000000000000e+00 0.000000000000000000e+00
0.000000000000000000e+00 0.000000000000000000e+00 0.000000000000000000e+00 0.000000000000000000e+00 0.000000000000000000e+00
0.000000000000000000e+00 0.000000000000000000e+00 0.000000000000000000e+00 0.000000000000000000e+00 0.000000000000000000e+00
0.000000000000000000e+00 0.000000000000000000e+00 0.000000000000000000e+00 0.000000000000000000e+00 0.000000000000000000e+00
0.000000000000000000e+00 0.000000000000000000e+00 0.000000000000000000e+00 0.000000000000000000e+00 0.000000000000000000e+00
0.000000000000000000e+00 0.000000000000000000e+00 0.000000000000000000e+00 0.000000000000000000e+00 0.000000000000000000e+00
0.000000000000000000e+00 0.000000000000000000e+00 0.000000000000000000e+00 0.000000000000000000e+00 0.000000000000000000e+00
0.000000000000000000e+00 0.000000000000000000e+00 0.000000000000000000e+00 0.000000000000000000e+00 0.000000000000000000e+00
0.000000000000000000e+00 0.000000000000000000e+00 0.000000000000000000e+00 0.000000000000000000e+00 0.000000000000000000e+00
0.000000000000000000e+00 0.000000000000000000e+00 0.000000000000000000e+00 0.000000000000000000e+00 0.000000000000000000e+00
0.000000000000000000e+00 0.000000000000000000e+00 0.000000000000000000e+00 0.000000000000000000e+00 0.000000000000000000e+00
0.000000000000000000e+00 0.000000000000000000e+00 0.000000000000000000e+00 0.000000000000000000e+00 0.000000000000000000e+00
0.000000000000000000e+00 0.000000000000000000e+00 0.000000000000000000e+00 0.000000000000000000e+00 0.000000000000000000e+00
0.000000000000000000e+00 0.000000000000000000e+00 0.000000000000000000e+00 0.000000000000000000e+00 0.000000000000000000e+00
0.000000000000000000e+00 0.000000000000000000e+00 0.000000000000000000e+00 0.000000000000000000e+00 0.000000000000000000e+00
0.000000000000000000e+00 0.000000000000000000e+00 0.000000000000000000e+00 0.000000000000000000e+00 0.000000000000000000e+00
0.000000000000000000e+00 0.000000000000000000e+00 0.000000000000000000e+00 0.000000000000000000e+00 0.000000000000000000e+00
