0.000000000000000000e+00 0.000000000000000000e+00 1.000000000000000000e+00 0.000000000000000000e+00 0.000000000000000000e+00
1.460539996623992920e-01 8.233995735645294189e-02 1.000000000000000000e+00 0.000000000000000000e+00 0.000000000000000000e+00
5.873802676796913147e-02 4.670647382736206055e-01 1.000000000000000000e+00 0.000000000000000000e+00 0.000000000000000000e+00
-1.492849886417388916e-01 8.807147741317749023e-01 1.000000000000000000e+00 0.000000000000000000e+00 0.000000000000000000e+00
-1.534593999385833740e-01 4.215696752071380615e-01 1.000000000000000000e+00 0.000000000000000000e+00 0.000000000000000000e+00
-1.806731224060058594e-01 2.288557589054107666e-01 0.000000000000000000e+00 1.000000000000000000e+00 0.000000000000000000e+00
6.720468997955322266e-01 -2.396073102951049805e+00 1.000000000000000000e+00 0.000000000000000000e+00 0.000000000000000000e+00
6.694176793098449707e-01 -2.148963212966918945e-01 1.000000000000000000e+00 0.000000000000000000e+00 0.000000000000000000e+00
2.212987840175628662e-01 8.152946829795837402e-02 1.000000000000000000e+00 0.000000000000000000e+00 0.000000000000000000e+00
-1.828629150986671448e-02 1.895241737365722656e+00 1.000000000000000000e+00 0.000000000000000000e+00 0.000000000000000000e+00
-1.063284128904342651e-01 5.816121101379394531e-01 1.000000000000000000e+00 0.000000000000000000e+00 0.000000000000000000e+00
-1.022437065839767456e-01 1.483842730522155762e-01 1.000000000000000000e+00 0.000000000000000000e+00 0.000000000000000000e+00
-1.359647959470748901e-01 2.812100201845169067e-02 0.000000000000000000e+00 1.000000000000000000e+00 0.000000000000000000e+00
-3.546268045902252197e-01 -1.487506508827209473e+00 1.000000000000000000e+00 0.000000000000000000e+00 0.000000000000000000e+00
3.096995353698730469e-01 -6.148831546306610107e-02 1.000000000000000000e+00 0.000000000000000000e+00 0.000000000000000000e+00
4.819834604859352112e-02 5.041883885860443115e-02 0.000000000000000000e+00 1.000000000000000000e+00 0.000000000000000000e+00
-2.778620719909667969e-01 4.351634979248046875e-01 1.000000000000000000e+00 0.000000000000000000e+00 0.000000000000000000e+00
4.731949567794799805e-01 -1.843307465314865112e-01 1.000000000000000000e+00 0.000000000000000000e+00 0.000000000000000000e+00
2.700877189636230469e-01 -2.237507998943328857e-01 0.000000000000000000e+00 1.000000000000000000e+00 0.000000000000000000e+00
1.486392259597778320e+00 -1.729586482048034668e+00 1.000000000000000000e+00 0.000000000000000000e+00 0.000000000000000000e+00
-9.063476324081420898e-01 9.259489774703979492e-01 1.000000000000000000e+00 0.000000000000000000e+00 0.000000000000000000e+00
-3.914490938186645508e-01 2.809540927410125732e-01 1.000000000000000000e+00 0.000000000000000000e+00 0.000000000000000000e+00
-3.203646838665008545e-01 1.115913093090057373e-01 0.000000000000000000e+00 1.000000000000000000e+00 0.000000000000000000e+00
6.217353343963623047e-01 -3.664417862892150879e-01 1.000000000000000000e+00 0.000000000000000000e+00 0.000000000000000000e+00
2.845398187637329102e-01 2.727074325084686279e-01 1.000000000000000000e+00 0.000000000000000000e+00 0.000000000000000000e+00
9.761446714401245117e-02 6.203792989253997803e-03 0.000000000000000000e+00 1.000000000000000000e+00 0.000000000000000000e+00
3.107512593269348145e-01 -4.260371327400207520e-01 1.000000000000000000e+00 0.000000000000000000e+00 0.000000000000000000e+00
-4.360815137624740601e-02 9.338715672492980957e-02 1.000000000000000000e+00 0.000000000000000000e+00 0.000000000000000000e+00
9.819365292787551880e-02 1.028822138905525208e-01 1.000000000000000000e+00 0.000000000000000000e+00 0.000000000000000000e+00
4.469334185123443604e-01 -1.793942600488662720e-01 0.000000000000000000e+00 1.000000000000000000e+00 0.000000000000000000e+00
1.567817777395248413e-01 -7.904574275016784668e-03 1.000000000000000000e+00 0.000000000000000000e+00 0.000000000000000000e+00
-1.021574258804321289e+00 8.192372322082519531e-01 1.000000000000000000e+00 0.000000000000000000e+00 0.000000000000000000e+00
5.306116938591003418e-01 1.301364600658416748e-02 1.000000000000000000e+00 0.000000000000000000e+00 0.000000000000000000e+00
1.782978326082229614e-02 9.850919246673583984e-01 1.000000000000000000e+00 0.000000000000000000e+00 0.000000000000000000e+00
-1.075967997312545776e-01 2.576133608818054199e-01 1.000000000000000000e+00 0.000000000000000000e+00 0.000000000000000000e+00
-2.085760533809661865e-01 9.075716137886047363e-02 1.000000000000000000e+00 0.000000000000000000e+00 0.000000000000000000e+00
-3.749671578407287598e-01 -1.269185245037078857e-01 1.000000000000000000e+00 0.000000000000000000e+00 0.000000000000000000e+00
-2.008824795484542847e-01 -3.250795900821685791e-01 1.000000000000000000e+00 0.000000000000000000e+00 0.000000000000000000e+00
4.489474371075630188e-02 -1.532898843288421631e-01 1.000000000000000000e+00 0.000000000000000000e+00 0.000000000000000000e+00
1.015021085739135742e+00 -2.632832825183868408e-01 1.000000000000000000e+00 0.000000000000000000e+00 0.000000000000000000e+00
8.236724138259887695e-01 -4.970140755176544189e-02 0.000000000000000000e+00 1.000000000000000000e+00 0.000000000000000000e+00
-1.831250071525573730e+00 -1.339838266372680664e+00 0.000000000000000000e+00 0.000000000000000000e+00 1.000000000000000000e+00
-3.014533519744873047e-01 1.292104125022888184e+00 0.000000000000000000e+00 0.000000000000000000e+00 1.000000000000000000e+00
-1.533759951591491699e+00 -2.912084460258483887e-01 0.000000000000000000e+00 0.000000000000000000e+00 1.000000000000000000e+00
-1.016587376594543457e+00 -2.057628631591796875e-01 0.000000000000000000e+00 0.000000000000000000e+00 1.000000000000000000e+00
-1.125551223754882812e+00 -2.879632711410522461e-01 0.000000000000000000e+00 0.000000000000000000e+00 1.000000000000000000e+00
-1.043137311935424805e+00 -2.382292747497558594e-01 0.000000000000000000e+00 0.000000000000000000e+00 1.000000000000000000e+00
-1.042058825492858887e+00 -2.934937477111816406e-01 0.000000000000000000e+00 0.000000000000000000e+00 1.000000000000000000e+00
-1.016918659210205078e+00 -2.845591306686401367e-01 0.000000000000000000e+00 0.000000000000000000e+00 1.000000000000000000e+00
-1.013258934020996094e+00 -2.775766849517822266e-01 0.000000000000000000e+00 0.000000000000000000e+00 1.000000000000000000e+00
-1.000345349311828613e+00 -2.598395943641662598e-01 0.000000000000000000e+00 0.000000000000000000e+00 1.000000000000000000e+00
-9.848790168762207031e-01 -2.595676779747009277e-01 0.000000000000000000e+00 0.000000000000000000e+00 1.000000000000000000e+00
-9.727684259414672852e-01 -2.586950063705444336e-01 0.000000000000000000e+00 0.000000000000000000e+00 1.000000000000000000e+00
-9.647233486175537109e-01 -2.630870342254638672e-01 0.000000000000000000e+00 0.000000000000000000e+00 1.000000000000000000e+00
-9.589681625366210938e-01 -2.676666378974914551e-01 0.000000000000000000e+00 0.000000000000000000e+00 1.000000000000000000e+00
-9.556711912155151367e-01 -2.693396806716918945e-01 0.000000000000000000e+00 0.000000000000000000e+00 1.000000000000000000e+00
-9.518829584121704102e-01 -2.679446339607238770e-01 0.000000000000000000e+00 0.000000000000000000e+00 1.000000000000000000e+00
-9.439837932586669922e-01 -2.674342989921569824e-01 0.000000000000000000e+00 0.000000000000000000e+00 1.000000000000000000e+00
-9.307827949523925781e-01 -2.717243432998657227e-01 0.000000000000000000e+00 0.000000000000000000e+00 1.000000000000000000e+00
-9.198693037033081055e-01 -2.771654725074768066e-01 0.000000000000000000e+00 0.000000000000000000e+00 1.000000000000000000e+00
-9.165084362030029297e-01 -2.755626440048217773e-01 0.000000000000000000e+00 0.000000000000000000e+00 1.000000000000000000e+00
-9.156533479690551758e-01 -2.709875106811523438e-01 0.000000000000000000e+00 0.000000000000000000e+00 1.000000000000000000e+00
-9.126327037811279297e-01 -2.667547464370727539e-01 0.000000000000000000e+00 0.000000000000000000e+00 1.000000000000000000e+00
-9.086797237396240234e-01 -2.643939852714538574e-01 0.000000000000000000e+00 0.000000000000000000e+00 1.000000000000000000e+00
-9.018746614456176758e-01 -2.663426995277404785e-01 0.000000000000000000e+00 0.000000000000000000e+00 1.000000000000000000e+00
-8.915979862213134766e-01 -2.752714157104492188e-01 0.000000000000000000e+00 0.000000000000000000e+00 1.000000000000000000e+00
-8.849083185195922852e-01 -2.809331417083740234e-01 0.000000000000000000e+00 0.000000000000000000e+00 1.000000000000000000e+00
-8.829241991043090820e-01 -2.808668017387390137e-01 0.000000000000000000e+00 0.000000000000000000e+00 1.000000000000000000e+00
-8.815001249313354492e-01 -2.779036164283752441e-01 0.000000000000000000e+00 0.000000000000000000e+00 1.000000000000000000e+00
-8.780127763748168945e-01 -2.743896245956420898e-01 0.000000000000000000e+00 0.000000000000000000e+00 1.000000000000000000e+00
-8.741071224212646484e-01 -2.723226547241210938e-01 0.000000000000000000e+00 0.000000000000000000e+00 1.000000000000000000e+00
-8.681564331054687500e-01 -2.749018073081970215e-01 0.000000000000000000e+00 0.000000000000000000e+00 1.000000000000000000e+00
-8.579487800598144531e-01 -2.870679497718811035e-01 0.000000000000000000e+00 0.000000000000000000e+00 1.000000000000000000e+00
0.000000000000000000e+00 0.000000000000000000e+00 0.000000000000000000e+00 0.000000000000000000e+00 0.000000000000000000e+00
0.000000000000000000e+00 0.000000000000000000e+00 0.000000000000000000e+00 0.000000000000000000e+00 0.000000000000000000e+00
0.000000000000000000e+00 0.000000000000000000e+00 0.000000000000000000e+00 0.000000000000000000e+00 0.000000000000000000e+00
0.000000000000000000e+00 0.000000000000000000e+00 0.000000000000000000e+00 0.000000000000000000e+00 0.000000000000000000e+00
0.000000000000000000e+00 0.000000000000000000e+00 0.000000000000000000e+00 0.000000000000000000e+00 0.000000000000000000e+00
0.000000000000000000e+00 0.000000000000000000e+00 0.000000000000000000e+00 0.000000000000000000e+00 0.000000000000000000e+00
0.000000000000000000e+00 0.000000000000000000e+00 0.000000000000000000e+00 0.000000000000000000e+00 0.000000000000000000e+00
0.000000000000000000e+00 0.000000000000000000e+00 0.000000000000000000e+00 0.000000000000000000e+00 0.000000000000000000e+00
0.000000000000000000e+00 0.000000000000000000e+00 0.000000000000000000e+00 0.000000000000000000e+00 0.000000000000000000e+00
0.000000000000000000e+00 0.000000000000000000e+00 0.000000000000000000e+00 0.000000000000000000e+00 0.000000000000000000e+00
0.000000000000000000e+00 0.000000000000000000e+00 0.000000000000000000e+00 0.000000000000000000e+00 0.000000000000000000e+00
0.000000000000000000e+00 0.000000000000000000e+00 0.000000000000000000e+00 0.000000000000000000e+00 0.000000000000000000e+00
0.000000000000000000e+00 0.000000000000000000e+00 0.000000000000000000e+00 0.000000000000000000e+00 0.000000000000000000e+00
0.000000000000000000e+00 0.000000000000000000e+00 0.000000000000000000e+00 0.000000000000000000e+00 0.000000000000000000e+00
0.000000000000000000e+00 0.000000000000000000e+00 0.000000000000000000e+00 0.000000000000000000e+00 0.000000000000000000e+00
0.000000000000000000e+00 0.000000000000000000e+00 0.000000000000000000e+00 0.000000000000000000e+00 0.000000000000000000e+00
0.000000000000000000e+00 0.000000000000000000e+00 0.000000000000000000e+00 0.000000000000000000e+00 0.000000000000000000e+00
0.000000000000000000e+00 0.000000000000000000e+00 0.000000000000000000e+00 0.000000000000000000e+00 0.000000000000000000e+00
0.000000000000000000e+00 0.000000000000000000e+00 0.000000000000000000e+00 0.000000000000000000e+00 0.000000000000000000e+00
0.000000000000000000e+00 0.000000000000000000e+00 0.000000000000000000e+00 0.000000000000000000e+00 0.000000000000000000e+00
0.000000000000000000e+00 0.000000000000000000e+00 0.000000000000000000e+00 0.000000000000000000e+00 0.000000000000000000e+00
0.000000000000000000e+00 0.000000000000000000e+00 0.000000000000000000e+00 0.000000000000000000e+00 0.000000000000000000e+00
0.000000000000000000e+00 0.000000000000000000e+00 0.000000000000000000e+00 0.000000000000000000e+00 0.000000000000000000e+00
0.000000000000000000e+00 0.000000000000000000e+00 0.000000000000000000e+00 0.000000000000000000e+00 0.000000000000000000e+00
0.000000000000000000e+00 0.000000000000000000e+00 0.000000000000000000e+00 0.000000000000000000e+00 0.000000000000000000e+00
0.000000000000000000e+00 0.000000000000000000e+00 0.000000000000000000e+00 0.000000000000000000e+00 0.000000000000000000e+00
0.000000000000000000e+00 0.000000000000000000e+00 0.000000000000000000e+00 0.000000000000000000e+00 0.000000000000000000e+00
0.000000000000000000e+00 0.000000000000000000e+00 0.000000000000000000e+00 0.000000000000000000e+00 0.000000000000000000e+00
0.000000000000000000e+00 0.000000000000000000e+00 0.000000000000000000e+00 0.000000000000000000e+00 0.000000000000000000e+00
0.000000000000000000e+00 0.000000000000000000e+00 0.000000000000000000e+00 0.000000000000000000e+00 0.000000000000000000e+00
0.000000000000000000e+00 0.000000000000000000e+00 0.000000000000000000e+00 0.000000000000000000e+00 0.000000000000000000e+00
0.000000000000000000e+00 0.000000000000000000e+00 0.000000000000000000e+00 0.000000000000000000e+00 0.000000000000000000e+00
0.000000000000000000e+00 0.000000000000000000e+00 0.000000000000000000e+00 0.000000000000000000e+00 0.000000000000000000e+00
0.000000000000000000e+00 0.000000000000000000e+00 0.000000000000000000e+00 0.000000000000000000e+00 0.000000000000000000e+00
0.000000000000000000e+00 0.000000000000000000e+00 0.000000000000000000e+00 0.000000000000000000e+00 0.000000000000000000e+00
0.000000000000000000e+00 0.000000000000000000e+00 0.000000000000000000e+00 0.000000000000000000e+00 0.000000000000000000e+00
0.000000000000000000e+00 0.000000000000000000e+00 0.000000000000000000e+00 0.000000000000000000e+00 0.000000000000000000e+00
0.000000000000000000e+00 0.000000000000000000e+00 0.000000000000000000e+00 0.000000000000000000e+00 0.000000000000000000e+00
0.000000000000000000e+00 0.000000000000000000e+00 0.000000000000000000e+00 0.000000000000000000e+00 0.000000000000000000e+00
0.000000000000000000e+00 0.000000000000000000e+00 0.000000000000000000e+00 0.000000000000000000e+00 0.000000000000000000e+00
0.000000000000000000e+00 0.000000000000000000e+00 0.000000000000000000e+00 0.000000000000000000e+00 0.000000000000000000e+00
0.000000000000000000e+00 0.000000000000000000e+00 0.000000000000000000e+00 0.000000000000000000e+00 0.000000000000000000e+00
0.000000000000000000e+00 0.000000000000000000e+00 0.000000000000000000e+00 0.000000000000000000e+00 0.000000000000000000e+00
0.000000000000000000e+00 0.000000000000000000e+00 0.000000000000000000e+00 0.000000000000000000e+00 0.000000000000000000e+00
0.000000000000000000e+00 0.000000000000000000e+00 0.000000000000000000e+00 0.000000000000000000e+00 0.000000000000000000e+00
0.000000000000000000e+00 0.000000000000000000e+00 0.000000000000000000e+00 0.000000000000000000e+00 0.000000000000000000e+00
0.000000000000000000e+00 0.000000000000000000e+00 0.000000000000000000e+00 0.000000000000000000e+00 0.000000000000000000e+00
0.000000000000000000e+00 0.000000000000000000e+00 0.000000000000000000e+00 0.000000000000000000e+00 0.000000000000000000e+00
