0.000000000000000000e+00 0.000000000000000000e+00 1.000000000000000000e+00 0.000000000000000000e+00 0.000000000000000000e+00
1.644459664821624756e-01 8.195471018552780151e-02 1.000000000000000000e+00 0.000000000000000000e+00 0.000000000000000000e+00
2.588887512683868408e-02 1.285372674465179443e-01 0.000000000000000000e+00 1.000000000000000000e+00 0.000000000000000000e+00
-1.184236049652099609e+00 6.485274434089660645e-01 1.000000000000000000e+00 0.000000000000000000e+00 0.000000000000000000e+00
1.441837072372436523e+00 -1.954111158847808838e-01 1.000000000000000000e+00 0.000000000000000000e+00 0.000000000000000000e+00
1.000471711158752441e+00 -3.144613206386566162e-01 0.000000000000000000e+00 1.000000000000000000e+00 0.000000000000000000e+00
-2.390064954757690430e+00 7.004567980766296387e-01 1.000000000000000000e+00 0.000000000000000000e+00 0.000000000000000000e+00
2.458188682794570923e-02 6.748545169830322266e-01 1.000000000000000000e+00 0.000000000000000000e+00 0.000000000000000000e+00
-1.078028976917266846e-01 5.659565329551696777e-01 1.000000000000000000e+00 0.000000000000000000e+00 0.000000000000000000e+00
-4.931532442569732666e-01 1.286181211471557617e+00 1.000000000000000000e+00 0.000000000000000000e+00 0.000000000000000000e+00
-3.026978969573974609e-01 4.833595454692840576e-01 1.000000000000000000e+00 0.000000000000000000e+00 0.000000000000000000e+00
-2.785891890525817871e-01 2.794503271579742432e-01 1.000000000000000000e+00 0.000000000000000000e+00 0.000000000000000000e+00
-2.037272602319717407e-01 7.326582819223403931e-02 0.000000000000000000e+00 1.000000000000000000e+00 0.000000000000000000e+00
2.429592132568359375e+00 -3.364366292953491211e+00 1.000000000000000000e+00 0.000000000000000000e+00 0.000000000000000000e+00
-7.454199790954589844e-01 8.390235900878906250e-01 1.000000000000000000e+00 0.000000000000000000e+00 0.000000000000000000e+00
-3.418885171413421631e-01 2.525375187397003174e-01 1.000000000000000000e+00 0.000000000000000000e+00 0.000000000000000000e+00
2.763994932174682617e-01 -1.783327162265777588e-01 1.000000000000000000e+00 0.000000000000000000e+00 0.000000000000000000e+00
2.339951694011688232e-01 -1.181062310934066772e-03 1.000000000000000000e+00 0.000000000000000000e+00 0.000000000000000000e+00
-1.043669879436492920e-03 6.626684665679931641e-01 1.000000000000000000e+00 0.000000000000000000e+00 0.000000000000000000e+00
2.220732904970645905e-02 -6.336392462253570557e-02 0.000000000000000000e+00 1.000000000000000000e+00 0.000000000000000000e+00
1.143723130226135254e+00 -1.620806217193603516e+00 1.000000000000000000e+00 0.000000000000000000e+00 0.000000000000000000e+00
-5.532528162002563477e-01 6.647039055824279785e-01 1.000000000000000000e+00 0.000000000000000000e+00 0.000000000000000000e+00
3.557506203651428223e-01 -4.070653021335601807e-02 1.000000000000000000e+00 0.000000000000000000e+00 0.000000000000000000e+00
-6.379074603319168091e-02 6.842554211616516113e-01 1.000000000000000000e+00 0.000000000000000000e+00 0.000000000000000000e+00
9.788350202143192291e-03 -6.428608298301696777e-02 0.000000000000000000e+00 1.000000000000000000e+00 0.000000000000000000e+00
9.525948762893676758e-01 -1.591920614242553711e+00 1.000000000000000000e+00 0.000000000000000000e+00 0.000000000000000000e+00
-2.565522193908691406e-01 5.332503318786621094e-01 1.000000000000000000e+00 0.000000000000000000e+00 0.000000000000000000e+00
4.236811697483062744e-01 -8.431877195835113525e-02 0.000000000000000000e+00 1.000000000000000000e+00 0.000000000000000000e+00
-4.846384525299072266e-01 4.788000881671905518e-01 1.000000000000000000e+00 0.000000000000000000e+00 0.000000000000000000e+00
4.746565818786621094e-01 -8.953151851892471313e-02 1.000000000000000000e+00 0.000000000000000000e+00 0.000000000000000000e+00
-3.083429485559463501e-02 5.061030015349388123e-02 0.000000000000000000e+00 1.000000000000000000e+00 0.000000000000000000e+00
-3.915415406227111816e-01 3.710581064224243164e-01 1.000000000000000000e+00 0.000000000000000000e+00 0.000000000000000000e+00
4.412036836147308350e-01 -9.391379356384277344e-02 1.000000000000000000e+00 0.000000000000000000e+00 0.000000000000000000e+00
8.376538753509521484e-02 -7.948958873748779297e-02 0.000000000000000000e+00 1.000000000000000000e+00 0.000000000000000000e+00
-1.620017141103744507e-01 -2.562907338142395020e-01 1.000000000000000000e+00 0.000000000000000000e+00 0.000000000000000000e+00
-1.669022738933563232e-01 7.456940412521362305e-01 1.000000000000000000e+00 0.000000000000000000e+00 0.000000000000000000e+00
-1.477571278810501099e-01 2.103473544120788574e-01 0.000000000000000000e+00 1.000000000000000000e+00 0.000000000000000000e+00
-8.482471853494644165e-02 -9.130854159593582153e-02 1.000000000000000000e+00 0.000000000000000000e+00 0.000000000000000000e+00
4.874720573425292969e-01 -1.020287126302719116e-01 0.000000000000000000e+00 1.000000000000000000e+00 0.000000000000000000e+00
-7.991607189178466797e-01 4.204837679862976074e-01 1.000000000000000000e+00 0.000000000000000000e+00 0.000000000000000000e+00
7.093942761421203613e-01 -1.084794029593467712e-01 1.000000000000000000e+00 0.000000000000000000e+00 0.000000000000000000e+00
1.840009689331054688e-01 4.227594658732414246e-02 0.000000000000000000e+00 1.000000000000000000e+00 0.000000000000000000e+00
-1.913694143295288086e+00 6.324740052223205566e-01 1.000000000000000000e+00 0.000000000000000000e+00 0.000000000000000000e+00
-8.370915055274963379e-02 9.395543336868286133e-01 1.000000000000000000e+00 0.000000000000000000e+00 0.000000000000000000e+00
-7.767866551876068115e-02 2.446189522743225098e-01 0.000000000000000000e+00 1.000000000000000000e+00 0.000000000000000000e+00
4.822313785552978516e-01 -1.170772790908813477e+00 1.000000000000000000e+00 0.000000000000000000e+00 0.000000000000000000e+00
9.762320518493652344e-01 -1.935433745384216309e-01 1.000000000000000000e+00 0.000000000000000000e+00 0.000000000000000000e+00
3.425286412239074707e-01 5.748528987169265747e-02 1.000000000000000000e+00 0.000000000000000000e+00 0.000000000000000000e+00
-1.853102818131446838e-02 1.314914584159851074e+00 1.000000000000000000e+00 0.000000000000000000e+00 0.000000000000000000e+00
-7.384885847568511963e-02 1.663281917572021484e-01 1.000000000000000000e+00 0.000000000000000000e+00 0.000000000000000000e+00
-1.296036541461944580e-01 6.027144193649291992e-02 0.000000000000000000e+00 1.000000000000000000e+00 0.000000000000000000e+00
-6.804295778274536133e-01 -1.041015863418579102e+00 1.000000000000000000e+00 0.000000000000000000e+00 0.000000000000000000e+00
3.893416523933410645e-01 -1.406772434711456299e-02 1.000000000000000000e+00 0.000000000000000000e+00 0.000000000000000000e+00
-3.513569384813308716e-02 7.154244184494018555e-02 0.000000000000000000e+00 1.000000000000000000e+00 0.000000000000000000e+00
-2.902937233448028564e-01 2.893563508987426758e-01 1.000000000000000000e+00 0.000000000000000000e+00 0.000000000000000000e+00
5.992760658264160156e-01 -8.596548438072204590e-02 0.000000000000000000e+00 1.000000000000000000e+00 0.000000000000000000e+00
-1.155847191810607910e+00 -1.603982448577880859e+00 0.000000000000000000e+00 0.000000000000000000e+00 1.000000000000000000e+00
-9.211146831512451172e-01 6.350162029266357422e-01 0.000000000000000000e+00 0.000000000000000000e+00 1.000000000000000000e+00
-1.512753486633300781e+00 -6.839259266853332520e-01 0.000000000000000000e+00 0.000000000000000000e+00 1.000000000000000000e+00
-9.124962091445922852e-01 -9.627759456634521484e-03 0.000000000000000000e+00 0.000000000000000000e+00 1.000000000000000000e+00
-1.311906099319458008e+00 -6.050143837928771973e-01 0.000000000000000000e+00 0.000000000000000000e+00 1.000000000000000000e+00
-1.001126170158386230e+00 -2.061582803726196289e-01 0.000000000000000000e+00 0.000000000000000000e+00 1.000000000000000000e+00
-1.204856634140014648e+00 -4.788096547126770020e-01 0.000000000000000000e+00 0.000000000000000000e+00 1.000000000000000000e+00
-1.040438175201416016e+00 -2.906386256217956543e-01 0.000000000000000000e+00 0.000000000000000000e+00 1.000000000000000000e+00
-1.135964512825012207e+00 -4.201942086219787598e-01 0.000000000000000000e+00 0.000000000000000000e+00 1.000000000000000000e+00
-1.054412603378295898e+00 -3.359375596046447754e-01 0.000000000000000000e+00 0.000000000000000000e+00 1.000000000000000000e+00
-1.089475631713867188e+00 -4.001198410987854004e-01 0.000000000000000000e+00 0.000000000000000000e+00 1.000000000000000000e+00
-1.045435070991516113e+00 -3.571382164955139160e-01 0.000000000000000000e+00 0.000000000000000000e+00 1.000000000000000000e+00
-1.052386045455932617e+00 -3.794243931770324707e-01 0.000000000000000000e+00 0.000000000000000000e+00 1.000000000000000000e+00
-1.030926585197448730e+00 -3.432620167732238770e-01 0.000000000000000000e+00 0.000000000000000000e+00 1.000000000000000000e+00
-1.033182024955749512e+00 -3.516848683357238770e-01 0.000000000000000000e+00 0.000000000000000000e+00 1.000000000000000000e+00
-1.023672461509704590e+00 -3.423162102699279785e-01 0.000000000000000000e+00 0.000000000000000000e+00 1.000000000000000000e+00
-1.020942091941833496e+00 -3.507958054542541504e-01 0.000000000000000000e+00 0.000000000000000000e+00 1.000000000000000000e+00
-1.010922431945800781e+00 -3.580701947212219238e-01 0.000000000000000000e+00 0.000000000000000000e+00 1.000000000000000000e+00
0.000000000000000000e+00 0.000000000000000000e+00 0.000000000000000000e+00 0.000000000000000000e+00 0.000000000000000000e+00
0.000000000000000000e+00 0.000000000000000000e+00 0.000000000000000000e+00 0.000000000000000000e+00 0.000000000000000000e+00
0.000000000000000000e+00 0.000000000000000000e+00 0.000000000000000000e+00 0.000000000000000000e+00 0.000000000000000000e+00
0.000000000000000000e+00 0.000000000000000000e+00 0.000000000000000000e+00 0.000000000000000000e+00 0.000000000000000000e+00
0.000000000000000000e+00 0.000000000000000000e+00 0.000000000000000000e+00 0.000000000000000000e+00 0.000000000000000000e+00
0.000000000000000000e+00 0.000000000000000000e+00 0.000000000000000000e+00 0.000000000000000000e+00 0.000000000000000000e+00
0.000000000000000000e+00 0.000000000000000000e+00 0.000000000000000000e+00 0.000000000000000000e+00 0.000000000000000000e+00
0.000000000000000000e+00 0.000000000000000000e+00 0.000000000000000000e+00 0.000000000000000000e+00 0.000000000000000000e+00
0.000000000000000000e+00 0.000000000000000000e+00 0.000000000000000000e+00 0.000000000000000000e+00 0.000000000000000000e+00
0.000000000000000000e+00 0.000000000000000000e+00 0.000000000000000000e+00 0.000000000000000000e+00 0.000000000000000000e+00
0.000000000000000000e+00 0.000000000000000000e+00 0.000000000000000000e+00 0.000000000000000000e+00 0.000000000000000000e+00
0.000000000000000000e+00 0.000000000000000000e+00 0.000000000000000000e+00 0.000000000000000000e+00 0.000000000000000000e+00
0.000000000000000000e+00 0.000000000000000000e+00 0.000000000000000000e+00 0.000000000000000000e+00 0.000000000000000000e+00
0.000000000000000000e+00 0.000000000000000000e+00 0.000000000000000000e+00 0.000000000000000000e+00 0.000000000000000000e+00
0.000000000000000000e+00 0.000000000000000000e+00 0.000000000000000000e+00 0.000000000000000000e+00 0.000000000000000000e+00
0.000000000000000000e+00 0.000000000000000000e+00 0.000000000000000000e+00 0.000000000000000000e+00 0.000000000000000000e+00
0.000000000000000000e+00 0.000000000000000000e+00 0.000000000000000000e+00 0.000000000000000000e+00 0.000000000000000000e+00
0.000000000000000000e+00 0.000000000000000000e+00 0.000000000000000000e+00 0.000000000000000000e+00 0.000000000000000000e+00
0.000000000000000000e+00 0.000000000000000000e+00 0.000000000000000000e+00 0.000000000000000000e+00 0.000000000000000000e+00
0.000000000000000000e+00 0.000000000000000000e+00 0.000000000000000000e+00 0.000000000000000000e+00 0.000000000000000000e+00
0.000000000000000000e+00 0.000000000000000000e+00 0.000000000000000000e+00 0.000000000000000000e+00 0.000000000000000000e+00
0.000000000000000000e+00 0.000000000000000000e+00 0.000000000000000000e+00 0.000000000000000000e+00 0.000000000000000000e+00
0.000000000000000000e+00 0.000000000000000000e+00 0.000000000000000000e+00 0.000000000000000000e+00 0.000000000000000000e+00
0.000000000000000000e+00 0.000000000000000000e+00 0.000000000000000000e+00 0.000000000000000000e+00 0.000000000000000000e+00
0.000000000000000000e+00 0.000000000000000000e+00 0.000000000000000000e+00 0.000000000000000000e+00 0.000000000000000000e+00
0.000000000000000000e+00 0.000000000000000000e+00 0.000000000000000000e+00 0.000000000000000000e+00 0.000000000000000000e+00
0.000000000000000000e+00 0.000000000000000000e+00 0.000000000000000000e+00 0.000000000000000000e+00 0.000000000000000000e+00
0.000000000000000000e+00 0.000000000000000000e+00 0.000000000000000000e+00 0.000000000000000000e+00 0.000000000000000000e+00
0.000000000000000000e+00 0.000000000000000000e+00 0.000000000000000000e+00 0.000000000000000000e+00 0.000000000000000000e+00
0.000000000000000000e+00 0.000000000000000000e+00 0.000000000000000000e+00 0.000000000000000000e+00 0.000000000000000000e+00
0.000000000000000000e+00 0.000000000000000000e+00 0.000000000000000000e+00 0.000000000000000000e+00 0.000000000000000000e+00
0.000000000000000000e+00 0.000000000000000000e+00 0.000000000000000000e+00 0.000000000000000000e+00 0.000000000000000000e+00
0.000000000000000000e+00 0.000000000000000000e+00 0.000000000000000000e+00 0.000000000000000000e+00 0.000000000000000000e+00
0.000000000000000000e+00 0.000000000000000000e+00 0.000000000000000000e+00 0.000000000000000000e+00 0.000000000000000000e+00
0.000000000000000000e+00 0.000000000000000000e+00 0.000000000000000000e+00 0.000000000000000000e+00 0.000000000000000000e+00
0.000000000000000000e+00 0.000000000000000000e+00 0.000000000000000000e+00 0.000000000000000000e+00 0.000000000000000000e+00
0.000000000000000000e+00 0.000000000000000000e+00 0.000000000000000000e+00 0.000000000000000000e+00 0.000000000000000000e+00
0.000000000000000000e+00 0.000000000000000000e+00 0.000000000000000000e+00 0.000000000000000000e+00 0.000000000000000000e+00
0.000000000000000000e+00 0.000000000000000000e+00 0.000000000000000000e+00 0.000000000000000000e+00 0.000000000000000000e+00
0.000000000000000000e+00 0.000000000000000000e+00 0.000000000000000000e+00 0.000000000000000000e+00 0.000000000000000000e+00
0.000000000000000000e+00 0.000000000000000000e+00 0.000000000000000000e+00 0.000000000000000000e+00 0.000000000000000000e+00
0.000000000000000000e+00 0.000000000000000000e+00 0.000000000000000000e+00 0.000000000000000000e+00 0.000000000000000000e+00
0.000000000000000000e+00 0.000000000000000000e+00 0.000000000000000000e+00 0.000000000000000000e+00 0.000000000000000000e+00
0.000000000000000000e+00 0.000000000000000000e+00 0.000000000000000000e+00 0.000000000000000000e+00 0.000000000000000000e+00
0.000000000000000000e+00 0.000000000000000000e+00 0.000000000000000000e+00 0.000000000000000000e+00 0.000000000000000000e+00
0.000000000000000000e+00 0.000000000000000000e+00 0.000000000000000000e+00 0.000000000000000000e+00 0.000000000000000000e+00
0.000000000000000000e+00 0.000000000000000000e+00 0.000000000000000000e+00 0.000000000000000000e+00 0.000000000000000000e+00
