0.000000000000000000e+00 0.000000000000000000e+00 1.000000000000000000e+00 0.000000000000000000e+00 0.000000000000000000e+00
-9.044596552848815918e-01 7.323597073554992676e-01 1.000000000000000000e+00 0.000000000000000000e+00 0.000000000000000000e+00
2.400784790515899658e-01 3.644181191921234131e-01 1.000000000000000000e+00 0.000000000000000000e+00 0.000000000000000000e+00
-2.074056491255760193e-02 8.420105576515197754e-01 1.000000000000000000e+00 0.000000000000000000e+00 0.000000000000000000e+00
-6.128060072660446167e-02 1.608977019786834717e-01 0.000000000000000000e+00 1.000000000000000000e+00 0.000000000000000000e+00
3.428217768669128418e-01 -1.099745154380798340e+00 1.000000000000000000e+00 0.000000000000000000e+00 0.000000000000000000e+00
4.526432156562805176e-01 -8.850476145744323730e-02 1.000000000000000000e+00 0.000000000000000000e+00 0.000000000000000000e+00
-4.184532910585403442e-02 5.853627994656562805e-02 0.000000000000000000e+00 1.000000000000000000e+00 0.000000000000000000e+00
-3.308738470077514648e-01 3.806083798408508301e-01 1.000000000000000000e+00 0.000000000000000000e+00 0.000000000000000000e+00
4.134020805358886719e-01 -7.301458716392517090e-02 1.000000000000000000e+00 0.000000000000000000e+00 0.000000000000000000e+00
2.243878841400146484e-01 -1.446887701749801636e-01 0.000000000000000000e+00 1.000000000000000000e+00 0.000000000000000000e+00
2.744445204734802246e-01 -6.448069214820861816e-01 1.000000000000000000e+00 0.000000000000000000e+00 0.000000000000000000e+00
6.228817105293273926e-01 -1.277052164077758789e-01 1.000000000000000000e+00 0.000000000000000000e+00 0.000000000000000000e+00
2.383889853954315186e-01 -1.370468139648437500e-01 0.000000000000000000e+00 1.000000000000000000e+00 0.000000000000000000e+00
-3.270756602287292480e-01 -1.478353142738342285e-01 1.000000000000000000e+00 0.000000000000000000e+00 0.000000000000000000e+00
-4.863970875740051270e-01 9.035432934761047363e-01 1.000000000000000000e+00 0.000000000000000000e+00 0.000000000000000000e+00
6.156458258628845215e-01 -5.500465631484985352e-03 1.000000000000000000e+00 0.000000000000000000e+00 0.000000000000000000e+00
2.698484361171722412e-01 -9.607559442520141602e-02 0.000000000000000000e+00 1.000000000000000000e+00 0.000000000000000000e+00
-3.312878012657165527e-01 -1.620742678642272949e-01 1.000000000000000000e+00 0.000000000000000000e+00 0.000000000000000000e+00
-7.610556483268737793e-02 1.098739862442016602e+00 1.000000000000000000e+00 0.000000000000000000e+00 0.000000000000000000e+00
-6.603403389453887939e-02 1.567238122224807739e-01 1.000000000000000000e+00 0.000000000000000000e+00 0.000000000000000000e+00
-1.177135109901428223e-01 7.237812876701354980e-02 0.000000000000000000e+00 1.000000000000000000e+00 0.000000000000000000e+00
-3.123436868190765381e-01 -4.363859891891479492e-01 1.000000000000000000e+00 0.000000000000000000e+00 0.000000000000000000e+00
5.351544022560119629e-01 -1.597960442304611206e-01 1.000000000000000000e+00 0.000000000000000000e+00 0.000000000000000000e+00
2.060639560222625732e-01 -1.451016813516616821e-01 0.000000000000000000e+00 1.000000000000000000e+00 0.000000000000000000e+00
5.698896646499633789e-01 -1.023781776428222656e+00 1.000000000000000000e+00 0.000000000000000000e+00 0.000000000000000000e+00
5.938653945922851562e-01 -6.189513206481933594e-02 1.000000000000000000e+00 0.000000000000000000e+00 0.000000000000000000e+00
1.589250266551971436e-01 1.203153058886528015e-01 1.000000000000000000e+00 0.000000000000000000e+00 0.000000000000000000e+00
-2.108266949653625488e-01 1.243992447853088379e+00 1.000000000000000000e+00 0.000000000000000000e+00 0.000000000000000000e+00
-8.724670857191085815e-02 1.578666567802429199e-01 1.000000000000000000e+00 0.000000000000000000e+00 0.000000000000000000e+00
-1.340459883213043213e-01 5.981619283556938171e-02 0.000000000000000000e+00 1.000000000000000000e+00 0.000000000000000000e+00
-2.847088575363159180e-01 -9.055470228195190430e-01 1.000000000000000000e+00 0.000000000000000000e+00 0.000000000000000000e+00
3.466136753559112549e-01 1.356898248195648193e-02 1.000000000000000000e+00 0.000000000000000000e+00 0.000000000000000000e+00
-5.294249951839447021e-02 7.361495494842529297e-02 0.000000000000000000e+00 1.000000000000000000e+00 0.000000000000000000e+00
-3.131952583789825439e-01 3.297193646430969238e-01 1.000000000000000000e+00 0.000000000000000000e+00 0.000000000000000000e+00
4.412664175033569336e-01 -1.336500048637390137e-03 1.000000000000000000e+00 0.000000000000000000e+00 0.000000000000000000e+00
-4.041024297475814819e-02 5.081212520599365234e-02 0.000000000000000000e+00 1.000000000000000000e+00 0.000000000000000000e+00
-3.270826578140258789e+00 1.101048946380615234e+00 1.000000000000000000e+00 0.000000000000000000e+00 0.000000000000000000e+00
1.742979526519775391e+00 -1.839486956596374512e-01 1.000000000000000000e+00 0.000000000000000000e+00 0.000000000000000000e+00
1.455649495124816895e+00 -3.137809932231903076e-01 1.000000000000000000e+00 0.000000000000000000e+00 0.000000000000000000e+00
-1.183918341994285583e-01 5.829295516014099121e-02 0.000000000000000000e+00 1.000000000000000000e+00 0.000000000000000000e+00
-1.314877271652221680e+00 4.906959533691406250e-01 1.000000000000000000e+00 0.000000000000000000e+00 0.000000000000000000e+00
-7.023366689682006836e-01 8.047267794609069824e-01 1.000000000000000000e+00 0.000000000000000000e+00 0.000000000000000000e+00
-2.731145024299621582e-01 1.873640716075897217e-01 0.000000000000000000e+00 1.000000000000000000e+00 0.000000000000000000e+00
1.646504044532775879e+00 -5.909273624420166016e-01 1.000000000000000000e+00 0.000000000000000000e+00 0.000000000000000000e+00
5.874394178390502930e-01 5.148953199386596680e-01 1.000000000000000000e+00 0.000000000000000000e+00 0.000000000000000000e+00
3.279049694538116455e-01 1.359942108392715454e-01 0.000000000000000000e+00 1.000000000000000000e+00 0.000000000000000000e+00
-1.453946709632873535e+00 -2.513094902038574219e+00 0.000000000000000000e+00 0.000000000000000000e+00 1.000000000000000000e+00
-7.170945405960083008e-01 1.121399998664855957e+00 0.000000000000000000e+00 0.000000000000000000e+00 1.000000000000000000e+00
-1.325985312461853027e+00 -7.952612042427062988e-01 0.000000000000000000e+00 0.000000000000000000e+00 1.000000000000000000e+00
-9.580674171447753906e-01 -2.072748541831970215e-01 0.000000000000000000e+00 0.000000000000000000e+00 1.000000000000000000e+00
-1.094149112701416016e+00 -4.709156155586242676e-01 0.000000000000000000e+00 0.000000000000000000e+00 1.000000000000000000e+00
-1.022331237792968750e+00 -3.520637154579162598e-01 0.000000000000000000e+00 0.000000000000000000e+00 1.000000000000000000e+00
-1.046972393989562988e+00 -3.758395314216613770e-01 0.000000000000000000e+00 0.000000000000000000e+00 1.000000000000000000e+00
-1.026759505271911621e+00 -3.638513684272766113e-01 0.000000000000000000e+00 0.000000000000000000e+00 1.000000000000000000e+00
-1.023905992507934570e+00 -3.594296574592590332e-01 0.000000000000000000e+00 0.000000000000000000e+00 1.000000000000000000e+00
-1.008155703544616699e+00 -3.399735093116760254e-01 0.000000000000000000e+00 0.000000000000000000e+00 1.000000000000000000e+00
-9.908301830291748047e-01 -3.389262557029724121e-01 0.000000000000000000e+00 0.000000000000000000e+00 1.000000000000000000e+00
-9.779385328292846680e-01 -3.301511406898498535e-01 0.000000000000000000e+00 0.000000000000000000e+00 1.000000000000000000e+00
-9.698938131332397461e-01 -3.166463971138000488e-01 0.000000000000000000e+00 0.000000000000000000e+00 1.000000000000000000e+00
-9.622659683227539062e-01 -3.063368201255798340e-01 0.000000000000000000e+00 0.000000000000000000e+00 1.000000000000000000e+00
-9.531770944595336914e-01 -2.989208698272705078e-01 0.000000000000000000e+00 0.000000000000000000e+00 1.000000000000000000e+00
-9.442160129547119141e-01 -2.907143235206604004e-01 0.000000000000000000e+00 0.000000000000000000e+00 1.000000000000000000e+00
-9.340944290161132812e-01 -2.840082645416259766e-01 0.000000000000000000e+00 0.000000000000000000e+00 1.000000000000000000e+00
-9.250824451446533203e-01 -2.828085422515869141e-01 0.000000000000000000e+00 0.000000000000000000e+00 1.000000000000000000e+00
-9.191057682037353516e-01 -2.805207371711730957e-01 0.000000000000000000e+00 0.000000000000000000e+00 1.000000000000000000e+00
0.000000000000000000e+00 0.000000000000000000e+00 0.000000000000000000e+00 0.000000000000000000e+00 0.000000000000000000e+00
0.000000000000000000e+00 0.000000000000000000e+00 0.000000000000000000e+00 0.000000000000000000e+00 0.000000000000000000e+00
0.000000000000000000e+00 0.000000000000000000e+00 0.000000000000000000e+00 0.000000000000000000e+00 0.000000000000000000e+00
0.000000000000000000e+00 0.000000000000000000e+00 0.000000000000000000e+00 0.000000000000000000e+00 0.000000000000000000e+00
0.000000000000000000e+00 0.000000000000000000e+00 0.000000000000000000e+00 0.000000000000000000e+00 0.000000000000000000e+00
0.000000000000000000e+00 0.000000000000000000e+00 0.000000000000000000e+00 0.000000000000000000e+00 0.000000000000000000e+00
0.000000000000000000e+00 0.000000000000000000e+00 0.000000000000000000e+00 0.000000000000000000e+00 0.000000000000000000e+00
0.000000000000000000e+00 0.000000000000000000e+00 0.000000000000000000e+00 0.000000000000000000e+00 0.000000000000000000e+00
0.000000000000000000e+00 0.000000000000000000e+00 0.000000000000000000e+00 0.000000000000000000e+00 0.000000000000000000e+00
0.000000000000000000e+00 0.000000000000000000e+00 0.000000000000000000e+00 0.000000000000000000e+00 0.000000000000000000e+00
0.000000000000000000e+00 0.000000000000000000e+00 0.000000000000000000e+00 0.000000000000000000e+00 0.000000000000000000e+00
0.000000000000000000e+00 0.000000000000000000e+00 0.000000000000000000e+00 0.000000000000000000e+00 0.000000000000000000e+00
0.000000000000000000e+00 0.000000000000000000e+00 0.000000000000000000e+00 0.000000000000000000e+00 0.000000000000000000e+00
0.000000000000000000e+00 0.000000000000000000e+00 0.000000000000000000e+00 0.000000000000000000e+00 0.000000000000000000e+00
0.000000000000000000e+00 0.000000000000000000e+00 0.000000000000000000e+00 0.000000000000000000e+00 0.000000000000000000e+00
0.000000000000000000e+00 0.000000000000000000e+00 0.000000000000000000e+00 0.000000000000000000e+00 0.000000000000000000e+00
0.000000000000000000e+00 0.000000000000000000e+00 0.000000000000000000e+00 0.000000000000000000e+00 0.000000000000000000e+00
0.000000000000000000e+00 0.000000000000000000e+00 0.000000000000000000e+00 0.000000000000000000e+00 0.000000000000000000e+00
0.000000000000000000e+00 0.000000000000000000e+00 0.000000000000000000e+00 0.000000000000000000e+00 0.000000000000000000e+00
0.000000000000000000e+00 0.000000000000000000e+00 0.000000000000000000e+00 0.000000000000000000e+00 0.000000000000000000e+00
0.000000000000000000e+00 0.000000000000000000e+00 0.000000000000000000e+00 0.000000000000000000e+00 0.000000000000000000e+00
0.000000000000000000e+00 0.000000000000000000e+00 0.000000000000000000e+00 0.000000000000000000e+00 0.000000000000000000e+00
0.000000000000000000e+00 0.000000000000000000e+00 0.000000000000000000e+00 0.000000000000000000e+00 0.000000000000000000e+00
0.000000000000000000e+00 0.000000000000000000e+00 0.000000000000000000e+00 0.000000000000000000e+00 0.000000000000000000e+00
0.000000000000000000e+00 0.000000000000000000e+00 0.000000000000000000e+00 0.000000000000000000e+00 0.000000000000000000e+00
0.000000000000000000e+00 0.000000000000000000e+00 0.000000000000000000e+00 0.000000000000000000e+00 0.000000000000000000e+00
0.000000000000000000e+00 0.000000000000000000e+00 0.000000000000000000e+00 0.000000000000000000e+00 0.000000000000000000e+00
0.000000000000000000e+00 0.000000000000000000e+00 0.000000000000000000e+00 0.000000000000000000e+00 0.000000000000000000e+00
0.000000000000000000e+00 0.000000000000000000e+00 0.000000000000000000e+00 0.000000000000000000e+00 0.000000000000000000e+00
0.000000000000000000e+00 0.000000000000000000e+00 0.000000000000000000e+00 0.000000000000000000e+00 0.000000000000000000e+00
0.000000000000000000e+00 0.000000000000000000e+00 0.000000000000000000e+00 0.000000000000000000e+00 0.000000000000000000e+00
0.000000000000000000e+00 0.000000000000000000e+00 0.000000000000000000e+00 0.000000000000000000e+00 0.000000000000000000e+00
0.000000000000000000e+00 0.000000000000000000e+00 0.000000000000000000e+00 0.000000000000000000e+00 0.000000000000000000e+00
0.000000000000000000e+00 0.000000000000000000e+00 0.000000000000000000e+00 0.000000000000000000e+00 0.000000000000000000e+00
0.000000000000000000e+00 0.000000000000000000e+00 0.000000000000000000e+00 0.000000000000000000e+00 0.000000000000000000e+00
0.000000000000000000e+00 0.000000000000000000e+00 0.000000000000000000e+00 0.000000000000000000e+00 0.000000000000000000e+00
0.000000000000000000e+00 0.000000000000000000e+00 0.000000000000000000e+00 0.000000000000000000e+00 0.000000000000000000e+00
0.000000000000000000e+00 0.000000000000000000e+00 0.000000000000000000e+00 0.000000000000000000e+00 0.000000000000000000e+00
0.000000000000000000e+00 0.000000000000000000e+00 0.000000000000000000e+00 0.000000000000000000e+00 0.000000000000000000e+00
0.000000000000000000e+00 0.000000000000000000e+00 0.000000000000000000e+00 0.000000000000000000e+00 0.000000000000000000e+00
0.000000000000000000e+00 0.000000000000000000e+00 0.000000000000000000e+00 0.000000000000000000e+00 0.000000000000000000e+00
0.000000000000000000e+00 0.000000000000000000e+00 0.000000000000000000e+00 0.000000000000000000e+00 0.000000000000000000e+00
0.000000000000000000e+00 0.000000000000000000e+00 0.000000000000000000e+00 0.000000000000000000e+00 0.000000000000000000e+00
0.000000000000000000e+00 0.000000000000000000e+00 0.000000000000000000e+00 0.000000000000000000e+00 0.000000000000000000e+00
0.000000000000000000e+00 0.000000000000000000e+00 0.000000000000000000e+00 0.000000000000000000e+00 0.000000000000000000e+00
0.000000000000000000e+00 0.000000000000000000e+00 0.000000000000000000e+00 0.000000000000000000e+00 0.000000000000000000e+00
0.000000000000000000e+00 0.000000000000000000e+00 0.000000000000000000e+00 0.000000000000000000e+00 0.000000000000000000e+00
0.000000000000000000e+00 0.000000000000000000e+00 0.000000000000000000e+00 0.000000000000000000e+00 0.000000000000000000e+00
0.000000000000000000e+00 0.000000000000000000e+00 0.000000000000000000e+00 0.000000000000000000e+00 0.000000000000000000e+00
0.000000000000000000e+00 0.000000000000000000e+00 0.000000000000000000e+00 0.000000000000000000e+00 0.000000000000000000e+00
0.000000000000000000e+00 0.000000000000000000e+00 0.000000000000000000e+00 0.000000000000000000e+00 0.000000000000000000e+00
0.000000000000000000e+00 0.000000000000000000e+00 0.000000000000000000e+00 0.000000000000000000e+00 0.000000000000000000e+00
0.000000000000000000e+00 0.000000000000000000e+00 0.000000000000000000e+00 0.000000000000000000e+00 0.000000000000000000e+00
0.000000000000000000e+00 0.000000000000000000e+00 0.000000000000000000e+00 0.000000000000000000e+00 0.000000000000000000e+00
0.000000000000000000e+00 0.000000000000000000e+00 0.000000000000000000e+00 0.000000000000000000e+00 0.000000000000000000e+00
