0.000000000000000000e+00 0.000000000000000000e+00 1.000000000000000000e+00 0.000000000000000000e+00 0.000000000000000000e+00
-8.521786928176879883e-01 9.012047052383422852e-01 1.000000000000000000e+00 0.000000000000000000e+00 0.000000000000000000e+00
2.274276465177536011e-01 4.040949940681457520e-01 1.000000000000000000e+00 0.000000000000000000e+00 0.000000000000000000e+00
-1.045897044241428375e-02 5.729520320892333984e-01 1.000000000000000000e+00 0.000000000000000000e+00 0.000000000000000000e+00
-1.765752732753753662e-01 5.711534023284912109e-01 1.000000000000000000e+00 0.000000000000000000e+00 0.000000000000000000e+00
-1.106315776705741882e-01 1.263187229633331299e-01 0.000000000000000000e+00 1.000000000000000000e+00 0.000000000000000000e+00
5.381460189819335938e-01 -1.626835107803344727e+00 1.000000000000000000e+00 0.000000000000000000e+00 0.000000000000000000e+00
6.396312117576599121e-01 -1.730832159519195557e-01 1.000000000000000000e+00 0.000000000000000000e+00 0.000000000000000000e+00
2.053431570529937744e-01 6.922686845064163208e-02 1.000000000000000000e+00 0.000000000000000000e+00 0.000000000000000000e+00
-7.394386082887649536e-02 1.533342838287353516e+00 1.000000000000000000e+00 0.000000000000000000e+00 0.000000000000000000e+00
-1.319890320301055908e-01 4.070864617824554443e-01 1.000000000000000000e+00 0.000000000000000000e+00 0.000000000000000000e+00
-1.376240104436874390e-01 1.438451111316680908e-01 0.000000000000000000e+00 1.000000000000000000e+00 0.000000000000000000e+00
-1.205924510955810547e+00 -9.733728766441345215e-01 1.000000000000000000e+00 0.000000000000000000e+00 0.000000000000000000e+00
9.010936021804809570e-01 -2.391321957111358643e-01 1.000000000000000000e+00 0.000000000000000000e+00 0.000000000000000000e+00
4.589103758335113525e-01 -2.250227630138397217e-01 0.000000000000000000e+00 1.000000000000000000e+00 0.000000000000000000e+00
-2.510281205177307129e-01 -2.053243517875671387e-01 1.000000000000000000e+00 0.000000000000000000e+00 0.000000000000000000e+00
-1.055522412061691284e-01 5.834468603134155273e-01 1.000000000000000000e+00 0.000000000000000000e+00 0.000000000000000000e+00
2.895972505211830139e-02 1.454005986452102661e-01 0.000000000000000000e+00 1.000000000000000000e+00 0.000000000000000000e+00
1.203400850296020508e+00 -1.746283054351806641e+00 1.000000000000000000e+00 0.000000000000000000e+00 0.000000000000000000e+00
5.335016846656799316e-01 -8.067301660776138306e-02 1.000000000000000000e+00 0.000000000000000000e+00 0.000000000000000000e+00
1.776463985443115234e-01 7.420411705970764160e-02 1.000000000000000000e+00 0.000000000000000000e+00 0.000000000000000000e+00
-3.481824398040771484e-01 5.937673449516296387e-01 1.000000000000000000e+00 0.000000000000000000e+00 0.000000000000000000e+00
2.498838752508163452e-01 5.297759771347045898e-01 1.000000000000000000e+00 0.000000000000000000e+00 0.000000000000000000e+00
-2.227169089019298553e-02 3.182784914970397949e-01 1.000000000000000000e+00 0.000000000000000000e+00 0.000000000000000000e+00
-9.118547290563583374e-02 1.153096258640289307e-01 1.000000000000000000e+00 0.000000000000000000e+00 0.000000000000000000e+00
-2.211302220821380615e-01 4.169224947690963745e-02 1.000000000000000000e+00 0.000000000000000000e+00 0.000000000000000000e+00
-2.220269143581390381e-01 -8.386936783790588379e-02 1.000000000000000000e+00 0.000000000000000000e+00 0.000000000000000000e+00
-1.923012286424636841e-01 -2.056995332241058350e-01 1.000000000000000000e+00 0.000000000000000000e+00 0.000000000000000000e+00
-4.938546940684318542e-02 -3.015543818473815918e-01 1.000000000000000000e+00 0.000000000000000000e+00 0.000000000000000000e+00
6.980046033859252930e-01 -1.286017000675201416e-01 1.000000000000000000e+00 0.000000000000000000e+00 0.000000000000000000e+00
2.691073715686798096e-01 4.174255207180976868e-02 1.000000000000000000e+00 0.000000000000000000e+00 0.000000000000000000e+00
8.845657110214233398e-03 1.031379625201225281e-01 0.000000000000000000e+00 1.000000000000000000e+00 0.000000000000000000e+00
-1.392822384834289551e+00 1.028479456901550293e+00 1.000000000000000000e+00 0.000000000000000000e+00 0.000000000000000000e+00
6.005471944808959961e-02 5.965552330017089844e-01 1.000000000000000000e+00 0.000000000000000000e+00 0.000000000000000000e+00
-4.257027059793472290e-02 1.311727166175842285e-01 0.000000000000000000e+00 1.000000000000000000e+00 0.000000000000000000e+00
4.078204929828643799e-01 -8.662572503089904785e-01 1.000000000000000000e+00 0.000000000000000000e+00 0.000000000000000000e+00
9.710695743560791016e-01 -1.144938096404075623e-01 1.000000000000000000e+00 0.000000000000000000e+00 0.000000000000000000e+00
3.571767210960388184e-01 7.057526707649230957e-02 1.000000000000000000e+00 0.000000000000000000e+00 0.000000000000000000e+00
-1.019086316227912903e-02 2.359147816896438599e-01 1.000000000000000000e+00 0.000000000000000000e+00 0.000000000000000000e+00
-2.672120630741119385e-01 3.867332041263580322e-01 1.000000000000000000e+00 0.000000000000000000e+00 0.000000000000000000e+00
-1.902157217264175415e-01 1.442726850509643555e-01 1.000000000000000000e+00 0.000000000000000000e+00 0.000000000000000000e+00
-2.091278135776519775e-01 3.612155467271804810e-02 0.000000000000000000e+00 1.000000000000000000e+00 0.000000000000000000e+00
-2.885386347770690918e-01 -5.417063236236572266e-01 1.000000000000000000e+00 0.000000000000000000e+00 0.000000000000000000e+00
-7.806900143623352051e-02 3.862704038619995117e-01 1.000000000000000000e+00 0.000000000000000000e+00 0.000000000000000000e+00
4.428452998399734497e-02 4.600562900304794312e-02 0.000000000000000000e+00 1.000000000000000000e+00 0.000000000000000000e+00
4.750058650970458984e-01 -4.063625931739807129e-01 1.000000000000000000e+00 0.000000000000000000e+00 0.000000000000000000e+00
-5.777930021286010742e-01 6.766793131828308105e-01 1.000000000000000000e+00 0.000000000000000000e+00 0.000000000000000000e+00
-3.109202384948730469e-01 1.818674802780151367e-01 1.000000000000000000e+00 0.000000000000000000e+00 0.000000000000000000e+00
9.864194393157958984e-01 -1.211896613240242004e-01 1.000000000000000000e+00 0.000000000000000000e+00 0.000000000000000000e+00
8.478494882583618164e-01 4.918967187404632568e-02 0.000000000000000000e+00 1.000000000000000000e+00 0.000000000000000000e+00
-2.218787431716918945e+00 -2.116319179534912109e+00 0.000000000000000000e+00 0.000000000000000000e+00 1.000000000000000000e+00
-3.992255628108978271e-01 1.277736425399780273e+00 0.000000000000000000e+00 0.000000000000000000e+00 1.000000000000000000e+00
-1.651131629943847656e+00 -7.028555870056152344e-02 0.000000000000000000e+00 0.000000000000000000e+00 1.000000000000000000e+00
-1.135648369789123535e+00 -1.399847269058227539e-01 0.000000000000000000e+00 0.000000000000000000e+00 1.000000000000000000e+00
-1.305012106895446777e+00 -3.134611248970031738e-01 0.000000000000000000e+00 0.000000000000000000e+00 1.000000000000000000e+00
-1.176280140876770020e+00 -2.500115036964416504e-01 0.000000000000000000e+00 0.000000000000000000e+00 1.000000000000000000e+00
-1.198575854301452637e+00 -2.741239070892333984e-01 0.000000000000000000e+00 0.000000000000000000e+00 1.000000000000000000e+00
-1.157835721969604492e+00 -2.293251752853393555e-01 0.000000000000000000e+00 0.000000000000000000e+00 1.000000000000000000e+00
-1.154504060745239258e+00 -2.254886031150817871e-01 0.000000000000000000e+00 0.000000000000000000e+00 1.000000000000000000e+00
-1.138711214065551758e+00 -2.138222455978393555e-01 0.000000000000000000e+00 0.000000000000000000e+00 1.000000000000000000e+00
-1.133997440338134766e+00 -2.069849967956542969e-01 0.000000000000000000e+00 0.000000000000000000e+00 1.000000000000000000e+00
-1.125899791717529297e+00 -2.001572251319885254e-01 0.000000000000000000e+00 0.000000000000000000e+00 1.000000000000000000e+00
-1.113742351531982422e+00 -2.141562104225158691e-01 0.000000000000000000e+00 0.000000000000000000e+00 1.000000000000000000e+00
-1.100628972053527832e+00 -2.203194499015808105e-01 0.000000000000000000e+00 0.000000000000000000e+00 1.000000000000000000e+00
-1.090776205062866211e+00 -2.252014279365539551e-01 0.000000000000000000e+00 0.000000000000000000e+00 1.000000000000000000e+00
0.000000000000000000e+00 0.000000000000000000e+00 0.000000000000000000e+00 0.000000000000000000e+00 0.000000000000000000e+00
0.000000000000000000e+00 0.000000000000000000e+00 0.000000000000000000e+00 0.000000000000000000e+00 0.000000000000000000e+00
0.000000000000000000e+00 0.000000000000000000e+00 0.000000000000000000e+00 0.000000000000000000e+00 0.000000000000000000e+00
0.000000000000000000e+00 0.000000000000000000e+00 0.000000000000000000e+00 0.000000000000000000e+00 0.000000000000000000e+00
0.000000000000000000e+00 0.000000000000000000e+00 0.000000000000000000e+00 0.000000000000000000e+00 0.000000000000000000e+00
0.000000000000000000e+00 0.000000000000000000e+00 0.000000000000000000e+00 0.000000000000000000e+00 0.000000000000000000e+00
0.000000000000000000e+00 0.000000000000000000e+00 0.000000000000000000e+00 0.000000000000000000e+00 0.000000000000000000e+00
0.000000000000000000e+00 0.000000000000000000e+00 0.000000000000000000e+00 0.000000000000000000e+00 0.000000000000000000e+00
0.000000000000000000e+00 0.000000000000000000e+00 0.000000000000000000e+00 0.000000000000000000e+00 0.000000000000000000e+00
0.000000000000000000e+00 0.000000000000000000e+00 0.000000000000000000e+00 0.000000000000000000e+00 0.000000000000000000e+00
0.000000000000000000e+00 0.000000000000000000e+00 0.000000000000000000e+00 0.000000000000000000e+00 0.000000000000000000e+00
0.000000000000000000e+00 0.000000000000000000e+00 0.000000000000000000e+00 0.000000000000000000e+00 0.000000000000000000e+00
0.000000000000000000e+00 0.000000000000000000e+00 0.000000000000000000e+00 0.000000000000000000e+00 0.000000000000000000e+00
0.000000000000000000e+00 0.000000000000000000e+00 0.000000000000000000e+00 0.000000000000000000e+00 0.000000000000000000e+00
0.000000000000000000e+00 0.000000000000000000e+00 0.000000000000000000e+00 0.000000000000000000e+00 0.000000000000000000e+00
0.000000000000000000e+00 0.000000000000000000e+00 0.000000000000000000e+00 0.000000000000000000e+00 0.000000000000000000e+00
0.000000000000000000e+00 0.000000000000000000e+00 0.000000000000000000e+00 0.000000000000000000e+00 0.000000000000000000e+00
0.000000000000000000e+00 0.000000000000000000e+00 0.000000000000000000e+00 0.000000000000000000e+00 0.000000000000000000e+00
0.000000000000000000e+00 0.000000000000000000e+00 0.000000000000000000e+00 0.000000000000000000e+00 0.000000000000000000e+00
0.000000000000000000e+00 0.000000000000000000e+00 0.000000000000000000e+00 0.000000000000000000e+00 0.000000000000000000e+00
0.000000000000000000e+00 0.000000000000000000e+00 0.000000000000000000e+00 0.000000000000000000e+00 0.000000000000000000e+00
0.000000000000000000e+00 0.000000000000000000e+00 0.000000000000000000e+00 0.000000000000000000e+00 0.000000000000000000e+00
0.000000000000000000e+00 0.000000000000000000e+00 0.000000000000000000e+00 0.000000000000000000e+00 0.000000000000000000e+00
0.000000000000000000e+00 0.000000000000000000e+00 0.000000000000000000e+00 0.000000000000000000e+00 0.000000000000000000e+00
0.000000000000000000e+00 0.000000000000000000e+00 0.000000000000000000e+00 0.000000000000000000e+00 0.000000000000000000e+00
0.000000000000000000e+00 0.000000000000000000e+00 0.000000000000000000e+00 0.000000000000000000e+00 0.000000000000000000e+00
0.000000000000000000e+00 0.000000000000000000e+00 0.000000000000000000e+00 0.000000000000000000e+00 0.000000000000000000e+00
0.000000000000000000e+00 0.000000000000000000e+00 0.000000000000000000e+00 0.000000000000000000e+00 0.000000000000000000e+00
0.000000000000000000e+00 0.000000000000000000e+00 0.000000000000000000e+00 0.000000000000000000e+00 0.000000000000000000e+00
0.000000000000000000e+00 0.000000000000000000e+00 0.000000000000000000e+00 0.000000000000000000e+00 0.000000000000000000e+00
0.000000000000000000e+00 0.000000000000000000e+00 0.000000000000000000e+00 0.000000000000000000e+00 0.000000000000000000e+00
0.000000000000000000e+00 0.000000000000000000e+00 0.000000000000000000e+00 0.000000000000000000e+00 0.000000000000000000e+00
0.000000000000000000e+00 0.000000000000000000e+00 0.000000000000000000e+00 0.000000000000000000e+00 0.000000000000000000e+00
0.000000000000000000e+00 0.000000000000000000e+00 0.000000000000000000e+00 0.000000000000000000e+00 0.000000000000000000e+00
0.000000000000000000e+00 0.000000000000000000e+00 0.000000000000000000e+00 0.000000000000000000e+00 0.000000000000000000e+00
0.000000000000000000e+00 0.000000000000000000e+00 0.000000000000000000e+00 0.000000000000000000e+00 0.000000000000000000e+00
0.000000000000000000e+00 0.000000000000000000e+00 0.000000000000000000e+00 0.000000000000000000e+00 0.000000000000000000e+00
0.000000000000000000e+00 0.000000000000000000e+00 0.000000000000000000e+00 0.000000000000000000e+00 0.000000000000000000e+00
0.000000000000000000e+00 0.000000000000000000e+00 0.000000000000000000e+00 0.000000000000000000e+00 0.000000000000000000e+00
0.000000000000000000e+00 0.000000000000000000e+00 0.000000000000000000e+00 0.000000000000000000e+00 0.000000000000000000e+00
0.000000000000000000e+00 0.000000000000000000e+00 0.000000000000000000e+00 0.000000000000000000e+00 0.000000000000000000e+00
0.000000000000000000e+00 0.000000000000000000e+00 0.000000000000000000e+00 0.000000000000000000e+00 0.000000000000000000e+00
0.000000000000000000e+00 0.000000000000000000e+00 0.000000000000000000e+00 0.000000000000000000e+00 0.000000000000000000e+00
0.000000000000000000e+00 0.000000000000000000e+00 0.000000000000000000e+00 0.000000000000000000e+00 0.000000000000000000e+00
0.000000000000000000e+00 0.000000000000000000e+00 0.000000000000000000e+00 0.000000000000000000e+00 0.000000000000000000e+00
0.000000000000000000e+00 0.000000000000000000e+00 0.000000000000000000e+00 0.000000000000000000e+00 0.000000000000000000e+00
0.000000000000000000e+00 0.000000000000000000e+00 0.000000000000000000e+00 0.000000000000000000e+00 0.000000000000000000e+00
0.000000000000000000e+00 0.000000000000000000e+00 0.000000000000000000e+00 0.000000000000000000e+00 0.000000000000000000e+00
0.000000000000000000e+00 0.000000000000000000e+00 0.000000000000000000e+00 0.000000000000000000e+00 0.000000000000000000e+00
0.000000000000000000e+00 0.000000000000000000e+00 0.000000000000000000e+00 0.000000000000000000e+00 0.000000000000000000e+00
0.000000000000000000e+00 0.000000000000000000e+00 0.000000000000000000e+00 0.000000000000000000e+00 0.000000000000000000e+00
0.000000000000000000e+00 0.000000000000000000e+00 0.000000000000000000e+00 0.000000000000000000e+00 0.000000000000000000e+00
0.000000000000000000e+00 0.000000000000000000e+00 0.000000000000000000e+00 0.000000000000000000e+00 0.000000000000000000e+00
0.000000000000000000e+00 0.000000000000000000e+00 0.000000000000000000e+00 0.000000000000000000e+00 0.000000000000000000e+00
0.000000000000000000e+00 0.000000000000000000e+00 0.000000000000000000e+00 0.000000000000000000e+00 0.000000000000000000e+00
0.000000000000000000e+00 0.000000000000000000e+00 0.000000000000000000e+00 0.000000000000000000e+00 0.000000000000000000e+00
