0.000000000000000000e+00 0.000000000000000000e+00 1.000000000000000000e+00 0.000000000000000000e+00 0.000000000000000000e+00
1.856828451156616211e+00 -3.521691560745239258e-01 1.000000000000000000e+00 0.000000000000000000e+00 0.000000000000000000e+00
1.490245223045349121e+00 -5.530081391334533691e-01 1.000000000000000000e+00 0.000000000000000000e+00 0.000000000000000000e+00
-1.486904174089431763e-01 4.543261975049972534e-02 0.000000000000000000e+00 1.000000000000000000e+00 0.000000000000000000e+00
-1.899766802787780762e+00 -3.141305744647979736e-01 1.000000000000000000e+00 0.000000000000000000e+00 0.000000000000000000e+00
-7.792501151561737061e-02 1.358539819717407227e+00 1.000000000000000000e+00 0.000000000000000000e+00 0.000000000000000000e+00
7.192164659500122070e-02 2.999619543552398682e-01 0.000000000000000000e+00 1.000000000000000000e+00 0.000000000000000000e+00
1.355366230010986328e+00 -1.676758885383605957e+00 1.000000000000000000e+00 0.000000000000000000e+00 0.000000000000000000e+00
-4.209268689155578613e-01 1.359315872192382812e+00 1.000000000000000000e+00 0.000000000000000000e+00 0.000000000000000000e+00
-2.859055101871490479e-01 5.094717741012573242e-01 0.000000000000000000e+00 1.000000000000000000e+00 0.000000000000000000e+00
-1.433807969093322754e+00 8.952228426933288574e-01 1.000000000000000000e+00 0.000000000000000000e+00 0.000000000000000000e+00
1.461529970169067383e+00 -2.886171340942382812e-01 1.000000000000000000e+00 0.000000000000000000e+00 0.000000000000000000e+00
5.688968896865844727e-01 -2.204200476408004761e-01 0.000000000000000000e+00 1.000000000000000000e+00 0.000000000000000000e+00
-2.634897947311401367e+00 1.753018260002136230e+00 1.000000000000000000e+00 0.000000000000000000e+00 0.000000000000000000e+00
1.782790303230285645e+00 -3.048605024814605713e-01 1.000000000000000000e+00 0.000000000000000000e+00 0.000000000000000000e+00
1.082627296447753906e+00 -3.658554553985595703e-01 1.000000000000000000e+00 0.000000000000000000e+00 0.000000000000000000e+00
2.232388705015182495e-01 -1.832596063613891602e-01 0.000000000000000000e+00 1.000000000000000000e+00 0.000000000000000000e+00
-1.071254253387451172e+00 -1.046334743499755859e+00 1.000000000000000000e+00 0.000000000000000000e+00 0.000000000000000000e+00
-1.228435114026069641e-01 7.600363492965698242e-01 1.000000000000000000e+00 0.000000000000000000e+00 0.000000000000000000e+00
-6.371080875396728516e-01 1.343347430229187012e+00 1.000000000000000000e+00 0.000000000000000000e+00 0.000000000000000000e+00
-7.708421945571899414e-01 9.636893272399902344e-01 1.000000000000000000e+00 0.000000000000000000e+00 0.000000000000000000e+00
-4.317602217197418213e-01 2.226817607879638672e-01 0.000000000000000000e+00 1.000000000000000000e+00 0.000000000000000000e+00
1.834257125854492188e+00 -1.128463745117187500e+00 1.000000000000000000e+00 0.000000000000000000e+00 0.000000000000000000e+00
1.511791467666625977e+00 8.382992744445800781e-01 1.000000000000000000e+00 0.000000000000000000e+00 0.000000000000000000e+00
8.006374835968017578e-01 2.090490758419036865e-01 1.000000000000000000e+00 0.000000000000000000e+00 0.000000000000000000e+00
8.975365161895751953e-01 -2.388931810855865479e-02 0.000000000000000000e+00 1.000000000000000000e+00 0.000000000000000000e+00
-2.816661119461059570e+00 -3.681530952453613281e+00 0.000000000000000000e+00 0.000000000000000000e+00 1.000000000000000000e+00
-1.429770588874816895e-01 1.656431913375854492e+00 0.000000000000000000e+00 0.000000000000000000e+00 1.000000000000000000e+00
-1.387107372283935547e+00 -5.723169445991516113e-01 0.000000000000000000e+00 0.000000000000000000e+00 1.000000000000000000e+00
-1.057606220245361328e+00 -4.915855526924133301e-01 0.000000000000000000e+00 0.000000000000000000e+00 1.000000000000000000e+00
-1.063267707824707031e+00 -3.992555737495422363e-01 0.000000000000000000e+00 0.000000000000000000e+00 1.000000000000000000e+00
-1.021237492561340332e+00 -2.889530062675476074e-01 0.000000000000000000e+00 0.000000000000000000e+00 1.000000000000000000e+00
-9.901803731918334961e-01 -1.927430033683776855e-01 0.000000000000000000e+00 0.000000000000000000e+00 1.000000000000000000e+00
-9.667834043502807617e-01 -1.591086983680725098e-01 0.000000000000000000e+00 0.000000000000000000e+00 1.000000000000000000e+00
-9.536942243576049805e-01 -1.726875901222229004e-01 0.000000000000000000e+00 0.000000000000000000e+00 1.000000000000000000e+00
-9.452185630798339844e-01 -1.909101009368896484e-01 0.000000000000000000e+00 0.000000000000000000e+00 1.000000000000000000e+00
-9.287015199661254883e-01 -2.095050215721130371e-01 0.000000000000000000e+00 0.000000000000000000e+00 1.000000000000000000e+00
-9.136129617691040039e-01 -2.191781401634216309e-01 0.000000000000000000e+00 0.000000000000000000e+00 1.000000000000000000e+00
-9.028900861740112305e-01 -2.197282910346984863e-01 0.000000000000000000e+00 0.000000000000000000e+00 1.000000000000000000e+00
-8.921318054199218750e-01 -2.172302007675170898e-01 0.000000000000000000e+00 0.000000000000000000e+00 1.000000000000000000e+00
-8.861837387084960938e-01 -2.170202136039733887e-01 0.000000000000000000e+00 0.000000000000000000e+00 1.000000000000000000e+00
-8.808027505874633789e-01 -2.167550921440124512e-01 0.000000000000000000e+00 0.000000000000000000e+00 1.000000000000000000e+00
-8.736828565597534180e-01 -2.163481712341308594e-01 0.000000000000000000e+00 0.000000000000000000e+00 1.000000000000000000e+00
-8.628057241439819336e-01 -2.154747843742370605e-01 0.000000000000000000e+00 0.000000000000000000e+00 1.000000000000000000e+00
-8.501296043395996094e-01 -2.198510766029357910e-01 0.000000000000000000e+00 0.000000000000000000e+00 1.000000000000000000e+00
-8.401918411254882812e-01 -2.303172945976257324e-01 0.000000000000000000e+00 0.000000000000000000e+00 1.000000000000000000e+00
-8.328808546066284180e-01 -2.441101074218750000e-01 0.000000000000000000e+00 0.000000000000000000e+00 1.000000000000000000e+00
-8.279795646667480469e-01 -2.521099448204040527e-01 0.000000000000000000e+00 0.000000000000000000e+00 1.000000000000000000e+00
-8.243155479431152344e-01 -2.522686123847961426e-01 0.000000000000000000e+00 0.000000000000000000e+00 1.000000000000000000e+00
-8.188065290451049805e-01 -2.454988956451416016e-01 0.000000000000000000e+00 0.000000000000000000e+00 1.000000000000000000e+00
-8.108769655227661133e-01 -2.387011051177978516e-01 0.000000000000000000e+00 0.000000000000000000e+00 1.000000000000000000e+00
-8.048828840255737305e-01 -2.340797185897827148e-01 0.000000000000000000e+00 0.000000000000000000e+00 1.000000000000000000e+00
-8.035689592361450195e-01 -2.319685220718383789e-01 0.000000000000000000e+00 0.000000000000000000e+00 1.000000000000000000e+00
-8.031864166259765625e-01 -2.347486019134521484e-01 0.000000000000000000e+00 0.000000000000000000e+00 1.000000000000000000e+00
-8.037089109420776367e-01 -2.367385029792785645e-01 0.000000000000000000e+00 0.000000000000000000e+00 1.000000000000000000e+00
-8.038442134857177734e-01 -2.343721389770507812e-01 0.000000000000000000e+00 0.000000000000000000e+00 1.000000000000000000e+00
-7.978821992874145508e-01 -2.352544069290161133e-01 0.000000000000000000e+00 0.000000000000000000e+00 1.000000000000000000e+00
-7.853355407714843750e-01 -2.423246502876281738e-01 0.000000000000000000e+00 0.000000000000000000e+00 1.000000000000000000e+00
-7.750577926635742188e-01 -2.504064440727233887e-01 0.000000000000000000e+00 0.000000000000000000e+00 1.000000000000000000e+00
-7.705223560333251953e-01 -2.548097968101501465e-01 0.000000000000000000e+00 0.000000000000000000e+00 1.000000000000000000e+00
-7.689435482025146484e-01 -2.538210749626159668e-01 0.000000000000000000e+00 0.000000000000000000e+00 1.000000000000000000e+00
0.000000000000000000e+00 0.000000000000000000e+00 0.000000000000000000e+00 0.000000000000000000e+00 0.000000000000000000e+00
0.000000000000000000e+00 0.000000000000000000e+00 0.000000000000000000e+00 0.000000000000000000e+00 0.000000000000000000e+00
0.000000000000000000e+00 0.000000000000000000e+00 0.000000000000000000e+00 0.000000000000000000e+00 0.000000000000000000e+00
0.000000000000000000e+00 0.000000000000000000e+00 0.000000000000000000e+00 0.000000000000000000e+00 0.000000000000000000e+00
0.000000000000000000e+00 0.000000000000000000e+00 0.000000000000000000e+00 0.000000000000000000e+00 0.000000000000000000e+00
0.000000000000000000e+00 0.000000000000000000e+00 0.000000000000000000e+00 0.000000000000000000e+00 0.000000000000000000e+00
0.000000000000000000e+00 0.000000000000000000e+00 0.000000000000000000e+00 0.000000000000000000e+00 0.000000000000000000e+00
0.000000000000000000e+00 0.000000000000000000e+00 0.000000000000000000e+00 0.000000000000000000e+00 0.000000000000000000e+00
0.000000000000000000e+00 0.000000000000000000e+00 0.000000000000000000e+00 0.000000000000000000e+00 0.000000000000000000e+00
0.000000000000000000e+00 0.000000000000000000e+00 0.000000000000000000e+00 0.000000000000000000e+00 0.000000000000000000e+00
0.000000000000000000e+00 0.000000000000000000e+00 0.000000000000000000e+00 0.000000000000000000e+00 0.000000000000000000e+00
0.000000000000000000e+00 0.000000000000000000e+00 0.000000000000000000e+00 0.000000000000000000e+00 0.000000000000000000e+00
0.000000000000000000e+00 0.000000000000000000e+00 0.000000000000000000e+00 0.000000000000000000e+00 0.000000000000000000e+00
0.000000000000000000e+00 0.000000000000000000e+00 0.000000000000000000e+00 0.000000000000000000e+00 0.000000000000000000e+00
0.000000000000000000e+00 0.000000000000000000e+00 0.000000000000000000e+00 0.000000000000000000e+00 0.000000000000000000e+00
0.000000000000000000e+00 0.000000000000000000e+00 0.000000000000000000e+00 0.000000000000000000e+00 0.000000000000000000e+00
0.000000000000000000e+00 0.000000000000000000e+00 0.000000000000000000e+00 0.000000000000000000e+00 0.000000000000000000e+00
0.000000000000000000e+00 0.000000000000000000e+00 0.000000000000000000e+00 0.000000000000000000e+00 0.000000000000000000e+00
0.000000000000000000e+00 0.000000000000000000e+00 0.000000000000000000e+00 0.000000000000000000e+00 0.000000000000000000e+00
0.000000000000000000e+00 0.000000000000000000e+00 0.000000000000000000e+00 0.000000000000000000e+00 0.000000000000000000e+00
0.000000000000000000e+00 0.000000000000000000e+00 0.000000000000000000e+00 0.000000000000000000e+00 0.000000000000000000e+00
0.000000000000000000e+00 0.000000000000000000e+00 0.000000000000000000e+00 0.000000000000000000e+00 0.000000000000000000e+00
0.000000000000000000e+00 0.000000000000000000e+00 0.000000000000000000e+00 0.000000000000000000e+00 0.000000000000000000e+00
0.000000000000000000e+00 0.000000000000000000e+00 0.000000000000000000e+00 0.000000000000000000e+00 0.000000000000000000e+00
0.000000000000000000e+00 0.000000000000000000e+00 0.000000000000000000e+00 0.000000000000000000e+00 0.000000000000000000e+00
0.000000000000000000e+00 0.000000000000000000e+00 0.000000000000000000e+00 0.000000000000000000e+00 0.000000000000000000e+00
0.000000000000000000e+00 0.000000000000000000e+00 0.000000000000000000e+00 0.000000000000000000e+00 0.000000000000000000e+00
0.000000000000000000e+00 0.000000000000000000e+00 0.000000000000000000e+00 0.000000000000000000e+00 0.000000000000000000e+00
0.000000000000000000e+00 0.000000000000000000e+00 0.000000000000000000e+00 0.000000000000000000e+00 0.000000000000000000e+00
0.000000000000000000e+00 0.000000000000000000e+00 0.000000000000000000e+00 0.000000000000000000e+00 0.000000000000000000e+00
0.000000000000000000e+00 0.000000000000000000e+00 0.000000000000000000e+00 0.000000000000000000e+00 0.000000000000000000e+00
0.000000000000000000e+00 0.000000000000000000e+00 0.000000000000000000e+00 0.000000000000000000e+00 0.000000000000000000e+00
0.000000000000000000e+00 0.000000000000000000e+00 0.000000000000000000e+00 0.000000000000000000e+00 0.000000000000000000e+00
0.000000000000000000e+00 0.000000000000000000e+00 0.000000000000000000e+00 0.000000000000000000e+00 0.000000000000000000e+00
0.000000000000000000e+00 0.000000000000000000e+00 0.000000000000000000e+00 0.000000000000000000e+00 0.000000000000000000e+00
0.000000000000000000e+00 0.000000000000000000e+00 0.000000000000000000e+00 0.000000000000000000e+00 0.000000000000000000e+00
0.000000000000000000e+00 0.000000000000000000e+00 0.000000000000000000e+00 0.000000000000000000e+00 0.000000000000000000e+00
0.000000000000000000e+00 0.000000000000000000e+00 0.000000000000000000e+00 0.000000000000000000e+00 0.000000000000000000e+00
0.000000000000000000e+00 0.000000000000000000e+00 0.000000000000000000e+00 0.000000000000000000e+00 0.000000000000000000e+00
0.000000000000000000e+00 0.000000000000000000e+00 0.000000000000000000e+00 0.000000000000000000e+00 0.000000000000000000e+00
0.000000000000000000e+00 0.000000000000000000e+00 0.000000000000000000e+00 0.000000000000000000e+00 0.000000000000000000e+00
0.000000000000000000e+00 0.000000000000000000e+00 0.000000000000000000e+00 0.000000000000000000e+00 0.000000000000000000e+00
0.000000000000000000e+00 0.000000000000000000e+00 0.000000000000000000e+00 0.000000000000000000e+00 0.000000000000000000e+00
0.000000000000000000e+00 0.000000000000000000e+00 0.000000000000000000e+00 0.000000000000000000e+00 0.000000000000000000e+00
0.000000000000000000e+00 0.000000000000000000e+00 0.000000000000000000e+00 0.000000000000000000e+00 0.000000000000000000e+00
0.000000000000000000e+00 0.000000000000000000e+00 0.000000000000000000e+00 0.000000000000000000e+00 0.000000000000000000e+00
0.000000000000000000e+00 0.000000000000000000e+00 0.000000000000000000e+00 0.000000000000000000e+00 0.000000000000000000e+00
0.000000000000000000e+00 0.000000000000000000e+00 0.000000000000000000e+00 0.000000000000000000e+00 0.000000000000000000e+00
0.000000000000000000e+00 0.000000000000000000e+00 0.000000000000000000e+00 0.000000000000000000e+00 0.000000000000000000e+00
0.000000000000000000e+00 0.000000000000000000e+00 0.000000000000000000e+00 0.000000000000000000e+00 0.000000000000000000e+00
0.000000000000000000e+00 0.000000000000000000e+00 0.000000000000000000e+00 0.000000000000000000e+00 0.000000000000000000e+00
0.000000000000000000e+00 0.000000000000000000e+00 0.000000000000000000e+00 0.000000000000000000e+00 0.000000000000000000e+00
0.000000000000000000e+00 0.000000000000000000e+00 0.000000000000000000e+00 0.000000000000000000e+00 0.000000000000000000e+00
0.000000000000000000e+00 0.000000000000000000e+00 0.000000000000000000e+00 0.000000000000000000e+00 0.000000000000000000e+00
0.000000000000000000e+00 0.000000000000000000e+00 0.000000000000000000e+00 0.000000000000000000e+00 0.000000000000000000e+00
0.000000000000000000e+00 0.000000000000000000e+00 0.000000000000000000e+00 0.000000000000000000e+00 0.000000000000000000e+00
0.000000000000000000e+00 0.000000000000000000e+00 0.000000000000000000e+00 0.000000000000000000e+00 0.000000000000000000e+00
0.000000000000000000e+00 0.000000000000000000e+00 0.000000000000000000e+00 0.000000000000000000e+00 0.000000000000000000e+00
0.000000000000000000e+00 0.000000000000000000e+00 0.000000000000000000e+00 0.000000000000000000e+00 0.000000000000000000e+00
0.000000000000000000e+00 0.000000000000000000e+00 0.000000000000000000e+00 0.000000000000000000e+00 0.000000000000000000e+00
