0.000000000000000000e+00 0.000000000000000000e+00 1.000000000000000000e+00 0.000000000000000000e+00 0.000000000000000000e+00
2.024483203887939453e+00 -3.738264441490173340e-01 1.000000000000000000e+00 0.000000000000000000e+00 0.000000000000000000e+00
1.617136716842651367e+00 -5.516923069953918457e-01 1.000000000000000000e+00 0.000000000000000000e+00 0.000000000000000000e+00
-1.364385187625885010e-01 4.211338236927986145e-02 0.000000000000000000e+00 1.000000000000000000e+00 0.000000000000000000e+00
-2.070611000061035156e+00 -2.550884783267974854e-01 1.000000000000000000e+00 0.000000000000000000e+00 0.000000000000000000e+00
-1.000343859195709229e-01 1.284760832786560059e+00 1.000000000000000000e+00 0.000000000000000000e+00 0.000000000000000000e+00
7.007346302270889282e-02 2.840391397476196289e-01 0.000000000000000000e+00 1.000000000000000000e+00 0.000000000000000000e+00
1.343513131141662598e+00 -1.565833330154418945e+00 1.000000000000000000e+00 0.000000000000000000e+00 0.000000000000000000e+00
-7.368783950805664062e-01 1.258143663406372070e+00 1.000000000000000000e+00 0.000000000000000000e+00 0.000000000000000000e+00
-4.053518176078796387e-01 4.861034154891967773e-01 0.000000000000000000e+00 1.000000000000000000e+00 0.000000000000000000e+00
-8.914121389389038086e-01 1.658182144165039062e-01 1.000000000000000000e+00 0.000000000000000000e+00 0.000000000000000000e+00
-7.194378972053527832e-02 1.137705326080322266e+00 1.000000000000000000e+00 0.000000000000000000e+00 0.000000000000000000e+00
9.517336636781692505e-02 2.318060994148254395e-01 1.000000000000000000e+00 0.000000000000000000e+00 0.000000000000000000e+00
1.570085585117340088e-01 6.881583482027053833e-02 1.000000000000000000e+00 0.000000000000000000e+00 0.000000000000000000e+00
4.441124796867370605e-01 -3.203175663948059082e-01 1.000000000000000000e+00 0.000000000000000000e+00 0.000000000000000000e+00
1.971451044082641602e-01 -3.451248407363891602e-01 0.000000000000000000e+00 1.000000000000000000e+00 0.000000000000000000e+00
-1.131044030189514160e-01 -3.234123587608337402e-01 1.000000000000000000e+00 0.000000000000000000e+00 0.000000000000000000e+00
7.672750949859619141e-01 -1.767382770776748657e-01 1.000000000000000000e+00 0.000000000000000000e+00 0.000000000000000000e+00
6.252881288528442383e-01 -3.562337458133697510e-01 1.000000000000000000e+00 0.000000000000000000e+00 0.000000000000000000e+00
-3.180985897779464722e-02 7.243485450744628906e-01 1.000000000000000000e+00 0.000000000000000000e+00 0.000000000000000000e+00
3.211167454719543457e-01 5.989454984664916992e-01 1.000000000000000000e+00 0.000000000000000000e+00 0.000000000000000000e+00
3.652294278144836426e-01 1.667899191379547119e-01 1.000000000000000000e+00 0.000000000000000000e+00 0.000000000000000000e+00
3.789862096309661865e-01 -1.348235309123992920e-01 1.000000000000000000e+00 0.000000000000000000e+00 0.000000000000000000e+00
2.245740145444869995e-01 -2.741395831108093262e-01 1.000000000000000000e+00 0.000000000000000000e+00 0.000000000000000000e+00
7.385684549808502197e-02 -3.295196294784545898e-01 0.000000000000000000e+00 1.000000000000000000e+00 0.000000000000000000e+00
-3.717860877513885498e-01 -5.191341638565063477e-01 1.000000000000000000e+00 0.000000000000000000e+00 0.000000000000000000e+00
-1.461737155914306641e+00 1.127679109573364258e+00 1.000000000000000000e+00 0.000000000000000000e+00 0.000000000000000000e+00
-8.207534551620483398e-01 4.858575761318206787e-01 0.000000000000000000e+00 1.000000000000000000e+00 0.000000000000000000e+00
-1.527571082115173340e+00 1.001888990402221680e+00 1.000000000000000000e+00 0.000000000000000000e+00 0.000000000000000000e+00
3.422394514083862305e+00 -4.183713793754577637e-01 1.000000000000000000e+00 0.000000000000000000e+00 0.000000000000000000e+00
6.698764562606811523e-01 -1.789427995681762695e-01 1.000000000000000000e+00 0.000000000000000000e+00 0.000000000000000000e+00
-2.053199112415313721e-01 -2.506146579980850220e-02 0.000000000000000000e+00 1.000000000000000000e+00 0.000000000000000000e+00
-1.421928286552429199e+00 -4.431608319282531738e-01 1.000000000000000000e+00 0.000000000000000000e+00 0.000000000000000000e+00
-1.215304955840110779e-01 1.974207401275634766e+00 1.000000000000000000e+00 0.000000000000000000e+00 0.000000000000000000e+00
1.436159908771514893e-01 1.311292171478271484e+00 0.000000000000000000e+00 1.000000000000000000e+00 0.000000000000000000e+00
-6.463607549667358398e-01 -5.292433738708496094e+00 0.000000000000000000e+00 0.000000000000000000e+00 1.000000000000000000e+00
-5.395539999008178711e-01 1.235848784446716309e+00 0.000000000000000000e+00 0.000000000000000000e+00 1.000000000000000000e+00
-1.172535300254821777e+00 -1.042567491531372070e+00 0.000000000000000000e+00 0.000000000000000000e+00 1.000000000000000000e+00
-9.317716360092163086e-01 -7.619096636772155762e-01 0.000000000000000000e+00 0.000000000000000000e+00 1.000000000000000000e+00
-9.336231946945190430e-01 -7.100811600685119629e-01 0.000000000000000000e+00 0.000000000000000000e+00 1.000000000000000000e+00
-9.226787090301513672e-01 -5.394578576087951660e-01 0.000000000000000000e+00 0.000000000000000000e+00 1.000000000000000000e+00
-9.138625860214233398e-01 -4.123440384864807129e-01 0.000000000000000000e+00 0.000000000000000000e+00 1.000000000000000000e+00
-9.228714704513549805e-01 -3.224329352378845215e-01 0.000000000000000000e+00 0.000000000000000000e+00 1.000000000000000000e+00
-9.257547855377197266e-01 -2.772409319877624512e-01 0.000000000000000000e+00 0.000000000000000000e+00 1.000000000000000000e+00
-8.964892625808715820e-01 -2.785977125167846680e-01 0.000000000000000000e+00 0.000000000000000000e+00 1.000000000000000000e+00
-8.627827167510986328e-01 -2.932065129280090332e-01 0.000000000000000000e+00 0.000000000000000000e+00 1.000000000000000000e+00
-8.480974435806274414e-01 -2.973454594612121582e-01 0.000000000000000000e+00 0.000000000000000000e+00 1.000000000000000000e+00
-8.334134817123413086e-01 -3.014096617698669434e-01 0.000000000000000000e+00 0.000000000000000000e+00 1.000000000000000000e+00
-8.191535472869873047e-01 -3.057259917259216309e-01 0.000000000000000000e+00 0.000000000000000000e+00 1.000000000000000000e+00
-8.108689785003662109e-01 -3.049852848052978516e-01 0.000000000000000000e+00 0.000000000000000000e+00 1.000000000000000000e+00
-8.043735027313232422e-01 -3.004548549652099609e-01 0.000000000000000000e+00 0.000000000000000000e+00 1.000000000000000000e+00
-7.967414855957031250e-01 -2.992938160896301270e-01 0.000000000000000000e+00 0.000000000000000000e+00 1.000000000000000000e+00
-7.898888587951660156e-01 -2.998631000518798828e-01 0.000000000000000000e+00 0.000000000000000000e+00 1.000000000000000000e+00
-7.867125272750854492e-01 -2.997224330902099609e-01 0.000000000000000000e+00 0.000000000000000000e+00 1.000000000000000000e+00
-7.835105657577514648e-01 -3.026747703552246094e-01 0.000000000000000000e+00 0.000000000000000000e+00 1.000000000000000000e+00
-7.792066335678100586e-01 -3.053165078163146973e-01 0.000000000000000000e+00 0.000000000000000000e+00 1.000000000000000000e+00
-7.716394662857055664e-01 -3.093184232711791992e-01 0.000000000000000000e+00 0.000000000000000000e+00 1.000000000000000000e+00
-7.608515024185180664e-01 -3.204157948493957520e-01 0.000000000000000000e+00 0.000000000000000000e+00 1.000000000000000000e+00
-7.496606111526489258e-01 -3.315020203590393066e-01 0.000000000000000000e+00 0.000000000000000000e+00 1.000000000000000000e+00
-7.421000003814697266e-01 -3.385475277900695801e-01 0.000000000000000000e+00 0.000000000000000000e+00 1.000000000000000000e+00
-7.374187707901000977e-01 -3.411806225776672363e-01 0.000000000000000000e+00 0.000000000000000000e+00 1.000000000000000000e+00
-7.339488267898559570e-01 -3.394023776054382324e-01 0.000000000000000000e+00 0.000000000000000000e+00 1.000000000000000000e+00
-7.314709424972534180e-01 -3.341971039772033691e-01 0.000000000000000000e+00 0.000000000000000000e+00 1.000000000000000000e+00
-7.294116020202636719e-01 -3.240770697593688965e-01 0.000000000000000000e+00 0.000000000000000000e+00 1.000000000000000000e+00
-7.264921665191650391e-01 -3.187304139137268066e-01 0.000000000000000000e+00 0.000000000000000000e+00 1.000000000000000000e+00
-7.222093343734741211e-01 -3.198264241218566895e-01 0.000000000000000000e+00 0.000000000000000000e+00 1.000000000000000000e+00
-7.189235687255859375e-01 -3.240641951560974121e-01 0.000000000000000000e+00 0.000000000000000000e+00 1.000000000000000000e+00
-7.172043323516845703e-01 -3.261278271675109863e-01 0.000000000000000000e+00 0.000000000000000000e+00 1.000000000000000000e+00
0.000000000000000000e+00 0.000000000000000000e+00 0.000000000000000000e+00 0.000000000000000000e+00 0.000000000000000000e+00
0.000000000000000000e+00 0.000000000000000000e+00 0.000000000000000000e+00 0.000000000000000000e+00 0.000000000000000000e+00
0.000000000000000000e+00 0.000000000000000000e+00 0.000000000000000000e+00 0.000000000000000000e+00 0.000000000000000000e+00
0.000000000000000000e+00 0.000000000000000000e+00 0.000000000000000000e+00 0.000000000000000000e+00 0.000000000000000000e+00
0.000000000000000000e+00 0.000000000000000000e+00 0.000000000000000000e+00 0.000000000000000000e+00 0.000000000000000000e+00
0.000000000000000000e+00 0.000000000000000000e+00 0.000000000000000000e+00 0.000000000000000000e+00 0.000000000000000000e+00
0.000000000000000000e+00 0.000000000000000000e+00 0.000000000000000000e+00 0.000000000000000000e+00 0.000000000000000000e+00
0.000000000000000000e+00 0.000000000000000000e+00 0.000000000000000000e+00 0.000000000000000000e+00 0.000000000000000000e+00
0.000000000000000000e+00 0.000000000000000000e+00 0.000000000000000000e+00 0.000000000000000000e+00 0.000000000000000000e+00
0.000000000000000000e+00 0.000000000000000000e+00 0.000000000000000000e+00 0.000000000000000000e+00 0.000000000000000000e+00
0.000000000000000000e+00 0.000000000000000000e+00 0.000000000000000000e+00 0.000000000000000000e+00 0.000000000000000000e+00
0.000000000000000000e+00 0.000000000000000000e+00 0.000000000000000000e+00 0.000000000000000000e+00 0.000000000000000000e+00
0.000000000000000000e+00 0.000000000000000000e+00 0.000000000000000000e+00 0.000000000000000000e+00 0.000000000000000000e+00
0.000000000000000000e+00 0.000000000000000000e+00 0.000000000000000000e+00 0.000000000000000000e+00 0.000000000000000000e+00
0.000000000000000000e+00 0.000000000000000000e+00 0.000000000000000000e+00 0.000000000000000000e+00 0.000000000000000000e+00
0.000000000000000000e+00 0.000000000000000000e+00 0.000000000000000000e+00 0.000000000000000000e+00 0.000000000000000000e+00
0.000000000000000000e+00 0.000000000000000000e+00 0.000000000000000000e+00 0.000000000000000000e+00 0.000000000000000000e+00
0.000000000000000000e+00 0.000000000000000000e+00 0.000000000000000000e+00 0.000000000000000000e+00 0.000000000000000000e+00
0.000000000000000000e+00 0.000000000000000000e+00 0.000000000000000000e+00 0.000000000000000000e+00 0.000000000000000000e+00
0.000000000000000000e+00 0.000000000000000000e+00 0.000000000000000000e+00 0.000000000000000000e+00 0.000000000000000000e+00
0.000000000000000000e+00 0.000000000000000000e+00 0.000000000000000000e+00 0.000000000000000000e+00 0.000000000000000000e+00
0.000000000000000000e+00 0.000000000000000000e+00 0.000000000000000000e+00 0.000000000000000000e+00 0.000000000000000000e+00
0.000000000000000000e+00 0.000000000000000000e+00 0.000000000000000000e+00 0.000000000000000000e+00 0.000000000000000000e+00
0.000000000000000000e+00 0.000000000000000000e+00 0.000000000000000000e+00 0.000000000000000000e+00 0.000000000000000000e+00
0.000000000000000000e+00 0.000000000000000000e+00 0.000000000000000000e+00 0.000000000000000000e+00 0.000000000000000000e+00
0.000000000000000000e+00 0.000000000000000000e+00 0.000000000000000000e+00 0.000000000000000000e+00 0.000000000000000000e+00
0.000000000000000000e+00 0.000000000000000000e+00 0.000000000000000000e+00 0.000000000000000000e+00 0.000000000000000000e+00
0.000000000000000000e+00 0.000000000000000000e+00 0.000000000000000000e+00 0.000000000000000000e+00 0.000000000000000000e+00
0.000000000000000000e+00 0.000000000000000000e+00 0.000000000000000000e+00 0.000000000000000000e+00 0.000000000000000000e+00
0.000000000000000000e+00 0.000000000000000000e+00 0.000000000000000000e+00 0.000000000000000000e+00 0.000000000000000000e+00
0.000000000000000000e+00 0.000000000000000000e+00 0.000000000000000000e+00 0.000000000000000000e+00 0.000000000000000000e+00
0.000000000000000000e+00 0.000000000000000000e+00 0.000000000000000000e+00 0.000000000000000000e+00 0.000000000000000000e+00
0.000000000000000000e+00 0.000000000000000000e+00 0.000000000000000000e+00 0.000000000000000000e+00 0.000000000000000000e+00
0.000000000000000000e+00 0.000000000000000000e+00 0.000000000000000000e+00 0.000000000000000000e+00 0.000000000000000000e+00
0.000000000000000000e+00 0.000000000000000000e+00 0.000000000000000000e+00 0.000000000000000000e+00 0.000000000000000000e+00
0.000000000000000000e+00 0.000000000000000000e+00 0.000000000000000000e+00 0.000000000000000000e+00 0.000000000000000000e+00
0.000000000000000000e+00 0.000000000000000000e+00 0.000000000000000000e+00 0.000000000000000000e+00 0.000000000000000000e+00
0.000000000000000000e+00 0.000000000000000000e+00 0.000000000000000000e+00 0.000000000000000000e+00 0.000000000000000000e+00
0.000000000000000000e+00 0.000000000000000000e+00 0.000000000000000000e+00 0.000000000000000000e+00 0.000000000000000000e+00
0.000000000000000000e+00 0.000000000000000000e+00 0.000000000000000000e+00 0.000000000000000000e+00 0.000000000000000000e+00
0.000000000000000000e+00 0.000000000000000000e+00 0.000000000000000000e+00 0.000000000000000000e+00 0.000000000000000000e+00
0.000000000000000000e+00 0.000000000000000000e+00 0.000000000000000000e+00 0.000000000000000000e+00 0.000000000000000000e+00
0.000000000000000000e+00 0.000000000000000000e+00 0.000000000000000000e+00 0.000000000000000000e+00 0.000000000000000000e+00
0.000000000000000000e+00 0.000000000000000000e+00 0.000000000000000000e+00 0.000000000000000000e+00 0.000000000000000000e+00
0.000000000000000000e+00 0.000000000000000000e+00 0.000000000000000000e+00 0.000000000000000000e+00 0.000000000000000000e+00
0.000000000000000000e+00 0.000000000000000000e+00 0.000000000000000000e+00 0.000000000000000000e+00 0.000000000000000000e+00
0.000000000000000000e+00 0.000000000000000000e+00 0.000000000000000000e+00 0.000000000000000000e+00 0.000000000000000000e+00
0.000000000000000000e+00 0.000000000000000000e+00 0.000000000000000000e+00 0.000000000000000000e+00 0.000000000000000000e+00
0.000000000000000000e+00 0.000000000000000000e+00 0.000000000000000000e+00 0.000000000000000000e+00 0.000000000000000000e+00
0.000000000000000000e+00 0.000000000000000000e+00 0.000000000000000000e+00 0.000000000000000000e+00 0.000000000000000000e+00
0.000000000000000000e+00 0.000000000000000000e+00 0.000000000000000000e+00 0.000000000000000000e+00 0.000000000000000000e+00
0.000000000000000000e+00 0.000000000000000000e+00 0.000000000000000000e+00 0.000000000000000000e+00 0.000000000000000000e+00
0.000000000000000000e+00 0.000000000000000000e+00 0.000000000000000000e+00 0.000000000000000000e+00 0.000000000000000000e+00
