0.000000000000000000e+00 0.000000000000000000e+00 1.000000000000000000e+00 0.000000000000000000e+00 0.000000000000000000e+00
2.014767169952392578e+00 -3.654624819755554199e-01 1.000000000000000000e+00 0.000000000000000000e+00 0.000000000000000000e+00
1.535426378250122070e+00 -5.212600231170654297e-01 0.000000000000000000e+00 1.000000000000000000e+00 0.000000000000000000e+00
-2.086475372314453125e+00 -3.981212973594665527e-01 1.000000000000000000e+00 0.000000000000000000e+00 0.000000000000000000e+00
-1.578135788440704346e-01 1.459070682525634766e+00 1.000000000000000000e+00 0.000000000000000000e+00 0.000000000000000000e+00
6.134992092847824097e-02 3.373226225376129150e-01 0.000000000000000000e+00 1.000000000000000000e+00 0.000000000000000000e+00
1.403543353080749512e+00 -1.688487052917480469e+00 1.000000000000000000e+00 0.000000000000000000e+00 0.000000000000000000e+00
-8.256513476371765137e-01 1.315310716629028320e+00 1.000000000000000000e+00 0.000000000000000000e+00 0.000000000000000000e+00
-4.608637690544128418e-01 5.162894725799560547e-01 0.000000000000000000e+00 1.000000000000000000e+00 0.000000000000000000e+00
-6.308981776237487793e-01 1.028996333479881287e-01 1.000000000000000000e+00 0.000000000000000000e+00 0.000000000000000000e+00
-1.160603284835815430e+00 1.462200522422790527e+00 1.000000000000000000e+00 0.000000000000000000e+00 0.000000000000000000e+00
-4.935674071311950684e-01 4.217943549156188965e-01 0.000000000000000000e+00 1.000000000000000000e+00 0.000000000000000000e+00
2.004664421081542969e+00 -1.516543030738830566e+00 1.000000000000000000e+00 0.000000000000000000e+00 0.000000000000000000e+00
1.259023785591125488e+00 -1.972742676734924316e-01 1.000000000000000000e+00 0.000000000000000000e+00 0.000000000000000000e+00
3.852058649063110352e-01 5.963781103491783142e-02 0.000000000000000000e+00 1.000000000000000000e+00 0.000000000000000000e+00
-1.425911188125610352e+00 7.330685853958129883e-01 1.000000000000000000e+00 0.000000000000000000e+00 0.000000000000000000e+00
-8.948823213577270508e-01 1.447288513183593750e+00 1.000000000000000000e+00 0.000000000000000000e+00 0.000000000000000000e+00
-1.658211946487426758e-01 7.649322748184204102e-01 1.000000000000000000e+00 0.000000000000000000e+00 0.000000000000000000e+00
6.506717205047607422e-01 3.105119764804840088e-01 1.000000000000000000e+00 0.000000000000000000e+00 0.000000000000000000e+00
1.096404671669006348e+00 8.806314319372177124e-02 1.000000000000000000e+00 0.000000000000000000e+00 0.000000000000000000e+00
6.933836936950683594e-01 -1.362829208374023438e-01 1.000000000000000000e+00 0.000000000000000000e+00 0.000000000000000000e+00
1.929477900266647339e-01 -1.726154088973999023e-01 0.000000000000000000e+00 1.000000000000000000e+00 0.000000000000000000e+00
-1.795258760452270508e+00 -1.977798581123352051e+00 1.000000000000000000e+00 0.000000000000000000e+00 0.000000000000000000e+00
1.176149368286132812e+00 -1.361617594957351685e-01 1.000000000000000000e+00 0.000000000000000000e+00 0.000000000000000000e+00
4.432292878627777100e-01 1.388041377067565918e-01 1.000000000000000000e+00 0.000000000000000000e+00 0.000000000000000000e+00
1.201750636100769043e-01 2.263691723346710205e-01 1.000000000000000000e+00 0.000000000000000000e+00 0.000000000000000000e+00
-8.128297328948974609e-02 9.338361024856567383e-01 1.000000000000000000e+00 0.000000000000000000e+00 0.000000000000000000e+00
-4.966840445995330811e-01 1.529973268508911133e+00 1.000000000000000000e+00 0.000000000000000000e+00 0.000000000000000000e+00
-2.414630502462387085e-01 3.680063784122467041e-01 1.000000000000000000e+00 0.000000000000000000e+00 0.000000000000000000e+00
-2.972869873046875000e-01 1.660388708114624023e-01 1.000000000000000000e+00 0.000000000000000000e+00 0.000000000000000000e+00
-4.721048474311828613e-01 -1.648033037781715393e-02 0.000000000000000000e+00 1.000000000000000000e+00 0.000000000000000000e+00
-1.403526425361633301e+00 -1.925491213798522949e+00 1.000000000000000000e+00 0.000000000000000000e+00 0.000000000000000000e+00
1.673952460289001465e+00 -3.167450129985809326e-01 1.000000000000000000e+00 0.000000000000000000e+00 0.000000000000000000e+00
1.057640910148620605e+00 -3.798139691352844238e-01 0.000000000000000000e+00 1.000000000000000000e+00 0.000000000000000000e+00
-6.494224071502685547e-01 -2.709664106369018555e-01 1.000000000000000000e+00 0.000000000000000000e+00 0.000000000000000000e+00
-2.251958847045898438e-01 8.613658547401428223e-01 1.000000000000000000e+00 0.000000000000000000e+00 0.000000000000000000e+00
4.574402794241905212e-02 3.047256469726562500e-01 0.000000000000000000e+00 1.000000000000000000e+00 0.000000000000000000e+00
1.475732624530792236e-01 3.635900914669036865e-01 0.000000000000000000e+00 0.000000000000000000e+00 1.000000000000000000e+00
-1.668233633041381836e+00 -1.814880847930908203e+00 0.000000000000000000e+00 0.000000000000000000e+00 1.000000000000000000e+00
-6.694716811180114746e-01 6.064997911453247070e-01 0.000000000000000000e+00 0.000000000000000000e+00 1.000000000000000000e+00
-1.067590355873107910e+00 -1.034266471862792969e+00 0.000000000000000000e+00 0.000000000000000000e+00 1.000000000000000000e+00
-8.790925741195678711e-01 -5.768415331840515137e-01 0.000000000000000000e+00 0.000000000000000000e+00 1.000000000000000000e+00
-9.047459363937377930e-01 -7.000713944435119629e-01 0.000000000000000000e+00 0.000000000000000000e+00 1.000000000000000000e+00
-8.568459749221801758e-01 -5.872443318367004395e-01 0.000000000000000000e+00 0.000000000000000000e+00 1.000000000000000000e+00
-8.373055458068847656e-01 -5.652671456336975098e-01 0.000000000000000000e+00 0.000000000000000000e+00 1.000000000000000000e+00
-8.192758560180664062e-01 -5.177250504493713379e-01 0.000000000000000000e+00 0.000000000000000000e+00 1.000000000000000000e+00
-8.044263124465942383e-01 -4.853308796882629395e-01 0.000000000000000000e+00 0.000000000000000000e+00 1.000000000000000000e+00
-7.925319671630859375e-01 -4.593365788459777832e-01 0.000000000000000000e+00 0.000000000000000000e+00 1.000000000000000000e+00
-7.873345613479614258e-01 -4.358304142951965332e-01 0.000000000000000000e+00 0.000000000000000000e+00 1.000000000000000000e+00
-7.833853960037231445e-01 -4.140836596488952637e-01 0.000000000000000000e+00 0.000000000000000000e+00 1.000000000000000000e+00
-7.786953449249267578e-01 -3.945065140724182129e-01 0.000000000000000000e+00 0.000000000000000000e+00 1.000000000000000000e+00
-7.749598026275634766e-01 -3.782365918159484863e-01 0.000000000000000000e+00 0.000000000000000000e+00 1.000000000000000000e+00
-7.723723649978637695e-01 -3.682289719581604004e-01 0.000000000000000000e+00 0.000000000000000000e+00 1.000000000000000000e+00
-7.694833278656005859e-01 -3.618527054786682129e-01 0.000000000000000000e+00 0.000000000000000000e+00 1.000000000000000000e+00
-7.651237249374389648e-01 -3.560194373130798340e-01 0.000000000000000000e+00 0.000000000000000000e+00 1.000000000000000000e+00
-7.571295499801635742e-01 -3.550387024879455566e-01 0.000000000000000000e+00 0.000000000000000000e+00 1.000000000000000000e+00
-7.490464448928833008e-01 -3.567097783088684082e-01 0.000000000000000000e+00 0.000000000000000000e+00 1.000000000000000000e+00
-7.420270442962646484e-01 -3.533440232276916504e-01 0.000000000000000000e+00 0.000000000000000000e+00 1.000000000000000000e+00
-7.382107973098754883e-01 -3.479986786842346191e-01 0.000000000000000000e+00 0.000000000000000000e+00 1.000000000000000000e+00
-7.357859611511230469e-01 -3.438401818275451660e-01 0.000000000000000000e+00 0.000000000000000000e+00 1.000000000000000000e+00
0.000000000000000000e+00 0.000000000000000000e+00 0.000000000000000000e+00 0.000000000000000000e+00 0.000000000000000000e+00
0.000000000000000000e+00 0.000000000000000000e+00 0.000000000000000000e+00 0.000000000000000000e+00 0.000000000000000000e+00
0.000000000000000000e+00 0.000000000000000000e+00 0.000000000000000000e+00 0.000000000000000000e+00 0.000000000000000000e+00
0.000000000000000000e+00 0.000000000000000000e+00 0.000000000000000000e+00 0.000000000000000000e+00 0.000000000000000000e+00
0.000000000000000000e+00 0.000000000000000000e+00 0.000000000000000000e+00 0.000000000000000000e+00 0.000000000000000000e+00
0.000000000000000000e+00 0.000000000000000000e+00 0.000000000000000000e+00 0.000000000000000000e+00 0.000000000000000000e+00
0.000000000000000000e+00 0.000000000000000000e+00 0.000000000000000000e+00 0.000000000000000000e+00 0.000000000000000000e+00
0.000000000000000000e+00 0.000000000000000000e+00 0.000000000000000000e+00 0.000000000000000000e+00 0.000000000000000000e+00
0.000000000000000000e+00 0.000000000000000000e+00 0.000000000000000000e+00 0.000000000000000000e+00 0.000000000000000000e+00
0.000000000000000000e+00 0.000000000000000000e+00 0.000000000000000000e+00 0.000000000000000000e+00 0.000000000000000000e+00
0.000000000000000000e+00 0.000000000000000000e+00 0.000000000000000000e+00 0.000000000000000000e+00 0.000000000000000000e+00
0.000000000000000000e+00 0.000000000000000000e+00 0.000000000000000000e+00 0.000000000000000000e+00 0.000000000000000000e+00
0.000000000000000000e+00 0.000000000000000000e+00 0.000000000000000000e+00 0.000000000000000000e+00 0.000000000000000000e+00
0.000000000000000000e+00 0.000000000000000000e+00 0.000000000000000000e+00 0.000000000000000000e+00 0.000000000000000000e+00
0.000000000000000000e+00 0.000000000000000000e+00 0.000000000000000000e+00 0.000000000000000000e+00 0.000000000000000000e+00
0.000000000000000000e+00 0.000000000000000000e+00 0.000000000000000000e+00 0.000000000000000000e+00 0.000000000000000000e+00
0.000000000000000000e+00 0.000000000000000000e+00 0.000000000000000000e+00 0.000000000000000000e+00 0.000000000000000000e+00
0.000000000000000000e+00 0.000000000000000000e+00 0.000000000000000000e+00 0.000000000000000000e+00 0.000000000000000000e+00
0.000000000000000000e+00 0.000000000000000000e+00 0.000000000000000000e+00 0.000000000000000000e+00 0.000000000000000000e+00
0.000000000000000000e+00 0.000000000000000000e+00 0.000000000000000000e+00 0.000000000000000000e+00 0.000000000000000000e+00
0.000000000000000000e+00 0.000000000000000000e+00 0.000000000000000000e+00 0.000000000000000000e+00 0.000000000000000000e+00
0.000000000000000000e+00 0.000000000000000000e+00 0.000000000000000000e+00 0.000000000000000000e+00 0.000000000000000000e+00
0.000000000000000000e+00 0.000000000000000000e+00 0.000000000000000000e+00 0.000000000000000000e+00 0.000000000000000000e+00
0.000000000000000000e+00 0.000000000000000000e+00 0.000000000000000000e+00 0.000000000000000000e+00 0.000000000000000000e+00
0.000000000000000000e+00 0.000000000000000000e+00 0.000000000000000000e+00 0.000000000000000000e+00 0.000000000000000000e+00
0.000000000000000000e+00 0.000000000000000000e+00 0.000000000000000000e+00 0.000000000000000000e+00 0.000000000000000000e+00
0.000000000000000000e+00 0.000000000000000000e+00 0.000000000000000000e+00 0.000000000000000000e+00 0.000000000000000000e+00
0.000000000000000000e+00 0.000000000000000000e+00 0.000000000000000000e+00 0.000000000000000000e+00 0.000000000000000000e+00
0.000000000000000000e+00 0.000000000000000000e+00 0.000000000000000000e+00 0.000000000000000000e+00 0.000000000000000000e+00
0.000000000000000000e+00 0.000000000000000000e+00 0.000000000000000000e+00 0.000000000000000000e+00 0.000000000000000000e+00
0.000000000000000000e+00 0.000000000000000000e+00 0.000000000000000000e+00 0.000000000000000000e+00 0.000000000000000000e+00
0.000000000000000000e+00 0.000000000000000000e+00 0.000000000000000000e+00 0.000000000000000000e+00 0.000000000000000000e+00
0.000000000000000000e+00 0.000000000000000000e+00 0.000000000000000000e+00 0.000000000000000000e+00 0.000000000000000000e+00
0.000000000000000000e+00 0.000000000000000000e+00 0.000000000000000000e+00 0.000000000000000000e+00 0.000000000000000000e+00
0.000000000000000000e+00 0.000000000000000000e+00 0.000000000000000000e+00 0.000000000000000000e+00 0.000000000000000000e+00
0.000000000000000000e+00 0.000000000000000000e+00 0.000000000000000000e+00 0.000000000000000000e+00 0.000000000000000000e+00
0.000000000000000000e+00 0.000000000000000000e+00 0.000000000000000000e+00 0.000000000000000000e+00 0.000000000000000000e+00
0.000000000000000000e+00 0.000000000000000000e+00 0.000000000000000000e+00 0.000000000000000000e+00 0.000000000000000000e+00
0.000000000000000000e+00 0.000000000000000000e+00 0.000000000000000000e+00 0.000000000000000000e+00 0.000000000000000000e+00
0.000000000000000000e+00 0.000000000000000000e+00 0.000000000000000000e+00 0.000000000000000000e+00 0.000000000000000000e+00
0.000000000000000000e+00 0.000000000000000000e+00 0.000000000000000000e+00 0.000000000000000000e+00 0.000000000000000000e+00
0.000000000000000000e+00 0.000000000000000000e+00 0.000000000000000000e+00 0.000000000000000000e+00 0.000000000000000000e+00
0.000000000000000000e+00 0.000000000000000000e+00 0.000000000000000000e+00 0.000000000000000000e+00 0.000000000000000000e+00
0.000000000000000000e+00 0.000000000000000000e+00 0.000000000000000000e+00 0.000000000000000000e+00 0.000000000000000000e+00
0.000000000000000000e+00 0.000000000000000000e+00 0.000000000000000000e+00 0.000000000000000000e+00 0.000000000000000000e+00
0.000000000000000000e+00 0.000000000000000000e+00 0.000000000000000000e+00 0.000000000000000000e+00 0.000000000000000000e+00
0.000000000000000000e+00 0.000000000000000000e+00 0.000000000000000000e+00 0.000000000000000000e+00 0.000000000000000000e+00
0.000000000000000000e+00 0.000000000000000000e+00 0.000000000000000000e+00 0.000000000000000000e+00 0.000000000000000000e+00
0.000000000000000000e+00 0.000000000000000000e+00 0.000000000000000000e+00 0.000000000000000000e+00 0.000000000000000000e+00
0.000000000000000000e+00 0.000000000000000000e+00 0.000000000000000000e+00 0.000000000000000000e+00 0.000000000000000000e+00
0.000000000000000000e+00 0.000000000000000000e+00 0.000000000000000000e+00 0.000000000000000000e+00 0.000000000000000000e+00
0.000000000000000000e+00 0.000000000000000000e+00 0.000000000000000000e+00 0.000000000000000000e+00 0.000000000000000000e+00
0.000000000000000000e+00 0.000000000000000000e+00 0.000000000000000000e+00 0.000000000000000000e+00 0.000000000000000000e+00
0.000000000000000000e+00 0.000000000000000000e+00 0.000000000000000000e+00 0.000000000000000000e+00 0.000000000000000000e+00
0.000000000000000000e+00 0.000000000000000000e+00 0.000000000000000000e+00 0.000000000000000000e+00 0.000000000000000000e+00
0.000000000000000000e+00 0.000000000000000000e+00 0.000000000000000000e+00 0.000000000000000000e+00 0.000000000000000000e+00
0.000000000000000000e+00 0.000000000000000000e+00 0.000000000000000000e+00 0.000000000000000000e+00 0.000000000000000000e+00
0.000000000000000000e+00 0.000000000000000000e+00 0.000000000000000000e+00 0.000000000000000000e+00 0.000000000000000000e+00
0.000000000000000000e+00 0.000000000000000000e+00 0.000000000000000000e+00 0.000000000000000000e+00 0.000000000000000000e+00
0.000000000000000000e+00 0.000000000000000000e+00 0.000000000000000000e+00 0.000000000000000000e+00 0.000000000000000000e+00
0.000000000000000000e+00 0.000000000000000000e+00 0.000000000000000000e+00 0.000000000000000000e+00 0.000000000000000000e+00
