0.000000000000000000e+00 0.000000000000000000e+00 1.000000000000000000e+00 0.000000000000000000e+00 0.000000000000000000e+00
1.705271720886230469e+00 -3.122658729553222656e-01 1.000000000000000000e+00 0.000000000000000000e+00 0.000000000000000000e+00
1.384670972824096680e+00 -4.642439484596252441e-01 0.000000000000000000e+00 1.000000000000000000e+00 0.000000000000000000e+00
-1.830021977424621582e+00 -3.012235164642333984e-01 1.000000000000000000e+00 0.000000000000000000e+00 0.000000000000000000e+00
-1.456422507762908936e-01 1.215703129768371582e+00 1.000000000000000000e+00 0.000000000000000000e+00 0.000000000000000000e+00
4.972340539097785950e-02 2.820120751857757568e-01 0.000000000000000000e+00 1.000000000000000000e+00 0.000000000000000000e+00
1.161532282829284668e+00 -1.399921894073486328e+00 1.000000000000000000e+00 0.000000000000000000e+00 0.000000000000000000e+00
-7.902138233184814453e-01 1.171218037605285645e+00 1.000000000000000000e+00 0.000000000000000000e+00 0.000000000000000000e+00
-4.564579129219055176e-01 4.928842782974243164e-01 0.000000000000000000e+00 1.000000000000000000e+00 0.000000000000000000e+00
-8.456168174743652344e-01 3.836830258369445801e-01 1.000000000000000000e+00 0.000000000000000000e+00 0.000000000000000000e+00
-3.662932291626930237e-02 9.245984554290771484e-01 1.000000000000000000e+00 0.000000000000000000e+00 0.000000000000000000e+00
-8.391581475734710693e-02 2.623870372772216797e-01 0.000000000000000000e+00 1.000000000000000000e+00 0.000000000000000000e+00
5.707700252532958984e-01 -1.251384258270263672e+00 1.000000000000000000e+00 0.000000000000000000e+00 0.000000000000000000e+00
7.535130381584167480e-01 -1.768974214792251587e-01 1.000000000000000000e+00 0.000000000000000000e+00 0.000000000000000000e+00
3.074440062046051025e-01 7.684397697448730469e-02 1.000000000000000000e+00 0.000000000000000000e+00 0.000000000000000000e+00
-1.497874110937118530e-01 1.118301510810852051e+00 1.000000000000000000e+00 0.000000000000000000e+00 0.000000000000000000e+00
-1.154341772198677063e-01 2.411430180072784424e-01 0.000000000000000000e+00 1.000000000000000000e+00 0.000000000000000000e+00
-5.215901136398315430e-01 -6.746839284896850586e-01 1.000000000000000000e+00 0.000000000000000000e+00 0.000000000000000000e+00
3.180748224258422852e-01 -1.066841185092926025e-02 1.000000000000000000e+00 0.000000000000000000e+00 0.000000000000000000e+00
4.310129582881927490e-02 7.066071033477783203e-02 0.000000000000000000e+00 1.000000000000000000e+00 0.000000000000000000e+00
-3.389413356781005859e-01 4.731552600860595703e-01 1.000000000000000000e+00 0.000000000000000000e+00 0.000000000000000000e+00
5.687844157218933105e-01 -2.296832650899887085e-01 1.000000000000000000e+00 0.000000000000000000e+00 0.000000000000000000e+00
2.793185114860534668e-01 -2.341619580984115601e-01 0.000000000000000000e+00 1.000000000000000000e+00 0.000000000000000000e+00
6.052551269531250000e-01 -6.846986413002014160e-01 1.000000000000000000e+00 0.000000000000000000e+00 0.000000000000000000e+00
1.150933861732482910e+00 -2.562839686870574951e-01 1.000000000000000000e+00 0.000000000000000000e+00 0.000000000000000000e+00
4.340010881423950195e-01 -2.071011960506439209e-01 1.000000000000000000e+00 0.000000000000000000e+00 0.000000000000000000e+00
5.338012427091598511e-02 -1.307147592306137085e-01 0.000000000000000000e+00 1.000000000000000000e+00 0.000000000000000000e+00
-5.988714694976806641e-01 -2.948107123374938965e-01 1.000000000000000000e+00 0.000000000000000000e+00 0.000000000000000000e+00
6.858142465353012085e-02 1.696901082992553711e+00 1.000000000000000000e+00 0.000000000000000000e+00 0.000000000000000000e+00
-9.622707217931747437e-02 8.968558311462402344e-01 1.000000000000000000e+00 0.000000000000000000e+00 0.000000000000000000e+00
-1.006069555878639221e-01 1.889718472957611084e-01 1.000000000000000000e+00 0.000000000000000000e+00 0.000000000000000000e+00
-1.366681158542633057e-01 4.378219321370124817e-02 1.000000000000000000e+00 0.000000000000000000e+00 0.000000000000000000e+00
-2.268377691507339478e-01 -8.931116759777069092e-02 1.000000000000000000e+00 0.000000000000000000e+00 0.000000000000000000e+00
-2.602571249008178711e-01 -2.771340608596801758e-01 1.000000000000000000e+00 0.000000000000000000e+00 0.000000000000000000e+00
-1.253737211227416992e-01 -3.517996072769165039e-01 1.000000000000000000e+00 0.000000000000000000e+00 0.000000000000000000e+00
5.740342661738395691e-02 -2.251865863800048828e-01 1.000000000000000000e+00 0.000000000000000000e+00 0.000000000000000000e+00
5.803131461143493652e-01 -2.232901304960250854e-01 0.000000000000000000e+00 1.000000000000000000e+00 0.000000000000000000e+00
-1.016126990318298340e+00 -1.677209854125976562e+00 0.000000000000000000e+00 0.000000000000000000e+00 1.000000000000000000e+00
-5.586220622062683105e-01 5.884206295013427734e-01 0.000000000000000000e+00 0.000000000000000000e+00 1.000000000000000000e+00
-1.166367411613464355e+00 -5.211104750633239746e-01 0.000000000000000000e+00 0.000000000000000000e+00 1.000000000000000000e+00
-8.382542133331298828e-01 -3.245816826820373535e-01 0.000000000000000000e+00 0.000000000000000000e+00 1.000000000000000000e+00
-9.333393573760986328e-01 -4.351773858070373535e-01 0.000000000000000000e+00 0.000000000000000000e+00 1.000000000000000000e+00
-8.650989532470703125e-01 -3.952804207801818848e-01 0.000000000000000000e+00 0.000000000000000000e+00 1.000000000000000000e+00
-8.598654270172119141e-01 -3.806579709053039551e-01 0.000000000000000000e+00 0.000000000000000000e+00 1.000000000000000000e+00
-8.371186256408691406e-01 -3.565588593482971191e-01 0.000000000000000000e+00 0.000000000000000000e+00 1.000000000000000000e+00
-8.313071727752685547e-01 -3.386313319206237793e-01 0.000000000000000000e+00 0.000000000000000000e+00 1.000000000000000000e+00
-8.279095888137817383e-01 -3.337164521217346191e-01 0.000000000000000000e+00 0.000000000000000000e+00 1.000000000000000000e+00
-8.161003589630126953e-01 -3.392772078514099121e-01 0.000000000000000000e+00 0.000000000000000000e+00 1.000000000000000000e+00
-8.074202537536621094e-01 -3.331349492073059082e-01 0.000000000000000000e+00 0.000000000000000000e+00 1.000000000000000000e+00
-7.996684312820434570e-01 -3.247296214103698730e-01 0.000000000000000000e+00 0.000000000000000000e+00 1.000000000000000000e+00
-7.947325706481933594e-01 -3.108073472976684570e-01 0.000000000000000000e+00 0.000000000000000000e+00 1.000000000000000000e+00
-7.935622930526733398e-01 -2.965064048767089844e-01 0.000000000000000000e+00 0.000000000000000000e+00 1.000000000000000000e+00
-7.946605682373046875e-01 -2.861875295639038086e-01 0.000000000000000000e+00 0.000000000000000000e+00 1.000000000000000000e+00
-7.962234020233154297e-01 -2.835336923599243164e-01 0.000000000000000000e+00 0.000000000000000000e+00 1.000000000000000000e+00
-7.945947647094726562e-01 -2.851730585098266602e-01 0.000000000000000000e+00 0.000000000000000000e+00 1.000000000000000000e+00
-7.905870676040649414e-01 -2.867972850799560547e-01 0.000000000000000000e+00 0.000000000000000000e+00 1.000000000000000000e+00
-7.833591699600219727e-01 -2.896889448165893555e-01 0.000000000000000000e+00 0.000000000000000000e+00 1.000000000000000000e+00
-7.756698131561279297e-01 -2.915964126586914062e-01 0.000000000000000000e+00 0.000000000000000000e+00 1.000000000000000000e+00
0.000000000000000000e+00 0.000000000000000000e+00 0.000000000000000000e+00 0.000000000000000000e+00 0.000000000000000000e+00
0.000000000000000000e+00 0.000000000000000000e+00 0.000000000000000000e+00 0.000000000000000000e+00 0.000000000000000000e+00
0.000000000000000000e+00 0.000000000000000000e+00 0.000000000000000000e+00 0.000000000000000000e+00 0.000000000000000000e+00
0.000000000000000000e+00 0.000000000000000000e+00 0.000000000000000000e+00 0.000000000000000000e+00 0.000000000000000000e+00
0.000000000000000000e+00 0.000000000000000000e+00 0.000000000000000000e+00 0.000000000000000000e+00 0.000000000000000000e+00
0.000000000000000000e+00 0.000000000000000000e+00 0.000000000000000000e+00 0.000000000000000000e+00 0.000000000000000000e+00
0.000000000000000000e+00 0.000000000000000000e+00 0.000000000000000000e+00 0.000000000000000000e+00 0.000000000000000000e+00
0.000000000000000000e+00 0.000000000000000000e+00 0.000000000000000000e+00 0.000000000000000000e+00 0.000000000000000000e+00
0.000000000000000000e+00 0.000000000000000000e+00 0.000000000000000000e+00 0.000000000000000000e+00 0.000000000000000000e+00
0.000000000000000000e+00 0.000000000000000000e+00 0.000000000000000000e+00 0.000000000000000000e+00 0.000000000000000000e+00
0.000000000000000000e+00 0.000000000000000000e+00 0.000000000000000000e+00 0.000000000000000000e+00 0.000000000000000000e+00
0.000000000000000000e+00 0.000000000000000000e+00 0.000000000000000000e+00 0.000000000000000000e+00 0.000000000000000000e+00
0.000000000000000000e+00 0.000000000000000000e+00 0.000000000000000000e+00 0.000000000000000000e+00 0.000000000000000000e+00
0.000000000000000000e+00 0.000000000000000000e+00 0.000000000000000000e+00 0.000000000000000000e+00 0.000000000000000000e+00
0.000000000000000000e+00 0.000000000000000000e+00 0.000000000000000000e+00 0.000000000000000000e+00 0.000000000000000000e+00
0.000000000000000000e+00 0.000000000000000000e+00 0.000000000000000000e+00 0.000000000000000000e+00 0.000000000000000000e+00
0.000000000000000000e+00 0.000000000000000000e+00 0.000000000000000000e+00 0.000000000000000000e+00 0.000000000000000000e+00
0.000000000000000000e+00 0.000000000000000000e+00 0.000000000000000000e+00 0.000000000000000000e+00 0.000000000000000000e+00
0.000000000000000000e+00 0.000000000000000000e+00 0.000000000000000000e+00 0.000000000000000000e+00 0.000000000000000000e+00
0.000000000000000000e+00 0.000000000000000000e+00 0.000000000000000000e+00 0.000000000000000000e+00 0.000000000000000000e+00
0.000000000000000000e+00 0.000000000000000000e+00 0.000000000000000000e+00 0.000000000000000000e+00 0.000000000000000000e+00
0.000000000000000000e+00 0.000000000000000000e+00 0.000000000000000000e+00 0.000000000000000000e+00 0.000000000000000000e+00
0.000000000000000000e+00 0.000000000000000000e+00 0.000000000000000000e+00 0.000000000000000000e+00 0.000000000000000000e+00
0.000000000000000000e+00 0.000000000000000000e+00 0.000000000000000000e+00 0.000000000000000000e+00 0.000000000000000000e+00
0.000000000000000000e+00 0.000000000000000000e+00 0.000000000000000000e+00 0.000000000000000000e+00 0.000000000000000000e+00
0.000000000000000000e+00 0.000000000000000000e+00 0.000000000000000000e+00 0.000000000000000000e+00 0.000000000000000000e+00
0.000000000000000000e+00 0.000000000000000000e+00 0.000000000000000000e+00 0.000000000000000000e+00 0.000000000000000000e+00
0.000000000000000000e+00 0.000000000000000000e+00 0.000000000000000000e+00 0.000000000000000000e+00 0.000000000000000000e+00
0.000000000000000000e+00 0.000000000000000000e+00 0.000000000000000000e+00 0.000000000000000000e+00 0.000000000000000000e+00
0.000000000000000000e+00 0.000000000000000000e+00 0.000000000000000000e+00 0.000000000000000000e+00 0.000000000000000000e+00
0.000000000000000000e+00 0.000000000000000000e+00 0.000000000000000000e+00 0.000000000000000000e+00 0.000000000000000000e+00
0.000000000000000000e+00 0.000000000000000000e+00 0.000000000000000000e+00 0.000000000000000000e+00 0.000000000000000000e+00
0.000000000000000000e+00 0.000000000000000000e+00 0.000000000000000000e+00 0.000000000000000000e+00 0.000000000000000000e+00
0.000000000000000000e+00 0.000000000000000000e+00 0.000000000000000000e+00 0.000000000000000000e+00 0.000000000000000000e+00
0.000000000000000000e+00 0.000000000000000000e+00 0.000000000000000000e+00 0.000000000000000000e+00 0.000000000000000000e+00
0.000000000000000000e+00 0.000000000000000000e+00 0.000000000000000000e+00 0.000000000000000000e+00 0.000000000000000000e+00
0.000000000000000000e+00 0.000000000000000000e+00 0.000000000000000000e+00 0.000000000000000000e+00 0.000000000000000000e+00
0.000000000000000000e+00 0.000000000000000000e+00 0.000000000000000000e+00 0.000000000000000000e+00 0.000000000000000000e+00
0.000000000000000000e+00 0.000000000000000000e+00 0.000000000000000000e+00 0.000000000000000000e+00 0.000000000000000000e+00
0.000000000000000000e+00 0.000000000000000000e+00 0.000000000000000000e+00 0.000000000000000000e+00 0.000000000000000000e+00
0.000000000000000000e+00 0.000000000000000000e+00 0.000000000000000000e+00 0.000000000000000000e+00 0.000000000000000000e+00
0.000000000000000000e+00 0.000000000000000000e+00 0.000000000000000000e+00 0.000000000000000000e+00 0.000000000000000000e+00
0.000000000000000000e+00 0.000000000000000000e+00 0.000000000000000000e+00 0.000000000000000000e+00 0.000000000000000000e+00
0.000000000000000000e+00 0.000000000000000000e+00 0.000000000000000000e+00 0.000000000000000000e+00 0.000000000000000000e+00
0.000000000000000000e+00 0.000000000000000000e+00 0.000000000000000000e+00 0.000000000000000000e+00 0.000000000000000000e+00
0.000000000000000000e+00 0.000000000000000000e+00 0.000000000000000000e+00 0.000000000000000000e+00 0.000000000000000000e+00
0.000000000000000000e+00 0.000000000000000000e+00 0.000000000000000000e+00 0.000000000000000000e+00 0.000000000000000000e+00
0.000000000000000000e+00 0.000000000000000000e+00 0.000000000000000000e+00 0.000000000000000000e+00 0.000000000000000000e+00
0.000000000000000000e+00 0.000000000000000000e+00 0.000000000000000000e+00 0.000000000000000000e+00 0.000000000000000000e+00
0.000000000000000000e+00 0.000000000000000000e+00 0.000000000000000000e+00 0.000000000000000000e+00 0.000000000000000000e+00
0.000000000000000000e+00 0.000000000000000000e+00 0.000000000000000000e+00 0.000000000000000000e+00 0.000000000000000000e+00
0.000000000000000000e+00 0.000000000000000000e+00 0.000000000000000000e+00 0.000000000000000000e+00 0.000000000000000000e+00
0.000000000000000000e+00 0.000000000000000000e+00 0.000000000000000000e+00 0.000000000000000000e+00 0.000000000000000000e+00
0.000000000000000000e+00 0.000000000000000000e+00 0.000000000000000000e+00 0.000000000000000000e+00 0.000000000000000000e+00
0.000000000000000000e+00 0.000000000000000000e+00 0.000000000000000000e+00 0.000000000000000000e+00 0.000000000000000000e+00
0.000000000000000000e+00 0.000000000000000000e+00 0.000000000000000000e+00 0.000000000000000000e+00 0.000000000000000000e+00
0.000000000000000000e+00 0.000000000000000000e+00 0.000000000000000000e+00 0.000000000000000000e+00 0.000000000000000000e+00
0.000000000000000000e+00 0.000000000000000000e+00 0.000000000000000000e+00 0.000000000000000000e+00 0.000000000000000000e+00
0.000000000000000000e+00 0.000000000000000000e+00 0.000000000000000000e+00 0.000000000000000000e+00 0.000000000000000000e+00
0.000000000000000000e+00 0.000000000000000000e+00 0.000000000000000000e+00 0.000000000000000000e+00 0.000000000000000000e+00
0.000000000000000000e+00 0.000000000000000000e+00 0.000000000000000000e+00 0.000000000000000000e+00 0.000000000000000000e+00
0.000000000000000000e+00 0.000000000000000000e+00 0.000000000000000000e+00 0.000000000000000000e+00 0.000000000000000000e+00
0.000000000000000000e+00 0.000000000000000000e+00 0.000000000000000000e+00 0.000000000000000000e+00 0.000000000000000000e+00
