0.000000000000000000e+00 0.000000000000000000e+00 1.000000000000000000e+00 0.000000000000000000e+00 0.000000000000000000e+00
1.837434768676757812e+00 -3.223972320556640625e-01 1.000000000000000000e+00 0.000000000000000000e+00 0.000000000000000000e+00
1.434684872627258301e+00 -4.858100414276123047e-01 0.000000000000000000e+00 1.000000000000000000e+00 0.000000000000000000e+00
-1.924062967300415039e+00 -3.122941255569458008e-01 1.000000000000000000e+00 0.000000000000000000e+00 0.000000000000000000e+00
-1.441791057586669922e-01 1.270202875137329102e+00 1.000000000000000000e+00 0.000000000000000000e+00 0.000000000000000000e+00
5.748982354998588562e-02 2.965021431446075439e-01 0.000000000000000000e+00 1.000000000000000000e+00 0.000000000000000000e+00
1.300363659858703613e+00 -1.453050613403320312e+00 1.000000000000000000e+00 0.000000000000000000e+00 0.000000000000000000e+00
-7.708871364593505859e-01 1.163905620574951172e+00 1.000000000000000000e+00 0.000000000000000000e+00 0.000000000000000000e+00
-4.349343180656433105e-01 4.631275534629821777e-01 0.000000000000000000e+00 1.000000000000000000e+00 0.000000000000000000e+00
-8.337095379829406738e-01 4.019979834556579590e-01 1.000000000000000000e+00 0.000000000000000000e+00 0.000000000000000000e+00
6.143131107091903687e-02 5.893050432205200195e-01 1.000000000000000000e+00 0.000000000000000000e+00 0.000000000000000000e+00
-8.585600554943084717e-02 2.790442705154418945e-01 0.000000000000000000e+00 1.000000000000000000e+00 0.000000000000000000e+00
7.614521980285644531e-01 -9.446794390678405762e-01 1.000000000000000000e+00 0.000000000000000000e+00 0.000000000000000000e+00
8.260536193847656250e-01 -9.629316627979278564e-02 1.000000000000000000e+00 0.000000000000000000e+00 0.000000000000000000e+00
2.250635176897048950e-01 9.650904685258865356e-02 1.000000000000000000e+00 0.000000000000000000e+00 0.000000000000000000e+00
-8.024175167083740234e-01 7.250834703445434570e-01 1.000000000000000000e+00 0.000000000000000000e+00 0.000000000000000000e+00
-4.053251743316650391e-01 1.796143054962158203e-01 1.000000000000000000e+00 0.000000000000000000e+00 0.000000000000000000e+00
6.717604398727416992e-01 -1.921239197254180908e-01 0.000000000000000000e+00 1.000000000000000000e+00 0.000000000000000000e+00
-1.929613113403320312e+00 1.014107465744018555e+00 1.000000000000000000e+00 0.000000000000000000e+00 0.000000000000000000e+00
-5.417570099234580994e-02 1.174749016761779785e+00 1.000000000000000000e+00 0.000000000000000000e+00 0.000000000000000000e+00
-9.061118960380554199e-02 2.827086448669433594e-01 0.000000000000000000e+00 1.000000000000000000e+00 0.000000000000000000e+00
7.288440465927124023e-01 -1.350949168205261230e+00 1.000000000000000000e+00 0.000000000000000000e+00 0.000000000000000000e+00
1.686528563499450684e+00 -3.004719018936157227e-01 1.000000000000000000e+00 0.000000000000000000e+00 0.000000000000000000e+00
1.188269853591918945e+00 5.760640650987625122e-02 1.000000000000000000e+00 0.000000000000000000e+00 0.000000000000000000e+00
3.023969233036041260e-01 1.826015412807464600e-01 1.000000000000000000e+00 0.000000000000000000e+00 0.000000000000000000e+00
-2.752393949776887894e-03 4.896848797798156738e-01 1.000000000000000000e+00 0.000000000000000000e+00 0.000000000000000000e+00
-4.274646043777465820e-01 7.386755943298339844e-01 1.000000000000000000e+00 0.000000000000000000e+00 0.000000000000000000e+00
-3.224975466728210449e-01 2.851135730743408203e-01 1.000000000000000000e+00 0.000000000000000000e+00 0.000000000000000000e+00
-4.024919271469116211e-01 8.911541104316711426e-02 1.000000000000000000e+00 0.000000000000000000e+00 0.000000000000000000e+00
-4.450420141220092773e-01 -1.480686962604522705e-01 0.000000000000000000e+00 1.000000000000000000e+00 0.000000000000000000e+00
-2.271534800529479980e-01 -2.134144783020019531e+00 1.000000000000000000e+00 0.000000000000000000e+00 0.000000000000000000e+00
-7.431018352508544922e-01 1.284078717231750488e+00 1.000000000000000000e+00 0.000000000000000000e+00 0.000000000000000000e+00
8.201162815093994141e-01 -2.280552983283996582e-01 1.000000000000000000e+00 0.000000000000000000e+00 0.000000000000000000e+00
5.958204269409179688e-01 1.245736181735992432e-01 1.000000000000000000e+00 0.000000000000000000e+00 0.000000000000000000e+00
4.010825455188751221e-01 4.283813536167144775e-01 0.000000000000000000e+00 1.000000000000000000e+00 0.000000000000000000e+00
-1.702909111976623535e+00 -2.720865249633789062e+00 0.000000000000000000e+00 0.000000000000000000e+00 1.000000000000000000e+00
-4.610567986965179443e-01 1.526064991950988770e+00 0.000000000000000000e+00 0.000000000000000000e+00 1.000000000000000000e+00
-1.334983468055725098e+00 -7.809527516365051270e-01 0.000000000000000000e+00 0.000000000000000000e+00 1.000000000000000000e+00
-9.670698642730712891e-01 -5.477588772773742676e-01 0.000000000000000000e+00 0.000000000000000000e+00 1.000000000000000000e+00
-1.005917191505432129e+00 -5.759788155555725098e-01 0.000000000000000000e+00 0.000000000000000000e+00 1.000000000000000000e+00
-9.583269357681274414e-01 -4.329889416694641113e-01 0.000000000000000000e+00 0.000000000000000000e+00 1.000000000000000000e+00
-9.721012115478515625e-01 -3.844369053840637207e-01 0.000000000000000000e+00 0.000000000000000000e+00 1.000000000000000000e+00
-9.712188243865966797e-01 -3.238410353660583496e-01 0.000000000000000000e+00 0.000000000000000000e+00 1.000000000000000000e+00
-9.670068025588989258e-01 -2.832095026969909668e-01 0.000000000000000000e+00 0.000000000000000000e+00 1.000000000000000000e+00
-9.478220939636230469e-01 -2.685396075248718262e-01 0.000000000000000000e+00 0.000000000000000000e+00 1.000000000000000000e+00
-9.174970388412475586e-01 -2.795642018318176270e-01 0.000000000000000000e+00 0.000000000000000000e+00 1.000000000000000000e+00
-9.012348651885986328e-01 -2.828788757324218750e-01 0.000000000000000000e+00 0.000000000000000000e+00 1.000000000000000000e+00
-8.904874324798583984e-01 -2.877194285392761230e-01 0.000000000000000000e+00 0.000000000000000000e+00 1.000000000000000000e+00
-8.861342668533325195e-01 -2.876136302947998047e-01 0.000000000000000000e+00 0.000000000000000000e+00 1.000000000000000000e+00
-8.806684017181396484e-01 -2.811421155929565430e-01 0.000000000000000000e+00 0.000000000000000000e+00 1.000000000000000000e+00
-8.755699396133422852e-01 -2.693865895271301270e-01 0.000000000000000000e+00 0.000000000000000000e+00 1.000000000000000000e+00
-8.683005571365356445e-01 -2.593084573745727539e-01 0.000000000000000000e+00 0.000000000000000000e+00 1.000000000000000000e+00
-8.561552762985229492e-01 -2.545143365859985352e-01 0.000000000000000000e+00 0.000000000000000000e+00 1.000000000000000000e+00
-8.474739789962768555e-01 -2.519595026969909668e-01 0.000000000000000000e+00 0.000000000000000000e+00 1.000000000000000000e+00
-8.411213159561157227e-01 -2.535765767097473145e-01 0.000000000000000000e+00 0.000000000000000000e+00 1.000000000000000000e+00
-8.312414884567260742e-01 -2.592045068740844727e-01 0.000000000000000000e+00 0.000000000000000000e+00 1.000000000000000000e+00
-8.166836500167846680e-01 -2.700827121734619141e-01 0.000000000000000000e+00 0.000000000000000000e+00 1.000000000000000000e+00
-8.050404787063598633e-01 -2.757217884063720703e-01 0.000000000000000000e+00 0.000000000000000000e+00 1.000000000000000000e+00
-8.018254041671752930e-01 -2.749508619308471680e-01 0.000000000000000000e+00 0.000000000000000000e+00 1.000000000000000000e+00
-7.999165058135986328e-01 -2.750396728515625000e-01 0.000000000000000000e+00 0.000000000000000000e+00 1.000000000000000000e+00
-7.955725193023681641e-01 -2.775609493255615234e-01 0.000000000000000000e+00 0.000000000000000000e+00 1.000000000000000000e+00
-7.889248132705688477e-01 -2.798443436622619629e-01 0.000000000000000000e+00 0.000000000000000000e+00 1.000000000000000000e+00
-7.790842056274414062e-01 -2.824155092239379883e-01 0.000000000000000000e+00 0.000000000000000000e+00 1.000000000000000000e+00
-7.708977460861206055e-01 -2.867590785026550293e-01 0.000000000000000000e+00 0.000000000000000000e+00 1.000000000000000000e+00
-7.670340538024902344e-01 -2.864744663238525391e-01 0.000000000000000000e+00 0.000000000000000000e+00 1.000000000000000000e+00
-7.699730396270751953e-01 -2.827637791633605957e-01 0.000000000000000000e+00 0.000000000000000000e+00 1.000000000000000000e+00
-7.737740278244018555e-01 -2.796205282211303711e-01 0.000000000000000000e+00 0.000000000000000000e+00 1.000000000000000000e+00
-7.725727558135986328e-01 -2.815321683883666992e-01 0.000000000000000000e+00 0.000000000000000000e+00 1.000000000000000000e+00
0.000000000000000000e+00 0.000000000000000000e+00 0.000000000000000000e+00 0.000000000000000000e+00 0.000000000000000000e+00
0.000000000000000000e+00 0.000000000000000000e+00 0.000000000000000000e+00 0.000000000000000000e+00 0.000000000000000000e+00
0.000000000000000000e+00 0.000000000000000000e+00 0.000000000000000000e+00 0.000000000000000000e+00 0.000000000000000000e+00
0.000000000000000000e+00 0.000000000000000000e+00 0.000000000000000000e+00 0.000000000000000000e+00 0.000000000000000000e+00
0.000000000000000000e+00 0.000000000000000000e+00 0.000000000000000000e+00 0.000000000000000000e+00 0.000000000000000000e+00
0.000000000000000000e+00 0.000000000000000000e+00 0.000000000000000000e+00 0.000000000000000000e+00 0.000000000000000000e+00
0.000000000000000000e+00 0.000000000000000000e+00 0.000000000000000000e+00 0.000000000000000000e+00 0.000000000000000000e+00
0.000000000000000000e+00 0.000000000000000000e+00 0.000000000000000000e+00 0.000000000000000000e+00 0.000000000000000000e+00
0.000000000000000000e+00 0.000000000000000000e+00 0.000000000000000000e+00 0.000000000000000000e+00 0.000000000000000000e+00
0.000000000000000000e+00 0.000000000000000000e+00 0.000000000000000000e+00 0.000000000000000000e+00 0.000000000000000000e+00
0.000000000000000000e+00 0.000000000000000000e+00 0.000000000000000000e+00 0.000000000000000000e+00 0.000000000000000000e+00
0.000000000000000000e+00 0.000000000000000000e+00 0.000000000000000000e+00 0.000000000000000000e+00 0.000000000000000000e+00
0.000000000000000000e+00 0.000000000000000000e+00 0.000000000000000000e+00 0.000000000000000000e+00 0.000000000000000000e+00
0.000000000000000000e+00 0.000000000000000000e+00 0.000000000000000000e+00 0.000000000000000000e+00 0.000000000000000000e+00
0.000000000000000000e+00 0.000000000000000000e+00 0.000000000000000000e+00 0.000000000000000000e+00 0.000000000000000000e+00
0.000000000000000000e+00 0.000000000000000000e+00 0.000000000000000000e+00 0.000000000000000000e+00 0.000000000000000000e+00
0.000000000000000000e+00 0.000000000000000000e+00 0.000000000000000000e+00 0.000000000000000000e+00 0.000000000000000000e+00
0.000000000000000000e+00 0.000000000000000000e+00 0.000000000000000000e+00 0.000000000000000000e+00 0.000000000000000000e+00
0.000000000000000000e+00 0.000000000000000000e+00 0.000000000000000000e+00 0.000000000000000000e+00 0.000000000000000000e+00
0.000000000000000000e+00 0.000000000000000000e+00 0.000000000000000000e+00 0.000000000000000000e+00 0.000000000000000000e+00
0.000000000000000000e+00 0.000000000000000000e+00 0.000000000000000000e+00 0.000000000000000000e+00 0.000000000000000000e+00
0.000000000000000000e+00 0.000000000000000000e+00 0.000000000000000000e+00 0.000000000000000000e+00 0.000000000000000000e+00
0.000000000000000000e+00 0.000000000000000000e+00 0.000000000000000000e+00 0.000000000000000000e+00 0.000000000000000000e+00
0.000000000000000000e+00 0.000000000000000000e+00 0.000000000000000000e+00 0.000000000000000000e+00 0.000000000000000000e+00
0.000000000000000000e+00 0.000000000000000000e+00 0.000000000000000000e+00 0.000000000000000000e+00 0.000000000000000000e+00
0.000000000000000000e+00 0.000000000000000000e+00 0.000000000000000000e+00 0.000000000000000000e+00 0.000000000000000000e+00
0.000000000000000000e+00 0.000000000000000000e+00 0.000000000000000000e+00 0.000000000000000000e+00 0.000000000000000000e+00
0.000000000000000000e+00 0.000000000000000000e+00 0.000000000000000000e+00 0.000000000000000000e+00 0.000000000000000000e+00
0.000000000000000000e+00 0.000000000000000000e+00 0.000000000000000000e+00 0.000000000000000000e+00 0.000000000000000000e+00
0.000000000000000000e+00 0.000000000000000000e+00 0.000000000000000000e+00 0.000000000000000000e+00 0.000000000000000000e+00
0.000000000000000000e+00 0.000000000000000000e+00 0.000000000000000000e+00 0.000000000000000000e+00 0.000000000000000000e+00
0.000000000000000000e+00 0.000000000000000000e+00 0.000000000000000000e+00 0.000000000000000000e+00 0.000000000000000000e+00
0.000000000000000000e+00 0.000000000000000000e+00 0.000000000000000000e+00 0.000000000000000000e+00 0.000000000000000000e+00
0.000000000000000000e+00 0.000000000000000000e+00 0.000000000000000000e+00 0.000000000000000000e+00 0.000000000000000000e+00
0.000000000000000000e+00 0.000000000000000000e+00 0.000000000000000000e+00 0.000000000000000000e+00 0.000000000000000000e+00
0.000000000000000000e+00 0.000000000000000000e+00 0.000000000000000000e+00 0.000000000000000000e+00 0.000000000000000000e+00
0.000000000000000000e+00 0.000000000000000000e+00 0.000000000000000000e+00 0.000000000000000000e+00 0.000000000000000000e+00
0.000000000000000000e+00 0.000000000000000000e+00 0.000000000000000000e+00 0.000000000000000000e+00 0.000000000000000000e+00
0.000000000000000000e+00 0.000000000000000000e+00 0.000000000000000000e+00 0.000000000000000000e+00 0.000000000000000000e+00
0.000000000000000000e+00 0.000000000000000000e+00 0.000000000000000000e+00 0.000000000000000000e+00 0.000000000000000000e+00
0.000000000000000000e+00 0.000000000000000000e+00 0.000000000000000000e+00 0.000000000000000000e+00 0.000000000000000000e+00
0.000000000000000000e+00 0.000000000000000000e+00 0.000000000000000000e+00 0.000000000000000000e+00 0.000000000000000000e+00
0.000000000000000000e+00 0.000000000000000000e+00 0.000000000000000000e+00 0.000000000000000000e+00 0.000000000000000000e+00
0.000000000000000000e+00 0.000000000000000000e+00 0.000000000000000000e+00 0.000000000000000000e+00 0.000000000000000000e+00
0.000000000000000000e+00 0.000000000000000000e+00 0.000000000000000000e+00 0.000000000000000000e+00 0.000000000000000000e+00
0.000000000000000000e+00 0.000000000000000000e+00 0.000000000000000000e+00 0.000000000000000000e+00 0.000000000000000000e+00
0.000000000000000000e+00 0.000000000000000000e+00 0.000000000000000000e+00 0.000000000000000000e+00 0.000000000000000000e+00
0.000000000000000000e+00 0.000000000000000000e+00 0.000000000000000000e+00 0.000000000000000000e+00 0.000000000000000000e+00
0.000000000000000000e+00 0.000000000000000000e+00 0.000000000000000000e+00 0.000000000000000000e+00 0.000000000000000000e+00
0.000000000000000000e+00 0.000000000000000000e+00 0.000000000000000000e+00 0.000000000000000000e+00 0.000000000000000000e+00
0.000000000000000000e+00 0.000000000000000000e+00 0.000000000000000000e+00 0.000000000000000000e+00 0.000000000000000000e+00
0.000000000000000000e+00 0.000000000000000000e+00 0.000000000000000000e+00 0.000000000000000000e+00 0.000000000000000000e+00
0.000000000000000000e+00 0.000000000000000000e+00 0.000000000000000000e+00 0.000000000000000000e+00 0.000000000000000000e+00
