0.000000000000000000e+00 0.000000000000000000e+00 1.000000000000000000e+00 0.000000000000000000e+00 0.000000000000000000e+00
1.696574568748474121e+00 -3.014940023422241211e-01 1.000000000000000000e+00 0.000000000000000000e+00 0.000000000000000000e+00
1.409856319427490234e+00 -4.693163037300109863e-01 1.000000000000000000e+00 0.000000000000000000e+00 0.000000000000000000e+00
-1.419433057308197021e-01 4.830374568700790405e-02 0.000000000000000000e+00 1.000000000000000000e+00 0.000000000000000000e+00
-1.693480491638183594e+00 -2.314806878566741943e-01 1.000000000000000000e+00 0.000000000000000000e+00 0.000000000000000000e+00
-8.288294821977615356e-02 1.128673553466796875e+00 1.000000000000000000e+00 0.000000000000000000e+00 0.000000000000000000e+00
5.777512490749359131e-02 2.394029200077056885e-01 0.000000000000000000e+00 1.000000000000000000e+00 0.000000000000000000e+00
1.115367174148559570e+00 -1.342075467109680176e+00 1.000000000000000000e+00 0.000000000000000000e+00 0.000000000000000000e+00
-3.073895573616027832e-01 1.091553926467895508e+00 1.000000000000000000e+00 0.000000000000000000e+00 0.000000000000000000e+00
-1.958725303411483765e-01 3.547393381595611572e-01 0.000000000000000000e+00 1.000000000000000000e+00 0.000000000000000000e+00
-2.142449021339416504e-01 -1.606407165527343750e-01 1.000000000000000000e+00 0.000000000000000000e+00 0.000000000000000000e+00
1.052225828170776367e-01 2.955366671085357666e-01 1.000000000000000000e+00 0.000000000000000000e+00 0.000000000000000000e+00
-5.689882114529609680e-02 2.049265950918197632e-01 0.000000000000000000e+00 1.000000000000000000e+00 0.000000000000000000e+00
-1.205503940582275391e+00 5.194166302680969238e-01 1.000000000000000000e+00 0.000000000000000000e+00 0.000000000000000000e+00
1.442268013954162598e+00 -2.529477179050445557e-01 1.000000000000000000e+00 0.000000000000000000e+00 0.000000000000000000e+00
1.125042796134948730e+00 -4.036250412464141846e-01 0.000000000000000000e+00 1.000000000000000000e+00 0.000000000000000000e+00
-1.805184602737426758e+00 6.745270490646362305e-01 1.000000000000000000e+00 0.000000000000000000e+00 0.000000000000000000e+00
-3.389587998390197754e-01 1.483546972274780273e+00 1.000000000000000000e+00 0.000000000000000000e+00 0.000000000000000000e+00
-5.209139585494995117e-01 1.148474216461181641e+00 1.000000000000000000e+00 0.000000000000000000e+00 0.000000000000000000e+00
-3.010136485099792480e-01 3.652033209800720215e-01 1.000000000000000000e+00 0.000000000000000000e+00 0.000000000000000000e+00
-2.999987602233886719e-01 1.731714159250259399e-01 0.000000000000000000e+00 1.000000000000000000e+00 0.000000000000000000e+00
1.823982149362564087e-01 -2.242333889007568359e+00 1.000000000000000000e+00 0.000000000000000000e+00 0.000000000000000000e+00
3.339669406414031982e-01 3.800146281719207764e-02 1.000000000000000000e+00 0.000000000000000000e+00 0.000000000000000000e+00
5.507747083902359009e-02 9.297020733356475830e-02 0.000000000000000000e+00 1.000000000000000000e+00 0.000000000000000000e+00
-3.452749252319335938e-01 5.204887390136718750e-01 1.000000000000000000e+00 0.000000000000000000e+00 0.000000000000000000e+00
6.735800504684448242e-01 -3.152659535408020020e-01 1.000000000000000000e+00 0.000000000000000000e+00 0.000000000000000000e+00
3.866292834281921387e-01 -3.121854066848754883e-01 0.000000000000000000e+00 1.000000000000000000e+00 0.000000000000000000e+00
1.282369971275329590e+00 -9.066463708877563477e-01 1.000000000000000000e+00 0.000000000000000000e+00 0.000000000000000000e+00
-6.774467229843139648e-01 1.027881860733032227e+00 1.000000000000000000e+00 0.000000000000000000e+00 0.000000000000000000e+00
-3.401392996311187744e-01 3.297778069972991943e-01 0.000000000000000000e+00 1.000000000000000000e+00 0.000000000000000000e+00
7.917400598526000977e-01 -6.598590016365051270e-01 1.000000000000000000e+00 0.000000000000000000e+00 0.000000000000000000e+00
8.097933530807495117e-01 -1.925631910562515259e-01 1.000000000000000000e+00 0.000000000000000000e+00 0.000000000000000000e+00
-6.160770729184150696e-02 7.889579981565475464e-02 0.000000000000000000e+00 1.000000000000000000e+00 0.000000000000000000e+00
-1.194960594177246094e+00 1.008691430091857910e+00 1.000000000000000000e+00 0.000000000000000000e+00 0.000000000000000000e+00
9.421139955520629883e-01 -2.066944241523742676e-01 1.000000000000000000e+00 0.000000000000000000e+00 0.000000000000000000e+00
4.902113378047943115e-01 -2.395710051059722900e-01 0.000000000000000000e+00 1.000000000000000000e+00 0.000000000000000000e+00
-3.115051984786987305e-01 -1.334339976310729980e-01 1.000000000000000000e+00 0.000000000000000000e+00 0.000000000000000000e+00
-8.536247014999389648e-01 1.244957208633422852e+00 1.000000000000000000e+00 0.000000000000000000e+00 0.000000000000000000e+00
-3.324169218540191650e-01 2.708257138729095459e-01 0.000000000000000000e+00 1.000000000000000000e+00 0.000000000000000000e+00
8.233880996704101562e-01 -5.149801373481750488e-01 1.000000000000000000e+00 0.000000000000000000e+00 0.000000000000000000e+00
1.117269039154052734e+00 5.657136440277099609e-01 1.000000000000000000e+00 0.000000000000000000e+00 0.000000000000000000e+00
6.229602098464965820e-01 1.237967312335968018e-01 1.000000000000000000e+00 0.000000000000000000e+00 0.000000000000000000e+00
7.106980085372924805e-01 -4.724995791912078857e-02 0.000000000000000000e+00 1.000000000000000000e+00 0.000000000000000000e+00
-2.793690443038940430e+00 -2.895922422409057617e+00 0.000000000000000000e+00 0.000000000000000000e+00 1.000000000000000000e+00
4.739921391010284424e-01 8.388870954513549805e-01 0.000000000000000000e+00 0.000000000000000000e+00 1.000000000000000000e+00
-1.759443044662475586e+00 -1.248801946640014648e-01 0.000000000000000000e+00 0.000000000000000000e+00 1.000000000000000000e+00
-9.410250186920166016e-01 -3.440514206886291504e-01 0.000000000000000000e+00 0.000000000000000000e+00 1.000000000000000000e+00
-1.164791464805603027e+00 -5.326388478279113770e-01 0.000000000000000000e+00 0.000000000000000000e+00 1.000000000000000000e+00
-1.030195951461791992e+00 -3.940868973731994629e-01 0.000000000000000000e+00 0.000000000000000000e+00 1.000000000000000000e+00
-1.064016580581665039e+00 -3.534842133522033691e-01 0.000000000000000000e+00 0.000000000000000000e+00 1.000000000000000000e+00
-1.038031935691833496e+00 -2.585514783859252930e-01 0.000000000000000000e+00 0.000000000000000000e+00 1.000000000000000000e+00
-1.042116761207580566e+00 -1.984823346138000488e-01 0.000000000000000000e+00 0.000000000000000000e+00 1.000000000000000000e+00
-1.035261631011962891e+00 -1.572929620742797852e-01 0.000000000000000000e+00 0.000000000000000000e+00 1.000000000000000000e+00
-1.020595431327819824e+00 -2.278306484222412109e-01 0.000000000000000000e+00 0.000000000000000000e+00 1.000000000000000000e+00
-9.927864074707031250e-01 -2.639896869659423828e-01 0.000000000000000000e+00 0.000000000000000000e+00 1.000000000000000000e+00
-9.801547527313232422e-01 -2.751669883728027344e-01 0.000000000000000000e+00 0.000000000000000000e+00 1.000000000000000000e+00
-9.711216688156127930e-01 -2.701010704040527344e-01 0.000000000000000000e+00 0.000000000000000000e+00 1.000000000000000000e+00
-9.644615650177001953e-01 -2.591750621795654297e-01 0.000000000000000000e+00 0.000000000000000000e+00 1.000000000000000000e+00
-9.585813283920288086e-01 -2.458611130714416504e-01 0.000000000000000000e+00 0.000000000000000000e+00 1.000000000000000000e+00
-9.503564834594726562e-01 -2.439439296722412109e-01 0.000000000000000000e+00 0.000000000000000000e+00 1.000000000000000000e+00
-9.369736909866333008e-01 -2.580506801605224609e-01 0.000000000000000000e+00 0.000000000000000000e+00 1.000000000000000000e+00
-9.219619035720825195e-01 -2.632676362991333008e-01 0.000000000000000000e+00 0.000000000000000000e+00 1.000000000000000000e+00
-9.109138250350952148e-01 -2.628021836280822754e-01 0.000000000000000000e+00 0.000000000000000000e+00 1.000000000000000000e+00
-9.046739339828491211e-01 -2.575029730796813965e-01 0.000000000000000000e+00 0.000000000000000000e+00 1.000000000000000000e+00
-9.023389816284179688e-01 -2.532662749290466309e-01 0.000000000000000000e+00 0.000000000000000000e+00 1.000000000000000000e+00
-9.011610746383666992e-01 -2.539939284324645996e-01 0.000000000000000000e+00 0.000000000000000000e+00 1.000000000000000000e+00
-8.984925746917724609e-01 -2.591123580932617188e-01 0.000000000000000000e+00 0.000000000000000000e+00 1.000000000000000000e+00
-8.918962478637695312e-01 -2.671331167221069336e-01 0.000000000000000000e+00 0.000000000000000000e+00 1.000000000000000000e+00
-8.848474025726318359e-01 -2.713078260421752930e-01 0.000000000000000000e+00 0.000000000000000000e+00 1.000000000000000000e+00
-8.786435127258300781e-01 -2.712802886962890625e-01 0.000000000000000000e+00 0.000000000000000000e+00 1.000000000000000000e+00
-8.730438947677612305e-01 -2.710760235786437988e-01 0.000000000000000000e+00 0.000000000000000000e+00 1.000000000000000000e+00
0.000000000000000000e+00 0.000000000000000000e+00 0.000000000000000000e+00 0.000000000000000000e+00 0.000000000000000000e+00
0.000000000000000000e+00 0.000000000000000000e+00 0.000000000000000000e+00 0.000000000000000000e+00 0.000000000000000000e+00
0.000000000000000000e+00 0.000000000000000000e+00 0.000000000000000000e+00 0.000000000000000000e+00 0.000000000000000000e+00
0.000000000000000000e+00 0.000000000000000000e+00 0.000000000000000000e+00 0.000000000000000000e+00 0.000000000000000000e+00
0.000000000000000000e+00 0.000000000000000000e+00 0.000000000000000000e+00 0.000000000000000000e+00 0.000000000000000000e+00
0.000000000000000000e+00 0.000000000000000000e+00 0.000000000000000000e+00 0.000000000000000000e+00 0.000000000000000000e+00
0.000000000000000000e+00 0.000000000000000000e+00 0.000000000000000000e+00 0.000000000000000000e+00 0.000000000000000000e+00
0.000000000000000000e+00 0.000000000000000000e+00 0.000000000000000000e+00 0.000000000000000000e+00 0.000000000000000000e+00
0.000000000000000000e+00 0.000000000000000000e+00 0.000000000000000000e+00 0.000000000000000000e+00 0.000000000000000000e+00
0.000000000000000000e+00 0.000000000000000000e+00 0.000000000000000000e+00 0.000000000000000000e+00 0.000000000000000000e+00
0.000000000000000000e+00 0.000000000000000000e+00 0.000000000000000000e+00 0.000000000000000000e+00 0.000000000000000000e+00
0.000000000000000000e+00 0.000000000000000000e+00 0.000000000000000000e+00 0.000000000000000000e+00 0.000000000000000000e+00
0.000000000000000000e+00 0.000000000000000000e+00 0.000000000000000000e+00 0.000000000000000000e+00 0.000000000000000000e+00
0.000000000000000000e+00 0.000000000000000000e+00 0.000000000000000000e+00 0.000000000000000000e+00 0.000000000000000000e+00
0.000000000000000000e+00 0.000000000000000000e+00 0.000000000000000000e+00 0.000000000000000000e+00 0.000000000000000000e+00
0.000000000000000000e+00 0.000000000000000000e+00 0.000000000000000000e+00 0.000000000000000000e+00 0.000000000000000000e+00
0.000000000000000000e+00 0.000000000000000000e+00 0.000000000000000000e+00 0.000000000000000000e+00 0.000000000000000000e+00
0.000000000000000000e+00 0.000000000000000000e+00 0.000000000000000000e+00 0.000000000000000000e+00 0.000000000000000000e+00
0.000000000000000000e+00 0.000000000000000000e+00 0.000000000000000000e+00 0.000000000000000000e+00 0.000000000000000000e+00
0.000000000000000000e+00 0.000000000000000000e+00 0.000000000000000000e+00 0.000000000000000000e+00 0.000000000000000000e+00
0.000000000000000000e+00 0.000000000000000000e+00 0.000000000000000000e+00 0.000000000000000000e+00 0.000000000000000000e+00
0.000000000000000000e+00 0.000000000000000000e+00 0.000000000000000000e+00 0.000000000000000000e+00 0.000000000000000000e+00
0.000000000000000000e+00 0.000000000000000000e+00 0.000000000000000000e+00 0.000000000000000000e+00 0.000000000000000000e+00
0.000000000000000000e+00 0.000000000000000000e+00 0.000000000000000000e+00 0.000000000000000000e+00 0.000000000000000000e+00
0.000000000000000000e+00 0.000000000000000000e+00 0.000000000000000000e+00 0.000000000000000000e+00 0.000000000000000000e+00
0.000000000000000000e+00 0.000000000000000000e+00 0.000000000000000000e+00 0.000000000000000000e+00 0.000000000000000000e+00
0.000000000000000000e+00 0.000000000000000000e+00 0.000000000000000000e+00 0.000000000000000000e+00 0.000000000000000000e+00
0.000000000000000000e+00 0.000000000000000000e+00 0.000000000000000000e+00 0.000000000000000000e+00 0.000000000000000000e+00
0.000000000000000000e+00 0.000000000000000000e+00 0.000000000000000000e+00 0.000000000000000000e+00 0.000000000000000000e+00
0.000000000000000000e+00 0.000000000000000000e+00 0.000000000000000000e+00 0.000000000000000000e+00 0.000000000000000000e+00
0.000000000000000000e+00 0.000000000000000000e+00 0.000000000000000000e+00 0.000000000000000000e+00 0.000000000000000000e+00
0.000000000000000000e+00 0.000000000000000000e+00 0.000000000000000000e+00 0.000000000000000000e+00 0.000000000000000000e+00
0.000000000000000000e+00 0.000000000000000000e+00 0.000000000000000000e+00 0.000000000000000000e+00 0.000000000000000000e+00
0.000000000000000000e+00 0.000000000000000000e+00 0.000000000000000000e+00 0.000000000000000000e+00 0.000000000000000000e+00
0.000000000000000000e+00 0.000000000000000000e+00 0.000000000000000000e+00 0.000000000000000000e+00 0.000000000000000000e+00
0.000000000000000000e+00 0.000000000000000000e+00 0.000000000000000000e+00 0.000000000000000000e+00 0.000000000000000000e+00
0.000000000000000000e+00 0.000000000000000000e+00 0.000000000000000000e+00 0.000000000000000000e+00 0.000000000000000000e+00
0.000000000000000000e+00 0.000000000000000000e+00 0.000000000000000000e+00 0.000000000000000000e+00 0.000000000000000000e+00
0.000000000000000000e+00 0.000000000000000000e+00 0.000000000000000000e+00 0.000000000000000000e+00 0.000000000000000000e+00
0.000000000000000000e+00 0.000000000000000000e+00 0.000000000000000000e+00 0.000000000000000000e+00 0.000000000000000000e+00
0.000000000000000000e+00 0.000000000000000000e+00 0.000000000000000000e+00 0.000000000000000000e+00 0.000000000000000000e+00
0.000000000000000000e+00 0.000000000000000000e+00 0.000000000000000000e+00 0.000000000000000000e+00 0.000000000000000000e+00
0.000000000000000000e+00 0.000000000000000000e+00 0.000000000000000000e+00 0.000000000000000000e+00 0.000000000000000000e+00
0.000000000000000000e+00 0.000000000000000000e+00 0.000000000000000000e+00 0.000000000000000000e+00 0.000000000000000000e+00
0.000000000000000000e+00 0.000000000000000000e+00 0.000000000000000000e+00 0.000000000000000000e+00 0.000000000000000000e+00
0.000000000000000000e+00 0.000000000000000000e+00 0.000000000000000000e+00 0.000000000000000000e+00 0.000000000000000000e+00
0.000000000000000000e+00 0.000000000000000000e+00 0.000000000000000000e+00 0.000000000000000000e+00 0.000000000000000000e+00
0.000000000000000000e+00 0.000000000000000000e+00 0.000000000000000000e+00 0.000000000000000000e+00 0.000000000000000000e+00
0.000000000000000000e+00 0.000000000000000000e+00 0.000000000000000000e+00 0.000000000000000000e+00 0.000000000000000000e+00
0.000000000000000000e+00 0.000000000000000000e+00 0.000000000000000000e+00 0.000000000000000000e+00 0.000000000000000000e+00
