0.000000000000000000e+00 0.000000000000000000e+00 1.000000000000000000e+00 0.000000000000000000e+00 0.000000000000000000e+00
2.064263343811035156e+00 -3.622104823589324951e-01 1.000000000000000000e+00 0.000000000000000000e+00 0.000000000000000000e+00
1.646166801452636719e+00 -5.512045025825500488e-01 1.000000000000000000e+00 0.000000000000000000e+00 0.000000000000000000e+00
-1.615910530090332031e-01 4.857967421412467957e-02 0.000000000000000000e+00 1.000000000000000000e+00 0.000000000000000000e+00
-2.004203796386718750e+00 -3.273413777351379395e-01 1.000000000000000000e+00 0.000000000000000000e+00 0.000000000000000000e+00
-9.325651824474334717e-02 1.348525524139404297e+00 1.000000000000000000e+00 0.000000000000000000e+00 0.000000000000000000e+00
6.835566461086273193e-02 2.961143255233764648e-01 0.000000000000000000e+00 1.000000000000000000e+00 0.000000000000000000e+00
1.360049605369567871e+00 -1.645915508270263672e+00 1.000000000000000000e+00 0.000000000000000000e+00 0.000000000000000000e+00
-2.923031151294708252e-01 1.213771581649780273e+00 1.000000000000000000e+00 0.000000000000000000e+00 0.000000000000000000e+00
-2.047239989042282104e-01 3.883662223815917969e-01 0.000000000000000000e+00 1.000000000000000000e+00 0.000000000000000000e+00
-2.638841271400451660e-01 -2.589340507984161377e-01 1.000000000000000000e+00 0.000000000000000000e+00 0.000000000000000000e+00
9.316668659448623657e-02 3.145467042922973633e-01 1.000000000000000000e+00 0.000000000000000000e+00 0.000000000000000000e+00
-7.585445046424865723e-02 2.122361063957214355e-01 0.000000000000000000e+00 1.000000000000000000e+00 0.000000000000000000e+00
-8.882931470870971680e-01 3.947550058364868164e-01 1.000000000000000000e+00 0.000000000000000000e+00 0.000000000000000000e+00
1.156955599784851074e+00 -1.653559207916259766e-01 1.000000000000000000e+00 0.000000000000000000e+00 0.000000000000000000e+00
-1.242404103279113770e+00 1.115514278411865234e+00 1.000000000000000000e+00 0.000000000000000000e+00 0.000000000000000000e+00
1.042484164237976074e+00 -2.223328948020935059e-01 1.000000000000000000e+00 0.000000000000000000e+00 0.000000000000000000e+00
-1.122579574584960938e+00 1.009484291076660156e+00 1.000000000000000000e+00 0.000000000000000000e+00 0.000000000000000000e+00
1.172944307327270508e+00 -2.994033694267272949e-01 1.000000000000000000e+00 0.000000000000000000e+00 0.000000000000000000e+00
6.169074773788452148e-01 -3.223487138748168945e-01 1.000000000000000000e+00 0.000000000000000000e+00 0.000000000000000000e+00
1.471795141696929932e-03 4.965737462043762207e-01 1.000000000000000000e+00 0.000000000000000000e+00 0.000000000000000000e+00
-1.398469358682632446e-01 2.466943860054016113e-01 0.000000000000000000e+00 1.000000000000000000e+00 0.000000000000000000e+00
-2.266817331314086914e+00 7.335282564163208008e-01 1.000000000000000000e+00 0.000000000000000000e+00 0.000000000000000000e+00
1.168547943234443665e-01 1.093218326568603516e+00 1.000000000000000000e+00 0.000000000000000000e+00 0.000000000000000000e+00
-6.456669420003890991e-02 2.436174452304840088e-01 0.000000000000000000e+00 1.000000000000000000e+00 0.000000000000000000e+00
6.423205137252807617e-01 -1.501672267913818359e+00 1.000000000000000000e+00 0.000000000000000000e+00 0.000000000000000000e+00
1.748507380485534668e+00 -3.141245245933532715e-01 1.000000000000000000e+00 0.000000000000000000e+00 0.000000000000000000e+00
1.102596163749694824e+00 6.054862216114997864e-02 1.000000000000000000e+00 0.000000000000000000e+00 0.000000000000000000e+00
8.589369803667068481e-02 4.113319814205169678e-01 1.000000000000000000e+00 0.000000000000000000e+00 0.000000000000000000e+00
-2.157008498907089233e-01 6.945759057998657227e-01 1.000000000000000000e+00 0.000000000000000000e+00 0.000000000000000000e+00
-4.711050391197204590e-01 5.836408138275146484e-01 1.000000000000000000e+00 0.000000000000000000e+00 0.000000000000000000e+00
-3.810461163520812988e-01 2.003469616174697876e-01 0.000000000000000000e+00 1.000000000000000000e+00 0.000000000000000000e+00
-1.301076292991638184e+00 -8.628638386726379395e-01 1.000000000000000000e+00 0.000000000000000000e+00 0.000000000000000000e+00
7.586953043937683105e-01 -1.721055805683135986e-01 1.000000000000000000e+00 0.000000000000000000e+00 0.000000000000000000e+00
3.829151093959808350e-01 -2.485353052616119385e-01 0.000000000000000000e+00 1.000000000000000000e+00 0.000000000000000000e+00
-4.711005389690399170e-01 -7.687998563051223755e-02 1.000000000000000000e+00 0.000000000000000000e+00 0.000000000000000000e+00
-3.087920546531677246e-01 9.465107917785644531e-01 1.000000000000000000e+00 0.000000000000000000e+00 0.000000000000000000e+00
-2.525012195110321045e-01 2.954712510108947754e-01 1.000000000000000000e+00 0.000000000000000000e+00 0.000000000000000000e+00
9.778889417648315430e-01 -2.234308123588562012e-01 1.000000000000000000e+00 0.000000000000000000e+00 0.000000000000000000e+00
9.162740707397460938e-01 1.178047060966491699e-02 0.000000000000000000e+00 1.000000000000000000e+00 0.000000000000000000e+00
-2.022724151611328125e+00 -2.863246440887451172e+00 0.000000000000000000e+00 0.000000000000000000e+00 1.000000000000000000e+00
-2.573599517345428467e-01 1.636195659637451172e+00 0.000000000000000000e+00 0.000000000000000000e+00 1.000000000000000000e+00
-1.768507003784179688e+00 -4.800702929496765137e-01 0.000000000000000000e+00 0.000000000000000000e+00 1.000000000000000000e+00
-1.036702632904052734e+00 -2.922757863998413086e-01 0.000000000000000000e+00 0.000000000000000000e+00 1.000000000000000000e+00
-1.284444093704223633e+00 -6.206734776496887207e-01 0.000000000000000000e+00 0.000000000000000000e+00 1.000000000000000000e+00
-1.081829905509948730e+00 -3.483187556266784668e-01 0.000000000000000000e+00 0.000000000000000000e+00 1.000000000000000000e+00
-1.132744431495666504e+00 -4.190253615379333496e-01 0.000000000000000000e+00 0.000000000000000000e+00 1.000000000000000000e+00
-1.081284165382385254e+00 -3.199355006217956543e-01 0.000000000000000000e+00 0.000000000000000000e+00 1.000000000000000000e+00
-1.093429923057556152e+00 -2.598493099212646484e-01 0.000000000000000000e+00 0.000000000000000000e+00 1.000000000000000000e+00
-1.079321265220642090e+00 -1.856817603111267090e-01 0.000000000000000000e+00 0.000000000000000000e+00 1.000000000000000000e+00
-1.075741052627563477e+00 -1.378634572029113770e-01 0.000000000000000000e+00 0.000000000000000000e+00 1.000000000000000000e+00
-1.065477848052978516e+00 -1.195619702339172363e-01 0.000000000000000000e+00 0.000000000000000000e+00 1.000000000000000000e+00
-1.054949283599853516e+00 -1.319574117660522461e-01 0.000000000000000000e+00 0.000000000000000000e+00 1.000000000000000000e+00
-1.045597195625305176e+00 -1.476213335990905762e-01 0.000000000000000000e+00 0.000000000000000000e+00 1.000000000000000000e+00
-1.038091778755187988e+00 -1.628161072731018066e-01 0.000000000000000000e+00 0.000000000000000000e+00 1.000000000000000000e+00
-1.028360486030578613e+00 -1.706771850585937500e-01 0.000000000000000000e+00 0.000000000000000000e+00 1.000000000000000000e+00
-1.013497114181518555e+00 -1.795588135719299316e-01 0.000000000000000000e+00 0.000000000000000000e+00 1.000000000000000000e+00
-9.947969913482666016e-01 -1.939325928688049316e-01 0.000000000000000000e+00 0.000000000000000000e+00 1.000000000000000000e+00
-9.820322990417480469e-01 -1.993907690048217773e-01 0.000000000000000000e+00 0.000000000000000000e+00 1.000000000000000000e+00
-9.756640195846557617e-01 -1.961923241615295410e-01 0.000000000000000000e+00 0.000000000000000000e+00 1.000000000000000000e+00
-9.698895215988159180e-01 -1.927581429481506348e-01 0.000000000000000000e+00 0.000000000000000000e+00 1.000000000000000000e+00
-9.609470367431640625e-01 -1.934943199157714844e-01 0.000000000000000000e+00 0.000000000000000000e+00 1.000000000000000000e+00
-9.521352052688598633e-01 -1.933234930038452148e-01 0.000000000000000000e+00 0.000000000000000000e+00 1.000000000000000000e+00
-9.412415027618408203e-01 -1.961588263511657715e-01 0.000000000000000000e+00 0.000000000000000000e+00 1.000000000000000000e+00
-9.293067455291748047e-01 -2.053428888320922852e-01 0.000000000000000000e+00 0.000000000000000000e+00 1.000000000000000000e+00
-9.200911521911621094e-01 -2.141287922859191895e-01 0.000000000000000000e+00 0.000000000000000000e+00 1.000000000000000000e+00
-9.155511856079101562e-01 -2.186657786369323730e-01 0.000000000000000000e+00 0.000000000000000000e+00 1.000000000000000000e+00
-9.124836921691894531e-01 -2.206333875656127930e-01 0.000000000000000000e+00 0.000000000000000000e+00 1.000000000000000000e+00
-9.077482223510742188e-01 -2.211923599243164062e-01 0.000000000000000000e+00 0.000000000000000000e+00 1.000000000000000000e+00
-9.010392427444458008e-01 -2.203995585441589355e-01 0.000000000000000000e+00 0.000000000000000000e+00 1.000000000000000000e+00
-8.947021961212158203e-01 -2.183723449707031250e-01 0.000000000000000000e+00 0.000000000000000000e+00 1.000000000000000000e+00
-8.913341760635375977e-01 -2.157279849052429199e-01 0.000000000000000000e+00 0.000000000000000000e+00 1.000000000000000000e+00
-8.893644809722900391e-01 -2.169653177261352539e-01 0.000000000000000000e+00 0.000000000000000000e+00 1.000000000000000000e+00
0.000000000000000000e+00 0.000000000000000000e+00 0.000000000000000000e+00 0.000000000000000000e+00 0.000000000000000000e+00
0.000000000000000000e+00 0.000000000000000000e+00 0.000000000000000000e+00 0.000000000000000000e+00 0.000000000000000000e+00
0.000000000000000000e+00 0.000000000000000000e+00 0.000000000000000000e+00 0.000000000000000000e+00 0.000000000000000000e+00
0.000000000000000000e+00 0.000000000000000000e+00 0.000000000000000000e+00 0.000000000000000000e+00 0.000000000000000000e+00
0.000000000000000000e+00 0.000000000000000000e+00 0.000000000000000000e+00 0.000000000000000000e+00 0.000000000000000000e+00
0.000000000000000000e+00 0.000000000000000000e+00 0.000000000000000000e+00 0.000000000000000000e+00 0.000000000000000000e+00
0.000000000000000000e+00 0.000000000000000000e+00 0.000000000000000000e+00 0.000000000000000000e+00 0.000000000000000000e+00
0.000000000000000000e+00 0.000000000000000000e+00 0.000000000000000000e+00 0.000000000000000000e+00 0.000000000000000000e+00
0.000000000000000000e+00 0.000000000000000000e+00 0.000000000000000000e+00 0.000000000000000000e+00 0.000000000000000000e+00
0.000000000000000000e+00 0.000000000000000000e+00 0.000000000000000000e+00 0.000000000000000000e+00 0.000000000000000000e+00
0.000000000000000000e+00 0.000000000000000000e+00 0.000000000000000000e+00 0.000000000000000000e+00 0.000000000000000000e+00
0.000000000000000000e+00 0.000000000000000000e+00 0.000000000000000000e+00 0.000000000000000000e+00 0.000000000000000000e+00
0.000000000000000000e+00 0.000000000000000000e+00 0.000000000000000000e+00 0.000000000000000000e+00 0.000000000000000000e+00
0.000000000000000000e+00 0.000000000000000000e+00 0.000000000000000000e+00 0.000000000000000000e+00 0.000000000000000000e+00
0.000000000000000000e+00 0.000000000000000000e+00 0.000000000000000000e+00 0.000000000000000000e+00 0.000000000000000000e+00
0.000000000000000000e+00 0.000000000000000000e+00 0.000000000000000000e+00 0.000000000000000000e+00 0.000000000000000000e+00
0.000000000000000000e+00 0.000000000000000000e+00 0.000000000000000000e+00 0.000000000000000000e+00 0.000000000000000000e+00
0.000000000000000000e+00 0.000000000000000000e+00 0.000000000000000000e+00 0.000000000000000000e+00 0.000000000000000000e+00
0.000000000000000000e+00 0.000000000000000000e+00 0.000000000000000000e+00 0.000000000000000000e+00 0.000000000000000000e+00
0.000000000000000000e+00 0.000000000000000000e+00 0.000000000000000000e+00 0.000000000000000000e+00 0.000000000000000000e+00
0.000000000000000000e+00 0.000000000000000000e+00 0.000000000000000000e+00 0.000000000000000000e+00 0.000000000000000000e+00
0.000000000000000000e+00 0.000000000000000000e+00 0.000000000000000000e+00 0.000000000000000000e+00 0.000000000000000000e+00
0.000000000000000000e+00 0.000000000000000000e+00 0.000000000000000000e+00 0.000000000000000000e+00 0.000000000000000000e+00
0.000000000000000000e+00 0.000000000000000000e+00 0.000000000000000000e+00 0.000000000000000000e+00 0.000000000000000000e+00
0.000000000000000000e+00 0.000000000000000000e+00 0.000000000000000000e+00 0.000000000000000000e+00 0.000000000000000000e+00
0.000000000000000000e+00 0.000000000000000000e+00 0.000000000000000000e+00 0.000000000000000000e+00 0.000000000000000000e+00
0.000000000000000000e+00 0.000000000000000000e+00 0.000000000000000000e+00 0.000000000000000000e+00 0.000000000000000000e+00
0.000000000000000000e+00 0.000000000000000000e+00 0.000000000000000000e+00 0.000000000000000000e+00 0.000000000000000000e+00
0.000000000000000000e+00 0.000000000000000000e+00 0.000000000000000000e+00 0.000000000000000000e+00 0.000000000000000000e+00
0.000000000000000000e+00 0.000000000000000000e+00 0.000000000000000000e+00 0.000000000000000000e+00 0.000000000000000000e+00
0.000000000000000000e+00 0.000000000000000000e+00 0.000000000000000000e+00 0.000000000000000000e+00 0.000000000000000000e+00
0.000000000000000000e+00 0.000000000000000000e+00 0.000000000000000000e+00 0.000000000000000000e+00 0.000000000000000000e+00
0.000000000000000000e+00 0.000000000000000000e+00 0.000000000000000000e+00 0.000000000000000000e+00 0.000000000000000000e+00
0.000000000000000000e+00 0.000000000000000000e+00 0.000000000000000000e+00 0.000000000000000000e+00 0.000000000000000000e+00
0.000000000000000000e+00 0.000000000000000000e+00 0.000000000000000000e+00 0.000000000000000000e+00 0.000000000000000000e+00
0.000000000000000000e+00 0.000000000000000000e+00 0.000000000000000000e+00 0.000000000000000000e+00 0.000000000000000000e+00
0.000000000000000000e+00 0.000000000000000000e+00 0.000000000000000000e+00 0.000000000000000000e+00 0.000000000000000000e+00
0.000000000000000000e+00 0.000000000000000000e+00 0.000000000000000000e+00 0.000000000000000000e+00 0.000000000000000000e+00
0.000000000000000000e+00 0.000000000000000000e+00 0.000000000000000000e+00 0.000000000000000000e+00 0.000000000000000000e+00
0.000000000000000000e+00 0.000000000000000000e+00 0.000000000000000000e+00 0.000000000000000000e+00 0.000000000000000000e+00
0.000000000000000000e+00 0.000000000000000000e+00 0.000000000000000000e+00 0.000000000000000000e+00 0.000000000000000000e+00
0.000000000000000000e+00 0.000000000000000000e+00 0.000000000000000000e+00 0.000000000000000000e+00 0.000000000000000000e+00
0.000000000000000000e+00 0.000000000000000000e+00 0.000000000000000000e+00 0.000000000000000000e+00 0.000000000000000000e+00
0.000000000000000000e+00 0.000000000000000000e+00 0.000000000000000000e+00 0.000000000000000000e+00 0.000000000000000000e+00
0.000000000000000000e+00 0.000000000000000000e+00 0.000000000000000000e+00 0.000000000000000000e+00 0.000000000000000000e+00
0.000000000000000000e+00 0.000000000000000000e+00 0.000000000000000000e+00 0.000000000000000000e+00 0.000000000000000000e+00
0.000000000000000000e+00 0.000000000000000000e+00 0.000000000000000000e+00 0.000000000000000000e+00 0.000000000000000000e+00
0.000000000000000000e+00 0.000000000000000000e+00 0.000000000000000000e+00 0.000000000000000000e+00 0.000000000000000000e+00
