0.000000000000000000e+00 0.000000000000000000e+00 1.000000000000000000e+00 0.000000000000000000e+00 0.000000000000000000e+00
1.724480271339416504e+00 -2.992989718914031982e-01 1.000000000000000000e+00 0.000000000000000000e+00 0.000000000000000000e+00
1.434497356414794922e+00 -4.661809802055358887e-01 1.000000000000000000e+00 0.000000000000000000e+00 0.000000000000000000e+00
-1.382174193859100342e-01 4.053557291626930237e-02 0.000000000000000000e+00 1.000000000000000000e+00 0.000000000000000000e+00
-1.809866786003112793e+00 -2.593571543693542480e-01 1.000000000000000000e+00 0.000000000000000000e+00 0.000000000000000000e+00
-4.391615837812423706e-02 1.108564853668212891e+00 1.000000000000000000e+00 0.000000000000000000e+00 0.000000000000000000e+00
6.799076497554779053e-02 2.442875504493713379e-01 0.000000000000000000e+00 1.000000000000000000e+00 0.000000000000000000e+00
1.113769412040710449e+00 -1.312702178955078125e+00 1.000000000000000000e+00 0.000000000000000000e+00 0.000000000000000000e+00
-3.136701881885528564e-01 1.026398897171020508e+00 1.000000000000000000e+00 0.000000000000000000e+00 0.000000000000000000e+00
-2.035248130559921265e-01 3.462141156196594238e-01 0.000000000000000000e+00 1.000000000000000000e+00 0.000000000000000000e+00
-5.360576137900352478e-02 -2.551441788673400879e-01 1.000000000000000000e+00 0.000000000000000000e+00 0.000000000000000000e+00
-1.418860316276550293e+00 1.239918470382690430e+00 1.000000000000000000e+00 0.000000000000000000e+00 0.000000000000000000e+00
-5.175111293792724609e-01 2.952093482017517090e-01 0.000000000000000000e+00 1.000000000000000000e+00 0.000000000000000000e+00
2.083945751190185547e+00 -1.112471342086791992e+00 1.000000000000000000e+00 0.000000000000000000e+00 0.000000000000000000e+00
5.839157700538635254e-01 1.622823178768157959e-01 1.000000000000000000e+00 0.000000000000000000e+00 0.000000000000000000e+00
2.131997346878051758e-01 1.900259405374526978e-01 0.000000000000000000e+00 1.000000000000000000e+00 0.000000000000000000e+00
-1.172460317611694336e+00 1.928516328334808350e-01 1.000000000000000000e+00 0.000000000000000000e+00 0.000000000000000000e+00
-8.301837444305419922e-01 8.905938863754272461e-01 1.000000000000000000e+00 0.000000000000000000e+00 0.000000000000000000e+00
1.086264491081237793e+00 -2.311173677444458008e-01 1.000000000000000000e+00 0.000000000000000000e+00 0.000000000000000000e+00
5.039231777191162109e-01 -2.613515257835388184e-01 1.000000000000000000e+00 0.000000000000000000e+00 0.000000000000000000e+00
-1.467616856098175049e-02 4.673946499824523926e-01 1.000000000000000000e+00 0.000000000000000000e+00 0.000000000000000000e+00
-1.353579461574554443e-01 2.266027927398681641e-01 0.000000000000000000e+00 1.000000000000000000e+00 0.000000000000000000e+00
-2.248630762100219727e+00 6.790646314620971680e-01 1.000000000000000000e+00 0.000000000000000000e+00 0.000000000000000000e+00
1.001102089881896973e+00 -2.073114365339279175e-01 1.000000000000000000e+00 0.000000000000000000e+00 0.000000000000000000e+00
3.900970816612243652e-01 7.465654611587524414e-02 1.000000000000000000e+00 0.000000000000000000e+00 0.000000000000000000e+00
-1.428288221359252930e-01 1.464672565460205078e+00 1.000000000000000000e+00 0.000000000000000000e+00 0.000000000000000000e+00
-1.847295761108398438e-01 3.562802374362945557e-01 1.000000000000000000e+00 0.000000000000000000e+00 0.000000000000000000e+00
-1.684399843215942383e-01 8.463839441537857056e-02 0.000000000000000000e+00 1.000000000000000000e+00 0.000000000000000000e+00
-5.861930847167968750e-01 -1.163884878158569336e+00 1.000000000000000000e+00 0.000000000000000000e+00 0.000000000000000000e+00
3.398560285568237305e-01 -4.538629949092864990e-02 1.000000000000000000e+00 0.000000000000000000e+00 0.000000000000000000e+00
5.079703032970428467e-02 7.190126925706863403e-02 0.000000000000000000e+00 1.000000000000000000e+00 0.000000000000000000e+00
-3.384585678577423096e-01 4.802430868148803711e-01 1.000000000000000000e+00 0.000000000000000000e+00 0.000000000000000000e+00
6.748097538948059082e-01 -3.656064271926879883e-01 1.000000000000000000e+00 0.000000000000000000e+00 0.000000000000000000e+00
2.955347001552581787e-01 -2.941683530807495117e-01 0.000000000000000000e+00 1.000000000000000000e+00 0.000000000000000000e+00
9.988297820091247559e-01 -7.691084146499633789e-01 1.000000000000000000e+00 0.000000000000000000e+00 0.000000000000000000e+00
8.798989653587341309e-01 -9.321432560682296753e-02 1.000000000000000000e+00 0.000000000000000000e+00 0.000000000000000000e+00
2.827907800674438477e-01 1.440226137638092041e-01 1.000000000000000000e+00 0.000000000000000000e+00 0.000000000000000000e+00
-8.577771484851837158e-02 1.624430656433105469e+00 1.000000000000000000e+00 0.000000000000000000e+00 0.000000000000000000e+00
-9.782264381647109985e-02 2.801701426506042480e-01 1.000000000000000000e+00 0.000000000000000000e+00 0.000000000000000000e+00
-1.546172201633453369e-01 1.468166410923004150e-01 0.000000000000000000e+00 1.000000000000000000e+00 0.000000000000000000e+00
-5.685199499130249023e-01 -1.295227646827697754e+00 1.000000000000000000e+00 0.000000000000000000e+00 0.000000000000000000e+00
3.492071926593780518e-01 -2.731457352638244629e-03 1.000000000000000000e+00 0.000000000000000000e+00 0.000000000000000000e+00
-5.018131434917449951e-02 1.244808435440063477e-01 0.000000000000000000e+00 1.000000000000000000e+00 0.000000000000000000e+00
-2.962350547313690186e-01 4.517787098884582520e-01 1.000000000000000000e+00 0.000000000000000000e+00 0.000000000000000000e+00
6.575301289558410645e-01 -1.935444176197052002e-01 0.000000000000000000e+00 1.000000000000000000e+00 0.000000000000000000e+00
-1.803991079330444336e+00 -1.719012498855590820e+00 0.000000000000000000e+00 0.000000000000000000e+00 1.000000000000000000e+00
-3.192405104637145996e-01 1.427709102630615234e+00 0.000000000000000000e+00 0.000000000000000000e+00 1.000000000000000000e+00
-1.762076854705810547e+00 -5.062418580055236816e-01 0.000000000000000000e+00 0.000000000000000000e+00 1.000000000000000000e+00
-9.540530443191528320e-01 -2.145553231239318848e-01 0.000000000000000000e+00 0.000000000000000000e+00 1.000000000000000000e+00
-1.298698663711547852e+00 -5.635983347892761230e-01 0.000000000000000000e+00 0.000000000000000000e+00 1.000000000000000000e+00
-1.052570819854736328e+00 -2.672165036201477051e-01 0.000000000000000000e+00 0.000000000000000000e+00 1.000000000000000000e+00
-1.172466278076171875e+00 -3.891498446464538574e-01 0.000000000000000000e+00 0.000000000000000000e+00 1.000000000000000000e+00
-1.072013258934020996e+00 -2.647196650505065918e-01 0.000000000000000000e+00 0.000000000000000000e+00 1.000000000000000000e+00
-1.120617985725402832e+00 -2.645728588104248047e-01 0.000000000000000000e+00 0.000000000000000000e+00 1.000000000000000000e+00
-1.088652849197387695e+00 -2.136969566345214844e-01 0.000000000000000000e+00 0.000000000000000000e+00 1.000000000000000000e+00
-1.091605544090270996e+00 -2.294216156005859375e-01 0.000000000000000000e+00 0.000000000000000000e+00 1.000000000000000000e+00
-1.074668526649475098e+00 -2.021223306655883789e-01 0.000000000000000000e+00 0.000000000000000000e+00 1.000000000000000000e+00
-1.069606542587280273e+00 -2.071842551231384277e-01 0.000000000000000000e+00 0.000000000000000000e+00 1.000000000000000000e+00
-1.058881640434265137e+00 -2.027081251144409180e-01 0.000000000000000000e+00 0.000000000000000000e+00 1.000000000000000000e+00
-1.051561832427978516e+00 -2.050393819808959961e-01 0.000000000000000000e+00 0.000000000000000000e+00 1.000000000000000000e+00
-1.042914628982543945e+00 -2.063912749290466309e-01 0.000000000000000000e+00 0.000000000000000000e+00 1.000000000000000000e+00
-1.031582117080688477e+00 -2.106379866600036621e-01 0.000000000000000000e+00 0.000000000000000000e+00 1.000000000000000000e+00
0.000000000000000000e+00 0.000000000000000000e+00 0.000000000000000000e+00 0.000000000000000000e+00 0.000000000000000000e+00
0.000000000000000000e+00 0.000000000000000000e+00 0.000000000000000000e+00 0.000000000000000000e+00 0.000000000000000000e+00
0.000000000000000000e+00 0.000000000000000000e+00 0.000000000000000000e+00 0.000000000000000000e+00 0.000000000000000000e+00
0.000000000000000000e+00 0.000000000000000000e+00 0.000000000000000000e+00 0.000000000000000000e+00 0.000000000000000000e+00
0.000000000000000000e+00 0.000000000000000000e+00 0.000000000000000000e+00 0.000000000000000000e+00 0.000000000000000000e+00
0.000000000000000000e+00 0.000000000000000000e+00 0.000000000000000000e+00 0.000000000000000000e+00 0.000000000000000000e+00
0.000000000000000000e+00 0.000000000000000000e+00 0.000000000000000000e+00 0.000000000000000000e+00 0.000000000000000000e+00
0.000000000000000000e+00 0.000000000000000000e+00 0.000000000000000000e+00 0.000000000000000000e+00 0.000000000000000000e+00
0.000000000000000000e+00 0.000000000000000000e+00 0.000000000000000000e+00 0.000000000000000000e+00 0.000000000000000000e+00
0.000000000000000000e+00 0.000000000000000000e+00 0.000000000000000000e+00 0.000000000000000000e+00 0.000000000000000000e+00
0.000000000000000000e+00 0.000000000000000000e+00 0.000000000000000000e+00 0.000000000000000000e+00 0.000000000000000000e+00
0.000000000000000000e+00 0.000000000000000000e+00 0.000000000000000000e+00 0.000000000000000000e+00 0.000000000000000000e+00
0.000000000000000000e+00 0.000000000000000000e+00 0.000000000000000000e+00 0.000000000000000000e+00 0.000000000000000000e+00
0.000000000000000000e+00 0.000000000000000000e+00 0.000000000000000000e+00 0.000000000000000000e+00 0.000000000000000000e+00
0.000000000000000000e+00 0.000000000000000000e+00 0.000000000000000000e+00 0.000000000000000000e+00 0.000000000000000000e+00
0.000000000000000000e+00 0.000000000000000000e+00 0.000000000000000000e+00 0.000000000000000000e+00 0.000000000000000000e+00
0.000000000000000000e+00 0.000000000000000000e+00 0.000000000000000000e+00 0.000000000000000000e+00 0.000000000000000000e+00
0.000000000000000000e+00 0.000000000000000000e+00 0.000000000000000000e+00 0.000000000000000000e+00 0.000000000000000000e+00
0.000000000000000000e+00 0.000000000000000000e+00 0.000000000000000000e+00 0.000000000000000000e+00 0.000000000000000000e+00
0.000000000000000000e+00 0.000000000000000000e+00 0.000000000000000000e+00 0.000000000000000000e+00 0.000000000000000000e+00
0.000000000000000000e+00 0.000000000000000000e+00 0.000000000000000000e+00 0.000000000000000000e+00 0.000000000000000000e+00
0.000000000000000000e+00 0.000000000000000000e+00 0.000000000000000000e+00 0.000000000000000000e+00 0.000000000000000000e+00
0.000000000000000000e+00 0.000000000000000000e+00 0.000000000000000000e+00 0.000000000000000000e+00 0.000000000000000000e+00
0.000000000000000000e+00 0.000000000000000000e+00 0.000000000000000000e+00 0.000000000000000000e+00 0.000000000000000000e+00
0.000000000000000000e+00 0.000000000000000000e+00 0.000000000000000000e+00 0.000000000000000000e+00 0.000000000000000000e+00
0.000000000000000000e+00 0.000000000000000000e+00 0.000000000000000000e+00 0.000000000000000000e+00 0.000000000000000000e+00
0.000000000000000000e+00 0.000000000000000000e+00 0.000000000000000000e+00 0.000000000000000000e+00 0.000000000000000000e+00
0.000000000000000000e+00 0.000000000000000000e+00 0.000000000000000000e+00 0.000000000000000000e+00 0.000000000000000000e+00
0.000000000000000000e+00 0.000000000000000000e+00 0.000000000000000000e+00 0.000000000000000000e+00 0.000000000000000000e+00
0.000000000000000000e+00 0.000000000000000000e+00 0.000000000000000000e+00 0.000000000000000000e+00 0.000000000000000000e+00
0.000000000000000000e+00 0.000000000000000000e+00 0.000000000000000000e+00 0.000000000000000000e+00 0.000000000000000000e+00
0.000000000000000000e+00 0.000000000000000000e+00 0.000000000000000000e+00 0.000000000000000000e+00 0.000000000000000000e+00
0.000000000000000000e+00 0.000000000000000000e+00 0.000000000000000000e+00 0.000000000000000000e+00 0.000000000000000000e+00
0.000000000000000000e+00 0.000000000000000000e+00 0.000000000000000000e+00 0.000000000000000000e+00 0.000000000000000000e+00
0.000000000000000000e+00 0.000000000000000000e+00 0.000000000000000000e+00 0.000000000000000000e+00 0.000000000000000000e+00
0.000000000000000000e+00 0.000000000000000000e+00 0.000000000000000000e+00 0.000000000000000000e+00 0.000000000000000000e+00
0.000000000000000000e+00 0.000000000000000000e+00 0.000000000000000000e+00 0.000000000000000000e+00 0.000000000000000000e+00
0.000000000000000000e+00 0.000000000000000000e+00 0.000000000000000000e+00 0.000000000000000000e+00 0.000000000000000000e+00
0.000000000000000000e+00 0.000000000000000000e+00 0.000000000000000000e+00 0.000000000000000000e+00 0.000000000000000000e+00
0.000000000000000000e+00 0.000000000000000000e+00 0.000000000000000000e+00 0.000000000000000000e+00 0.000000000000000000e+00
0.000000000000000000e+00 0.000000000000000000e+00 0.000000000000000000e+00 0.000000000000000000e+00 0.000000000000000000e+00
0.000000000000000000e+00 0.000000000000000000e+00 0.000000000000000000e+00 0.000000000000000000e+00 0.000000000000000000e+00
0.000000000000000000e+00 0.000000000000000000e+00 0.000000000000000000e+00 0.000000000000000000e+00 0.000000000000000000e+00
0.000000000000000000e+00 0.000000000000000000e+00 0.000000000000000000e+00 0.000000000000000000e+00 0.000000000000000000e+00
0.000000000000000000e+00 0.000000000000000000e+00 0.000000000000000000e+00 0.000000000000000000e+00 0.000000000000000000e+00
0.000000000000000000e+00 0.000000000000000000e+00 0.000000000000000000e+00 0.000000000000000000e+00 0.000000000000000000e+00
0.000000000000000000e+00 0.000000000000000000e+00 0.000000000000000000e+00 0.000000000000000000e+00 0.000000000000000000e+00
0.000000000000000000e+00 0.000000000000000000e+00 0.000000000000000000e+00 0.000000000000000000e+00 0.000000000000000000e+00
0.000000000000000000e+00 0.000000000000000000e+00 0.000000000000000000e+00 0.000000000000000000e+00 0.000000000000000000e+00
0.000000000000000000e+00 0.000000000000000000e+00 0.000000000000000000e+00 0.000000000000000000e+00 0.000000000000000000e+00
0.000000000000000000e+00 0.000000000000000000e+00 0.000000000000000000e+00 0.000000000000000000e+00 0.000000000000000000e+00
0.000000000000000000e+00 0.000000000000000000e+00 0.000000000000000000e+00 0.000000000000000000e+00 0.000000000000000000e+00
0.000000000000000000e+00 0.000000000000000000e+00 0.000000000000000000e+00 0.000000000000000000e+00 0.000000000000000000e+00
0.000000000000000000e+00 0.000000000000000000e+00 0.000000000000000000e+00 0.000000000000000000e+00 0.000000000000000000e+00
0.000000000000000000e+00 0.000000000000000000e+00 0.000000000000000000e+00 0.000000000000000000e+00 0.000000000000000000e+00
0.000000000000000000e+00 0.000000000000000000e+00 0.000000000000000000e+00 0.000000000000000000e+00 0.000000000000000000e+00
0.000000000000000000e+00 0.000000000000000000e+00 0.000000000000000000e+00 0.000000000000000000e+00 0.000000000000000000e+00
0.000000000000000000e+00 0.000000000000000000e+00 0.000000000000000000e+00 0.000000000000000000e+00 0.000000000000000000e+00
0.000000000000000000e+00 0.000000000000000000e+00 0.000000000000000000e+00 0.000000000000000000e+00 0.000000000000000000e+00
