0.000000000000000000e+00 0.000000000000000000e+00 1.000000000000000000e+00 0.000000000000000000e+00 0.000000000000000000e+00
1.594048380851745605e+00 -2.727157473564147949e-01 1.000000000000000000e+00 0.000000000000000000e+00 0.000000000000000000e+00
1.403364062309265137e+00 -4.423893690109252930e-01 1.000000000000000000e+00 0.000000000000000000e+00 0.000000000000000000e+00
-1.388266086578369141e-01 5.212993547320365906e-02 0.000000000000000000e+00 1.000000000000000000e+00 0.000000000000000000e+00
-1.733944058418273926e+00 -2.095513343811035156e-01 1.000000000000000000e+00 0.000000000000000000e+00 0.000000000000000000e+00
-6.754987686872482300e-02 1.023731827735900879e+00 1.000000000000000000e+00 0.000000000000000000e+00 0.000000000000000000e+00
5.627325549721717834e-02 2.118703126907348633e-01 0.000000000000000000e+00 1.000000000000000000e+00 0.000000000000000000e+00
9.922350049018859863e-01 -1.231263399124145508e+00 1.000000000000000000e+00 0.000000000000000000e+00 0.000000000000000000e+00
-3.158583045005798340e-01 1.043116807937622070e+00 1.000000000000000000e+00 0.000000000000000000e+00 0.000000000000000000e+00
-2.049541324377059937e-01 3.646137118339538574e-01 0.000000000000000000e+00 1.000000000000000000e+00 0.000000000000000000e+00
-6.960906982421875000e-01 2.441801130771636963e-02 1.000000000000000000e+00 0.000000000000000000e+00 0.000000000000000000e+00
1.242635399103164673e-01 2.652835249900817871e-01 1.000000000000000000e+00 0.000000000000000000e+00 0.000000000000000000e+00
-3.305963054299354553e-02 1.878369450569152832e-01 0.000000000000000000e+00 1.000000000000000000e+00 0.000000000000000000e+00
-6.288629770278930664e-01 3.757669627666473389e-01 1.000000000000000000e+00 0.000000000000000000e+00 0.000000000000000000e+00
8.614662289619445801e-01 -1.423815339803695679e-01 1.000000000000000000e+00 0.000000000000000000e+00 0.000000000000000000e+00
1.982925981283187866e-01 6.110189110040664673e-02 1.000000000000000000e+00 0.000000000000000000e+00 0.000000000000000000e+00
-1.030808806419372559e+00 1.239839792251586914e+00 1.000000000000000000e+00 0.000000000000000000e+00 0.000000000000000000e+00
6.946016550064086914e-01 -3.832266926765441895e-01 1.000000000000000000e+00 0.000000000000000000e+00 0.000000000000000000e+00
3.450421094894409180e-01 -1.568862795829772949e-02 1.000000000000000000e+00 0.000000000000000000e+00 0.000000000000000000e+00
3.539828956127166748e-02 2.616395652294158936e-01 1.000000000000000000e+00 0.000000000000000000e+00 0.000000000000000000e+00
-3.017303943634033203e-01 4.570746421813964844e-01 1.000000000000000000e+00 0.000000000000000000e+00 0.000000000000000000e+00
-2.741383016109466553e-01 1.629426926374435425e-01 1.000000000000000000e+00 0.000000000000000000e+00 0.000000000000000000e+00
-1.984988600015640259e-01 -2.530284970998764038e-02 0.000000000000000000e+00 1.000000000000000000e+00 0.000000000000000000e+00
1.974960088729858398e+00 -2.611334800720214844e+00 1.000000000000000000e+00 0.000000000000000000e+00 0.000000000000000000e+00
-5.499936938285827637e-01 8.546686172485351562e-01 1.000000000000000000e+00 0.000000000000000000e+00 0.000000000000000000e+00
7.567294239997863770e-01 -3.062047362327575684e-01 1.000000000000000000e+00 0.000000000000000000e+00 0.000000000000000000e+00
2.225881814956665039e-01 -7.614865899085998535e-04 0.000000000000000000e+00 1.000000000000000000e+00 0.000000000000000000e+00
-5.313766598701477051e-01 4.537632465362548828e-01 1.000000000000000000e+00 0.000000000000000000e+00 0.000000000000000000e+00
-5.766586065292358398e-01 8.390737771987915039e-01 1.000000000000000000e+00 0.000000000000000000e+00 0.000000000000000000e+00
-2.637442946434020996e-01 2.237954437732696533e-01 0.000000000000000000e+00 1.000000000000000000e+00 0.000000000000000000e+00
9.348588585853576660e-01 -7.251825928688049316e-01 1.000000000000000000e+00 0.000000000000000000e+00 0.000000000000000000e+00
6.499651670455932617e-01 -2.996541559696197510e-02 1.000000000000000000e+00 0.000000000000000000e+00 0.000000000000000000e+00
-4.425608366727828979e-02 7.159507274627685547e-02 0.000000000000000000e+00 1.000000000000000000e+00 0.000000000000000000e+00
-9.946290254592895508e-01 7.135193943977355957e-01 1.000000000000000000e+00 0.000000000000000000e+00 0.000000000000000000e+00
7.529062032699584961e-01 -1.548669636249542236e-01 1.000000000000000000e+00 0.000000000000000000e+00 0.000000000000000000e+00
3.570936024188995361e-01 -1.800998151302337646e-01 0.000000000000000000e+00 1.000000000000000000e+00 0.000000000000000000e+00
-3.713967204093933105e-01 -9.463787823915481567e-02 1.000000000000000000e+00 0.000000000000000000e+00 0.000000000000000000e+00
-7.399299144744873047e-01 1.059657931327819824e+00 1.000000000000000000e+00 0.000000000000000000e+00 0.000000000000000000e+00
-2.714207172393798828e-01 1.971990764141082764e-01 0.000000000000000000e+00 1.000000000000000000e+00 0.000000000000000000e+00
7.376060485839843750e-01 -4.525501728057861328e-01 1.000000000000000000e+00 0.000000000000000000e+00 0.000000000000000000e+00
9.882816076278686523e-01 5.437847375869750977e-01 1.000000000000000000e+00 0.000000000000000000e+00 0.000000000000000000e+00
5.671502351760864258e-01 1.176470443606376648e-01 1.000000000000000000e+00 0.000000000000000000e+00 0.000000000000000000e+00
6.720565557479858398e-01 -3.495925664901733398e-02 0.000000000000000000e+00 1.000000000000000000e+00 0.000000000000000000e+00
-2.661437749862670898e+00 -2.843541622161865234e+00 0.000000000000000000e+00 0.000000000000000000e+00 1.000000000000000000e+00
3.381359577178955078e-01 7.753775119781494141e-01 0.000000000000000000e+00 0.000000000000000000e+00 1.000000000000000000e+00
-1.695665359497070312e+00 -3.187525868415832520e-01 0.000000000000000000e+00 0.000000000000000000e+00 1.000000000000000000e+00
-9.655348062515258789e-01 -3.987966179847717285e-01 0.000000000000000000e+00 0.000000000000000000e+00 1.000000000000000000e+00
-1.141004920005798340e+00 -5.255816578865051270e-01 0.000000000000000000e+00 0.000000000000000000e+00 1.000000000000000000e+00
-1.018730401992797852e+00 -4.046848416328430176e-01 0.000000000000000000e+00 0.000000000000000000e+00 1.000000000000000000e+00
-1.030448198318481445e+00 -3.484619259834289551e-01 0.000000000000000000e+00 0.000000000000000000e+00 1.000000000000000000e+00
-1.004730939865112305e+00 -2.762332558631896973e-01 0.000000000000000000e+00 0.000000000000000000e+00 1.000000000000000000e+00
-1.001556754112243652e+00 -2.339980006217956543e-01 0.000000000000000000e+00 0.000000000000000000e+00 1.000000000000000000e+00
-9.937330484390258789e-01 -2.036375403404235840e-01 0.000000000000000000e+00 0.000000000000000000e+00 1.000000000000000000e+00
-9.814133644104003906e-01 -2.464436888694763184e-01 0.000000000000000000e+00 0.000000000000000000e+00 1.000000000000000000e+00
-9.598131179809570312e-01 -2.599245309829711914e-01 0.000000000000000000e+00 0.000000000000000000e+00 1.000000000000000000e+00
-9.487245082855224609e-01 -2.588306665420532227e-01 0.000000000000000000e+00 0.000000000000000000e+00 1.000000000000000000e+00
-9.357703924179077148e-01 -2.544940710067749023e-01 0.000000000000000000e+00 0.000000000000000000e+00 1.000000000000000000e+00
-9.239238500595092773e-01 -2.482110261917114258e-01 0.000000000000000000e+00 0.000000000000000000e+00 1.000000000000000000e+00
-9.144192934036254883e-01 -2.401039600372314453e-01 0.000000000000000000e+00 0.000000000000000000e+00 1.000000000000000000e+00
0.000000000000000000e+00 0.000000000000000000e+00 0.000000000000000000e+00 0.000000000000000000e+00 0.000000000000000000e+00
0.000000000000000000e+00 0.000000000000000000e+00 0.000000000000000000e+00 0.000000000000000000e+00 0.000000000000000000e+00
0.000000000000000000e+00 0.000000000000000000e+00 0.000000000000000000e+00 0.000000000000000000e+00 0.000000000000000000e+00
0.000000000000000000e+00 0.000000000000000000e+00 0.000000000000000000e+00 0.000000000000000000e+00 0.000000000000000000e+00
0.000000000000000000e+00 0.000000000000000000e+00 0.000000000000000000e+00 0.000000000000000000e+00 0.000000000000000000e+00
0.000000000000000000e+00 0.000000000000000000e+00 0.000000000000000000e+00 0.000000000000000000e+00 0.000000000000000000e+00
0.000000000000000000e+00 0.000000000000000000e+00 0.000000000000000000e+00 0.000000000000000000e+00 0.000000000000000000e+00
0.000000000000000000e+00 0.000000000000000000e+00 0.000000000000000000e+00 0.000000000000000000e+00 0.000000000000000000e+00
0.000000000000000000e+00 0.000000000000000000e+00 0.000000000000000000e+00 0.000000000000000000e+00 0.000000000000000000e+00
0.000000000000000000e+00 0.000000000000000000e+00 0.000000000000000000e+00 0.000000000000000000e+00 0.000000000000000000e+00
0.000000000000000000e+00 0.000000000000000000e+00 0.000000000000000000e+00 0.000000000000000000e+00 0.000000000000000000e+00
0.000000000000000000e+00 0.000000000000000000e+00 0.000000000000000000e+00 0.000000000000000000e+00 0.000000000000000000e+00
0.000000000000000000e+00 0.000000000000000000e+00 0.000000000000000000e+00 0.000000000000000000e+00 0.000000000000000000e+00
0.000000000000000000e+00 0.000000000000000000e+00 0.000000000000000000e+00 0.000000000000000000e+00 0.000000000000000000e+00
0.000000000000000000e+00 0.000000000000000000e+00 0.000000000000000000e+00 0.000000000000000000e+00 0.000000000000000000e+00
0.000000000000000000e+00 0.000000000000000000e+00 0.000000000000000000e+00 0.000000000000000000e+00 0.000000000000000000e+00
0.000000000000000000e+00 0.000000000000000000e+00 0.000000000000000000e+00 0.000000000000000000e+00 0.000000000000000000e+00
0.000000000000000000e+00 0.000000000000000000e+00 0.000000000000000000e+00 0.000000000000000000e+00 0.000000000000000000e+00
0.000000000000000000e+00 0.000000000000000000e+00 0.000000000000000000e+00 0.000000000000000000e+00 0.000000000000000000e+00
0.000000000000000000e+00 0.000000000000000000e+00 0.000000000000000000e+00 0.000000000000000000e+00 0.000000000000000000e+00
0.000000000000000000e+00 0.000000000000000000e+00 0.000000000000000000e+00 0.000000000000000000e+00 0.000000000000000000e+00
0.000000000000000000e+00 0.000000000000000000e+00 0.000000000000000000e+00 0.000000000000000000e+00 0.000000000000000000e+00
0.000000000000000000e+00 0.000000000000000000e+00 0.000000000000000000e+00 0.000000000000000000e+00 0.000000000000000000e+00
0.000000000000000000e+00 0.000000000000000000e+00 0.000000000000000000e+00 0.000000000000000000e+00 0.000000000000000000e+00
0.000000000000000000e+00 0.000000000000000000e+00 0.000000000000000000e+00 0.000000000000000000e+00 0.000000000000000000e+00
0.000000000000000000e+00 0.000000000000000000e+00 0.000000000000000000e+00 0.000000000000000000e+00 0.000000000000000000e+00
0.000000000000000000e+00 0.000000000000000000e+00 0.000000000000000000e+00 0.000000000000000000e+00 0.000000000000000000e+00
0.000000000000000000e+00 0.000000000000000000e+00 0.000000000000000000e+00 0.000000000000000000e+00 0.000000000000000000e+00
0.000000000000000000e+00 0.000000000000000000e+00 0.000000000000000000e+00 0.000000000000000000e+00 0.000000000000000000e+00
0.000000000000000000e+00 0.000000000000000000e+00 0.000000000000000000e+00 0.000000000000000000e+00 0.000000000000000000e+00
0.000000000000000000e+00 0.000000000000000000e+00 0.000000000000000000e+00 0.000000000000000000e+00 0.000000000000000000e+00
0.000000000000000000e+00 0.000000000000000000e+00 0.000000000000000000e+00 0.000000000000000000e+00 0.000000000000000000e+00
0.000000000000000000e+00 0.000000000000000000e+00 0.000000000000000000e+00 0.000000000000000000e+00 0.000000000000000000e+00
0.000000000000000000e+00 0.000000000000000000e+00 0.000000000000000000e+00 0.000000000000000000e+00 0.000000000000000000e+00
0.000000000000000000e+00 0.000000000000000000e+00 0.000000000000000000e+00 0.000000000000000000e+00 0.000000000000000000e+00
0.000000000000000000e+00 0.000000000000000000e+00 0.000000000000000000e+00 0.000000000000000000e+00 0.000000000000000000e+00
0.000000000000000000e+00 0.000000000000000000e+00 0.000000000000000000e+00 0.000000000000000000e+00 0.000000000000000000e+00
0.000000000000000000e+00 0.000000000000000000e+00 0.000000000000000000e+00 0.000000000000000000e+00 0.000000000000000000e+00
0.000000000000000000e+00 0.000000000000000000e+00 0.000000000000000000e+00 0.000000000000000000e+00 0.000000000000000000e+00
0.000000000000000000e+00 0.000000000000000000e+00 0.000000000000000000e+00 0.000000000000000000e+00 0.000000000000000000e+00
0.000000000000000000e+00 0.000000000000000000e+00 0.000000000000000000e+00 0.000000000000000000e+00 0.000000000000000000e+00
0.000000000000000000e+00 0.000000000000000000e+00 0.000000000000000000e+00 0.000000000000000000e+00 0.000000000000000000e+00
0.000000000000000000e+00 0.000000000000000000e+00 0.000000000000000000e+00 0.000000000000000000e+00 0.000000000000000000e+00
0.000000000000000000e+00 0.000000000000000000e+00 0.000000000000000000e+00 0.000000000000000000e+00 0.000000000000000000e+00
0.000000000000000000e+00 0.000000000000000000e+00 0.000000000000000000e+00 0.000000000000000000e+00 0.000000000000000000e+00
0.000000000000000000e+00 0.000000000000000000e+00 0.000000000000000000e+00 0.000000000000000000e+00 0.000000000000000000e+00
0.000000000000000000e+00 0.000000000000000000e+00 0.000000000000000000e+00 0.000000000000000000e+00 0.000000000000000000e+00
0.000000000000000000e+00 0.000000000000000000e+00 0.000000000000000000e+00 0.000000000000000000e+00 0.000000000000000000e+00
0.000000000000000000e+00 0.000000000000000000e+00 0.000000000000000000e+00 0.000000000000000000e+00 0.000000000000000000e+00
0.000000000000000000e+00 0.000000000000000000e+00 0.000000000000000000e+00 0.000000000000000000e+00 0.000000000000000000e+00
0.000000000000000000e+00 0.000000000000000000e+00 0.000000000000000000e+00 0.000000000000000000e+00 0.000000000000000000e+00
0.000000000000000000e+00 0.000000000000000000e+00 0.000000000000000000e+00 0.000000000000000000e+00 0.000000000000000000e+00
0.000000000000000000e+00 0.000000000000000000e+00 0.000000000000000000e+00 0.000000000000000000e+00 0.000000000000000000e+00
0.000000000000000000e+00 0.000000000000000000e+00 0.000000000000000000e+00 0.000000000000000000e+00 0.000000000000000000e+00
0.000000000000000000e+00 0.000000000000000000e+00 0.000000000000000000e+00 0.000000000000000000e+00 0.000000000000000000e+00
0.000000000000000000e+00 0.000000000000000000e+00 0.000000000000000000e+00 0.000000000000000000e+00 0.000000000000000000e+00
0.000000000000000000e+00 0.000000000000000000e+00 0.000000000000000000e+00 0.000000000000000000e+00 0.000000000000000000e+00
0.000000000000000000e+00 0.000000000000000000e+00 0.000000000000000000e+00 0.000000000000000000e+00 0.000000000000000000e+00
0.000000000000000000e+00 0.000000000000000000e+00 0.000000000000000000e+00 0.000000000000000000e+00 0.000000000000000000e+00
0.000000000000000000e+00 0.000000000000000000e+00 0.000000000000000000e+00 0.000000000000000000e+00 0.000000000000000000e+00
0.000000000000000000e+00 0.000000000000000000e+00 0.000000000000000000e+00 0.000000000000000000e+00 0.000000000000000000e+00
0.000000000000000000e+00 0.000000000000000000e+00 0.000000000000000000e+00 0.000000000000000000e+00 0.000000000000000000e+00
