0.000000000000000000e+00 0.000000000000000000e+00 1.000000000000000000e+00 0.000000000000000000e+00 0.000000000000000000e+00
5.831894874572753906e-01 7.082025408744812012e-01 1.000000000000000000e+00 0.000000000000000000e+00 0.000000000000000000e+00
9.290028363466262817e-02 6.648958921432495117e-01 0.000000000000000000e+00 1.000000000000000000e+00 0.000000000000000000e+00
8.488386869430541992e-01 -1.673684120178222656e+00 1.000000000000000000e+00 0.000000000000000000e+00 0.000000000000000000e+00
1.494100332260131836e+00 -1.512617915868759155e-01 1.000000000000000000e+00 0.000000000000000000e+00 0.000000000000000000e+00
5.526356101036071777e-01 1.441837549209594727e-01 1.000000000000000000e+00 0.000000000000000000e+00 0.000000000000000000e+00
-1.303987026214599609e+00 1.276841163635253906e+00 1.000000000000000000e+00 0.000000000000000000e+00 0.000000000000000000e+00
-1.068055152893066406e+00 5.795140266418457031e-01 1.000000000000000000e+00 0.000000000000000000e+00 0.000000000000000000e+00
1.289627432823181152e+00 -4.399605393409729004e-01 1.000000000000000000e+00 0.000000000000000000e+00 0.000000000000000000e+00
3.968015909194946289e-01 -3.007429242134094238e-01 0.000000000000000000e+00 1.000000000000000000e+00 0.000000000000000000e+00
-5.352631807327270508e-01 -2.195916175842285156e+00 1.000000000000000000e+00 0.000000000000000000e+00 0.000000000000000000e+00
-2.453452050685882568e-01 2.021163463592529297e+00 1.000000000000000000e+00 0.000000000000000000e+00 0.000000000000000000e+00
-6.503072381019592285e-01 1.958198904991149902e+00 1.000000000000000000e+00 0.000000000000000000e+00 0.000000000000000000e+00
-4.460256695747375488e-01 7.133607268333435059e-01 1.000000000000000000e+00 0.000000000000000000e+00 0.000000000000000000e+00
-4.628619253635406494e-01 2.847354710102081299e-01 1.000000000000000000e+00 0.000000000000000000e+00 0.000000000000000000e+00
1.627671718597412109e+00 -4.492582678794860840e-01 1.000000000000000000e+00 0.000000000000000000e+00 0.000000000000000000e+00
1.239450693130493164e+00 -4.898498952388763428e-02 1.000000000000000000e+00 0.000000000000000000e+00 0.000000000000000000e+00
3.842665255069732666e-01 1.427451670169830322e-01 1.000000000000000000e+00 0.000000000000000000e+00 0.000000000000000000e+00
1.369128674268722534e-01 4.404222965240478516e-01 1.000000000000000000e+00 0.000000000000000000e+00 0.000000000000000000e+00
-8.127186447381973267e-02 5.488368272781372070e-01 0.000000000000000000e+00 1.000000000000000000e+00 0.000000000000000000e+00
-1.634560704231262207e+00 -3.948761940002441406e+00 0.000000000000000000e+00 0.000000000000000000e+00 1.000000000000000000e+00
-4.787333607673645020e-01 1.308821916580200195e+00 0.000000000000000000e+00 0.000000000000000000e+00 1.000000000000000000e+00
-6.819619536399841309e-01 -1.127815246582031250e+00 0.000000000000000000e+00 0.000000000000000000e+00 1.000000000000000000e+00
-4.820375740528106689e-01 -1.037143945693969727e+00 0.000000000000000000e+00 0.000000000000000000e+00 1.000000000000000000e+00
-5.360878705978393555e-01 -7.980362772941589355e-01 0.000000000000000000e+00 0.000000000000000000e+00 1.000000000000000000e+00
-5.355783700942993164e-01 -6.132026314735412598e-01 0.000000000000000000e+00 0.000000000000000000e+00 1.000000000000000000e+00
-5.350910425186157227e-01 -5.199430584907531738e-01 0.000000000000000000e+00 0.000000000000000000e+00 1.000000000000000000e+00
-5.396045446395874023e-01 -4.710317254066467285e-01 0.000000000000000000e+00 0.000000000000000000e+00 1.000000000000000000e+00
-5.516223907470703125e-01 -4.347676634788513184e-01 0.000000000000000000e+00 0.000000000000000000e+00 1.000000000000000000e+00
-5.559012889862060547e-01 -4.116340279579162598e-01 0.000000000000000000e+00 0.000000000000000000e+00 1.000000000000000000e+00
-5.504482984542846680e-01 -4.009465575218200684e-01 0.000000000000000000e+00 0.000000000000000000e+00 1.000000000000000000e+00
-5.489890575408935547e-01 -3.859851956367492676e-01 0.000000000000000000e+00 0.000000000000000000e+00 1.000000000000000000e+00
-5.506952404975891113e-01 -3.693481087684631348e-01 0.000000000000000000e+00 0.000000000000000000e+00 1.000000000000000000e+00
-5.543323755264282227e-01 -3.497985005378723145e-01 0.000000000000000000e+00 0.000000000000000000e+00 1.000000000000000000e+00
-5.585190057754516602e-01 -3.322787880897521973e-01 0.000000000000000000e+00 0.000000000000000000e+00 1.000000000000000000e+00
-5.624696016311645508e-01 -3.180359005928039551e-01 0.000000000000000000e+00 0.000000000000000000e+00 1.000000000000000000e+00
-5.607574582099914551e-01 -3.101198673248291016e-01 0.000000000000000000e+00 0.000000000000000000e+00 1.000000000000000000e+00
-5.537296533584594727e-01 -3.073917031288146973e-01 0.000000000000000000e+00 0.000000000000000000e+00 1.000000000000000000e+00
-5.472962856292724609e-01 -3.068500757217407227e-01 0.000000000000000000e+00 0.000000000000000000e+00 1.000000000000000000e+00
-5.442311763763427734e-01 -3.070237636566162109e-01 0.000000000000000000e+00 0.000000000000000000e+00 1.000000000000000000e+00
-5.439286231994628906e-01 -3.037875890731811523e-01 0.000000000000000000e+00 0.000000000000000000e+00 1.000000000000000000e+00
-5.454342365264892578e-01 -2.942202687263488770e-01 0.000000000000000000e+00 0.000000000000000000e+00 1.000000000000000000e+00
-5.464447736740112305e-01 -2.834355235099792480e-01 0.000000000000000000e+00 0.000000000000000000e+00 1.000000000000000000e+00
-5.442643165588378906e-01 -2.788087725639343262e-01 0.000000000000000000e+00 0.000000000000000000e+00 1.000000000000000000e+00
-5.403585433959960938e-01 -2.815421223640441895e-01 0.000000000000000000e+00 0.000000000000000000e+00 1.000000000000000000e+00
-5.378382205963134766e-01 -2.908578515052795410e-01 0.000000000000000000e+00 0.000000000000000000e+00 1.000000000000000000e+00
-5.361695885658264160e-01 -3.026076555252075195e-01 0.000000000000000000e+00 0.000000000000000000e+00 1.000000000000000000e+00
-5.364593267440795898e-01 -3.093292713165283203e-01 0.000000000000000000e+00 0.000000000000000000e+00 1.000000000000000000e+00
-5.380445718765258789e-01 -3.063320517539978027e-01 0.000000000000000000e+00 0.000000000000000000e+00 1.000000000000000000e+00
-5.362471342086791992e-01 -2.985906004905700684e-01 0.000000000000000000e+00 0.000000000000000000e+00 1.000000000000000000e+00
-5.307335853576660156e-01 -2.923310399055480957e-01 0.000000000000000000e+00 0.000000000000000000e+00 1.000000000000000000e+00
-5.298196077346801758e-01 -2.905223369598388672e-01 0.000000000000000000e+00 0.000000000000000000e+00 1.000000000000000000e+00
-5.352021455764770508e-01 -2.985548973083496094e-01 0.000000000000000000e+00 0.000000000000000000e+00 1.000000000000000000e+00
-5.330815315246582031e-01 -3.031235933303833008e-01 0.000000000000000000e+00 0.000000000000000000e+00 1.000000000000000000e+00
-5.307008028030395508e-01 -2.996718287467956543e-01 0.000000000000000000e+00 0.000000000000000000e+00 1.000000000000000000e+00
-5.344353914260864258e-01 -2.962736487388610840e-01 0.000000000000000000e+00 0.000000000000000000e+00 1.000000000000000000e+00
-5.314321517944335938e-01 -2.969708442687988281e-01 0.000000000000000000e+00 0.000000000000000000e+00 1.000000000000000000e+00
-5.225707292556762695e-01 -3.008498549461364746e-01 0.000000000000000000e+00 0.000000000000000000e+00 1.000000000000000000e+00
-5.189679861068725586e-01 -3.045284748077392578e-01 0.000000000000000000e+00 0.000000000000000000e+00 1.000000000000000000e+00
-5.177651643753051758e-01 -3.121770024299621582e-01 0.000000000000000000e+00 0.000000000000000000e+00 1.000000000000000000e+00
-5.153554677963256836e-01 -3.151873946189880371e-01 0.000000000000000000e+00 0.000000000000000000e+00 1.000000000000000000e+00
-5.138912796974182129e-01 -3.064367175102233887e-01 0.000000000000000000e+00 0.000000000000000000e+00 1.000000000000000000e+00
-5.129194259643554688e-01 -2.972462773323059082e-01 0.000000000000000000e+00 0.000000000000000000e+00 1.000000000000000000e+00
-5.092736482620239258e-01 -2.926195263862609863e-01 0.000000000000000000e+00 0.000000000000000000e+00 1.000000000000000000e+00
0.000000000000000000e+00 0.000000000000000000e+00 0.000000000000000000e+00 0.000000000000000000e+00 0.000000000000000000e+00
0.000000000000000000e+00 0.000000000000000000e+00 0.000000000000000000e+00 0.000000000000000000e+00 0.000000000000000000e+00
0.000000000000000000e+00 0.000000000000000000e+00 0.000000000000000000e+00 0.000000000000000000e+00 0.000000000000000000e+00
0.000000000000000000e+00 0.000000000000000000e+00 0.000000000000000000e+00 0.000000000000000000e+00 0.000000000000000000e+00
0.000000000000000000e+00 0.000000000000000000e+00 0.000000000000000000e+00 0.000000000000000000e+00 0.000000000000000000e+00
0.000000000000000000e+00 0.000000000000000000e+00 0.000000000000000000e+00 0.000000000000000000e+00 0.000000000000000000e+00
0.000000000000000000e+00 0.000000000000000000e+00 0.000000000000000000e+00 0.000000000000000000e+00 0.000000000000000000e+00
0.000000000000000000e+00 0.000000000000000000e+00 0.000000000000000000e+00 0.000000000000000000e+00 0.000000000000000000e+00
0.000000000000000000e+00 0.000000000000000000e+00 0.000000000000000000e+00 0.000000000000000000e+00 0.000000000000000000e+00
0.000000000000000000e+00 0.000000000000000000e+00 0.000000000000000000e+00 0.000000000000000000e+00 0.000000000000000000e+00
0.000000000000000000e+00 0.000000000000000000e+00 0.000000000000000000e+00 0.000000000000000000e+00 0.000000000000000000e+00
0.000000000000000000e+00 0.000000000000000000e+00 0.000000000000000000e+00 0.000000000000000000e+00 0.000000000000000000e+00
0.000000000000000000e+00 0.000000000000000000e+00 0.000000000000000000e+00 0.000000000000000000e+00 0.000000000000000000e+00
0.000000000000000000e+00 0.000000000000000000e+00 0.000000000000000000e+00 0.000000000000000000e+00 0.000000000000000000e+00
0.000000000000000000e+00 0.000000000000000000e+00 0.000000000000000000e+00 0.000000000000000000e+00 0.000000000000000000e+00
0.000000000000000000e+00 0.000000000000000000e+00 0.000000000000000000e+00 0.000000000000000000e+00 0.000000000000000000e+00
0.000000000000000000e+00 0.000000000000000000e+00 0.000000000000000000e+00 0.000000000000000000e+00 0.000000000000000000e+00
0.000000000000000000e+00 0.000000000000000000e+00 0.000000000000000000e+00 0.000000000000000000e+00 0.000000000000000000e+00
0.000000000000000000e+00 0.000000000000000000e+00 0.000000000000000000e+00 0.000000000000000000e+00 0.000000000000000000e+00
0.000000000000000000e+00 0.000000000000000000e+00 0.000000000000000000e+00 0.000000000000000000e+00 0.000000000000000000e+00
0.000000000000000000e+00 0.000000000000000000e+00 0.000000000000000000e+00 0.000000000000000000e+00 0.000000000000000000e+00
0.000000000000000000e+00 0.000000000000000000e+00 0.000000000000000000e+00 0.000000000000000000e+00 0.000000000000000000e+00
0.000000000000000000e+00 0.000000000000000000e+00 0.000000000000000000e+00 0.000000000000000000e+00 0.000000000000000000e+00
0.000000000000000000e+00 0.000000000000000000e+00 0.000000000000000000e+00 0.000000000000000000e+00 0.000000000000000000e+00
0.000000000000000000e+00 0.000000000000000000e+00 0.000000000000000000e+00 0.000000000000000000e+00 0.000000000000000000e+00
0.000000000000000000e+00 0.000000000000000000e+00 0.000000000000000000e+00 0.000000000000000000e+00 0.000000000000000000e+00
0.000000000000000000e+00 0.000000000000000000e+00 0.000000000000000000e+00 0.000000000000000000e+00 0.000000000000000000e+00
0.000000000000000000e+00 0.000000000000000000e+00 0.000000000000000000e+00 0.000000000000000000e+00 0.000000000000000000e+00
0.000000000000000000e+00 0.000000000000000000e+00 0.000000000000000000e+00 0.000000000000000000e+00 0.000000000000000000e+00
0.000000000000000000e+00 0.000000000000000000e+00 0.000000000000000000e+00 0.000000000000000000e+00 0.000000000000000000e+00
0.000000000000000000e+00 0.000000000000000000e+00 0.000000000000000000e+00 0.000000000000000000e+00 0.000000000000000000e+00
0.000000000000000000e+00 0.000000000000000000e+00 0.000000000000000000e+00 0.000000000000000000e+00 0.000000000000000000e+00
0.000000000000000000e+00 0.000000000000000000e+00 0.000000000000000000e+00 0.000000000000000000e+00 0.000000000000000000e+00
0.000000000000000000e+00 0.000000000000000000e+00 0.000000000000000000e+00 0.000000000000000000e+00 0.000000000000000000e+00
0.000000000000000000e+00 0.000000000000000000e+00 0.000000000000000000e+00 0.000000000000000000e+00 0.000000000000000000e+00
0.000000000000000000e+00 0.000000000000000000e+00 0.000000000000000000e+00 0.000000000000000000e+00 0.000000000000000000e+00
0.000000000000000000e+00 0.000000000000000000e+00 0.000000000000000000e+00 0.000000000000000000e+00 0.000000000000000000e+00
0.000000000000000000e+00 0.000000000000000000e+00 0.000000000000000000e+00 0.000000000000000000e+00 0.000000000000000000e+00
0.000000000000000000e+00 0.000000000000000000e+00 0.000000000000000000e+00 0.000000000000000000e+00 0.000000000000000000e+00
0.000000000000000000e+00 0.000000000000000000e+00 0.000000000000000000e+00 0.000000000000000000e+00 0.000000000000000000e+00
0.000000000000000000e+00 0.000000000000000000e+00 0.000000000000000000e+00 0.000000000000000000e+00 0.000000000000000000e+00
0.000000000000000000e+00 0.000000000000000000e+00 0.000000000000000000e+00 0.000000000000000000e+00 0.000000000000000000e+00
0.000000000000000000e+00 0.000000000000000000e+00 0.000000000000000000e+00 0.000000000000000000e+00 0.000000000000000000e+00
0.000000000000000000e+00 0.000000000000000000e+00 0.000000000000000000e+00 0.000000000000000000e+00 0.000000000000000000e+00
0.000000000000000000e+00 0.000000000000000000e+00 0.000000000000000000e+00 0.000000000000000000e+00 0.000000000000000000e+00
0.000000000000000000e+00 0.000000000000000000e+00 0.000000000000000000e+00 0.000000000000000000e+00 0.000000000000000000e+00
0.000000000000000000e+00 0.000000000000000000e+00 0.000000000000000000e+00 0.000000000000000000e+00 0.000000000000000000e+00
0.000000000000000000e+00 0.000000000000000000e+00 0.000000000000000000e+00 0.000000000000000000e+00 0.000000000000000000e+00
0.000000000000000000e+00 0.000000000000000000e+00 0.000000000000000000e+00 0.000000000000000000e+00 0.000000000000000000e+00
0.000000000000000000e+00 0.000000000000000000e+00 0.000000000000000000e+00 0.000000000000000000e+00 0.000000000000000000e+00
0.000000000000000000e+00 0.000000000000000000e+00 0.000000000000000000e+00 0.000000000000000000e+00 0.000000000000000000e+00
0.000000000000000000e+00 0.000000000000000000e+00 0.000000000000000000e+00 0.000000000000000000e+00 0.000000000000000000e+00
0.000000000000000000e+00 0.000000000000000000e+00 0.000000000000000000e+00 0.000000000000000000e+00 0.000000000000000000e+00
0.000000000000000000e+00 0.000000000000000000e+00 0.000000000000000000e+00 0.000000000000000000e+00 0.000000000000000000e+00
0.000000000000000000e+00 0.000000000000000000e+00 0.000000000000000000e+00 0.000000000000000000e+00 0.000000000000000000e+00
0.000000000000000000e+00 0.000000000000000000e+00 0.000000000000000000e+00 0.000000000000000000e+00 0.000000000000000000e+00
0.000000000000000000e+00 0.000000000000000000e+00 0.000000000000000000e+00 0.000000000000000000e+00 0.000000000000000000e+00
