0.000000000000000000e+00 0.000000000000000000e+00 1.000000000000000000e+00 0.000000000000000000e+00 0.000000000000000000e+00
6.259080022573471069e-02 6.588356494903564453e-01 1.000000000000000000e+00 0.000000000000000000e+00 0.000000000000000000e+00
-5.914383009076118469e-02 1.997178792953491211e-01 0.000000000000000000e+00 1.000000000000000000e+00 0.000000000000000000e+00
4.965141117572784424e-01 -9.019861817359924316e-01 1.000000000000000000e+00 0.000000000000000000e+00 0.000000000000000000e+00
6.747503280639648438e-01 -3.459547460079193115e-02 1.000000000000000000e+00 0.000000000000000000e+00 0.000000000000000000e+00
1.922944486141204834e-01 9.371609985828399658e-02 1.000000000000000000e+00 0.000000000000000000e+00 0.000000000000000000e+00
-6.101384162902832031e-01 6.434830427169799805e-01 1.000000000000000000e+00 0.000000000000000000e+00 0.000000000000000000e+00
-3.258871138095855713e-01 1.796970963478088379e-01 1.000000000000000000e+00 0.000000000000000000e+00 0.000000000000000000e+00
5.861415863037109375e-01 -2.689086794853210449e-01 1.000000000000000000e+00 0.000000000000000000e+00 0.000000000000000000e+00
1.612758785486221313e-01 -1.792919337749481201e-01 0.000000000000000000e+00 1.000000000000000000e+00 0.000000000000000000e+00
-3.082551956176757812e-01 -1.009247660636901855e+00 1.000000000000000000e+00 0.000000000000000000e+00 0.000000000000000000e+00
-1.848827004432678223e-01 1.441389679908752441e+00 1.000000000000000000e+00 0.000000000000000000e+00 0.000000000000000000e+00
-3.164415359497070312e-01 8.994553089141845703e-01 1.000000000000000000e+00 0.000000000000000000e+00 0.000000000000000000e+00
6.447857618331909180e-01 -3.680597543716430664e-01 1.000000000000000000e+00 0.000000000000000000e+00 0.000000000000000000e+00
2.511593103408813477e-01 6.202850490808486938e-03 1.000000000000000000e+00 0.000000000000000000e+00 0.000000000000000000e+00
6.648749113082885742e-02 2.342491447925567627e-01 0.000000000000000000e+00 1.000000000000000000e+00 0.000000000000000000e+00
1.530371665954589844e+00 -2.263068437576293945e+00 1.000000000000000000e+00 0.000000000000000000e+00 0.000000000000000000e+00
-4.221001863479614258e-01 9.758910536766052246e-01 1.000000000000000000e+00 0.000000000000000000e+00 0.000000000000000000e+00
-6.224401593208312988e-01 9.326657056808471680e-01 1.000000000000000000e+00 0.000000000000000000e+00 0.000000000000000000e+00
-3.306026458740234375e-01 3.047776222229003906e-01 1.000000000000000000e+00 0.000000000000000000e+00 0.000000000000000000e+00
-2.819465994834899902e-01 1.052159518003463745e-01 0.000000000000000000e+00 1.000000000000000000e+00 0.000000000000000000e+00
3.833348453044891357e-01 -1.403845548629760742e+00 1.000000000000000000e+00 0.000000000000000000e+00 0.000000000000000000e+00
9.870796203613281250e-01 1.125084877014160156e+00 1.000000000000000000e+00 0.000000000000000000e+00 0.000000000000000000e+00
5.039336681365966797e-01 3.703299760818481445e-01 1.000000000000000000e+00 0.000000000000000000e+00 0.000000000000000000e+00
4.029656648635864258e-01 1.549466550350189209e-01 1.000000000000000000e+00 0.000000000000000000e+00 0.000000000000000000e+00
1.721789687871932983e-01 -5.566451698541641235e-02 0.000000000000000000e+00 1.000000000000000000e+00 0.000000000000000000e+00
-1.390367627143859863e+00 -2.796780347824096680e+00 1.000000000000000000e+00 0.000000000000000000e+00 0.000000000000000000e+00
-8.345849066972732544e-02 4.789646342396736145e-02 1.000000000000000000e+00 0.000000000000000000e+00 0.000000000000000000e+00
3.428942263126373291e-01 5.153450965881347656e-01 0.000000000000000000e+00 1.000000000000000000e+00 0.000000000000000000e+00
-5.243008732795715332e-01 -3.535373806953430176e-01 0.000000000000000000e+00 0.000000000000000000e+00 1.000000000000000000e+00
-1.316733598709106445e+00 -1.728882193565368652e-01 0.000000000000000000e+00 0.000000000000000000e+00 1.000000000000000000e+00
-9.965075254440307617e-01 -1.446605920791625977e-01 0.000000000000000000e+00 0.000000000000000000e+00 1.000000000000000000e+00
-1.018772125244140625e+00 -4.564103484153747559e-01 0.000000000000000000e+00 0.000000000000000000e+00 1.000000000000000000e+00
-9.004815816879272461e-01 -3.717857003211975098e-01 0.000000000000000000e+00 0.000000000000000000e+00 1.000000000000000000e+00
-9.257383346557617188e-01 -4.113866686820983887e-01 0.000000000000000000e+00 0.000000000000000000e+00 1.000000000000000000e+00
-8.979259729385375977e-01 -3.761298060417175293e-01 0.000000000000000000e+00 0.000000000000000000e+00 1.000000000000000000e+00
-8.955030441284179688e-01 -3.600760102272033691e-01 0.000000000000000000e+00 0.000000000000000000e+00 1.000000000000000000e+00
-8.972311019897460938e-01 -3.440600037574768066e-01 0.000000000000000000e+00 0.000000000000000000e+00 1.000000000000000000e+00
-9.042100906372070312e-01 -3.285701870918273926e-01 0.000000000000000000e+00 0.000000000000000000e+00 1.000000000000000000e+00
-8.855550289154052734e-01 -3.209111094474792480e-01 0.000000000000000000e+00 0.000000000000000000e+00 1.000000000000000000e+00
-8.756990432739257812e-01 -3.095861673355102539e-01 0.000000000000000000e+00 0.000000000000000000e+00 1.000000000000000000e+00
-8.728160858154296875e-01 -2.970827221870422363e-01 0.000000000000000000e+00 0.000000000000000000e+00 1.000000000000000000e+00
-8.705551624298095703e-01 -2.868841886520385742e-01 0.000000000000000000e+00 0.000000000000000000e+00 1.000000000000000000e+00
-8.669617176055908203e-01 -2.793667912483215332e-01 0.000000000000000000e+00 0.000000000000000000e+00 1.000000000000000000e+00
-8.637332916259765625e-01 -2.741555571556091309e-01 0.000000000000000000e+00 0.000000000000000000e+00 1.000000000000000000e+00
-8.607954978942871094e-01 -2.703389525413513184e-01 0.000000000000000000e+00 0.000000000000000000e+00 1.000000000000000000e+00
-8.523495197296142578e-01 -2.670166492462158203e-01 0.000000000000000000e+00 0.000000000000000000e+00 1.000000000000000000e+00
-8.449133634567260742e-01 -2.609741687774658203e-01 0.000000000000000000e+00 0.000000000000000000e+00 1.000000000000000000e+00
-8.401932716369628906e-01 -2.538191080093383789e-01 0.000000000000000000e+00 0.000000000000000000e+00 1.000000000000000000e+00
-8.374601602554321289e-01 -2.459948658943176270e-01 0.000000000000000000e+00 0.000000000000000000e+00 1.000000000000000000e+00
-8.342618942260742188e-01 -2.356403470039367676e-01 0.000000000000000000e+00 0.000000000000000000e+00 1.000000000000000000e+00
-8.321443796157836914e-01 -2.272342443466186523e-01 0.000000000000000000e+00 0.000000000000000000e+00 1.000000000000000000e+00
-8.326908349990844727e-01 -2.238477468490600586e-01 0.000000000000000000e+00 0.000000000000000000e+00 1.000000000000000000e+00
-8.271486759185791016e-01 -2.208733558654785156e-01 0.000000000000000000e+00 0.000000000000000000e+00 1.000000000000000000e+00
-8.248841762542724609e-01 -2.209312915802001953e-01 0.000000000000000000e+00 0.000000000000000000e+00 1.000000000000000000e+00
-8.238803148269653320e-01 -2.211787700653076172e-01 0.000000000000000000e+00 0.000000000000000000e+00 1.000000000000000000e+00
-8.218011856079101562e-01 -2.203803658485412598e-01 0.000000000000000000e+00 0.000000000000000000e+00 1.000000000000000000e+00
-8.181322813034057617e-01 -2.188760638236999512e-01 0.000000000000000000e+00 0.000000000000000000e+00 1.000000000000000000e+00
-8.139758110046386719e-01 -2.182108759880065918e-01 0.000000000000000000e+00 0.000000000000000000e+00 1.000000000000000000e+00
-8.106741905212402344e-01 -2.183775901794433594e-01 0.000000000000000000e+00 0.000000000000000000e+00 1.000000000000000000e+00
-8.063808679580688477e-01 -2.167310714721679688e-01 0.000000000000000000e+00 0.000000000000000000e+00 1.000000000000000000e+00
-8.036152124404907227e-01 -2.140177488327026367e-01 0.000000000000000000e+00 0.000000000000000000e+00 1.000000000000000000e+00
-8.019632101058959961e-01 -2.106128334999084473e-01 0.000000000000000000e+00 0.000000000000000000e+00 1.000000000000000000e+00
-8.000051975250244141e-01 -2.073588967323303223e-01 0.000000000000000000e+00 0.000000000000000000e+00 1.000000000000000000e+00
0.000000000000000000e+00 0.000000000000000000e+00 0.000000000000000000e+00 0.000000000000000000e+00 0.000000000000000000e+00
0.000000000000000000e+00 0.000000000000000000e+00 0.000000000000000000e+00 0.000000000000000000e+00 0.000000000000000000e+00
0.000000000000000000e+00 0.000000000000000000e+00 0.000000000000000000e+00 0.000000000000000000e+00 0.000000000000000000e+00
0.000000000000000000e+00 0.000000000000000000e+00 0.000000000000000000e+00 0.000000000000000000e+00 0.000000000000000000e+00
0.000000000000000000e+00 0.000000000000000000e+00 0.000000000000000000e+00 0.000000000000000000e+00 0.000000000000000000e+00
0.000000000000000000e+00 0.000000000000000000e+00 0.000000000000000000e+00 0.000000000000000000e+00 0.000000000000000000e+00
0.000000000000000000e+00 0.000000000000000000e+00 0.000000000000000000e+00 0.000000000000000000e+00 0.000000000000000000e+00
0.000000000000000000e+00 0.000000000000000000e+00 0.000000000000000000e+00 0.000000000000000000e+00 0.000000000000000000e+00
0.000000000000000000e+00 0.000000000000000000e+00 0.000000000000000000e+00 0.000000000000000000e+00 0.000000000000000000e+00
0.000000000000000000e+00 0.000000000000000000e+00 0.000000000000000000e+00 0.000000000000000000e+00 0.000000000000000000e+00
0.000000000000000000e+00 0.000000000000000000e+00 0.000000000000000000e+00 0.000000000000000000e+00 0.000000000000000000e+00
0.000000000000000000e+00 0.000000000000000000e+00 0.000000000000000000e+00 0.000000000000000000e+00 0.000000000000000000e+00
0.000000000000000000e+00 0.000000000000000000e+00 0.000000000000000000e+00 0.000000000000000000e+00 0.000000000000000000e+00
0.000000000000000000e+00 0.000000000000000000e+00 0.000000000000000000e+00 0.000000000000000000e+00 0.000000000000000000e+00
0.000000000000000000e+00 0.000000000000000000e+00 0.000000000000000000e+00 0.000000000000000000e+00 0.000000000000000000e+00
0.000000000000000000e+00 0.000000000000000000e+00 0.000000000000000000e+00 0.000000000000000000e+00 0.000000000000000000e+00
0.000000000000000000e+00 0.000000000000000000e+00 0.000000000000000000e+00 0.000000000000000000e+00 0.000000000000000000e+00
0.000000000000000000e+00 0.000000000000000000e+00 0.000000000000000000e+00 0.000000000000000000e+00 0.000000000000000000e+00
0.000000000000000000e+00 0.000000000000000000e+00 0.000000000000000000e+00 0.000000000000000000e+00 0.000000000000000000e+00
0.000000000000000000e+00 0.000000000000000000e+00 0.000000000000000000e+00 0.000000000000000000e+00 0.000000000000000000e+00
0.000000000000000000e+00 0.000000000000000000e+00 0.000000000000000000e+00 0.000000000000000000e+00 0.000000000000000000e+00
0.000000000000000000e+00 0.000000000000000000e+00 0.000000000000000000e+00 0.000000000000000000e+00 0.000000000000000000e+00
0.000000000000000000e+00 0.000000000000000000e+00 0.000000000000000000e+00 0.000000000000000000e+00 0.000000000000000000e+00
0.000000000000000000e+00 0.000000000000000000e+00 0.000000000000000000e+00 0.000000000000000000e+00 0.000000000000000000e+00
0.000000000000000000e+00 0.000000000000000000e+00 0.000000000000000000e+00 0.000000000000000000e+00 0.000000000000000000e+00
0.000000000000000000e+00 0.000000000000000000e+00 0.000000000000000000e+00 0.000000000000000000e+00 0.000000000000000000e+00
0.000000000000000000e+00 0.000000000000000000e+00 0.000000000000000000e+00 0.000000000000000000e+00 0.000000000000000000e+00
0.000000000000000000e+00 0.000000000000000000e+00 0.000000000000000000e+00 0.000000000000000000e+00 0.000000000000000000e+00
0.000000000000000000e+00 0.000000000000000000e+00 0.000000000000000000e+00 0.000000000000000000e+00 0.000000000000000000e+00
0.000000000000000000e+00 0.000000000000000000e+00 0.000000000000000000e+00 0.000000000000000000e+00 0.000000000000000000e+00
0.000000000000000000e+00 0.000000000000000000e+00 0.000000000000000000e+00 0.000000000000000000e+00 0.000000000000000000e+00
0.000000000000000000e+00 0.000000000000000000e+00 0.000000000000000000e+00 0.000000000000000000e+00 0.000000000000000000e+00
0.000000000000000000e+00 0.000000000000000000e+00 0.000000000000000000e+00 0.000000000000000000e+00 0.000000000000000000e+00
0.000000000000000000e+00 0.000000000000000000e+00 0.000000000000000000e+00 0.000000000000000000e+00 0.000000000000000000e+00
0.000000000000000000e+00 0.000000000000000000e+00 0.000000000000000000e+00 0.000000000000000000e+00 0.000000000000000000e+00
0.000000000000000000e+00 0.000000000000000000e+00 0.000000000000000000e+00 0.000000000000000000e+00 0.000000000000000000e+00
0.000000000000000000e+00 0.000000000000000000e+00 0.000000000000000000e+00 0.000000000000000000e+00 0.000000000000000000e+00
0.000000000000000000e+00 0.000000000000000000e+00 0.000000000000000000e+00 0.000000000000000000e+00 0.000000000000000000e+00
0.000000000000000000e+00 0.000000000000000000e+00 0.000000000000000000e+00 0.000000000000000000e+00 0.000000000000000000e+00
0.000000000000000000e+00 0.000000000000000000e+00 0.000000000000000000e+00 0.000000000000000000e+00 0.000000000000000000e+00
0.000000000000000000e+00 0.000000000000000000e+00 0.000000000000000000e+00 0.000000000000000000e+00 0.000000000000000000e+00
0.000000000000000000e+00 0.000000000000000000e+00 0.000000000000000000e+00 0.000000000000000000e+00 0.000000000000000000e+00
0.000000000000000000e+00 0.000000000000000000e+00 0.000000000000000000e+00 0.000000000000000000e+00 0.000000000000000000e+00
0.000000000000000000e+00 0.000000000000000000e+00 0.000000000000000000e+00 0.000000000000000000e+00 0.000000000000000000e+00
0.000000000000000000e+00 0.000000000000000000e+00 0.000000000000000000e+00 0.000000000000000000e+00 0.000000000000000000e+00
0.000000000000000000e+00 0.000000000000000000e+00 0.000000000000000000e+00 0.000000000000000000e+00 0.000000000000000000e+00
0.000000000000000000e+00 0.000000000000000000e+00 0.000000000000000000e+00 0.000000000000000000e+00 0.000000000000000000e+00
0.000000000000000000e+00 0.000000000000000000e+00 0.000000000000000000e+00 0.000000000000000000e+00 0.000000000000000000e+00
0.000000000000000000e+00 0.000000000000000000e+00 0.000000000000000000e+00 0.000000000000000000e+00 0.000000000000000000e+00
0.000000000000000000e+00 0.000000000000000000e+00 0.000000000000000000e+00 0.000000000000000000e+00 0.000000000000000000e+00
0.000000000000000000e+00 0.000000000000000000e+00 0.000000000000000000e+00 0.000000000000000000e+00 0.000000000000000000e+00
0.000000000000000000e+00 0.000000000000000000e+00 0.000000000000000000e+00 0.000000000000000000e+00 0.000000000000000000e+00
0.000000000000000000e+00 0.000000000000000000e+00 0.000000000000000000e+00 0.000000000000000000e+00 0.000000000000000000e+00
0.000000000000000000e+00 0.000000000000000000e+00 0.000000000000000000e+00 0.000000000000000000e+00 0.000000000000000000e+00
0.000000000000000000e+00 0.000000000000000000e+00 0.000000000000000000e+00 0.000000000000000000e+00 0.000000000000000000e+00
0.000000000000000000e+00 0.000000000000000000e+00 0.000000000000000000e+00 0.000000000000000000e+00 0.000000000000000000e+00
0.000000000000000000e+00 0.000000000000000000e+00 0.000000000000000000e+00 0.000000000000000000e+00 0.000000000000000000e+00
