0.000000000000000000e+00 0.000000000000000000e+00 1.000000000000000000e+00 0.000000000000000000e+00 0.000000000000000000e+00
2.179322838783264160e-01 7.195251435041427612e-02 1.000000000000000000e+00 0.000000000000000000e+00 0.000000000000000000e+00
8.525517769157886505e-04 3.474451303482055664e-01 0.000000000000000000e+00 1.000000000000000000e+00 0.000000000000000000e+00
-1.616590619087219238e+00 9.873996973037719727e-01 1.000000000000000000e+00 0.000000000000000000e+00 0.000000000000000000e+00
1.802547454833984375e+00 -3.501393496990203857e-01 1.000000000000000000e+00 0.000000000000000000e+00 0.000000000000000000e+00
8.670098781585693359e-01 -3.171262443065643311e-01 0.000000000000000000e+00 1.000000000000000000e+00 0.000000000000000000e+00
-1.067842960357666016e+00 4.367256760597229004e-01 1.000000000000000000e+00 0.000000000000000000e+00 0.000000000000000000e+00
-2.308800518512725830e-01 1.517997741699218750e+00 1.000000000000000000e+00 0.000000000000000000e+00 0.000000000000000000e+00
5.020348355174064636e-02 2.523082792758941650e-01 0.000000000000000000e+00 1.000000000000000000e+00 0.000000000000000000e+00
9.104051589965820312e-01 -1.235754489898681641e+00 1.000000000000000000e+00 0.000000000000000000e+00 0.000000000000000000e+00
-2.321644425392150879e-01 1.082748889923095703e+00 1.000000000000000000e+00 0.000000000000000000e+00 0.000000000000000000e+00
-1.670782119035720825e-01 2.344682961702346802e-01 0.000000000000000000e+00 1.000000000000000000e+00 0.000000000000000000e+00
-1.411466360092163086e+00 -4.855772852897644043e-01 1.000000000000000000e+00 0.000000000000000000e+00 0.000000000000000000e+00
-1.093658447265625000e+00 9.995074272155761719e-01 1.000000000000000000e+00 0.000000000000000000e+00 0.000000000000000000e+00
-3.415476083755493164e-01 5.697994232177734375e-01 0.000000000000000000e+00 1.000000000000000000e+00 0.000000000000000000e+00
3.180378913879394531e+00 -1.360066056251525879e+00 1.000000000000000000e+00 0.000000000000000000e+00 0.000000000000000000e+00
4.373976886272430420e-01 7.180340588092803955e-02 1.000000000000000000e+00 0.000000000000000000e+00 0.000000000000000000e+00
2.471968084573745728e-01 1.984294503927230835e-01 1.000000000000000000e+00 0.000000000000000000e+00 0.000000000000000000e+00
1.294733583927154541e-02 1.812708526849746704e-01 0.000000000000000000e+00 1.000000000000000000e+00 0.000000000000000000e+00
-3.107014179229736328e+00 1.343436241149902344e+00 1.000000000000000000e+00 0.000000000000000000e+00 0.000000000000000000e+00
7.741931825876235962e-02 7.553048133850097656e-01 1.000000000000000000e+00 0.000000000000000000e+00 0.000000000000000000e+00
-9.561268985271453857e-02 3.061389029026031494e-01 0.000000000000000000e+00 1.000000000000000000e+00 0.000000000000000000e+00
8.568466901779174805e-01 -1.150884509086608887e+00 1.000000000000000000e+00 0.000000000000000000e+00 0.000000000000000000e+00
1.268903017044067383e+00 -1.323407888412475586e-01 1.000000000000000000e+00 0.000000000000000000e+00 0.000000000000000000e+00
3.967579603195190430e-01 1.069224476814270020e-01 1.000000000000000000e+00 0.000000000000000000e+00 0.000000000000000000e+00
-1.053021788597106934e+00 8.494620919227600098e-01 1.000000000000000000e+00 0.000000000000000000e+00 0.000000000000000000e+00
-8.575873970985412598e-01 3.614009618759155273e-01 1.000000000000000000e+00 0.000000000000000000e+00 0.000000000000000000e+00
9.782015085220336914e-01 -3.435888290405273438e-01 1.000000000000000000e+00 0.000000000000000000e+00 0.000000000000000000e+00
2.951909601688385010e-01 -2.241015732288360596e-01 0.000000000000000000e+00 1.000000000000000000e+00 0.000000000000000000e+00
-3.146294653415679932e-01 -9.095772504806518555e-01 1.000000000000000000e+00 0.000000000000000000e+00 0.000000000000000000e+00
-3.050973415374755859e-01 1.440455198287963867e+00 1.000000000000000000e+00 0.000000000000000000e+00 0.000000000000000000e+00
-4.833350181579589844e-01 8.793611526489257812e-01 1.000000000000000000e+00 0.000000000000000000e+00 0.000000000000000000e+00
-3.427702188491821289e-01 2.809943854808807373e-01 1.000000000000000000e+00 0.000000000000000000e+00 0.000000000000000000e+00
1.230470299720764160e+00 -3.531326651573181152e-01 1.000000000000000000e+00 0.000000000000000000e+00 0.000000000000000000e+00
1.022940158843994141e+00 -2.641242556273937225e-02 1.000000000000000000e+00 0.000000000000000000e+00 0.000000000000000000e+00
4.509337544441223145e-01 -1.757893562316894531e-01 1.000000000000000000e+00 0.000000000000000000e+00 0.000000000000000000e+00
1.862935274839401245e-01 -2.071433663368225098e-01 1.000000000000000000e+00 0.000000000000000000e+00 0.000000000000000000e+00
1.528195440769195557e-01 8.656501770019531250e-01 1.000000000000000000e+00 0.000000000000000000e+00 0.000000000000000000e+00
2.366173863410949707e-01 4.020449519157409668e-01 0.000000000000000000e+00 1.000000000000000000e+00 0.000000000000000000e+00
-1.855782270431518555e+00 -3.903347492218017578e+00 0.000000000000000000e+00 0.000000000000000000e+00 1.000000000000000000e+00
3.636718690395355225e-01 6.256039142608642578e-01 0.000000000000000000e+00 0.000000000000000000e+00 1.000000000000000000e+00
-1.593302965164184570e+00 -5.462020039558410645e-01 0.000000000000000000e+00 0.000000000000000000e+00 1.000000000000000000e+00
-1.065748691558837891e+00 -5.147748589515686035e-01 0.000000000000000000e+00 0.000000000000000000e+00 1.000000000000000000e+00
-1.109382629394531250e+00 -4.856171011924743652e-01 0.000000000000000000e+00 0.000000000000000000e+00 1.000000000000000000e+00
-1.047699093818664551e+00 -3.572599291801452637e-01 0.000000000000000000e+00 0.000000000000000000e+00 1.000000000000000000e+00
-1.027675390243530273e+00 -3.207023739814758301e-01 0.000000000000000000e+00 0.000000000000000000e+00 1.000000000000000000e+00
-1.004982113838195801e+00 -2.599158883094787598e-01 0.000000000000000000e+00 0.000000000000000000e+00 1.000000000000000000e+00
-9.969433546066284180e-01 -2.134710550308227539e-01 0.000000000000000000e+00 0.000000000000000000e+00 1.000000000000000000e+00
-9.891505241394042969e-01 -1.996353864669799805e-01 0.000000000000000000e+00 0.000000000000000000e+00 1.000000000000000000e+00
-9.811826944351196289e-01 -1.933713555335998535e-01 0.000000000000000000e+00 0.000000000000000000e+00 1.000000000000000000e+00
-9.724994897842407227e-01 -1.885860562324523926e-01 0.000000000000000000e+00 0.000000000000000000e+00 1.000000000000000000e+00
-9.602862596511840820e-01 -1.863128542900085449e-01 0.000000000000000000e+00 0.000000000000000000e+00 1.000000000000000000e+00
-9.452381134033203125e-01 -1.954516768455505371e-01 0.000000000000000000e+00 0.000000000000000000e+00 1.000000000000000000e+00
-9.333522319793701172e-01 -2.147555351257324219e-01 0.000000000000000000e+00 0.000000000000000000e+00 1.000000000000000000e+00
-9.265859127044677734e-01 -2.297305464744567871e-01 0.000000000000000000e+00 0.000000000000000000e+00 1.000000000000000000e+00
-9.212051630020141602e-01 -2.381261587142944336e-01 0.000000000000000000e+00 0.000000000000000000e+00 1.000000000000000000e+00
-9.094502925872802734e-01 -2.481469511985778809e-01 0.000000000000000000e+00 0.000000000000000000e+00 1.000000000000000000e+00
-8.937729597091674805e-01 -2.588685154914855957e-01 0.000000000000000000e+00 0.000000000000000000e+00 1.000000000000000000e+00
-8.813724517822265625e-01 -2.658973932266235352e-01 0.000000000000000000e+00 0.000000000000000000e+00 1.000000000000000000e+00
-8.713098764419555664e-01 -2.746170163154602051e-01 0.000000000000000000e+00 0.000000000000000000e+00 1.000000000000000000e+00
-8.645693063735961914e-01 -2.805018424987792969e-01 0.000000000000000000e+00 0.000000000000000000e+00 1.000000000000000000e+00
-8.599619865417480469e-01 -2.822363376617431641e-01 0.000000000000000000e+00 0.000000000000000000e+00 1.000000000000000000e+00
-8.538352251052856445e-01 -2.832657694816589355e-01 0.000000000000000000e+00 0.000000000000000000e+00 1.000000000000000000e+00
-8.438171148300170898e-01 -2.901028394699096680e-01 0.000000000000000000e+00 0.000000000000000000e+00 1.000000000000000000e+00
-8.316211700439453125e-01 -3.029732704162597656e-01 0.000000000000000000e+00 0.000000000000000000e+00 1.000000000000000000e+00
-8.224781751632690430e-01 -3.131527304649353027e-01 0.000000000000000000e+00 0.000000000000000000e+00 1.000000000000000000e+00
-8.188498020172119141e-01 -3.166621327400207520e-01 0.000000000000000000e+00 0.000000000000000000e+00 1.000000000000000000e+00
-8.207421302795410156e-01 -3.095340132713317871e-01 0.000000000000000000e+00 0.000000000000000000e+00 1.000000000000000000e+00
-8.206640481948852539e-01 -2.991820573806762695e-01 0.000000000000000000e+00 0.000000000000000000e+00 1.000000000000000000e+00
-8.166354894638061523e-01 -2.921987175941467285e-01 0.000000000000000000e+00 0.000000000000000000e+00 1.000000000000000000e+00
-8.096358776092529297e-01 -2.902746200561523438e-01 0.000000000000000000e+00 0.000000000000000000e+00 1.000000000000000000e+00
-8.015784025192260742e-01 -2.949723601341247559e-01 0.000000000000000000e+00 0.000000000000000000e+00 1.000000000000000000e+00
-7.932245731353759766e-01 -3.030545115470886230e-01 0.000000000000000000e+00 0.000000000000000000e+00 1.000000000000000000e+00
0.000000000000000000e+00 0.000000000000000000e+00 0.000000000000000000e+00 0.000000000000000000e+00 0.000000000000000000e+00
0.000000000000000000e+00 0.000000000000000000e+00 0.000000000000000000e+00 0.000000000000000000e+00 0.000000000000000000e+00
0.000000000000000000e+00 0.000000000000000000e+00 0.000000000000000000e+00 0.000000000000000000e+00 0.000000000000000000e+00
0.000000000000000000e+00 0.000000000000000000e+00 0.000000000000000000e+00 0.000000000000000000e+00 0.000000000000000000e+00
0.000000000000000000e+00 0.000000000000000000e+00 0.000000000000000000e+00 0.000000000000000000e+00 0.000000000000000000e+00
0.000000000000000000e+00 0.000000000000000000e+00 0.000000000000000000e+00 0.000000000000000000e+00 0.000000000000000000e+00
0.000000000000000000e+00 0.000000000000000000e+00 0.000000000000000000e+00 0.000000000000000000e+00 0.000000000000000000e+00
0.000000000000000000e+00 0.000000000000000000e+00 0.000000000000000000e+00 0.000000000000000000e+00 0.000000000000000000e+00
0.000000000000000000e+00 0.000000000000000000e+00 0.000000000000000000e+00 0.000000000000000000e+00 0.000000000000000000e+00
0.000000000000000000e+00 0.000000000000000000e+00 0.000000000000000000e+00 0.000000000000000000e+00 0.000000000000000000e+00
0.000000000000000000e+00 0.000000000000000000e+00 0.000000000000000000e+00 0.000000000000000000e+00 0.000000000000000000e+00
0.000000000000000000e+00 0.000000000000000000e+00 0.000000000000000000e+00 0.000000000000000000e+00 0.000000000000000000e+00
0.000000000000000000e+00 0.000000000000000000e+00 0.000000000000000000e+00 0.000000000000000000e+00 0.000000000000000000e+00
0.000000000000000000e+00 0.000000000000000000e+00 0.000000000000000000e+00 0.000000000000000000e+00 0.000000000000000000e+00
0.000000000000000000e+00 0.000000000000000000e+00 0.000000000000000000e+00 0.000000000000000000e+00 0.000000000000000000e+00
0.000000000000000000e+00 0.000000000000000000e+00 0.000000000000000000e+00 0.000000000000000000e+00 0.000000000000000000e+00
0.000000000000000000e+00 0.000000000000000000e+00 0.000000000000000000e+00 0.000000000000000000e+00 0.000000000000000000e+00
0.000000000000000000e+00 0.000000000000000000e+00 0.000000000000000000e+00 0.000000000000000000e+00 0.000000000000000000e+00
0.000000000000000000e+00 0.000000000000000000e+00 0.000000000000000000e+00 0.000000000000000000e+00 0.000000000000000000e+00
0.000000000000000000e+00 0.000000000000000000e+00 0.000000000000000000e+00 0.000000000000000000e+00 0.000000000000000000e+00
0.000000000000000000e+00 0.000000000000000000e+00 0.000000000000000000e+00 0.000000000000000000e+00 0.000000000000000000e+00
0.000000000000000000e+00 0.000000000000000000e+00 0.000000000000000000e+00 0.000000000000000000e+00 0.000000000000000000e+00
0.000000000000000000e+00 0.000000000000000000e+00 0.000000000000000000e+00 0.000000000000000000e+00 0.000000000000000000e+00
0.000000000000000000e+00 0.000000000000000000e+00 0.000000000000000000e+00 0.000000000000000000e+00 0.000000000000000000e+00
0.000000000000000000e+00 0.000000000000000000e+00 0.000000000000000000e+00 0.000000000000000000e+00 0.000000000000000000e+00
0.000000000000000000e+00 0.000000000000000000e+00 0.000000000000000000e+00 0.000000000000000000e+00 0.000000000000000000e+00
0.000000000000000000e+00 0.000000000000000000e+00 0.000000000000000000e+00 0.000000000000000000e+00 0.000000000000000000e+00
0.000000000000000000e+00 0.000000000000000000e+00 0.000000000000000000e+00 0.000000000000000000e+00 0.000000000000000000e+00
0.000000000000000000e+00 0.000000000000000000e+00 0.000000000000000000e+00 0.000000000000000000e+00 0.000000000000000000e+00
0.000000000000000000e+00 0.000000000000000000e+00 0.000000000000000000e+00 0.000000000000000000e+00 0.000000000000000000e+00
0.000000000000000000e+00 0.000000000000000000e+00 0.000000000000000000e+00 0.000000000000000000e+00 0.000000000000000000e+00
0.000000000000000000e+00 0.000000000000000000e+00 0.000000000000000000e+00 0.000000000000000000e+00 0.000000000000000000e+00
0.000000000000000000e+00 0.000000000000000000e+00 0.000000000000000000e+00 0.000000000000000000e+00 0.000000000000000000e+00
0.000000000000000000e+00 0.000000000000000000e+00 0.000000000000000000e+00 0.000000000000000000e+00 0.000000000000000000e+00
0.000000000000000000e+00 0.000000000000000000e+00 0.000000000000000000e+00 0.000000000000000000e+00 0.000000000000000000e+00
0.000000000000000000e+00 0.000000000000000000e+00 0.000000000000000000e+00 0.000000000000000000e+00 0.000000000000000000e+00
0.000000000000000000e+00 0.000000000000000000e+00 0.000000000000000000e+00 0.000000000000000000e+00 0.000000000000000000e+00
0.000000000000000000e+00 0.000000000000000000e+00 0.000000000000000000e+00 0.000000000000000000e+00 0.000000000000000000e+00
0.000000000000000000e+00 0.000000000000000000e+00 0.000000000000000000e+00 0.000000000000000000e+00 0.000000000000000000e+00
0.000000000000000000e+00 0.000000000000000000e+00 0.000000000000000000e+00 0.000000000000000000e+00 0.000000000000000000e+00
0.000000000000000000e+00 0.000000000000000000e+00 0.000000000000000000e+00 0.000000000000000000e+00 0.000000000000000000e+00
0.000000000000000000e+00 0.000000000000000000e+00 0.000000000000000000e+00 0.000000000000000000e+00 0.000000000000000000e+00
0.000000000000000000e+00 0.000000000000000000e+00 0.000000000000000000e+00 0.000000000000000000e+00 0.000000000000000000e+00
0.000000000000000000e+00 0.000000000000000000e+00 0.000000000000000000e+00 0.000000000000000000e+00 0.000000000000000000e+00
0.000000000000000000e+00 0.000000000000000000e+00 0.000000000000000000e+00 0.000000000000000000e+00 0.000000000000000000e+00
0.000000000000000000e+00 0.000000000000000000e+00 0.000000000000000000e+00 0.000000000000000000e+00 0.000000000000000000e+00
0.000000000000000000e+00 0.000000000000000000e+00 0.000000000000000000e+00 0.000000000000000000e+00 0.000000000000000000e+00
0.000000000000000000e+00 0.000000000000000000e+00 0.000000000000000000e+00 0.000000000000000000e+00 0.000000000000000000e+00
