0.000000000000000000e+00 0.000000000000000000e+00 1.000000000000000000e+00 0.000000000000000000e+00 0.000000000000000000e+00
3.409875929355621338e-02 5.506317615509033203e-01 1.000000000000000000e+00 0.000000000000000000e+00 0.000000000000000000e+00
-5.085687339305877686e-02 1.612677574157714844e-01 0.000000000000000000e+00 1.000000000000000000e+00 0.000000000000000000e+00
4.073637425899505615e-01 -7.482504844665527344e-01 1.000000000000000000e+00 0.000000000000000000e+00 0.000000000000000000e+00
5.807488560676574707e-01 -1.725587248802185059e-02 1.000000000000000000e+00 0.000000000000000000e+00 0.000000000000000000e+00
1.503871083259582520e-01 7.904990017414093018e-02 1.000000000000000000e+00 0.000000000000000000e+00 0.000000000000000000e+00
-5.770117044448852539e-01 5.630787611007690430e-01 1.000000000000000000e+00 0.000000000000000000e+00 0.000000000000000000e+00
-2.761461734771728516e-01 1.405719816684722900e-01 1.000000000000000000e+00 0.000000000000000000e+00 0.000000000000000000e+00
5.178008675575256348e-01 -2.416265904903411865e-01 1.000000000000000000e+00 0.000000000000000000e+00 0.000000000000000000e+00
1.382660269737243652e-01 -1.530346423387527466e-01 0.000000000000000000e+00 1.000000000000000000e+00 0.000000000000000000e+00
-2.651225924491882324e-01 -8.614304065704345703e-01 1.000000000000000000e+00 0.000000000000000000e+00 0.000000000000000000e+00
-1.607290208339691162e-01 1.250849962234497070e+00 1.000000000000000000e+00 0.000000000000000000e+00 0.000000000000000000e+00
-2.605898976325988770e-01 7.412419319152832031e-01 1.000000000000000000e+00 0.000000000000000000e+00 0.000000000000000000e+00
5.444234013557434082e-01 -3.481323122978210449e-01 1.000000000000000000e+00 0.000000000000000000e+00 0.000000000000000000e+00
2.054149508476257324e-01 -4.613481462001800537e-03 1.000000000000000000e+00 0.000000000000000000e+00 0.000000000000000000e+00
4.460856318473815918e-02 2.038076370954513550e-01 0.000000000000000000e+00 1.000000000000000000e+00 0.000000000000000000e+00
4.720690250396728516e-01 -1.322763085365295410e+00 1.000000000000000000e+00 0.000000000000000000e+00 0.000000000000000000e+00
7.615765333175659180e-01 -2.141829431056976318e-01 1.000000000000000000e+00 0.000000000000000000e+00 0.000000000000000000e+00
2.928281128406524658e-01 -1.747260689735412598e-01 1.000000000000000000e+00 0.000000000000000000e+00 0.000000000000000000e+00
4.703604429960250854e-02 -1.180633679032325745e-01 0.000000000000000000e+00 1.000000000000000000e+00 0.000000000000000000e+00
-4.774652421474456787e-01 -3.221620321273803711e-01 1.000000000000000000e+00 0.000000000000000000e+00 0.000000000000000000e+00
-1.167722940444946289e-01 1.472061872482299805e+00 1.000000000000000000e+00 0.000000000000000000e+00 0.000000000000000000e+00
-7.783809304237365723e-02 3.364534676074981689e-01 1.000000000000000000e+00 0.000000000000000000e+00 0.000000000000000000e+00
-9.418476372957229614e-02 1.498350799083709717e-01 0.000000000000000000e+00 1.000000000000000000e+00 0.000000000000000000e+00
-1.615571081638336182e-01 -7.623986005783081055e-01 1.000000000000000000e+00 0.000000000000000000e+00 0.000000000000000000e+00
-4.307760298252105713e-01 4.518154859542846680e-01 1.000000000000000000e+00 0.000000000000000000e+00 0.000000000000000000e+00
-1.101273670792579651e-01 2.809104323387145996e-01 0.000000000000000000e+00 1.000000000000000000e+00 0.000000000000000000e+00
1.018519163131713867e+00 -5.795149207115173340e-01 1.000000000000000000e+00 0.000000000000000000e+00 0.000000000000000000e+00
1.415905803442001343e-01 7.070420682430267334e-02 1.000000000000000000e+00 0.000000000000000000e+00 0.000000000000000000e+00
6.940177828073501587e-02 2.207531630992889404e-01 0.000000000000000000e+00 1.000000000000000000e+00 0.000000000000000000e+00
8.215163946151733398e-01 -1.759099841117858887e+00 1.000000000000000000e+00 0.000000000000000000e+00 0.000000000000000000e+00
-6.504892110824584961e-01 5.982812047004699707e-01 1.000000000000000000e+00 0.000000000000000000e+00 0.000000000000000000e+00
1.366662085056304932e-01 4.088401794433593750e-01 1.000000000000000000e+00 0.000000000000000000e+00 0.000000000000000000e+00
-5.753244087100028992e-02 4.709453582763671875e-01 1.000000000000000000e+00 0.000000000000000000e+00 0.000000000000000000e+00
-2.290165871381759644e-01 5.374808311462402344e-01 1.000000000000000000e+00 0.000000000000000000e+00 0.000000000000000000e+00
-1.046077087521553040e-01 9.227029979228973389e-02 0.000000000000000000e+00 1.000000000000000000e+00 0.000000000000000000e+00
5.716924071311950684e-01 -1.065622448921203613e+00 1.000000000000000000e+00 0.000000000000000000e+00 0.000000000000000000e+00
6.280819177627563477e-01 -1.407906562089920044e-01 1.000000000000000000e+00 0.000000000000000000e+00 0.000000000000000000e+00
-1.671122908592224121e-01 1.191931843757629395e+00 1.000000000000000000e+00 0.000000000000000000e+00 0.000000000000000000e+00
5.185205861926078796e-02 1.093553304672241211e+00 0.000000000000000000e+00 1.000000000000000000e+00 0.000000000000000000e+00
-1.117839455604553223e+00 -3.213221549987792969e+00 0.000000000000000000e+00 0.000000000000000000e+00 1.000000000000000000e+00
-4.108940958976745605e-01 9.277738332748413086e-01 0.000000000000000000e+00 0.000000000000000000e+00 1.000000000000000000e+00
-1.286665916442871094e+00 -3.795607686042785645e-01 0.000000000000000000e+00 0.000000000000000000e+00 1.000000000000000000e+00
-9.235322475433349609e-01 -3.445727229118347168e-01 0.000000000000000000e+00 0.000000000000000000e+00 1.000000000000000000e+00
-9.688087701797485352e-01 -3.984702229499816895e-01 0.000000000000000000e+00 0.000000000000000000e+00 1.000000000000000000e+00
-9.192202091217041016e-01 -4.036886096000671387e-01 0.000000000000000000e+00 0.000000000000000000e+00 1.000000000000000000e+00
-9.054889678955078125e-01 -4.014163613319396973e-01 0.000000000000000000e+00 0.000000000000000000e+00 1.000000000000000000e+00
-8.935565948486328125e-01 -3.969150185585021973e-01 0.000000000000000000e+00 0.000000000000000000e+00 1.000000000000000000e+00
-8.869427442550659180e-01 -3.847010731697082520e-01 0.000000000000000000e+00 0.000000000000000000e+00 1.000000000000000000e+00
-8.793047666549682617e-01 -3.663219809532165527e-01 0.000000000000000000e+00 0.000000000000000000e+00 1.000000000000000000e+00
-8.698717355728149414e-01 -3.528259396553039551e-01 0.000000000000000000e+00 0.000000000000000000e+00 1.000000000000000000e+00
-8.621476888656616211e-01 -3.398936390876770020e-01 0.000000000000000000e+00 0.000000000000000000e+00 1.000000000000000000e+00
-8.536953926086425781e-01 -3.341868519783020020e-01 0.000000000000000000e+00 0.000000000000000000e+00 1.000000000000000000e+00
-8.456511497497558594e-01 -3.346816897392272949e-01 0.000000000000000000e+00 0.000000000000000000e+00 1.000000000000000000e+00
-8.366845846176147461e-01 -3.391538262367248535e-01 0.000000000000000000e+00 0.000000000000000000e+00 1.000000000000000000e+00
-8.291821479797363281e-01 -3.397317528724670410e-01 0.000000000000000000e+00 0.000000000000000000e+00 1.000000000000000000e+00
-8.186657428741455078e-01 -3.404913544654846191e-01 0.000000000000000000e+00 0.000000000000000000e+00 1.000000000000000000e+00
-8.067498207092285156e-01 -3.431345820426940918e-01 0.000000000000000000e+00 0.000000000000000000e+00 1.000000000000000000e+00
-7.989468574523925781e-01 -3.426027894020080566e-01 0.000000000000000000e+00 0.000000000000000000e+00 1.000000000000000000e+00
-7.909269332885742188e-01 -3.442516922950744629e-01 0.000000000000000000e+00 0.000000000000000000e+00 1.000000000000000000e+00
-7.824631929397583008e-01 -3.448781371116638184e-01 0.000000000000000000e+00 0.000000000000000000e+00 1.000000000000000000e+00
-7.747764587402343750e-01 -3.416026234626770020e-01 0.000000000000000000e+00 0.000000000000000000e+00 1.000000000000000000e+00
-7.668373584747314453e-01 -3.365154862403869629e-01 0.000000000000000000e+00 0.000000000000000000e+00 1.000000000000000000e+00
-7.583584785461425781e-01 -3.329439759254455566e-01 0.000000000000000000e+00 0.000000000000000000e+00 1.000000000000000000e+00
0.000000000000000000e+00 0.000000000000000000e+00 0.000000000000000000e+00 0.000000000000000000e+00 0.000000000000000000e+00
0.000000000000000000e+00 0.000000000000000000e+00 0.000000000000000000e+00 0.000000000000000000e+00 0.000000000000000000e+00
0.000000000000000000e+00 0.000000000000000000e+00 0.000000000000000000e+00 0.000000000000000000e+00 0.000000000000000000e+00
0.000000000000000000e+00 0.000000000000000000e+00 0.000000000000000000e+00 0.000000000000000000e+00 0.000000000000000000e+00
0.000000000000000000e+00 0.000000000000000000e+00 0.000000000000000000e+00 0.000000000000000000e+00 0.000000000000000000e+00
0.000000000000000000e+00 0.000000000000000000e+00 0.000000000000000000e+00 0.000000000000000000e+00 0.000000000000000000e+00
0.000000000000000000e+00 0.000000000000000000e+00 0.000000000000000000e+00 0.000000000000000000e+00 0.000000000000000000e+00
0.000000000000000000e+00 0.000000000000000000e+00 0.000000000000000000e+00 0.000000000000000000e+00 0.000000000000000000e+00
0.000000000000000000e+00 0.000000000000000000e+00 0.000000000000000000e+00 0.000000000000000000e+00 0.000000000000000000e+00
0.000000000000000000e+00 0.000000000000000000e+00 0.000000000000000000e+00 0.000000000000000000e+00 0.000000000000000000e+00
0.000000000000000000e+00 0.000000000000000000e+00 0.000000000000000000e+00 0.000000000000000000e+00 0.000000000000000000e+00
0.000000000000000000e+00 0.000000000000000000e+00 0.000000000000000000e+00 0.000000000000000000e+00 0.000000000000000000e+00
0.000000000000000000e+00 0.000000000000000000e+00 0.000000000000000000e+00 0.000000000000000000e+00 0.000000000000000000e+00
0.000000000000000000e+00 0.000000000000000000e+00 0.000000000000000000e+00 0.000000000000000000e+00 0.000000000000000000e+00
0.000000000000000000e+00 0.000000000000000000e+00 0.000000000000000000e+00 0.000000000000000000e+00 0.000000000000000000e+00
0.000000000000000000e+00 0.000000000000000000e+00 0.000000000000000000e+00 0.000000000000000000e+00 0.000000000000000000e+00
0.000000000000000000e+00 0.000000000000000000e+00 0.000000000000000000e+00 0.000000000000000000e+00 0.000000000000000000e+00
0.000000000000000000e+00 0.000000000000000000e+00 0.000000000000000000e+00 0.000000000000000000e+00 0.000000000000000000e+00
0.000000000000000000e+00 0.000000000000000000e+00 0.000000000000000000e+00 0.000000000000000000e+00 0.000000000000000000e+00
0.000000000000000000e+00 0.000000000000000000e+00 0.000000000000000000e+00 0.000000000000000000e+00 0.000000000000000000e+00
0.000000000000000000e+00 0.000000000000000000e+00 0.000000000000000000e+00 0.000000000000000000e+00 0.000000000000000000e+00
0.000000000000000000e+00 0.000000000000000000e+00 0.000000000000000000e+00 0.000000000000000000e+00 0.000000000000000000e+00
0.000000000000000000e+00 0.000000000000000000e+00 0.000000000000000000e+00 0.000000000000000000e+00 0.000000000000000000e+00
0.000000000000000000e+00 0.000000000000000000e+00 0.000000000000000000e+00 0.000000000000000000e+00 0.000000000000000000e+00
0.000000000000000000e+00 0.000000000000000000e+00 0.000000000000000000e+00 0.000000000000000000e+00 0.000000000000000000e+00
0.000000000000000000e+00 0.000000000000000000e+00 0.000000000000000000e+00 0.000000000000000000e+00 0.000000000000000000e+00
0.000000000000000000e+00 0.000000000000000000e+00 0.000000000000000000e+00 0.000000000000000000e+00 0.000000000000000000e+00
0.000000000000000000e+00 0.000000000000000000e+00 0.000000000000000000e+00 0.000000000000000000e+00 0.000000000000000000e+00
0.000000000000000000e+00 0.000000000000000000e+00 0.000000000000000000e+00 0.000000000000000000e+00 0.000000000000000000e+00
0.000000000000000000e+00 0.000000000000000000e+00 0.000000000000000000e+00 0.000000000000000000e+00 0.000000000000000000e+00
0.000000000000000000e+00 0.000000000000000000e+00 0.000000000000000000e+00 0.000000000000000000e+00 0.000000000000000000e+00
0.000000000000000000e+00 0.000000000000000000e+00 0.000000000000000000e+00 0.000000000000000000e+00 0.000000000000000000e+00
0.000000000000000000e+00 0.000000000000000000e+00 0.000000000000000000e+00 0.000000000000000000e+00 0.000000000000000000e+00
0.000000000000000000e+00 0.000000000000000000e+00 0.000000000000000000e+00 0.000000000000000000e+00 0.000000000000000000e+00
0.000000000000000000e+00 0.000000000000000000e+00 0.000000000000000000e+00 0.000000000000000000e+00 0.000000000000000000e+00
0.000000000000000000e+00 0.000000000000000000e+00 0.000000000000000000e+00 0.000000000000000000e+00 0.000000000000000000e+00
0.000000000000000000e+00 0.000000000000000000e+00 0.000000000000000000e+00 0.000000000000000000e+00 0.000000000000000000e+00
0.000000000000000000e+00 0.000000000000000000e+00 0.000000000000000000e+00 0.000000000000000000e+00 0.000000000000000000e+00
0.000000000000000000e+00 0.000000000000000000e+00 0.000000000000000000e+00 0.000000000000000000e+00 0.000000000000000000e+00
0.000000000000000000e+00 0.000000000000000000e+00 0.000000000000000000e+00 0.000000000000000000e+00 0.000000000000000000e+00
0.000000000000000000e+00 0.000000000000000000e+00 0.000000000000000000e+00 0.000000000000000000e+00 0.000000000000000000e+00
0.000000000000000000e+00 0.000000000000000000e+00 0.000000000000000000e+00 0.000000000000000000e+00 0.000000000000000000e+00
0.000000000000000000e+00 0.000000000000000000e+00 0.000000000000000000e+00 0.000000000000000000e+00 0.000000000000000000e+00
0.000000000000000000e+00 0.000000000000000000e+00 0.000000000000000000e+00 0.000000000000000000e+00 0.000000000000000000e+00
0.000000000000000000e+00 0.000000000000000000e+00 0.000000000000000000e+00 0.000000000000000000e+00 0.000000000000000000e+00
0.000000000000000000e+00 0.000000000000000000e+00 0.000000000000000000e+00 0.000000000000000000e+00 0.000000000000000000e+00
0.000000000000000000e+00 0.000000000000000000e+00 0.000000000000000000e+00 0.000000000000000000e+00 0.000000000000000000e+00
0.000000000000000000e+00 0.000000000000000000e+00 0.000000000000000000e+00 0.000000000000000000e+00 0.000000000000000000e+00
0.000000000000000000e+00 0.000000000000000000e+00 0.000000000000000000e+00 0.000000000000000000e+00 0.000000000000000000e+00
0.000000000000000000e+00 0.000000000000000000e+00 0.000000000000000000e+00 0.000000000000000000e+00 0.000000000000000000e+00
0.000000000000000000e+00 0.000000000000000000e+00 0.000000000000000000e+00 0.000000000000000000e+00 0.000000000000000000e+00
0.000000000000000000e+00 0.000000000000000000e+00 0.000000000000000000e+00 0.000000000000000000e+00 0.000000000000000000e+00
0.000000000000000000e+00 0.000000000000000000e+00 0.000000000000000000e+00 0.000000000000000000e+00 0.000000000000000000e+00
0.000000000000000000e+00 0.000000000000000000e+00 0.000000000000000000e+00 0.000000000000000000e+00 0.000000000000000000e+00
0.000000000000000000e+00 0.000000000000000000e+00 0.000000000000000000e+00 0.000000000000000000e+00 0.000000000000000000e+00
0.000000000000000000e+00 0.000000000000000000e+00 0.000000000000000000e+00 0.000000000000000000e+00 0.000000000000000000e+00
0.000000000000000000e+00 0.000000000000000000e+00 0.000000000000000000e+00 0.000000000000000000e+00 0.000000000000000000e+00
