0.000000000000000000e+00 0.000000000000000000e+00 1.000000000000000000e+00 0.000000000000000000e+00 0.000000000000000000e+00
8.282367140054702759e-02 5.149993896484375000e-01 1.000000000000000000e+00 0.000000000000000000e+00 0.000000000000000000e+00
-3.670599311590194702e-02 1.780353486537933350e-01 0.000000000000000000e+00 1.000000000000000000e+00 0.000000000000000000e+00
4.187626242637634277e-01 -7.975981235504150391e-01 1.000000000000000000e+00 0.000000000000000000e+00 0.000000000000000000e+00
6.188803315162658691e-01 -1.837417483329772949e-02 1.000000000000000000e+00 0.000000000000000000e+00 0.000000000000000000e+00
1.640740334987640381e-01 8.325240015983581543e-02 1.000000000000000000e+00 0.000000000000000000e+00 0.000000000000000000e+00
-5.972613096237182617e-01 5.967489480972290039e-01 1.000000000000000000e+00 0.000000000000000000e+00 0.000000000000000000e+00
-2.916376292705535889e-01 1.501975059509277344e-01 1.000000000000000000e+00 0.000000000000000000e+00 0.000000000000000000e+00
5.570131540298461914e-01 -2.590776681900024414e-01 1.000000000000000000e+00 0.000000000000000000e+00 0.000000000000000000e+00
1.522423774003982544e-01 -1.678639650344848633e-01 0.000000000000000000e+00 1.000000000000000000e+00 0.000000000000000000e+00
-2.958104014396667480e-01 -9.009367227554321289e-01 1.000000000000000000e+00 0.000000000000000000e+00 0.000000000000000000e+00
-1.578907668590545654e-01 1.340081691741943359e+00 1.000000000000000000e+00 0.000000000000000000e+00 0.000000000000000000e+00
-2.793376445770263672e-01 8.334411382675170898e-01 1.000000000000000000e+00 0.000000000000000000e+00 0.000000000000000000e+00
5.923534035682678223e-01 -3.982945084571838379e-01 1.000000000000000000e+00 0.000000000000000000e+00 0.000000000000000000e+00
2.175330072641372681e-01 -1.074819266796112061e-02 1.000000000000000000e+00 0.000000000000000000e+00 0.000000000000000000e+00
5.772692337632179260e-02 2.205285131931304932e-01 1.000000000000000000e+00 0.000000000000000000e+00 0.000000000000000000e+00
-5.316192656755447388e-02 1.996072530746459961e-01 0.000000000000000000e+00 1.000000000000000000e+00 0.000000000000000000e+00
7.444839477539062500e-01 -2.146705627441406250e+00 1.000000000000000000e+00 0.000000000000000000e+00 0.000000000000000000e+00
8.474004268646240234e-01 -2.351002544164657593e-01 1.000000000000000000e+00 0.000000000000000000e+00 0.000000000000000000e+00
3.200038671493530273e-01 -1.787447184324264526e-01 0.000000000000000000e+00 1.000000000000000000e+00 0.000000000000000000e+00
-2.391694188117980957e-01 -2.424116879701614380e-01 1.000000000000000000e+00 0.000000000000000000e+00 0.000000000000000000e+00
-7.822831869125366211e-01 9.608672261238098145e-01 1.000000000000000000e+00 0.000000000000000000e+00 0.000000000000000000e+00
-2.661256790161132812e-01 2.292915731668472290e-01 1.000000000000000000e+00 0.000000000000000000e+00 0.000000000000000000e+00
-2.347957491874694824e-01 7.055610418319702148e-02 1.000000000000000000e+00 0.000000000000000000e+00 0.000000000000000000e+00
1.574459820985794067e-01 3.148458153009414673e-02 1.000000000000000000e+00 0.000000000000000000e+00 0.000000000000000000e+00
9.433862566947937012e-02 3.191727399826049805e-01 1.000000000000000000e+00 0.000000000000000000e+00 0.000000000000000000e+00
-1.479244530200958252e-01 8.628302812576293945e-01 1.000000000000000000e+00 0.000000000000000000e+00 0.000000000000000000e+00
-8.482654392719268799e-02 1.663473993539810181e-01 0.000000000000000000e+00 1.000000000000000000e+00 0.000000000000000000e+00
5.043703317642211914e-01 -1.573044300079345703e+00 1.000000000000000000e+00 0.000000000000000000e+00 0.000000000000000000e+00
9.417426586151123047e-01 -1.833405792713165283e-01 1.000000000000000000e+00 0.000000000000000000e+00 0.000000000000000000e+00
3.573704957962036133e-01 5.375771597027778625e-02 1.000000000000000000e+00 0.000000000000000000e+00 0.000000000000000000e+00
1.405636966228485107e-01 1.842986941337585449e-01 1.000000000000000000e+00 0.000000000000000000e+00 0.000000000000000000e+00
2.030378580093383789e-02 5.749443769454956055e-01 1.000000000000000000e+00 0.000000000000000000e+00 0.000000000000000000e+00
-1.440869867801666260e-01 7.206784486770629883e-01 1.000000000000000000e+00 0.000000000000000000e+00 0.000000000000000000e+00
-1.120887249708175659e-01 2.432572543621063232e-01 1.000000000000000000e+00 0.000000000000000000e+00 0.000000000000000000e+00
-1.510861515998840332e-01 1.314935088157653809e-01 0.000000000000000000e+00 1.000000000000000000e+00 0.000000000000000000e+00
-8.789309263229370117e-01 -1.391043782234191895e+00 1.000000000000000000e+00 0.000000000000000000e+00 0.000000000000000000e+00
-5.002055317163467407e-02 4.957529529929161072e-02 1.000000000000000000e+00 0.000000000000000000e+00 0.000000000000000000e+00
1.026299148797988892e-01 1.032041609287261963e-01 1.000000000000000000e+00 0.000000000000000000e+00 0.000000000000000000e+00
2.077609002590179443e-01 1.013920828700065613e-02 1.000000000000000000e+00 0.000000000000000000e+00 0.000000000000000000e+00
4.655148983001708984e-01 -2.868191003799438477e-01 1.000000000000000000e+00 0.000000000000000000e+00 0.000000000000000000e+00
-8.343654870986938477e-01 6.927509903907775879e-01 1.000000000000000000e+00 0.000000000000000000e+00 0.000000000000000000e+00
6.347523927688598633e-01 -9.593153744935989380e-02 1.000000000000000000e+00 0.000000000000000000e+00 0.000000000000000000e+00
4.250222817063331604e-02 3.780008479952812195e-02 0.000000000000000000e+00 1.000000000000000000e+00 0.000000000000000000e+00
-7.877991199493408203e-01 5.520077347755432129e-01 1.000000000000000000e+00 0.000000000000000000e+00 0.000000000000000000e+00
7.413778305053710938e-01 -9.702921658754348755e-02 1.000000000000000000e+00 0.000000000000000000e+00 0.000000000000000000e+00
2.858960330486297607e-01 -1.302974820137023926e-01 0.000000000000000000e+00 1.000000000000000000e+00 0.000000000000000000e+00
-4.069774448871612549e-01 -1.633116602897644043e-01 1.000000000000000000e+00 0.000000000000000000e+00 0.000000000000000000e+00
-1.583801507949829102e-01 1.171014785766601562e+00 1.000000000000000000e+00 0.000000000000000000e+00 0.000000000000000000e+00
-1.182479411363601685e-01 3.499004244804382324e-01 0.000000000000000000e+00 1.000000000000000000e+00 0.000000000000000000e+00
-6.922509670257568359e-01 -3.114272117614746094e+00 0.000000000000000000e+00 0.000000000000000000e+00 1.000000000000000000e+00
-4.861011505126953125e-01 9.657062292098999023e-01 0.000000000000000000e+00 0.000000000000000000e+00 1.000000000000000000e+00
-1.434926271438598633e+00 -6.078823208808898926e-01 0.000000000000000000e+00 0.000000000000000000e+00 1.000000000000000000e+00
-9.030715227127075195e-01 -1.983022093772888184e-01 0.000000000000000000e+00 0.000000000000000000e+00 1.000000000000000000e+00
-1.077221155166625977e+00 -5.509315133094787598e-01 0.000000000000000000e+00 0.000000000000000000e+00 1.000000000000000000e+00
-9.432092905044555664e-01 -4.088173508644104004e-01 0.000000000000000000e+00 0.000000000000000000e+00 1.000000000000000000e+00
-9.635001420974731445e-01 -4.923176169395446777e-01 0.000000000000000000e+00 0.000000000000000000e+00 1.000000000000000000e+00
-9.288804531097412109e-01 -4.635096192359924316e-01 0.000000000000000000e+00 0.000000000000000000e+00 1.000000000000000000e+00
-9.279539585113525391e-01 -4.614315629005432129e-01 0.000000000000000000e+00 0.000000000000000000e+00 1.000000000000000000e+00
-9.147230386734008789e-01 -4.370667338371276855e-01 0.000000000000000000e+00 0.000000000000000000e+00 1.000000000000000000e+00
-9.089205265045166016e-01 -4.252761006355285645e-01 0.000000000000000000e+00 0.000000000000000000e+00 1.000000000000000000e+00
-9.032568931579589844e-01 -4.099612832069396973e-01 0.000000000000000000e+00 0.000000000000000000e+00 1.000000000000000000e+00
-8.971636295318603516e-01 -3.954902291297912598e-01 0.000000000000000000e+00 0.000000000000000000e+00 1.000000000000000000e+00
-8.880426883697509766e-01 -3.859515786170959473e-01 0.000000000000000000e+00 0.000000000000000000e+00 1.000000000000000000e+00
-8.834825754165649414e-01 -3.807750344276428223e-01 0.000000000000000000e+00 0.000000000000000000e+00 1.000000000000000000e+00
-8.818711042404174805e-01 -3.767867684364318848e-01 0.000000000000000000e+00 0.000000000000000000e+00 1.000000000000000000e+00
-8.793900012969970703e-01 -3.748938441276550293e-01 0.000000000000000000e+00 0.000000000000000000e+00 1.000000000000000000e+00
-8.746652603149414062e-01 -3.713844418525695801e-01 0.000000000000000000e+00 0.000000000000000000e+00 1.000000000000000000e+00
-8.681598901748657227e-01 -3.652642369270324707e-01 0.000000000000000000e+00 0.000000000000000000e+00 1.000000000000000000e+00
0.000000000000000000e+00 0.000000000000000000e+00 0.000000000000000000e+00 0.000000000000000000e+00 0.000000000000000000e+00
0.000000000000000000e+00 0.000000000000000000e+00 0.000000000000000000e+00 0.000000000000000000e+00 0.000000000000000000e+00
0.000000000000000000e+00 0.000000000000000000e+00 0.000000000000000000e+00 0.000000000000000000e+00 0.000000000000000000e+00
0.000000000000000000e+00 0.000000000000000000e+00 0.000000000000000000e+00 0.000000000000000000e+00 0.000000000000000000e+00
0.000000000000000000e+00 0.000000000000000000e+00 0.000000000000000000e+00 0.000000000000000000e+00 0.000000000000000000e+00
0.000000000000000000e+00 0.000000000000000000e+00 0.000000000000000000e+00 0.000000000000000000e+00 0.000000000000000000e+00
0.000000000000000000e+00 0.000000000000000000e+00 0.000000000000000000e+00 0.000000000000000000e+00 0.000000000000000000e+00
0.000000000000000000e+00 0.000000000000000000e+00 0.000000000000000000e+00 0.000000000000000000e+00 0.000000000000000000e+00
0.000000000000000000e+00 0.000000000000000000e+00 0.000000000000000000e+00 0.000000000000000000e+00 0.000000000000000000e+00
0.000000000000000000e+00 0.000000000000000000e+00 0.000000000000000000e+00 0.000000000000000000e+00 0.000000000000000000e+00
0.000000000000000000e+00 0.000000000000000000e+00 0.000000000000000000e+00 0.000000000000000000e+00 0.000000000000000000e+00
0.000000000000000000e+00 0.000000000000000000e+00 0.000000000000000000e+00 0.000000000000000000e+00 0.000000000000000000e+00
0.000000000000000000e+00 0.000000000000000000e+00 0.000000000000000000e+00 0.000000000000000000e+00 0.000000000000000000e+00
0.000000000000000000e+00 0.000000000000000000e+00 0.000000000000000000e+00 0.000000000000000000e+00 0.000000000000000000e+00
0.000000000000000000e+00 0.000000000000000000e+00 0.000000000000000000e+00 0.000000000000000000e+00 0.000000000000000000e+00
0.000000000000000000e+00 0.000000000000000000e+00 0.000000000000000000e+00 0.000000000000000000e+00 0.000000000000000000e+00
0.000000000000000000e+00 0.000000000000000000e+00 0.000000000000000000e+00 0.000000000000000000e+00 0.000000000000000000e+00
0.000000000000000000e+00 0.000000000000000000e+00 0.000000000000000000e+00 0.000000000000000000e+00 0.000000000000000000e+00
0.000000000000000000e+00 0.000000000000000000e+00 0.000000000000000000e+00 0.000000000000000000e+00 0.000000000000000000e+00
0.000000000000000000e+00 0.000000000000000000e+00 0.000000000000000000e+00 0.000000000000000000e+00 0.000000000000000000e+00
0.000000000000000000e+00 0.000000000000000000e+00 0.000000000000000000e+00 0.000000000000000000e+00 0.000000000000000000e+00
0.000000000000000000e+00 0.000000000000000000e+00 0.000000000000000000e+00 0.000000000000000000e+00 0.000000000000000000e+00
0.000000000000000000e+00 0.000000000000000000e+00 0.000000000000000000e+00 0.000000000000000000e+00 0.000000000000000000e+00
0.000000000000000000e+00 0.000000000000000000e+00 0.000000000000000000e+00 0.000000000000000000e+00 0.000000000000000000e+00
0.000000000000000000e+00 0.000000000000000000e+00 0.000000000000000000e+00 0.000000000000000000e+00 0.000000000000000000e+00
0.000000000000000000e+00 0.000000000000000000e+00 0.000000000000000000e+00 0.000000000000000000e+00 0.000000000000000000e+00
0.000000000000000000e+00 0.000000000000000000e+00 0.000000000000000000e+00 0.000000000000000000e+00 0.000000000000000000e+00
0.000000000000000000e+00 0.000000000000000000e+00 0.000000000000000000e+00 0.000000000000000000e+00 0.000000000000000000e+00
0.000000000000000000e+00 0.000000000000000000e+00 0.000000000000000000e+00 0.000000000000000000e+00 0.000000000000000000e+00
0.000000000000000000e+00 0.000000000000000000e+00 0.000000000000000000e+00 0.000000000000000000e+00 0.000000000000000000e+00
0.000000000000000000e+00 0.000000000000000000e+00 0.000000000000000000e+00 0.000000000000000000e+00 0.000000000000000000e+00
0.000000000000000000e+00 0.000000000000000000e+00 0.000000000000000000e+00 0.000000000000000000e+00 0.000000000000000000e+00
0.000000000000000000e+00 0.000000000000000000e+00 0.000000000000000000e+00 0.000000000000000000e+00 0.000000000000000000e+00
0.000000000000000000e+00 0.000000000000000000e+00 0.000000000000000000e+00 0.000000000000000000e+00 0.000000000000000000e+00
0.000000000000000000e+00 0.000000000000000000e+00 0.000000000000000000e+00 0.000000000000000000e+00 0.000000000000000000e+00
0.000000000000000000e+00 0.000000000000000000e+00 0.000000000000000000e+00 0.000000000000000000e+00 0.000000000000000000e+00
0.000000000000000000e+00 0.000000000000000000e+00 0.000000000000000000e+00 0.000000000000000000e+00 0.000000000000000000e+00
0.000000000000000000e+00 0.000000000000000000e+00 0.000000000000000000e+00 0.000000000000000000e+00 0.000000000000000000e+00
0.000000000000000000e+00 0.000000000000000000e+00 0.000000000000000000e+00 0.000000000000000000e+00 0.000000000000000000e+00
0.000000000000000000e+00 0.000000000000000000e+00 0.000000000000000000e+00 0.000000000000000000e+00 0.000000000000000000e+00
0.000000000000000000e+00 0.000000000000000000e+00 0.000000000000000000e+00 0.000000000000000000e+00 0.000000000000000000e+00
0.000000000000000000e+00 0.000000000000000000e+00 0.000000000000000000e+00 0.000000000000000000e+00 0.000000000000000000e+00
0.000000000000000000e+00 0.000000000000000000e+00 0.000000000000000000e+00 0.000000000000000000e+00 0.000000000000000000e+00
0.000000000000000000e+00 0.000000000000000000e+00 0.000000000000000000e+00 0.000000000000000000e+00 0.000000000000000000e+00
0.000000000000000000e+00 0.000000000000000000e+00 0.000000000000000000e+00 0.000000000000000000e+00 0.000000000000000000e+00
0.000000000000000000e+00 0.000000000000000000e+00 0.000000000000000000e+00 0.000000000000000000e+00 0.000000000000000000e+00
0.000000000000000000e+00 0.000000000000000000e+00 0.000000000000000000e+00 0.000000000000000000e+00 0.000000000000000000e+00
0.000000000000000000e+00 0.000000000000000000e+00 0.000000000000000000e+00 0.000000000000000000e+00 0.000000000000000000e+00
0.000000000000000000e+00 0.000000000000000000e+00 0.000000000000000000e+00 0.000000000000000000e+00 0.000000000000000000e+00
0.000000000000000000e+00 0.000000000000000000e+00 0.000000000000000000e+00 0.000000000000000000e+00 0.000000000000000000e+00
0.000000000000000000e+00 0.000000000000000000e+00 0.000000000000000000e+00 0.000000000000000000e+00 0.000000000000000000e+00
0.000000000000000000e+00 0.000000000000000000e+00 0.000000000000000000e+00 0.000000000000000000e+00 0.000000000000000000e+00
