0.000000000000000000e+00 0.000000000000000000e+00 1.000000000000000000e+00 0.000000000000000000e+00 0.000000000000000000e+00
6.466475129127502441e-02 5.810410976409912109e-01 1.000000000000000000e+00 0.000000000000000000e+00 0.000000000000000000e+00
-4.958027601242065430e-02 1.982048898935317993e-01 0.000000000000000000e+00 1.000000000000000000e+00 0.000000000000000000e+00
4.634974598884582520e-01 -8.521252870559692383e-01 1.000000000000000000e+00 0.000000000000000000e+00 0.000000000000000000e+00
6.762068867683410645e-01 -3.373025357723236084e-02 1.000000000000000000e+00 0.000000000000000000e+00 0.000000000000000000e+00
1.821353435516357422e-01 8.635967969894409180e-02 1.000000000000000000e+00 0.000000000000000000e+00 0.000000000000000000e+00
-6.321458816528320312e-01 6.335989236831665039e-01 1.000000000000000000e+00 0.000000000000000000e+00 0.000000000000000000e+00
-3.217782676219940186e-01 1.680387854576110840e-01 1.000000000000000000e+00 0.000000000000000000e+00 0.000000000000000000e+00
5.902850627899169922e-01 -2.744353413581848145e-01 1.000000000000000000e+00 0.000000000000000000e+00 0.000000000000000000e+00
1.573097407817840576e-01 -1.733752191066741943e-01 0.000000000000000000e+00 1.000000000000000000e+00 0.000000000000000000e+00
-2.955334782600402832e-01 -9.729075431823730469e-01 1.000000000000000000e+00 0.000000000000000000e+00 0.000000000000000000e+00
-1.785356998443603516e-01 1.408963441848754883e+00 1.000000000000000000e+00 0.000000000000000000e+00 0.000000000000000000e+00
-3.046281337738037109e-01 8.871339559555053711e-01 1.000000000000000000e+00 0.000000000000000000e+00 0.000000000000000000e+00
6.102931499481201172e-01 -3.821237683296203613e-01 1.000000000000000000e+00 0.000000000000000000e+00 0.000000000000000000e+00
2.403947860002517700e-01 -7.148571312427520752e-03 1.000000000000000000e+00 0.000000000000000000e+00 0.000000000000000000e+00
6.298159807920455933e-02 2.273323684930801392e-01 1.000000000000000000e+00 0.000000000000000000e+00 0.000000000000000000e+00
-5.551680177450180054e-02 2.072371840476989746e-01 0.000000000000000000e+00 1.000000000000000000e+00 0.000000000000000000e+00
1.087697386741638184e+00 -2.693856239318847656e+00 1.000000000000000000e+00 0.000000000000000000e+00 0.000000000000000000e+00
6.895325779914855957e-01 -1.481377929449081421e-01 1.000000000000000000e+00 0.000000000000000000e+00 0.000000000000000000e+00
-5.186810344457626343e-02 5.588429421186447144e-02 0.000000000000000000e+00 1.000000000000000000e+00 0.000000000000000000e+00
-6.627128124237060547e-01 5.311508178710937500e-01 1.000000000000000000e+00 0.000000000000000000e+00 0.000000000000000000e+00
5.784252285957336426e-01 -4.799742996692657471e-02 1.000000000000000000e+00 0.000000000000000000e+00 0.000000000000000000e+00
-5.207788199186325073e-02 6.230846047401428223e-02 0.000000000000000000e+00 1.000000000000000000e+00 0.000000000000000000e+00
-7.505147457122802734e-01 4.783875048160552979e-01 1.000000000000000000e+00 0.000000000000000000e+00 0.000000000000000000e+00
7.955786585807800293e-01 -1.352652162313461304e-01 1.000000000000000000e+00 0.000000000000000000e+00 0.000000000000000000e+00
3.949722349643707275e-01 -1.861903369426727295e-01 0.000000000000000000e+00 1.000000000000000000e+00 0.000000000000000000e+00
-2.268916368484497070e-01 -1.188354849815368652e+00 1.000000000000000000e+00 0.000000000000000000e+00 0.000000000000000000e+00
-6.872816085815429688e-01 1.379623532295227051e+00 1.000000000000000000e+00 0.000000000000000000e+00 0.000000000000000000e+00
-6.779628992080688477e-01 9.412999153137207031e-01 1.000000000000000000e+00 0.000000000000000000e+00 0.000000000000000000e+00
-3.278626799583435059e-01 2.804609835147857666e-01 0.000000000000000000e+00 1.000000000000000000e+00 0.000000000000000000e+00
1.245604991912841797e+00 -8.927013874053955078e-01 1.000000000000000000e+00 0.000000000000000000e+00 0.000000000000000000e+00
3.345316052436828613e-01 5.657163262367248535e-02 1.000000000000000000e+00 0.000000000000000000e+00 0.000000000000000000e+00
2.216361016035079956e-01 1.599320918321609497e-01 1.000000000000000000e+00 0.000000000000000000e+00 0.000000000000000000e+00
2.589657902717590332e-02 1.163454204797744751e-01 0.000000000000000000e+00 1.000000000000000000e+00 0.000000000000000000e+00
-1.265020132064819336e+00 4.356496334075927734e-01 1.000000000000000000e+00 0.000000000000000000e+00 0.000000000000000000e+00
-6.752328574657440186e-02 7.106107473373413086e-01 1.000000000000000000e+00 0.000000000000000000e+00 0.000000000000000000e+00
-7.216888666152954102e-02 1.768197119235992432e-01 0.000000000000000000e+00 1.000000000000000000e+00 0.000000000000000000e+00
4.936591386795043945e-01 -1.024444580078125000e+00 1.000000000000000000e+00 0.000000000000000000e+00 0.000000000000000000e+00
7.563171386718750000e-01 -1.070394888520240784e-01 1.000000000000000000e+00 0.000000000000000000e+00 0.000000000000000000e+00
2.410780191421508789e-01 8.074090629816055298e-02 1.000000000000000000e+00 0.000000000000000000e+00 0.000000000000000000e+00
-1.289790570735931396e-01 1.036818981170654297e+00 1.000000000000000000e+00 0.000000000000000000e+00 0.000000000000000000e+00
-8.993464708328247070e-02 1.598131954669952393e-01 1.000000000000000000e+00 0.000000000000000000e+00 0.000000000000000000e+00
-1.584294736385345459e-01 8.128304034471511841e-02 0.000000000000000000e+00 1.000000000000000000e+00 0.000000000000000000e+00
-4.044400155544281006e-01 -7.081398963928222656e-01 1.000000000000000000e+00 0.000000000000000000e+00 0.000000000000000000e+00
3.368452787399291992e-01 1.039057970046997070e-04 0.000000000000000000e+00 1.000000000000000000e+00 0.000000000000000000e+00
-2.923173010349273682e-01 3.886476159095764160e-01 1.000000000000000000e+00 0.000000000000000000e+00 0.000000000000000000e+00
5.558556914329528809e-01 -5.900622904300689697e-02 1.000000000000000000e+00 0.000000000000000000e+00 0.000000000000000000e+00
3.637861013412475586e-01 -1.554909646511077881e-01 0.000000000000000000e+00 1.000000000000000000e+00 0.000000000000000000e+00
-1.389224529266357422e+00 -2.190759420394897461e+00 0.000000000000000000e+00 0.000000000000000000e+00 1.000000000000000000e+00
-3.795206546783447266e-01 1.261904954910278320e+00 0.000000000000000000e+00 0.000000000000000000e+00 1.000000000000000000e+00
-1.464693546295166016e+00 -4.010141491889953613e-01 0.000000000000000000e+00 0.000000000000000000e+00 1.000000000000000000e+00
-8.941980600357055664e-01 -2.614074349403381348e-01 0.000000000000000000e+00 0.000000000000000000e+00 1.000000000000000000e+00
-1.090609431266784668e+00 -4.354198575019836426e-01 0.000000000000000000e+00 0.000000000000000000e+00 1.000000000000000000e+00
-9.670885801315307617e-01 -3.092609047889709473e-01 0.000000000000000000e+00 0.000000000000000000e+00 1.000000000000000000e+00
-1.003182649612426758e+00 -4.090924859046936035e-01 0.000000000000000000e+00 0.000000000000000000e+00 1.000000000000000000e+00
-9.566313028335571289e-01 -4.163505434989929199e-01 0.000000000000000000e+00 0.000000000000000000e+00 1.000000000000000000e+00
-9.441412687301635742e-01 -4.200409054756164551e-01 0.000000000000000000e+00 0.000000000000000000e+00 1.000000000000000000e+00
-9.246784448623657227e-01 -4.035008549690246582e-01 0.000000000000000000e+00 0.000000000000000000e+00 1.000000000000000000e+00
-9.101549386978149414e-01 -4.054873585700988770e-01 0.000000000000000000e+00 0.000000000000000000e+00 1.000000000000000000e+00
-8.986449241638183594e-01 -4.024568200111389160e-01 0.000000000000000000e+00 0.000000000000000000e+00 1.000000000000000000e+00
-8.956127166748046875e-01 -3.917165398597717285e-01 0.000000000000000000e+00 0.000000000000000000e+00 1.000000000000000000e+00
-8.932723999023437500e-01 -3.819474577903747559e-01 0.000000000000000000e+00 0.000000000000000000e+00 1.000000000000000000e+00
-8.875483274459838867e-01 -3.785887360572814941e-01 0.000000000000000000e+00 0.000000000000000000e+00 1.000000000000000000e+00
-8.810092210769653320e-01 -3.723638653755187988e-01 0.000000000000000000e+00 0.000000000000000000e+00 1.000000000000000000e+00
-8.742369413375854492e-01 -3.677962422370910645e-01 0.000000000000000000e+00 0.000000000000000000e+00 1.000000000000000000e+00
-8.694269657135009766e-01 -3.674225211143493652e-01 0.000000000000000000e+00 0.000000000000000000e+00 1.000000000000000000e+00
-8.659580945968627930e-01 -3.675675988197326660e-01 0.000000000000000000e+00 0.000000000000000000e+00 1.000000000000000000e+00
-8.634949922561645508e-01 -3.663530945777893066e-01 0.000000000000000000e+00 0.000000000000000000e+00 1.000000000000000000e+00
-8.614211082458496094e-01 -3.598514199256896973e-01 0.000000000000000000e+00 0.000000000000000000e+00 1.000000000000000000e+00
-8.600512742996215820e-01 -3.491545319557189941e-01 0.000000000000000000e+00 0.000000000000000000e+00 1.000000000000000000e+00
-8.587911128997802734e-01 -3.399053215980529785e-01 0.000000000000000000e+00 0.000000000000000000e+00 1.000000000000000000e+00
-8.588310480117797852e-01 -3.332763314247131348e-01 0.000000000000000000e+00 0.000000000000000000e+00 1.000000000000000000e+00
-8.569426536560058594e-01 -3.346751332283020020e-01 0.000000000000000000e+00 0.000000000000000000e+00 1.000000000000000000e+00
-8.512284755706787109e-01 -3.428820967674255371e-01 0.000000000000000000e+00 0.000000000000000000e+00 1.000000000000000000e+00
-8.431333303451538086e-01 -3.494911789894104004e-01 0.000000000000000000e+00 0.000000000000000000e+00 1.000000000000000000e+00
-8.340067863464355469e-01 -3.511546254158020020e-01 0.000000000000000000e+00 0.000000000000000000e+00 1.000000000000000000e+00
-8.252128362655639648e-01 -3.503136038780212402e-01 0.000000000000000000e+00 0.000000000000000000e+00 1.000000000000000000e+00
-8.197849988937377930e-01 -3.480607867240905762e-01 0.000000000000000000e+00 0.000000000000000000e+00 1.000000000000000000e+00
0.000000000000000000e+00 0.000000000000000000e+00 0.000000000000000000e+00 0.000000000000000000e+00 0.000000000000000000e+00
0.000000000000000000e+00 0.000000000000000000e+00 0.000000000000000000e+00 0.000000000000000000e+00 0.000000000000000000e+00
0.000000000000000000e+00 0.000000000000000000e+00 0.000000000000000000e+00 0.000000000000000000e+00 0.000000000000000000e+00
0.000000000000000000e+00 0.000000000000000000e+00 0.000000000000000000e+00 0.000000000000000000e+00 0.000000000000000000e+00
0.000000000000000000e+00 0.000000000000000000e+00 0.000000000000000000e+00 0.000000000000000000e+00 0.000000000000000000e+00
0.000000000000000000e+00 0.000000000000000000e+00 0.000000000000000000e+00 0.000000000000000000e+00 0.000000000000000000e+00
0.000000000000000000e+00 0.000000000000000000e+00 0.000000000000000000e+00 0.000000000000000000e+00 0.000000000000000000e+00
0.000000000000000000e+00 0.000000000000000000e+00 0.000000000000000000e+00 0.000000000000000000e+00 0.000000000000000000e+00
0.000000000000000000e+00 0.000000000000000000e+00 0.000000000000000000e+00 0.000000000000000000e+00 0.000000000000000000e+00
0.000000000000000000e+00 0.000000000000000000e+00 0.000000000000000000e+00 0.000000000000000000e+00 0.000000000000000000e+00
0.000000000000000000e+00 0.000000000000000000e+00 0.000000000000000000e+00 0.000000000000000000e+00 0.000000000000000000e+00
0.000000000000000000e+00 0.000000000000000000e+00 0.000000000000000000e+00 0.000000000000000000e+00 0.000000000000000000e+00
0.000000000000000000e+00 0.000000000000000000e+00 0.000000000000000000e+00 0.000000000000000000e+00 0.000000000000000000e+00
0.000000000000000000e+00 0.000000000000000000e+00 0.000000000000000000e+00 0.000000000000000000e+00 0.000000000000000000e+00
0.000000000000000000e+00 0.000000000000000000e+00 0.000000000000000000e+00 0.000000000000000000e+00 0.000000000000000000e+00
0.000000000000000000e+00 0.000000000000000000e+00 0.000000000000000000e+00 0.000000000000000000e+00 0.000000000000000000e+00
0.000000000000000000e+00 0.000000000000000000e+00 0.000000000000000000e+00 0.000000000000000000e+00 0.000000000000000000e+00
0.000000000000000000e+00 0.000000000000000000e+00 0.000000000000000000e+00 0.000000000000000000e+00 0.000000000000000000e+00
0.000000000000000000e+00 0.000000000000000000e+00 0.000000000000000000e+00 0.000000000000000000e+00 0.000000000000000000e+00
0.000000000000000000e+00 0.000000000000000000e+00 0.000000000000000000e+00 0.000000000000000000e+00 0.000000000000000000e+00
0.000000000000000000e+00 0.000000000000000000e+00 0.000000000000000000e+00 0.000000000000000000e+00 0.000000000000000000e+00
0.000000000000000000e+00 0.000000000000000000e+00 0.000000000000000000e+00 0.000000000000000000e+00 0.000000000000000000e+00
0.000000000000000000e+00 0.000000000000000000e+00 0.000000000000000000e+00 0.000000000000000000e+00 0.000000000000000000e+00
0.000000000000000000e+00 0.000000000000000000e+00 0.000000000000000000e+00 0.000000000000000000e+00 0.000000000000000000e+00
0.000000000000000000e+00 0.000000000000000000e+00 0.000000000000000000e+00 0.000000000000000000e+00 0.000000000000000000e+00
0.000000000000000000e+00 0.000000000000000000e+00 0.000000000000000000e+00 0.000000000000000000e+00 0.000000000000000000e+00
0.000000000000000000e+00 0.000000000000000000e+00 0.000000000000000000e+00 0.000000000000000000e+00 0.000000000000000000e+00
0.000000000000000000e+00 0.000000000000000000e+00 0.000000000000000000e+00 0.000000000000000000e+00 0.000000000000000000e+00
0.000000000000000000e+00 0.000000000000000000e+00 0.000000000000000000e+00 0.000000000000000000e+00 0.000000000000000000e+00
0.000000000000000000e+00 0.000000000000000000e+00 0.000000000000000000e+00 0.000000000000000000e+00 0.000000000000000000e+00
0.000000000000000000e+00 0.000000000000000000e+00 0.000000000000000000e+00 0.000000000000000000e+00 0.000000000000000000e+00
0.000000000000000000e+00 0.000000000000000000e+00 0.000000000000000000e+00 0.000000000000000000e+00 0.000000000000000000e+00
0.000000000000000000e+00 0.000000000000000000e+00 0.000000000000000000e+00 0.000000000000000000e+00 0.000000000000000000e+00
0.000000000000000000e+00 0.000000000000000000e+00 0.000000000000000000e+00 0.000000000000000000e+00 0.000000000000000000e+00
0.000000000000000000e+00 0.000000000000000000e+00 0.000000000000000000e+00 0.000000000000000000e+00 0.000000000000000000e+00
0.000000000000000000e+00 0.000000000000000000e+00 0.000000000000000000e+00 0.000000000000000000e+00 0.000000000000000000e+00
0.000000000000000000e+00 0.000000000000000000e+00 0.000000000000000000e+00 0.000000000000000000e+00 0.000000000000000000e+00
0.000000000000000000e+00 0.000000000000000000e+00 0.000000000000000000e+00 0.000000000000000000e+00 0.000000000000000000e+00
0.000000000000000000e+00 0.000000000000000000e+00 0.000000000000000000e+00 0.000000000000000000e+00 0.000000000000000000e+00
0.000000000000000000e+00 0.000000000000000000e+00 0.000000000000000000e+00 0.000000000000000000e+00 0.000000000000000000e+00
0.000000000000000000e+00 0.000000000000000000e+00 0.000000000000000000e+00 0.000000000000000000e+00 0.000000000000000000e+00
0.000000000000000000e+00 0.000000000000000000e+00 0.000000000000000000e+00 0.000000000000000000e+00 0.000000000000000000e+00
0.000000000000000000e+00 0.000000000000000000e+00 0.000000000000000000e+00 0.000000000000000000e+00 0.000000000000000000e+00
