0.000000000000000000e+00 0.000000000000000000e+00 1.000000000000000000e+00 0.000000000000000000e+00 0.000000000000000000e+00
-7.699202895164489746e-01 9.662047028541564941e-01 1.000000000000000000e+00 0.000000000000000000e+00 0.000000000000000000e+00
-5.329303741455078125e-01 4.559472799301147461e-01 1.000000000000000000e+00 0.000000000000000000e+00 0.000000000000000000e+00
6.085823178291320801e-01 -2.449886351823806763e-01 0.000000000000000000e+00 1.000000000000000000e+00 0.000000000000000000e+00
5.138188600540161133e-01 -6.521961092948913574e-02 1.000000000000000000e+00 0.000000000000000000e+00 0.000000000000000000e+00
-8.443807363510131836e-01 8.372026681900024414e-01 1.000000000000000000e+00 0.000000000000000000e+00 0.000000000000000000e+00
-3.167715072631835938e-01 1.904956698417663574e-01 1.000000000000000000e+00 0.000000000000000000e+00 0.000000000000000000e+00
2.955435216426849365e-01 -1.595783531665802002e-01 1.000000000000000000e+00 0.000000000000000000e+00 0.000000000000000000e+00
2.455202490091323853e-01 7.549423724412918091e-03 1.000000000000000000e+00 0.000000000000000000e+00 0.000000000000000000e+00
7.925495505332946777e-02 3.104045391082763672e-01 1.000000000000000000e+00 0.000000000000000000e+00 0.000000000000000000e+00
-7.746822386980056763e-02 5.373789072036743164e-01 1.000000000000000000e+00 0.000000000000000000e+00 0.000000000000000000e+00
-7.059048861265182495e-02 1.347343027591705322e-01 0.000000000000000000e+00 1.000000000000000000e+00 0.000000000000000000e+00
1.130058646202087402e+00 -2.234998226165771484e+00 1.000000000000000000e+00 0.000000000000000000e+00 0.000000000000000000e+00
1.227348744869232178e-01 5.252924561500549316e-02 0.000000000000000000e+00 1.000000000000000000e+00 0.000000000000000000e+00
-2.643935978412628174e-01 4.667218923568725586e-01 1.000000000000000000e+00 0.000000000000000000e+00 0.000000000000000000e+00
1.448497772216796875e-01 4.956382513046264648e-02 1.000000000000000000e+00 0.000000000000000000e+00 0.000000000000000000e+00
2.747230231761932373e-02 1.242730468511581421e-01 0.000000000000000000e+00 1.000000000000000000e+00 0.000000000000000000e+00
-1.770298629999160767e-01 6.036204099655151367e-01 1.000000000000000000e+00 0.000000000000000000e+00 0.000000000000000000e+00
3.677507638931274414e-01 -4.403474926948547363e-01 1.000000000000000000e+00 0.000000000000000000e+00 0.000000000000000000e+00
1.264512985944747925e-01 -2.749406099319458008e-01 0.000000000000000000e+00 1.000000000000000000e+00 0.000000000000000000e+00
5.124860405921936035e-01 -9.781997799873352051e-01 1.000000000000000000e+00 0.000000000000000000e+00 0.000000000000000000e+00
5.677816271781921387e-01 -9.792345017194747925e-02 1.000000000000000000e+00 0.000000000000000000e+00 0.000000000000000000e+00
-5.211327224969863892e-02 6.007887423038482666e-02 0.000000000000000000e+00 1.000000000000000000e+00 0.000000000000000000e+00
-7.762030363082885742e-01 8.002997636795043945e-01 1.000000000000000000e+00 0.000000000000000000e+00 0.000000000000000000e+00
6.352246999740600586e-01 -1.051572933793067932e-01 1.000000000000000000e+00 0.000000000000000000e+00 0.000000000000000000e+00
-3.938133642077445984e-02 1.264837503433227539e+00 1.000000000000000000e+00 0.000000000000000000e+00 0.000000000000000000e+00
-1.063584908843040466e-01 4.053048789501190186e-01 1.000000000000000000e+00 0.000000000000000000e+00 0.000000000000000000e+00
-1.187793239951133728e-01 1.236263364553451538e-01 1.000000000000000000e+00 0.000000000000000000e+00 0.000000000000000000e+00
-2.783623039722442627e-01 5.076104775071144104e-02 1.000000000000000000e+00 0.000000000000000000e+00 0.000000000000000000e+00
-2.982352972030639648e-01 -6.995625048875808716e-02 1.000000000000000000e+00 0.000000000000000000e+00 0.000000000000000000e+00
-3.534481525421142578e-01 -2.381201684474945068e-01 0.000000000000000000e+00 1.000000000000000000e+00 0.000000000000000000e+00
-4.955969750881195068e-02 -2.356231451034545898e+00 0.000000000000000000e+00 0.000000000000000000e+00 1.000000000000000000e+00
-7.545137405395507812e-01 5.618311762809753418e-01 0.000000000000000000e+00 0.000000000000000000e+00 1.000000000000000000e+00
-1.239093661308288574e+00 -3.932314515113830566e-01 0.000000000000000000e+00 0.000000000000000000e+00 1.000000000000000000e+00
-8.961738348007202148e-01 -1.797268390655517578e-01 0.000000000000000000e+00 0.000000000000000000e+00 1.000000000000000000e+00
-9.922914505004882812e-01 -3.270130753517150879e-01 0.000000000000000000e+00 0.000000000000000000e+00 1.000000000000000000e+00
-9.082206487655639648e-01 -2.896021604537963867e-01 0.000000000000000000e+00 0.000000000000000000e+00 1.000000000000000000e+00
-9.085239171981811523e-01 -3.104156255722045898e-01 0.000000000000000000e+00 0.000000000000000000e+00 1.000000000000000000e+00
-8.868640661239624023e-01 -3.004232048988342285e-01 0.000000000000000000e+00 0.000000000000000000e+00 1.000000000000000000e+00
-8.785189390182495117e-01 -2.950794696807861328e-01 0.000000000000000000e+00 0.000000000000000000e+00 1.000000000000000000e+00
-8.701076507568359375e-01 -2.839908599853515625e-01 0.000000000000000000e+00 0.000000000000000000e+00 1.000000000000000000e+00
-8.617490530014038086e-01 -2.743521928787231445e-01 0.000000000000000000e+00 0.000000000000000000e+00 1.000000000000000000e+00
-8.525558710098266602e-01 -2.694266438484191895e-01 0.000000000000000000e+00 0.000000000000000000e+00 1.000000000000000000e+00
-8.415142297744750977e-01 -2.660423517227172852e-01 0.000000000000000000e+00 0.000000000000000000e+00 1.000000000000000000e+00
-8.277781009674072266e-01 -2.649939060211181641e-01 0.000000000000000000e+00 0.000000000000000000e+00 1.000000000000000000e+00
-8.150309324264526367e-01 -2.684181332588195801e-01 0.000000000000000000e+00 0.000000000000000000e+00 1.000000000000000000e+00
-8.053404092788696289e-01 -2.734594345092773438e-01 0.000000000000000000e+00 0.000000000000000000e+00 1.000000000000000000e+00
-7.983335256576538086e-01 -2.764484286308288574e-01 0.000000000000000000e+00 0.000000000000000000e+00 1.000000000000000000e+00
-7.931189537048339844e-01 -2.751733660697937012e-01 0.000000000000000000e+00 0.000000000000000000e+00 1.000000000000000000e+00
-7.875577211380004883e-01 -2.690010666847229004e-01 0.000000000000000000e+00 0.000000000000000000e+00 1.000000000000000000e+00
-7.813102006912231445e-01 -2.617692947387695312e-01 0.000000000000000000e+00 0.000000000000000000e+00 1.000000000000000000e+00
-7.746511697769165039e-01 -2.582441568374633789e-01 0.000000000000000000e+00 0.000000000000000000e+00 1.000000000000000000e+00
-7.697222232818603516e-01 -2.589469552040100098e-01 0.000000000000000000e+00 0.000000000000000000e+00 1.000000000000000000e+00
-7.636535167694091797e-01 -2.606004476547241211e-01 0.000000000000000000e+00 0.000000000000000000e+00 1.000000000000000000e+00
-7.588330507278442383e-01 -2.645598649978637695e-01 0.000000000000000000e+00 0.000000000000000000e+00 1.000000000000000000e+00
-7.549730539321899414e-01 -2.684811949729919434e-01 0.000000000000000000e+00 0.000000000000000000e+00 1.000000000000000000e+00
-7.517955303192138672e-01 -2.680708169937133789e-01 0.000000000000000000e+00 0.000000000000000000e+00 1.000000000000000000e+00
-7.451481819152832031e-01 -2.655887603759765625e-01 0.000000000000000000e+00 0.000000000000000000e+00 1.000000000000000000e+00
-7.353518009185791016e-01 -2.684835195541381836e-01 0.000000000000000000e+00 0.000000000000000000e+00 1.000000000000000000e+00
-7.280143499374389648e-01 -2.711704373359680176e-01 0.000000000000000000e+00 0.000000000000000000e+00 1.000000000000000000e+00
-7.215305566787719727e-01 -2.723514437675476074e-01 0.000000000000000000e+00 0.000000000000000000e+00 1.000000000000000000e+00
-7.148376703262329102e-01 -2.728395462036132812e-01 0.000000000000000000e+00 0.000000000000000000e+00 1.000000000000000000e+00
-7.095797061920166016e-01 -2.713713049888610840e-01 0.000000000000000000e+00 0.000000000000000000e+00 1.000000000000000000e+00
-7.072659730911254883e-01 -2.658176422119140625e-01 0.000000000000000000e+00 0.000000000000000000e+00 1.000000000000000000e+00
-7.047772407531738281e-01 -2.605027556419372559e-01 0.000000000000000000e+00 0.000000000000000000e+00 1.000000000000000000e+00
-7.001719474792480469e-01 -2.607836127281188965e-01 0.000000000000000000e+00 0.000000000000000000e+00 1.000000000000000000e+00
-6.972457170486450195e-01 -2.646412849426269531e-01 0.000000000000000000e+00 0.000000000000000000e+00 1.000000000000000000e+00
-6.927013397216796875e-01 -2.679664492607116699e-01 0.000000000000000000e+00 0.000000000000000000e+00 1.000000000000000000e+00
-6.869843006134033203e-01 -2.686524987220764160e-01 0.000000000000000000e+00 0.000000000000000000e+00 1.000000000000000000e+00
-6.838692426681518555e-01 -2.636421918869018555e-01 0.000000000000000000e+00 0.000000000000000000e+00 1.000000000000000000e+00
-6.811721920967102051e-01 -2.564337849617004395e-01 0.000000000000000000e+00 0.000000000000000000e+00 1.000000000000000000e+00
-6.770790219306945801e-01 -2.544781565666198730e-01 0.000000000000000000e+00 0.000000000000000000e+00 1.000000000000000000e+00
-6.749358177185058594e-01 -2.573476433753967285e-01 0.000000000000000000e+00 0.000000000000000000e+00 1.000000000000000000e+00
-6.723871827125549316e-01 -2.617101073265075684e-01 0.000000000000000000e+00 0.000000000000000000e+00 1.000000000000000000e+00
0.000000000000000000e+00 0.000000000000000000e+00 0.000000000000000000e+00 0.000000000000000000e+00 0.000000000000000000e+00
0.000000000000000000e+00 0.000000000000000000e+00 0.000000000000000000e+00 0.000000000000000000e+00 0.000000000000000000e+00
0.000000000000000000e+00 0.000000000000000000e+00 0.000000000000000000e+00 0.000000000000000000e+00 0.000000000000000000e+00
0.000000000000000000e+00 0.000000000000000000e+00 0.000000000000000000e+00 0.000000000000000000e+00 0.000000000000000000e+00
0.000000000000000000e+00 0.000000000000000000e+00 0.000000000000000000e+00 0.000000000000000000e+00 0.000000000000000000e+00
0.000000000000000000e+00 0.000000000000000000e+00 0.000000000000000000e+00 0.000000000000000000e+00 0.000000000000000000e+00
0.000000000000000000e+00 0.000000000000000000e+00 0.000000000000000000e+00 0.000000000000000000e+00 0.000000000000000000e+00
0.000000000000000000e+00 0.000000000000000000e+00 0.000000000000000000e+00 0.000000000000000000e+00 0.000000000000000000e+00
0.000000000000000000e+00 0.000000000000000000e+00 0.000000000000000000e+00 0.000000000000000000e+00 0.000000000000000000e+00
0.000000000000000000e+00 0.000000000000000000e+00 0.000000000000000000e+00 0.000000000000000000e+00 0.000000000000000000e+00
0.000000000000000000e+00 0.000000000000000000e+00 0.000000000000000000e+00 0.000000000000000000e+00 0.000000000000000000e+00
0.000000000000000000e+00 0.000000000000000000e+00 0.000000000000000000e+00 0.000000000000000000e+00 0.000000000000000000e+00
0.000000000000000000e+00 0.000000000000000000e+00 0.000000000000000000e+00 0.000000000000000000e+00 0.000000000000000000e+00
0.000000000000000000e+00 0.000000000000000000e+00 0.000000000000000000e+00 0.000000000000000000e+00 0.000000000000000000e+00
0.000000000000000000e+00 0.000000000000000000e+00 0.000000000000000000e+00 0.000000000000000000e+00 0.000000000000000000e+00
0.000000000000000000e+00 0.000000000000000000e+00 0.000000000000000000e+00 0.000000000000000000e+00 0.000000000000000000e+00
0.000000000000000000e+00 0.000000000000000000e+00 0.000000000000000000e+00 0.000000000000000000e+00 0.000000000000000000e+00
0.000000000000000000e+00 0.000000000000000000e+00 0.000000000000000000e+00 0.000000000000000000e+00 0.000000000000000000e+00
0.000000000000000000e+00 0.000000000000000000e+00 0.000000000000000000e+00 0.000000000000000000e+00 0.000000000000000000e+00
0.000000000000000000e+00 0.000000000000000000e+00 0.000000000000000000e+00 0.000000000000000000e+00 0.000000000000000000e+00
0.000000000000000000e+00 0.000000000000000000e+00 0.000000000000000000e+00 0.000000000000000000e+00 0.000000000000000000e+00
0.000000000000000000e+00 0.000000000000000000e+00 0.000000000000000000e+00 0.000000000000000000e+00 0.000000000000000000e+00
0.000000000000000000e+00 0.000000000000000000e+00 0.000000000000000000e+00 0.000000000000000000e+00 0.000000000000000000e+00
0.000000000000000000e+00 0.000000000000000000e+00 0.000000000000000000e+00 0.000000000000000000e+00 0.000000000000000000e+00
0.000000000000000000e+00 0.000000000000000000e+00 0.000000000000000000e+00 0.000000000000000000e+00 0.000000000000000000e+00
0.000000000000000000e+00 0.000000000000000000e+00 0.000000000000000000e+00 0.000000000000000000e+00 0.000000000000000000e+00
0.000000000000000000e+00 0.000000000000000000e+00 0.000000000000000000e+00 0.000000000000000000e+00 0.000000000000000000e+00
0.000000000000000000e+00 0.000000000000000000e+00 0.000000000000000000e+00 0.000000000000000000e+00 0.000000000000000000e+00
0.000000000000000000e+00 0.000000000000000000e+00 0.000000000000000000e+00 0.000000000000000000e+00 0.000000000000000000e+00
0.000000000000000000e+00 0.000000000000000000e+00 0.000000000000000000e+00 0.000000000000000000e+00 0.000000000000000000e+00
0.000000000000000000e+00 0.000000000000000000e+00 0.000000000000000000e+00 0.000000000000000000e+00 0.000000000000000000e+00
0.000000000000000000e+00 0.000000000000000000e+00 0.000000000000000000e+00 0.000000000000000000e+00 0.000000000000000000e+00
0.000000000000000000e+00 0.000000000000000000e+00 0.000000000000000000e+00 0.000000000000000000e+00 0.000000000000000000e+00
0.000000000000000000e+00 0.000000000000000000e+00 0.000000000000000000e+00 0.000000000000000000e+00 0.000000000000000000e+00
0.000000000000000000e+00 0.000000000000000000e+00 0.000000000000000000e+00 0.000000000000000000e+00 0.000000000000000000e+00
0.000000000000000000e+00 0.000000000000000000e+00 0.000000000000000000e+00 0.000000000000000000e+00 0.000000000000000000e+00
0.000000000000000000e+00 0.000000000000000000e+00 0.000000000000000000e+00 0.000000000000000000e+00 0.000000000000000000e+00
0.000000000000000000e+00 0.000000000000000000e+00 0.000000000000000000e+00 0.000000000000000000e+00 0.000000000000000000e+00
0.000000000000000000e+00 0.000000000000000000e+00 0.000000000000000000e+00 0.000000000000000000e+00 0.000000000000000000e+00
0.000000000000000000e+00 0.000000000000000000e+00 0.000000000000000000e+00 0.000000000000000000e+00 0.000000000000000000e+00
0.000000000000000000e+00 0.000000000000000000e+00 0.000000000000000000e+00 0.000000000000000000e+00 0.000000000000000000e+00
0.000000000000000000e+00 0.000000000000000000e+00 0.000000000000000000e+00 0.000000000000000000e+00 0.000000000000000000e+00
0.000000000000000000e+00 0.000000000000000000e+00 0.000000000000000000e+00 0.000000000000000000e+00 0.000000000000000000e+00
0.000000000000000000e+00 0.000000000000000000e+00 0.000000000000000000e+00 0.000000000000000000e+00 0.000000000000000000e+00
0.000000000000000000e+00 0.000000000000000000e+00 0.000000000000000000e+00 0.000000000000000000e+00 0.000000000000000000e+00
0.000000000000000000e+00 0.000000000000000000e+00 0.000000000000000000e+00 0.000000000000000000e+00 0.000000000000000000e+00
0.000000000000000000e+00 0.000000000000000000e+00 0.000000000000000000e+00 0.000000000000000000e+00 0.000000000000000000e+00
