0.000000000000000000e+00 0.000000000000000000e+00 1.000000000000000000e+00 0.000000000000000000e+00 0.000000000000000000e+00
-8.446297645568847656e-01 1.067242264747619629e+00 1.000000000000000000e+00 0.000000000000000000e+00 0.000000000000000000e+00
-5.772343277931213379e-01 5.061385631561279297e-01 1.000000000000000000e+00 0.000000000000000000e+00 0.000000000000000000e+00
7.677121162414550781e-01 -3.977378606796264648e-01 1.000000000000000000e+00 0.000000000000000000e+00 0.000000000000000000e+00
4.012775719165802002e-01 -4.875048995018005371e-02 1.000000000000000000e+00 0.000000000000000000e+00 0.000000000000000000e+00
5.532750487327575684e-02 6.851438432931900024e-02 1.000000000000000000e+00 0.000000000000000000e+00 0.000000000000000000e+00
-8.050961494445800781e-01 7.805943489074707031e-01 1.000000000000000000e+00 0.000000000000000000e+00 0.000000000000000000e+00
-4.669257998466491699e-01 2.776904702186584473e-01 1.000000000000000000e+00 0.000000000000000000e+00 0.000000000000000000e+00
-3.488004505634307861e-01 8.536116033792495728e-02 1.000000000000000000e+00 0.000000000000000000e+00 0.000000000000000000e+00
1.784726232290267944e-01 4.225343838334083557e-02 1.000000000000000000e+00 0.000000000000000000e+00 0.000000000000000000e+00
9.434268623590469360e-02 3.178748488426208496e-01 1.000000000000000000e+00 0.000000000000000000e+00 0.000000000000000000e+00
-1.825318634510040283e-01 9.584981203079223633e-01 1.000000000000000000e+00 0.000000000000000000e+00 0.000000000000000000e+00
-9.912842512130737305e-02 1.925643384456634521e-01 0.000000000000000000e+00 1.000000000000000000e+00 0.000000000000000000e+00
6.232834458351135254e-01 -1.614984035491943359e+00 1.000000000000000000e+00 0.000000000000000000e+00 0.000000000000000000e+00
8.847439885139465332e-01 -2.483871877193450928e-01 1.000000000000000000e+00 0.000000000000000000e+00 0.000000000000000000e+00
3.436036109924316406e-01 3.299365937709808350e-02 1.000000000000000000e+00 0.000000000000000000e+00 0.000000000000000000e+00
7.809101790189743042e-02 3.930691480636596680e-01 1.000000000000000000e+00 0.000000000000000000e+00 0.000000000000000000e+00
-1.730429232120513916e-01 1.310926795005798340e+00 1.000000000000000000e+00 0.000000000000000000e+00 0.000000000000000000e+00
-9.491526335477828979e-02 2.037457823753356934e-01 1.000000000000000000e+00 0.000000000000000000e+00 0.000000000000000000e+00
-1.535185873508453369e-01 8.284522593021392822e-02 0.000000000000000000e+00 1.000000000000000000e+00 0.000000000000000000e+00
-6.921656131744384766e-01 -1.191976785659790039e+00 1.000000000000000000e+00 0.000000000000000000e+00 0.000000000000000000e+00
4.309405982494354248e-01 -1.031011193990707397e-01 1.000000000000000000e+00 0.000000000000000000e+00 0.000000000000000000e+00
5.688108876347541809e-02 4.161499813199043274e-02 0.000000000000000000e+00 1.000000000000000000e+00 0.000000000000000000e+00
-4.142485857009887695e-01 4.264667928218841553e-01 1.000000000000000000e+00 0.000000000000000000e+00 0.000000000000000000e+00
4.608919620513916016e-01 -1.537300050258636475e-01 1.000000000000000000e+00 0.000000000000000000e+00 0.000000000000000000e+00
1.569250822067260742e-01 -1.457745432853698730e-01 0.000000000000000000e+00 1.000000000000000000e+00 0.000000000000000000e+00
-2.707084417343139648e-01 -4.675623178482055664e-01 1.000000000000000000e+00 0.000000000000000000e+00 0.000000000000000000e+00
-1.770772039890289307e-01 1.155676722526550293e+00 1.000000000000000000e+00 0.000000000000000000e+00 0.000000000000000000e+00
2.087350934743881226e-02 2.485983371734619141e-01 0.000000000000000000e+00 1.000000000000000000e+00 0.000000000000000000e+00
1.525679945945739746e+00 -2.754424333572387695e+00 1.000000000000000000e+00 0.000000000000000000e+00 0.000000000000000000e+00
6.990670561790466309e-01 -1.530429124832153320e-01 1.000000000000000000e+00 0.000000000000000000e+00 0.000000000000000000e+00
2.494917809963226318e-01 7.073688507080078125e-02 1.000000000000000000e+00 0.000000000000000000e+00 0.000000000000000000e+00
-6.303901225328445435e-02 2.849557399749755859e-01 1.000000000000000000e+00 0.000000000000000000e+00 0.000000000000000000e+00
-3.766944408416748047e-01 4.763506352901458740e-01 1.000000000000000000e+00 0.000000000000000000e+00 0.000000000000000000e+00
-2.147125750780105591e-01 1.334568858146667480e-01 1.000000000000000000e+00 0.000000000000000000e+00 0.000000000000000000e+00
-1.709787249565124512e-01 -2.904893457889556885e-02 0.000000000000000000e+00 1.000000000000000000e+00 0.000000000000000000e+00
3.308027237653732300e-02 -3.483673930168151855e-01 1.000000000000000000e+00 0.000000000000000000e+00 0.000000000000000000e+00
-5.514693856239318848e-01 8.108724355697631836e-01 1.000000000000000000e+00 0.000000000000000000e+00 0.000000000000000000e+00
6.584932208061218262e-01 -1.326741725206375122e-01 1.000000000000000000e+00 0.000000000000000000e+00 0.000000000000000000e+00
-5.716677904129028320e-01 6.780347824096679688e-01 1.000000000000000000e+00 0.000000000000000000e+00 0.000000000000000000e+00
7.035771608352661133e-01 -7.498890161514282227e-02 1.000000000000000000e+00 0.000000000000000000e+00 0.000000000000000000e+00
3.325780034065246582e-01 -1.267541646957397461e-01 1.000000000000000000e+00 0.000000000000000000e+00 0.000000000000000000e+00
9.222854673862457275e-02 -1.052029505372047424e-01 0.000000000000000000e+00 1.000000000000000000e+00 0.000000000000000000e+00
-3.714668452739715576e-01 -4.301787614822387695e-01 1.000000000000000000e+00 0.000000000000000000e+00 0.000000000000000000e+00
-1.741601526737213135e-01 1.704764842987060547e+00 1.000000000000000000e+00 0.000000000000000000e+00 0.000000000000000000e+00
4.835648089647293091e-02 1.136353373527526855e+00 0.000000000000000000e+00 1.000000000000000000e+00 0.000000000000000000e+00
-1.021805405616760254e+00 -3.842300415039062500e+00 0.000000000000000000e+00 0.000000000000000000e+00 1.000000000000000000e+00
-4.193688035011291504e-01 1.009556055068969727e+00 0.000000000000000000e+00 0.000000000000000000e+00 1.000000000000000000e+00
-1.500768899917602539e+00 -4.744680523872375488e-01 0.000000000000000000e+00 0.000000000000000000e+00 1.000000000000000000e+00
-9.722868204116821289e-01 -3.952127099037170410e-01 0.000000000000000000e+00 0.000000000000000000e+00 1.000000000000000000e+00
-1.111940860748291016e+00 -3.532434105873107910e-01 0.000000000000000000e+00 0.000000000000000000e+00 1.000000000000000000e+00
-1.041950106620788574e+00 -3.452516198158264160e-01 0.000000000000000000e+00 0.000000000000000000e+00 1.000000000000000000e+00
-1.025436520576477051e+00 -3.642819523811340332e-01 0.000000000000000000e+00 0.000000000000000000e+00 1.000000000000000000e+00
-9.967517852783203125e-01 -3.676438927650451660e-01 0.000000000000000000e+00 0.000000000000000000e+00 1.000000000000000000e+00
-9.918442964553833008e-01 -3.676010966300964355e-01 0.000000000000000000e+00 0.000000000000000000e+00 1.000000000000000000e+00
-9.792191982269287109e-01 -3.587138056755065918e-01 0.000000000000000000e+00 0.000000000000000000e+00 1.000000000000000000e+00
-9.677085876464843750e-01 -3.445382714271545410e-01 0.000000000000000000e+00 0.000000000000000000e+00 1.000000000000000000e+00
-9.588978290557861328e-01 -3.311328291893005371e-01 0.000000000000000000e+00 0.000000000000000000e+00 1.000000000000000000e+00
0.000000000000000000e+00 0.000000000000000000e+00 0.000000000000000000e+00 0.000000000000000000e+00 0.000000000000000000e+00
0.000000000000000000e+00 0.000000000000000000e+00 0.000000000000000000e+00 0.000000000000000000e+00 0.000000000000000000e+00
0.000000000000000000e+00 0.000000000000000000e+00 0.000000000000000000e+00 0.000000000000000000e+00 0.000000000000000000e+00
0.000000000000000000e+00 0.000000000000000000e+00 0.000000000000000000e+00 0.000000000000000000e+00 0.000000000000000000e+00
0.000000000000000000e+00 0.000000000000000000e+00 0.000000000000000000e+00 0.000000000000000000e+00 0.000000000000000000e+00
0.000000000000000000e+00 0.000000000000000000e+00 0.000000000000000000e+00 0.000000000000000000e+00 0.000000000000000000e+00
0.000000000000000000e+00 0.000000000000000000e+00 0.000000000000000000e+00 0.000000000000000000e+00 0.000000000000000000e+00
0.000000000000000000e+00 0.000000000000000000e+00 0.000000000000000000e+00 0.000000000000000000e+00 0.000000000000000000e+00
0.000000000000000000e+00 0.000000000000000000e+00 0.000000000000000000e+00 0.000000000000000000e+00 0.000000000000000000e+00
0.000000000000000000e+00 0.000000000000000000e+00 0.000000000000000000e+00 0.000000000000000000e+00 0.000000000000000000e+00
0.000000000000000000e+00 0.000000000000000000e+00 0.000000000000000000e+00 0.000000000000000000e+00 0.000000000000000000e+00
0.000000000000000000e+00 0.000000000000000000e+00 0.000000000000000000e+00 0.000000000000000000e+00 0.000000000000000000e+00
0.000000000000000000e+00 0.000000000000000000e+00 0.000000000000000000e+00 0.000000000000000000e+00 0.000000000000000000e+00
0.000000000000000000e+00 0.000000000000000000e+00 0.000000000000000000e+00 0.000000000000000000e+00 0.000000000000000000e+00
0.000000000000000000e+00 0.000000000000000000e+00 0.000000000000000000e+00 0.000000000000000000e+00 0.000000000000000000e+00
0.000000000000000000e+00 0.000000000000000000e+00 0.000000000000000000e+00 0.000000000000000000e+00 0.000000000000000000e+00
0.000000000000000000e+00 0.000000000000000000e+00 0.000000000000000000e+00 0.000000000000000000e+00 0.000000000000000000e+00
0.000000000000000000e+00 0.000000000000000000e+00 0.000000000000000000e+00 0.000000000000000000e+00 0.000000000000000000e+00
0.000000000000000000e+00 0.000000000000000000e+00 0.000000000000000000e+00 0.000000000000000000e+00 0.000000000000000000e+00
0.000000000000000000e+00 0.000000000000000000e+00 0.000000000000000000e+00 0.000000000000000000e+00 0.000000000000000000e+00
0.000000000000000000e+00 0.000000000000000000e+00 0.000000000000000000e+00 0.000000000000000000e+00 0.000000000000000000e+00
0.000000000000000000e+00 0.000000000000000000e+00 0.000000000000000000e+00 0.000000000000000000e+00 0.000000000000000000e+00
0.000000000000000000e+00 0.000000000000000000e+00 0.000000000000000000e+00 0.000000000000000000e+00 0.000000000000000000e+00
0.000000000000000000e+00 0.000000000000000000e+00 0.000000000000000000e+00 0.000000000000000000e+00 0.000000000000000000e+00
0.000000000000000000e+00 0.000000000000000000e+00 0.000000000000000000e+00 0.000000000000000000e+00 0.000000000000000000e+00
0.000000000000000000e+00 0.000000000000000000e+00 0.000000000000000000e+00 0.000000000000000000e+00 0.000000000000000000e+00
0.000000000000000000e+00 0.000000000000000000e+00 0.000000000000000000e+00 0.000000000000000000e+00 0.000000000000000000e+00
0.000000000000000000e+00 0.000000000000000000e+00 0.000000000000000000e+00 0.000000000000000000e+00 0.000000000000000000e+00
0.000000000000000000e+00 0.000000000000000000e+00 0.000000000000000000e+00 0.000000000000000000e+00 0.000000000000000000e+00
0.000000000000000000e+00 0.000000000000000000e+00 0.000000000000000000e+00 0.000000000000000000e+00 0.000000000000000000e+00
0.000000000000000000e+00 0.000000000000000000e+00 0.000000000000000000e+00 0.000000000000000000e+00 0.000000000000000000e+00
0.000000000000000000e+00 0.000000000000000000e+00 0.000000000000000000e+00 0.000000000000000000e+00 0.000000000000000000e+00
0.000000000000000000e+00 0.000000000000000000e+00 0.000000000000000000e+00 0.000000000000000000e+00 0.000000000000000000e+00
0.000000000000000000e+00 0.000000000000000000e+00 0.000000000000000000e+00 0.000000000000000000e+00 0.000000000000000000e+00
0.000000000000000000e+00 0.000000000000000000e+00 0.000000000000000000e+00 0.000000000000000000e+00 0.000000000000000000e+00
0.000000000000000000e+00 0.000000000000000000e+00 0.000000000000000000e+00 0.000000000000000000e+00 0.000000000000000000e+00
0.000000000000000000e+00 0.000000000000000000e+00 0.000000000000000000e+00 0.000000000000000000e+00 0.000000000000000000e+00
0.000000000000000000e+00 0.000000000000000000e+00 0.000000000000000000e+00 0.000000000000000000e+00 0.000000000000000000e+00
0.000000000000000000e+00 0.000000000000000000e+00 0.000000000000000000e+00 0.000000000000000000e+00 0.000000000000000000e+00
0.000000000000000000e+00 0.000000000000000000e+00 0.000000000000000000e+00 0.000000000000000000e+00 0.000000000000000000e+00
0.000000000000000000e+00 0.000000000000000000e+00 0.000000000000000000e+00 0.000000000000000000e+00 0.000000000000000000e+00
0.000000000000000000e+00 0.000000000000000000e+00 0.000000000000000000e+00 0.000000000000000000e+00 0.000000000000000000e+00
0.000000000000000000e+00 0.000000000000000000e+00 0.000000000000000000e+00 0.000000000000000000e+00 0.000000000000000000e+00
0.000000000000000000e+00 0.000000000000000000e+00 0.000000000000000000e+00 0.000000000000000000e+00 0.000000000000000000e+00
0.000000000000000000e+00 0.000000000000000000e+00 0.000000000000000000e+00 0.000000000000000000e+00 0.000000000000000000e+00
0.000000000000000000e+00 0.000000000000000000e+00 0.000000000000000000e+00 0.000000000000000000e+00 0.000000000000000000e+00
0.000000000000000000e+00 0.000000000000000000e+00 0.000000000000000000e+00 0.000000000000000000e+00 0.000000000000000000e+00
0.000000000000000000e+00 0.000000000000000000e+00 0.000000000000000000e+00 0.000000000000000000e+00 0.000000000000000000e+00
0.000000000000000000e+00 0.000000000000000000e+00 0.000000000000000000e+00 0.000000000000000000e+00 0.000000000000000000e+00
0.000000000000000000e+00 0.000000000000000000e+00 0.000000000000000000e+00 0.000000000000000000e+00 0.000000000000000000e+00
0.000000000000000000e+00 0.000000000000000000e+00 0.000000000000000000e+00 0.000000000000000000e+00 0.000000000000000000e+00
0.000000000000000000e+00 0.000000000000000000e+00 0.000000000000000000e+00 0.000000000000000000e+00 0.000000000000000000e+00
0.000000000000000000e+00 0.000000000000000000e+00 0.000000000000000000e+00 0.000000000000000000e+00 0.000000000000000000e+00
0.000000000000000000e+00 0.000000000000000000e+00 0.000000000000000000e+00 0.000000000000000000e+00 0.000000000000000000e+00
0.000000000000000000e+00 0.000000000000000000e+00 0.000000000000000000e+00 0.000000000000000000e+00 0.000000000000000000e+00
0.000000000000000000e+00 0.000000000000000000e+00 0.000000000000000000e+00 0.000000000000000000e+00 0.000000000000000000e+00
0.000000000000000000e+00 0.000000000000000000e+00 0.000000000000000000e+00 0.000000000000000000e+00 0.000000000000000000e+00
0.000000000000000000e+00 0.000000000000000000e+00 0.000000000000000000e+00 0.000000000000000000e+00 0.000000000000000000e+00
0.000000000000000000e+00 0.000000000000000000e+00 0.000000000000000000e+00 0.000000000000000000e+00 0.000000000000000000e+00
0.000000000000000000e+00 0.000000000000000000e+00 0.000000000000000000e+00 0.000000000000000000e+00 0.000000000000000000e+00
0.000000000000000000e+00 0.000000000000000000e+00 0.000000000000000000e+00 0.000000000000000000e+00 0.000000000000000000e+00
0.000000000000000000e+00 0.000000000000000000e+00 0.000000000000000000e+00 0.000000000000000000e+00 0.000000000000000000e+00
0.000000000000000000e+00 0.000000000000000000e+00 0.000000000000000000e+00 0.000000000000000000e+00 0.000000000000000000e+00
