0.000000000000000000e+00 0.000000000000000000e+00 1.000000000000000000e+00 0.000000000000000000e+00 0.000000000000000000e+00
6.447313427925109863e-01 3.444167375564575195e-01 1.000000000000000000e+00 0.000000000000000000e+00 0.000000000000000000e+00
5.193196535110473633e-01 2.231845632195472717e-02 0.000000000000000000e+00 1.000000000000000000e+00 0.000000000000000000e+00
1.165114998817443848e+00 -6.802056431770324707e-01 1.000000000000000000e+00 0.000000000000000000e+00 0.000000000000000000e+00
-1.730019211769104004e+00 1.234869360923767090e+00 1.000000000000000000e+00 0.000000000000000000e+00 0.000000000000000000e+00
1.186045289039611816e+00 -1.495738178491592407e-01 1.000000000000000000e+00 0.000000000000000000e+00 0.000000000000000000e+00
2.032614201307296753e-01 7.410463690757751465e-02 0.000000000000000000e+00 1.000000000000000000e+00 0.000000000000000000e+00
-2.570717334747314453e+00 1.211251258850097656e+00 1.000000000000000000e+00 0.000000000000000000e+00 0.000000000000000000e+00
1.864840865135192871e+00 -2.568607032299041748e-01 1.000000000000000000e+00 0.000000000000000000e+00 0.000000000000000000e+00
1.561095476150512695e+00 -5.134891867637634277e-01 0.000000000000000000e+00 1.000000000000000000e+00 0.000000000000000000e+00
-8.990997076034545898e-01 -1.979059815406799316e+00 1.000000000000000000e+00 0.000000000000000000e+00 0.000000000000000000e+00
-1.340104341506958008e-01 7.063865065574645996e-01 1.000000000000000000e+00 0.000000000000000000e+00 0.000000000000000000e+00
-8.181313872337341309e-01 1.572245836257934570e+00 1.000000000000000000e+00 0.000000000000000000e+00 0.000000000000000000e+00
-1.188747406005859375e+00 1.491840839385986328e+00 1.000000000000000000e+00 0.000000000000000000e+00 0.000000000000000000e+00
-5.392259359359741211e-01 4.664922356605529785e-01 1.000000000000000000e+00 0.000000000000000000e+00 0.000000000000000000e+00
-4.685659110546112061e-01 1.441239416599273682e-01 0.000000000000000000e+00 1.000000000000000000e+00 0.000000000000000000e+00
2.512361526489257812e+00 -1.471021771430969238e+00 1.000000000000000000e+00 0.000000000000000000e+00 0.000000000000000000e+00
1.480362892150878906e+00 6.159976720809936523e-01 1.000000000000000000e+00 0.000000000000000000e+00 0.000000000000000000e+00
1.058921813964843750e+00 1.881062537431716919e-01 0.000000000000000000e+00 1.000000000000000000e+00 0.000000000000000000e+00
-2.592625856399536133e+00 -3.066775202751159668e-01 1.000000000000000000e+00 0.000000000000000000e+00 0.000000000000000000e+00
2.342663705348968506e-01 3.280228376388549805e-01 1.000000000000000000e+00 0.000000000000000000e+00 0.000000000000000000e+00
-2.024254202842712402e-02 1.956652849912643433e-01 0.000000000000000000e+00 1.000000000000000000e+00 0.000000000000000000e+00
-6.103186607360839844e-01 2.949518859386444092e-01 1.000000000000000000e+00 0.000000000000000000e+00 0.000000000000000000e+00
8.817090988159179688e-01 -6.120161712169647217e-02 1.000000000000000000e+00 0.000000000000000000e+00 0.000000000000000000e+00
1.480321884155273438e-01 8.276045322418212891e-02 0.000000000000000000e+00 1.000000000000000000e+00 0.000000000000000000e+00
-9.295889139175415039e-01 5.116155147552490234e-01 1.000000000000000000e+00 0.000000000000000000e+00 0.000000000000000000e+00
7.726172208786010742e-01 -3.927963972091674805e-02 0.000000000000000000e+00 1.000000000000000000e+00 0.000000000000000000e+00
-1.345421791076660156e+00 7.430829405784606934e-01 1.000000000000000000e+00 0.000000000000000000e+00 0.000000000000000000e+00
1.253812193870544434e+00 -1.402029991149902344e-01 1.000000000000000000e+00 0.000000000000000000e+00 0.000000000000000000e+00
3.744793236255645752e-01 6.678436696529388428e-02 0.000000000000000000e+00 1.000000000000000000e+00 0.000000000000000000e+00
-1.453846096992492676e+00 7.600659728050231934e-01 1.000000000000000000e+00 0.000000000000000000e+00 0.000000000000000000e+00
4.806178808212280273e-02 5.984329581260681152e-01 1.000000000000000000e+00 0.000000000000000000e+00 0.000000000000000000e+00
-8.944623172283172607e-02 2.400962114334106445e-01 0.000000000000000000e+00 1.000000000000000000e+00 0.000000000000000000e+00
6.189306974411010742e-01 -8.148614168167114258e-01 1.000000000000000000e+00 0.000000000000000000e+00 0.000000000000000000e+00
9.098581075668334961e-01 1.618234813213348389e-02 1.000000000000000000e+00 0.000000000000000000e+00 0.000000000000000000e+00
2.435811460018157959e-01 1.431181430816650391e-01 1.000000000000000000e+00 0.000000000000000000e+00 0.000000000000000000e+00
-6.522273421287536621e-01 6.344891190528869629e-01 1.000000000000000000e+00 0.000000000000000000e+00 0.000000000000000000e+00
8.363630771636962891e-01 -2.094380855560302734e-01 1.000000000000000000e+00 0.000000000000000000e+00 0.000000000000000000e+00
6.102720499038696289e-01 -3.015615344047546387e-01 0.000000000000000000e+00 1.000000000000000000e+00 0.000000000000000000e+00
-1.580621838569641113e+00 -3.337254524230957031e+00 0.000000000000000000e+00 0.000000000000000000e+00 1.000000000000000000e+00
-4.455888271331787109e-01 1.602612018585205078e+00 0.000000000000000000e+00 0.000000000000000000e+00 1.000000000000000000e+00
-1.447141289710998535e+00 -4.482697844505310059e-01 0.000000000000000000e+00 0.000000000000000000e+00 1.000000000000000000e+00
-9.465523958206176758e-01 -4.443663954734802246e-01 0.000000000000000000e+00 0.000000000000000000e+00 1.000000000000000000e+00
-1.077241182327270508e+00 -5.127084851264953613e-01 0.000000000000000000e+00 0.000000000000000000e+00 1.000000000000000000e+00
-9.839081764221191406e-01 -3.487048745155334473e-01 0.000000000000000000e+00 0.000000000000000000e+00 1.000000000000000000e+00
-9.745522737503051758e-01 -3.362514376640319824e-01 0.000000000000000000e+00 0.000000000000000000e+00 1.000000000000000000e+00
-9.478871822357177734e-01 -3.328332304954528809e-01 0.000000000000000000e+00 0.000000000000000000e+00 1.000000000000000000e+00
-9.336663484573364258e-01 -3.381593823432922363e-01 0.000000000000000000e+00 0.000000000000000000e+00 1.000000000000000000e+00
-9.248350858688354492e-01 -3.337388634681701660e-01 0.000000000000000000e+00 0.000000000000000000e+00 1.000000000000000000e+00
-9.184552431106567383e-01 -3.339672684669494629e-01 0.000000000000000000e+00 0.000000000000000000e+00 1.000000000000000000e+00
-9.111045598983764648e-01 -3.252572417259216309e-01 0.000000000000000000e+00 0.000000000000000000e+00 1.000000000000000000e+00
-9.085341691970825195e-01 -3.133798241615295410e-01 0.000000000000000000e+00 0.000000000000000000e+00 1.000000000000000000e+00
-9.071645736694335938e-01 -3.086133003234863281e-01 0.000000000000000000e+00 0.000000000000000000e+00 1.000000000000000000e+00
-9.057856798171997070e-01 -3.105944395065307617e-01 0.000000000000000000e+00 0.000000000000000000e+00 1.000000000000000000e+00
-9.047154188156127930e-01 -3.104147315025329590e-01 0.000000000000000000e+00 0.000000000000000000e+00 1.000000000000000000e+00
-9.050475358963012695e-01 -2.997153997421264648e-01 0.000000000000000000e+00 0.000000000000000000e+00 1.000000000000000000e+00
-8.972419500350952148e-01 -2.982445955276489258e-01 0.000000000000000000e+00 0.000000000000000000e+00 1.000000000000000000e+00
-8.805941343307495117e-01 -3.101251125335693359e-01 0.000000000000000000e+00 0.000000000000000000e+00 1.000000000000000000e+00
-8.697545528411865234e-01 -3.176358342170715332e-01 0.000000000000000000e+00 0.000000000000000000e+00 1.000000000000000000e+00
-8.624557256698608398e-01 -3.203249573707580566e-01 0.000000000000000000e+00 0.000000000000000000e+00 1.000000000000000000e+00
-8.550541400909423828e-01 -3.207612633705139160e-01 0.000000000000000000e+00 0.000000000000000000e+00 1.000000000000000000e+00
-8.487926721572875977e-01 -3.153862357139587402e-01 0.000000000000000000e+00 0.000000000000000000e+00 1.000000000000000000e+00
-8.442056179046630859e-01 -3.034844398498535156e-01 0.000000000000000000e+00 0.000000000000000000e+00 1.000000000000000000e+00
-8.379470109939575195e-01 -2.960945963859558105e-01 0.000000000000000000e+00 0.000000000000000000e+00 1.000000000000000000e+00
-8.306820392608642578e-01 -2.973220348358154297e-01 0.000000000000000000e+00 0.000000000000000000e+00 1.000000000000000000e+00
-8.276658058166503906e-01 -3.029825091361999512e-01 0.000000000000000000e+00 0.000000000000000000e+00 1.000000000000000000e+00
-8.270106315612792969e-01 -3.078442215919494629e-01 0.000000000000000000e+00 0.000000000000000000e+00 1.000000000000000000e+00
-8.278766870498657227e-01 -3.061608672142028809e-01 0.000000000000000000e+00 0.000000000000000000e+00 1.000000000000000000e+00
0.000000000000000000e+00 0.000000000000000000e+00 0.000000000000000000e+00 0.000000000000000000e+00 0.000000000000000000e+00
0.000000000000000000e+00 0.000000000000000000e+00 0.000000000000000000e+00 0.000000000000000000e+00 0.000000000000000000e+00
0.000000000000000000e+00 0.000000000000000000e+00 0.000000000000000000e+00 0.000000000000000000e+00 0.000000000000000000e+00
0.000000000000000000e+00 0.000000000000000000e+00 0.000000000000000000e+00 0.000000000000000000e+00 0.000000000000000000e+00
0.000000000000000000e+00 0.000000000000000000e+00 0.000000000000000000e+00 0.000000000000000000e+00 0.000000000000000000e+00
0.000000000000000000e+00 0.000000000000000000e+00 0.000000000000000000e+00 0.000000000000000000e+00 0.000000000000000000e+00
0.000000000000000000e+00 0.000000000000000000e+00 0.000000000000000000e+00 0.000000000000000000e+00 0.000000000000000000e+00
0.000000000000000000e+00 0.000000000000000000e+00 0.000000000000000000e+00 0.000000000000000000e+00 0.000000000000000000e+00
0.000000000000000000e+00 0.000000000000000000e+00 0.000000000000000000e+00 0.000000000000000000e+00 0.000000000000000000e+00
0.000000000000000000e+00 0.000000000000000000e+00 0.000000000000000000e+00 0.000000000000000000e+00 0.000000000000000000e+00
0.000000000000000000e+00 0.000000000000000000e+00 0.000000000000000000e+00 0.000000000000000000e+00 0.000000000000000000e+00
0.000000000000000000e+00 0.000000000000000000e+00 0.000000000000000000e+00 0.000000000000000000e+00 0.000000000000000000e+00
0.000000000000000000e+00 0.000000000000000000e+00 0.000000000000000000e+00 0.000000000000000000e+00 0.000000000000000000e+00
0.000000000000000000e+00 0.000000000000000000e+00 0.000000000000000000e+00 0.000000000000000000e+00 0.000000000000000000e+00
0.000000000000000000e+00 0.000000000000000000e+00 0.000000000000000000e+00 0.000000000000000000e+00 0.000000000000000000e+00
0.000000000000000000e+00 0.000000000000000000e+00 0.000000000000000000e+00 0.000000000000000000e+00 0.000000000000000000e+00
0.000000000000000000e+00 0.000000000000000000e+00 0.000000000000000000e+00 0.000000000000000000e+00 0.000000000000000000e+00
0.000000000000000000e+00 0.000000000000000000e+00 0.000000000000000000e+00 0.000000000000000000e+00 0.000000000000000000e+00
0.000000000000000000e+00 0.000000000000000000e+00 0.000000000000000000e+00 0.000000000000000000e+00 0.000000000000000000e+00
0.000000000000000000e+00 0.000000000000000000e+00 0.000000000000000000e+00 0.000000000000000000e+00 0.000000000000000000e+00
0.000000000000000000e+00 0.000000000000000000e+00 0.000000000000000000e+00 0.000000000000000000e+00 0.000000000000000000e+00
0.000000000000000000e+00 0.000000000000000000e+00 0.000000000000000000e+00 0.000000000000000000e+00 0.000000000000000000e+00
0.000000000000000000e+00 0.000000000000000000e+00 0.000000000000000000e+00 0.000000000000000000e+00 0.000000000000000000e+00
0.000000000000000000e+00 0.000000000000000000e+00 0.000000000000000000e+00 0.000000000000000000e+00 0.000000000000000000e+00
0.000000000000000000e+00 0.000000000000000000e+00 0.000000000000000000e+00 0.000000000000000000e+00 0.000000000000000000e+00
0.000000000000000000e+00 0.000000000000000000e+00 0.000000000000000000e+00 0.000000000000000000e+00 0.000000000000000000e+00
0.000000000000000000e+00 0.000000000000000000e+00 0.000000000000000000e+00 0.000000000000000000e+00 0.000000000000000000e+00
0.000000000000000000e+00 0.000000000000000000e+00 0.000000000000000000e+00 0.000000000000000000e+00 0.000000000000000000e+00
0.000000000000000000e+00 0.000000000000000000e+00 0.000000000000000000e+00 0.000000000000000000e+00 0.000000000000000000e+00
0.000000000000000000e+00 0.000000000000000000e+00 0.000000000000000000e+00 0.000000000000000000e+00 0.000000000000000000e+00
0.000000000000000000e+00 0.000000000000000000e+00 0.000000000000000000e+00 0.000000000000000000e+00 0.000000000000000000e+00
0.000000000000000000e+00 0.000000000000000000e+00 0.000000000000000000e+00 0.000000000000000000e+00 0.000000000000000000e+00
0.000000000000000000e+00 0.000000000000000000e+00 0.000000000000000000e+00 0.000000000000000000e+00 0.000000000000000000e+00
0.000000000000000000e+00 0.000000000000000000e+00 0.000000000000000000e+00 0.000000000000000000e+00 0.000000000000000000e+00
0.000000000000000000e+00 0.000000000000000000e+00 0.000000000000000000e+00 0.000000000000000000e+00 0.000000000000000000e+00
0.000000000000000000e+00 0.000000000000000000e+00 0.000000000000000000e+00 0.000000000000000000e+00 0.000000000000000000e+00
0.000000000000000000e+00 0.000000000000000000e+00 0.000000000000000000e+00 0.000000000000000000e+00 0.000000000000000000e+00
0.000000000000000000e+00 0.000000000000000000e+00 0.000000000000000000e+00 0.000000000000000000e+00 0.000000000000000000e+00
0.000000000000000000e+00 0.000000000000000000e+00 0.000000000000000000e+00 0.000000000000000000e+00 0.000000000000000000e+00
0.000000000000000000e+00 0.000000000000000000e+00 0.000000000000000000e+00 0.000000000000000000e+00 0.000000000000000000e+00
0.000000000000000000e+00 0.000000000000000000e+00 0.000000000000000000e+00 0.000000000000000000e+00 0.000000000000000000e+00
0.000000000000000000e+00 0.000000000000000000e+00 0.000000000000000000e+00 0.000000000000000000e+00 0.000000000000000000e+00
0.000000000000000000e+00 0.000000000000000000e+00 0.000000000000000000e+00 0.000000000000000000e+00 0.000000000000000000e+00
0.000000000000000000e+00 0.000000000000000000e+00 0.000000000000000000e+00 0.000000000000000000e+00 0.000000000000000000e+00
0.000000000000000000e+00 0.000000000000000000e+00 0.000000000000000000e+00 0.000000000000000000e+00 0.000000000000000000e+00
0.000000000000000000e+00 0.000000000000000000e+00 0.000000000000000000e+00 0.000000000000000000e+00 0.000000000000000000e+00
0.000000000000000000e+00 0.000000000000000000e+00 0.000000000000000000e+00 0.000000000000000000e+00 0.000000000000000000e+00
0.000000000000000000e+00 0.000000000000000000e+00 0.000000000000000000e+00 0.000000000000000000e+00 0.000000000000000000e+00
0.000000000000000000e+00 0.000000000000000000e+00 0.000000000000000000e+00 0.000000000000000000e+00 0.000000000000000000e+00
0.000000000000000000e+00 0.000000000000000000e+00 0.000000000000000000e+00 0.000000000000000000e+00 0.000000000000000000e+00
0.000000000000000000e+00 0.000000000000000000e+00 0.000000000000000000e+00 0.000000000000000000e+00 0.000000000000000000e+00
0.000000000000000000e+00 0.000000000000000000e+00 0.000000000000000000e+00 0.000000000000000000e+00 0.000000000000000000e+00
0.000000000000000000e+00 0.000000000000000000e+00 0.000000000000000000e+00 0.000000000000000000e+00 0.000000000000000000e+00
