0.000000000000000000e+00 0.000000000000000000e+00 1.000000000000000000e+00 0.000000000000000000e+00 0.000000000000000000e+00
1.457216292619705200e-01 6.763813644647598267e-02 1.000000000000000000e+00 0.000000000000000000e+00 0.000000000000000000e+00
2.733430266380310059e-02 1.377884149551391602e-01 0.000000000000000000e+00 1.000000000000000000e+00 0.000000000000000000e+00
-3.776520490646362305e-01 6.521279811859130859e-01 1.000000000000000000e+00 0.000000000000000000e+00 0.000000000000000000e+00
3.995805978775024414e-01 1.248879730701446533e-02 1.000000000000000000e+00 0.000000000000000000e+00 0.000000000000000000e+00
1.122867763042449951e-01 1.209161803126335144e-01 1.000000000000000000e+00 0.000000000000000000e+00 0.000000000000000000e+00
-5.748063325881958008e-03 1.315370798110961914e+00 1.000000000000000000e+00 0.000000000000000000e+00 0.000000000000000000e+00
7.154272496700286865e-02 1.184232681989669800e-01 1.000000000000000000e+00 0.000000000000000000e+00 0.000000000000000000e+00
2.966827452182769775e-01 -4.486149549484252930e-01 1.000000000000000000e+00 0.000000000000000000e+00 0.000000000000000000e+00
1.847532093524932861e-01 -5.046561956405639648e-01 0.000000000000000000e+00 1.000000000000000000e+00 0.000000000000000000e+00
9.197545647621154785e-01 -2.180515527725219727e+00 1.000000000000000000e+00 0.000000000000000000e+00 0.000000000000000000e+00
3.618507832288742065e-02 4.715167284011840820e-01 1.000000000000000000e+00 0.000000000000000000e+00 0.000000000000000000e+00
-6.535239517688751221e-02 1.727840304374694824e-01 0.000000000000000000e+00 1.000000000000000000e+00 0.000000000000000000e+00
-5.171744823455810547e-01 -1.101989224553108215e-01 1.000000000000000000e+00 0.000000000000000000e+00 0.000000000000000000e+00
3.380605578422546387e-01 1.209346652030944824e-01 1.000000000000000000e+00 0.000000000000000000e+00 0.000000000000000000e+00
2.408403754234313965e-01 -3.656529635190963745e-02 0.000000000000000000e+00 1.000000000000000000e+00 0.000000000000000000e+00
7.106846570968627930e-01 -3.797865509986877441e-01 1.000000000000000000e+00 0.000000000000000000e+00 0.000000000000000000e+00
-9.195063114166259766e-01 6.836533546447753906e-01 1.000000000000000000e+00 0.000000000000000000e+00 0.000000000000000000e+00
-3.965303003787994385e-01 1.792180240154266357e-01 0.000000000000000000e+00 1.000000000000000000e+00 0.000000000000000000e+00
-3.058215975761413574e-01 1.249653100967407227e-01 1.000000000000000000e+00 0.000000000000000000e+00 0.000000000000000000e+00
8.165628463029861450e-02 5.884608626365661621e-01 1.000000000000000000e+00 0.000000000000000000e+00 0.000000000000000000e+00
-3.994558379054069519e-02 1.465740203857421875e-01 0.000000000000000000e+00 1.000000000000000000e+00 0.000000000000000000e+00
4.981600642204284668e-01 -8.105513453483581543e-01 1.000000000000000000e+00 0.000000000000000000e+00 0.000000000000000000e+00
1.087778329849243164e+00 -1.851563155651092529e-01 1.000000000000000000e+00 0.000000000000000000e+00 0.000000000000000000e+00
3.369143605232238770e-01 5.192615464329719543e-02 1.000000000000000000e+00 0.000000000000000000e+00 0.000000000000000000e+00
-9.124784916639328003e-02 2.254215627908706665e-01 1.000000000000000000e+00 0.000000000000000000e+00 0.000000000000000000e+00
-2.044683247804641724e-01 2.303577214479446411e-01 0.000000000000000000e+00 1.000000000000000000e+00 0.000000000000000000e+00
-9.221049547195434570e-01 1.260948181152343750e-01 1.000000000000000000e+00 0.000000000000000000e+00 0.000000000000000000e+00
-3.304458409547805786e-02 3.924295008182525635e-01 1.000000000000000000e+00 0.000000000000000000e+00 0.000000000000000000e+00
-6.033937260508537292e-02 1.031811460852622986e-01 0.000000000000000000e+00 1.000000000000000000e+00 0.000000000000000000e+00
4.519274830818176270e-01 -5.484593510627746582e-01 1.000000000000000000e+00 0.000000000000000000e+00 0.000000000000000000e+00
2.130527198314666748e-01 1.772768422961235046e-02 1.000000000000000000e+00 0.000000000000000000e+00 0.000000000000000000e+00
7.665868103504180908e-02 1.189491972327232361e-01 1.000000000000000000e+00 0.000000000000000000e+00 0.000000000000000000e+00
-2.536224722862243652e-01 3.041345179080963135e-01 1.000000000000000000e+00 0.000000000000000000e+00 0.000000000000000000e+00
-2.603878378868103027e-01 1.332995891571044922e-01 1.000000000000000000e+00 0.000000000000000000e+00 0.000000000000000000e+00
3.398361206054687500e-01 -1.010538190603256226e-01 1.000000000000000000e+00 0.000000000000000000e+00 0.000000000000000000e+00
-6.899362802505493164e-01 8.217374682426452637e-01 1.000000000000000000e+00 0.000000000000000000e+00 0.000000000000000000e+00
5.281443595886230469e-01 -3.278385400772094727e-01 1.000000000000000000e+00 0.000000000000000000e+00 0.000000000000000000e+00
3.732565641403198242e-01 3.417228162288665771e-01 1.000000000000000000e+00 0.000000000000000000e+00 0.000000000000000000e+00
3.522955179214477539e-01 1.085249856114387512e-01 1.000000000000000000e+00 0.000000000000000000e+00 0.000000000000000000e+00
5.451834201812744141e-01 -6.357821822166442871e-02 1.000000000000000000e+00 0.000000000000000000e+00 0.000000000000000000e+00
4.337009191513061523e-01 -2.259173989295959473e-01 1.000000000000000000e+00 0.000000000000000000e+00 0.000000000000000000e+00
1.448888480663299561e-01 -1.951632946729660034e-01 1.000000000000000000e+00 0.000000000000000000e+00 0.000000000000000000e+00
2.315345779061317444e-02 -2.339495718479156494e-01 1.000000000000000000e+00 0.000000000000000000e+00 0.000000000000000000e+00
-9.899587929248809814e-02 -3.265990614891052246e-01 0.000000000000000000e+00 1.000000000000000000e+00 0.000000000000000000e+00
-2.307246446609497070e+00 -1.078260660171508789e+00 0.000000000000000000e+00 0.000000000000000000e+00 1.000000000000000000e+00
4.771307706832885742e-01 5.158731937408447266e-01 0.000000000000000000e+00 0.000000000000000000e+00 1.000000000000000000e+00
-1.741631031036376953e+00 1.487062573432922363e-01 0.000000000000000000e+00 0.000000000000000000e+00 1.000000000000000000e+00
-8.846693038940429688e-01 -1.295737028121948242e-01 0.000000000000000000e+00 0.000000000000000000e+00 1.000000000000000000e+00
-1.194619297981262207e+00 -2.538439631462097168e-01 0.000000000000000000e+00 0.000000000000000000e+00 1.000000000000000000e+00
-1.011445522308349609e+00 -1.522628664970397949e-01 0.000000000000000000e+00 0.000000000000000000e+00 1.000000000000000000e+00
-1.050536274909973145e+00 -2.566997408866882324e-01 0.000000000000000000e+00 0.000000000000000000e+00 1.000000000000000000e+00
-9.898785352706909180e-01 -2.368679046630859375e-01 0.000000000000000000e+00 0.000000000000000000e+00 1.000000000000000000e+00
-9.896122217178344727e-01 -2.597149610519409180e-01 0.000000000000000000e+00 0.000000000000000000e+00 1.000000000000000000e+00
-9.732542037963867188e-01 -2.443422675132751465e-01 0.000000000000000000e+00 0.000000000000000000e+00 1.000000000000000000e+00
-9.669835567474365234e-01 -2.644661664962768555e-01 0.000000000000000000e+00 0.000000000000000000e+00 1.000000000000000000e+00
-9.539713859558105469e-01 -2.623248100280761719e-01 0.000000000000000000e+00 0.000000000000000000e+00 1.000000000000000000e+00
-9.431384801864624023e-01 -2.608886957168579102e-01 0.000000000000000000e+00 0.000000000000000000e+00 1.000000000000000000e+00
-9.315990209579467773e-01 -2.561167478561401367e-01 0.000000000000000000e+00 0.000000000000000000e+00 1.000000000000000000e+00
-9.217133522033691406e-01 -2.558068633079528809e-01 0.000000000000000000e+00 0.000000000000000000e+00 1.000000000000000000e+00
-9.156322479248046875e-01 -2.546731233596801758e-01 0.000000000000000000e+00 0.000000000000000000e+00 1.000000000000000000e+00
-9.105827808380126953e-01 -2.509863972663879395e-01 0.000000000000000000e+00 0.000000000000000000e+00 1.000000000000000000e+00
-9.043518304824829102e-01 -2.474561333656311035e-01 0.000000000000000000e+00 0.000000000000000000e+00 1.000000000000000000e+00
-8.974158763885498047e-01 -2.452922463417053223e-01 0.000000000000000000e+00 0.000000000000000000e+00 1.000000000000000000e+00
-8.904805183410644531e-01 -2.448827624320983887e-01 0.000000000000000000e+00 0.000000000000000000e+00 1.000000000000000000e+00
-8.864128589630126953e-01 -2.476247549057006836e-01 0.000000000000000000e+00 0.000000000000000000e+00 1.000000000000000000e+00
-8.845640420913696289e-01 -2.494143247604370117e-01 0.000000000000000000e+00 0.000000000000000000e+00 1.000000000000000000e+00
-8.836326599121093750e-01 -2.490442991256713867e-01 0.000000000000000000e+00 0.000000000000000000e+00 1.000000000000000000e+00
-8.830423355102539062e-01 -2.447734475135803223e-01 0.000000000000000000e+00 0.000000000000000000e+00 1.000000000000000000e+00
-8.821535110473632812e-01 -2.386652231216430664e-01 0.000000000000000000e+00 0.000000000000000000e+00 1.000000000000000000e+00
-8.800238370895385742e-01 -2.336482405662536621e-01 0.000000000000000000e+00 0.000000000000000000e+00 1.000000000000000000e+00
-8.778402805328369141e-01 -2.322278022766113281e-01 0.000000000000000000e+00 0.000000000000000000e+00 1.000000000000000000e+00
-8.748893737792968750e-01 -2.345235943794250488e-01 0.000000000000000000e+00 0.000000000000000000e+00 1.000000000000000000e+00
0.000000000000000000e+00 0.000000000000000000e+00 0.000000000000000000e+00 0.000000000000000000e+00 0.000000000000000000e+00
0.000000000000000000e+00 0.000000000000000000e+00 0.000000000000000000e+00 0.000000000000000000e+00 0.000000000000000000e+00
0.000000000000000000e+00 0.000000000000000000e+00 0.000000000000000000e+00 0.000000000000000000e+00 0.000000000000000000e+00
0.000000000000000000e+00 0.000000000000000000e+00 0.000000000000000000e+00 0.000000000000000000e+00 0.000000000000000000e+00
0.000000000000000000e+00 0.000000000000000000e+00 0.000000000000000000e+00 0.000000000000000000e+00 0.000000000000000000e+00
0.000000000000000000e+00 0.000000000000000000e+00 0.000000000000000000e+00 0.000000000000000000e+00 0.000000000000000000e+00
0.000000000000000000e+00 0.000000000000000000e+00 0.000000000000000000e+00 0.000000000000000000e+00 0.000000000000000000e+00
0.000000000000000000e+00 0.000000000000000000e+00 0.000000000000000000e+00 0.000000000000000000e+00 0.000000000000000000e+00
0.000000000000000000e+00 0.000000000000000000e+00 0.000000000000000000e+00 0.000000000000000000e+00 0.000000000000000000e+00
0.000000000000000000e+00 0.000000000000000000e+00 0.000000000000000000e+00 0.000000000000000000e+00 0.000000000000000000e+00
0.000000000000000000e+00 0.000000000000000000e+00 0.000000000000000000e+00 0.000000000000000000e+00 0.000000000000000000e+00
0.000000000000000000e+00 0.000000000000000000e+00 0.000000000000000000e+00 0.000000000000000000e+00 0.000000000000000000e+00
0.000000000000000000e+00 0.000000000000000000e+00 0.000000000000000000e+00 0.000000000000000000e+00 0.000000000000000000e+00
0.000000000000000000e+00 0.000000000000000000e+00 0.000000000000000000e+00 0.000000000000000000e+00 0.000000000000000000e+00
0.000000000000000000e+00 0.000000000000000000e+00 0.000000000000000000e+00 0.000000000000000000e+00 0.000000000000000000e+00
0.000000000000000000e+00 0.000000000000000000e+00 0.000000000000000000e+00 0.000000000000000000e+00 0.000000000000000000e+00
0.000000000000000000e+00 0.000000000000000000e+00 0.000000000000000000e+00 0.000000000000000000e+00 0.000000000000000000e+00
0.000000000000000000e+00 0.000000000000000000e+00 0.000000000000000000e+00 0.000000000000000000e+00 0.000000000000000000e+00
0.000000000000000000e+00 0.000000000000000000e+00 0.000000000000000000e+00 0.000000000000000000e+00 0.000000000000000000e+00
0.000000000000000000e+00 0.000000000000000000e+00 0.000000000000000000e+00 0.000000000000000000e+00 0.000000000000000000e+00
0.000000000000000000e+00 0.000000000000000000e+00 0.000000000000000000e+00 0.000000000000000000e+00 0.000000000000000000e+00
0.000000000000000000e+00 0.000000000000000000e+00 0.000000000000000000e+00 0.000000000000000000e+00 0.000000000000000000e+00
0.000000000000000000e+00 0.000000000000000000e+00 0.000000000000000000e+00 0.000000000000000000e+00 0.000000000000000000e+00
0.000000000000000000e+00 0.000000000000000000e+00 0.000000000000000000e+00 0.000000000000000000e+00 0.000000000000000000e+00
0.000000000000000000e+00 0.000000000000000000e+00 0.000000000000000000e+00 0.000000000000000000e+00 0.000000000000000000e+00
0.000000000000000000e+00 0.000000000000000000e+00 0.000000000000000000e+00 0.000000000000000000e+00 0.000000000000000000e+00
0.000000000000000000e+00 0.000000000000000000e+00 0.000000000000000000e+00 0.000000000000000000e+00 0.000000000000000000e+00
0.000000000000000000e+00 0.000000000000000000e+00 0.000000000000000000e+00 0.000000000000000000e+00 0.000000000000000000e+00
0.000000000000000000e+00 0.000000000000000000e+00 0.000000000000000000e+00 0.000000000000000000e+00 0.000000000000000000e+00
0.000000000000000000e+00 0.000000000000000000e+00 0.000000000000000000e+00 0.000000000000000000e+00 0.000000000000000000e+00
0.000000000000000000e+00 0.000000000000000000e+00 0.000000000000000000e+00 0.000000000000000000e+00 0.000000000000000000e+00
0.000000000000000000e+00 0.000000000000000000e+00 0.000000000000000000e+00 0.000000000000000000e+00 0.000000000000000000e+00
0.000000000000000000e+00 0.000000000000000000e+00 0.000000000000000000e+00 0.000000000000000000e+00 0.000000000000000000e+00
0.000000000000000000e+00 0.000000000000000000e+00 0.000000000000000000e+00 0.000000000000000000e+00 0.000000000000000000e+00
0.000000000000000000e+00 0.000000000000000000e+00 0.000000000000000000e+00 0.000000000000000000e+00 0.000000000000000000e+00
0.000000000000000000e+00 0.000000000000000000e+00 0.000000000000000000e+00 0.000000000000000000e+00 0.000000000000000000e+00
0.000000000000000000e+00 0.000000000000000000e+00 0.000000000000000000e+00 0.000000000000000000e+00 0.000000000000000000e+00
0.000000000000000000e+00 0.000000000000000000e+00 0.000000000000000000e+00 0.000000000000000000e+00 0.000000000000000000e+00
0.000000000000000000e+00 0.000000000000000000e+00 0.000000000000000000e+00 0.000000000000000000e+00 0.000000000000000000e+00
0.000000000000000000e+00 0.000000000000000000e+00 0.000000000000000000e+00 0.000000000000000000e+00 0.000000000000000000e+00
0.000000000000000000e+00 0.000000000000000000e+00 0.000000000000000000e+00 0.000000000000000000e+00 0.000000000000000000e+00
0.000000000000000000e+00 0.000000000000000000e+00 0.000000000000000000e+00 0.000000000000000000e+00 0.000000000000000000e+00
0.000000000000000000e+00 0.000000000000000000e+00 0.000000000000000000e+00 0.000000000000000000e+00 0.000000000000000000e+00
0.000000000000000000e+00 0.000000000000000000e+00 0.000000000000000000e+00 0.000000000000000000e+00 0.000000000000000000e+00
0.000000000000000000e+00 0.000000000000000000e+00 0.000000000000000000e+00 0.000000000000000000e+00 0.000000000000000000e+00
0.000000000000000000e+00 0.000000000000000000e+00 0.000000000000000000e+00 0.000000000000000000e+00 0.000000000000000000e+00
0.000000000000000000e+00 0.000000000000000000e+00 0.000000000000000000e+00 0.000000000000000000e+00 0.000000000000000000e+00
0.000000000000000000e+00 0.000000000000000000e+00 0.000000000000000000e+00 0.000000000000000000e+00 0.000000000000000000e+00
