0.000000000000000000e+00 0.000000000000000000e+00 1.000000000000000000e+00 0.000000000000000000e+00 0.000000000000000000e+00
-1.280027866363525391e+00 1.565260410308837891e+00 1.000000000000000000e+00 0.000000000000000000e+00 0.000000000000000000e+00
-1.002622365951538086e+00 9.042313098907470703e-01 1.000000000000000000e+00 0.000000000000000000e+00 0.000000000000000000e+00
-5.464524030685424805e-01 2.969282269477844238e-01 1.000000000000000000e+00 0.000000000000000000e+00 0.000000000000000000e+00
-1.563356518745422363e-01 -8.618055284023284912e-02 0.000000000000000000e+00 1.000000000000000000e+00 0.000000000000000000e+00
1.932773828506469727e+00 -1.213587284088134766e+00 1.000000000000000000e+00 0.000000000000000000e+00 0.000000000000000000e+00
7.937842607498168945e-01 -1.611811481416225433e-02 1.000000000000000000e+00 0.000000000000000000e+00 0.000000000000000000e+00
2.597345113754272461e-01 1.512562781572341919e-01 1.000000000000000000e+00 0.000000000000000000e+00 0.000000000000000000e+00
-1.147580385208129883e+00 1.021520614624023438e+00 1.000000000000000000e+00 0.000000000000000000e+00 0.000000000000000000e+00
-6.169202923774719238e-01 3.808975219726562500e-01 0.000000000000000000e+00 1.000000000000000000e+00 0.000000000000000000e+00
-5.720229744911193848e-01 1.667802333831787109e-01 1.000000000000000000e+00 0.000000000000000000e+00 0.000000000000000000e+00
5.648875236511230469e-02 1.075825691223144531e+00 1.000000000000000000e+00 0.000000000000000000e+00 0.000000000000000000e+00
-7.590524107217788696e-02 3.105316162109375000e-01 0.000000000000000000e+00 1.000000000000000000e+00 0.000000000000000000e+00
7.457751035690307617e-01 -1.492293119430541992e+00 1.000000000000000000e+00 0.000000000000000000e+00 0.000000000000000000e+00
1.326931595802307129e+00 -2.376006394624710083e-01 1.000000000000000000e+00 0.000000000000000000e+00 0.000000000000000000e+00
8.031263947486877441e-01 1.066036671400070190e-01 1.000000000000000000e+00 0.000000000000000000e+00 0.000000000000000000e+00
2.156479656696319580e-02 3.564584851264953613e-01 1.000000000000000000e+00 0.000000000000000000e+00 0.000000000000000000e+00
-3.988233804702758789e-01 6.544244289398193359e-01 1.000000000000000000e+00 0.000000000000000000e+00 0.000000000000000000e+00
-3.291897177696228027e-01 3.126589655876159668e-01 1.000000000000000000e+00 0.000000000000000000e+00 0.000000000000000000e+00
-3.586674332618713379e-01 1.470713317394256592e-01 0.000000000000000000e+00 1.000000000000000000e+00 0.000000000000000000e+00
-2.343699783086776733e-01 -7.087187767028808594e-01 1.000000000000000000e+00 0.000000000000000000e+00 0.000000000000000000e+00
-9.532883167266845703e-01 1.310178875923156738e+00 1.000000000000000000e+00 0.000000000000000000e+00 0.000000000000000000e+00
-4.417259097099304199e-01 3.762494623661041260e-01 1.000000000000000000e+00 0.000000000000000000e+00 0.000000000000000000e+00
-4.054729044437408447e-01 1.444118469953536987e-01 0.000000000000000000e+00 1.000000000000000000e+00 0.000000000000000000e+00
1.206174015998840332e+00 -6.701534986495971680e-01 1.000000000000000000e+00 0.000000000000000000e+00 0.000000000000000000e+00
1.480249285697937012e+00 6.553527712821960449e-01 1.000000000000000000e+00 0.000000000000000000e+00 0.000000000000000000e+00
1.086931228637695312e+00 2.616492211818695068e-01 1.000000000000000000e+00 0.000000000000000000e+00 0.000000000000000000e+00
7.779980897903442383e-01 -1.722864806652069092e-02 0.000000000000000000e+00 1.000000000000000000e+00 0.000000000000000000e+00
-2.431103229522705078e+00 -3.618484497070312500e+00 0.000000000000000000e+00 0.000000000000000000e+00 1.000000000000000000e+00
-4.326539635658264160e-01 1.326150178909301758e+00 0.000000000000000000e+00 0.000000000000000000e+00 1.000000000000000000e+00
-1.158785939216613770e+00 -6.476685404777526855e-01 0.000000000000000000e+00 0.000000000000000000e+00 1.000000000000000000e+00
-8.655731678009033203e-01 -4.651778340339660645e-01 0.000000000000000000e+00 0.000000000000000000e+00 1.000000000000000000e+00
-8.971062898635864258e-01 -3.038864135742187500e-01 0.000000000000000000e+00 0.000000000000000000e+00 1.000000000000000000e+00
-8.742598295211791992e-01 -2.522079348564147949e-01 0.000000000000000000e+00 0.000000000000000000e+00 1.000000000000000000e+00
-8.668887615203857422e-01 -2.134040594100952148e-01 0.000000000000000000e+00 0.000000000000000000e+00 1.000000000000000000e+00
-8.653777837753295898e-01 -1.831685304641723633e-01 0.000000000000000000e+00 0.000000000000000000e+00 1.000000000000000000e+00
-8.702857494354248047e-01 -1.634889245033264160e-01 0.000000000000000000e+00 0.000000000000000000e+00 1.000000000000000000e+00
-8.471999168395996094e-01 -1.870211958885192871e-01 0.000000000000000000e+00 0.000000000000000000e+00 1.000000000000000000e+00
-8.122411966323852539e-01 -2.282365560531616211e-01 0.000000000000000000e+00 0.000000000000000000e+00 1.000000000000000000e+00
-7.934163808822631836e-01 -2.408929467201232910e-01 0.000000000000000000e+00 0.000000000000000000e+00 1.000000000000000000e+00
-7.850074768066406250e-01 -2.385413646697998047e-01 0.000000000000000000e+00 0.000000000000000000e+00 1.000000000000000000e+00
-7.787630558013916016e-01 -2.359365820884704590e-01 0.000000000000000000e+00 0.000000000000000000e+00 1.000000000000000000e+00
-7.752424478530883789e-01 -2.261837124824523926e-01 0.000000000000000000e+00 0.000000000000000000e+00 1.000000000000000000e+00
-7.703211307525634766e-01 -2.193362712860107422e-01 0.000000000000000000e+00 0.000000000000000000e+00 1.000000000000000000e+00
-7.545179128646850586e-01 -2.263862490653991699e-01 0.000000000000000000e+00 0.000000000000000000e+00 1.000000000000000000e+00
-7.349921464920043945e-01 -2.406173348426818848e-01 0.000000000000000000e+00 0.000000000000000000e+00 1.000000000000000000e+00
-7.223918437957763672e-01 -2.515090703964233398e-01 0.000000000000000000e+00 0.000000000000000000e+00 1.000000000000000000e+00
-7.135729789733886719e-01 -2.614087462425231934e-01 0.000000000000000000e+00 0.000000000000000000e+00 1.000000000000000000e+00
-7.089775800704956055e-01 -2.675052285194396973e-01 0.000000000000000000e+00 0.000000000000000000e+00 1.000000000000000000e+00
-7.092198133468627930e-01 -2.622349858283996582e-01 0.000000000000000000e+00 0.000000000000000000e+00 1.000000000000000000e+00
-7.098529338836669922e-01 -2.524229884147644043e-01 0.000000000000000000e+00 0.000000000000000000e+00 1.000000000000000000e+00
-7.078796625137329102e-01 -2.455065846443176270e-01 0.000000000000000000e+00 0.000000000000000000e+00 1.000000000000000000e+00
-7.029838562011718750e-01 -2.464586496353149414e-01 0.000000000000000000e+00 0.000000000000000000e+00 1.000000000000000000e+00
-6.945145130157470703e-01 -2.568711042404174805e-01 0.000000000000000000e+00 0.000000000000000000e+00 1.000000000000000000e+00
-6.872194409370422363e-01 -2.689974904060363770e-01 0.000000000000000000e+00 0.000000000000000000e+00 1.000000000000000000e+00
-6.820820569992065430e-01 -2.785616517066955566e-01 0.000000000000000000e+00 0.000000000000000000e+00 1.000000000000000000e+00
-6.789608597755432129e-01 -2.803003191947937012e-01 0.000000000000000000e+00 0.000000000000000000e+00 1.000000000000000000e+00
-6.778051853179931641e-01 -2.739794254302978516e-01 0.000000000000000000e+00 0.000000000000000000e+00 1.000000000000000000e+00
-6.774517297744750977e-01 -2.657645940780639648e-01 0.000000000000000000e+00 0.000000000000000000e+00 1.000000000000000000e+00
-6.749109029769897461e-01 -2.639577388763427734e-01 0.000000000000000000e+00 0.000000000000000000e+00 1.000000000000000000e+00
-6.678841710090637207e-01 -2.704697847366333008e-01 0.000000000000000000e+00 0.000000000000000000e+00 1.000000000000000000e+00
-6.581277847290039062e-01 -2.793755531311035156e-01 0.000000000000000000e+00 0.000000000000000000e+00 1.000000000000000000e+00
-6.496836543083190918e-01 -2.832931280136108398e-01 0.000000000000000000e+00 0.000000000000000000e+00 1.000000000000000000e+00
-6.443810462951660156e-01 -2.790200710296630859e-01 0.000000000000000000e+00 0.000000000000000000e+00 1.000000000000000000e+00
-6.421110630035400391e-01 -2.714150547981262207e-01 0.000000000000000000e+00 0.000000000000000000e+00 1.000000000000000000e+00
-6.417406797409057617e-01 -2.657268047332763672e-01 0.000000000000000000e+00 0.000000000000000000e+00 1.000000000000000000e+00
-6.400911211967468262e-01 -2.674494981765747070e-01 0.000000000000000000e+00 0.000000000000000000e+00 1.000000000000000000e+00
-6.362882256507873535e-01 -2.730563282966613770e-01 0.000000000000000000e+00 0.000000000000000000e+00 1.000000000000000000e+00
0.000000000000000000e+00 0.000000000000000000e+00 0.000000000000000000e+00 0.000000000000000000e+00 0.000000000000000000e+00
0.000000000000000000e+00 0.000000000000000000e+00 0.000000000000000000e+00 0.000000000000000000e+00 0.000000000000000000e+00
0.000000000000000000e+00 0.000000000000000000e+00 0.000000000000000000e+00 0.000000000000000000e+00 0.000000000000000000e+00
0.000000000000000000e+00 0.000000000000000000e+00 0.000000000000000000e+00 0.000000000000000000e+00 0.000000000000000000e+00
0.000000000000000000e+00 0.000000000000000000e+00 0.000000000000000000e+00 0.000000000000000000e+00 0.000000000000000000e+00
0.000000000000000000e+00 0.000000000000000000e+00 0.000000000000000000e+00 0.000000000000000000e+00 0.000000000000000000e+00
0.000000000000000000e+00 0.000000000000000000e+00 0.000000000000000000e+00 0.000000000000000000e+00 0.000000000000000000e+00
0.000000000000000000e+00 0.000000000000000000e+00 0.000000000000000000e+00 0.000000000000000000e+00 0.000000000000000000e+00
0.000000000000000000e+00 0.000000000000000000e+00 0.000000000000000000e+00 0.000000000000000000e+00 0.000000000000000000e+00
0.000000000000000000e+00 0.000000000000000000e+00 0.000000000000000000e+00 0.000000000000000000e+00 0.000000000000000000e+00
0.000000000000000000e+00 0.000000000000000000e+00 0.000000000000000000e+00 0.000000000000000000e+00 0.000000000000000000e+00
0.000000000000000000e+00 0.000000000000000000e+00 0.000000000000000000e+00 0.000000000000000000e+00 0.000000000000000000e+00
0.000000000000000000e+00 0.000000000000000000e+00 0.000000000000000000e+00 0.000000000000000000e+00 0.000000000000000000e+00
0.000000000000000000e+00 0.000000000000000000e+00 0.000000000000000000e+00 0.000000000000000000e+00 0.000000000000000000e+00
0.000000000000000000e+00 0.000000000000000000e+00 0.000000000000000000e+00 0.000000000000000000e+00 0.000000000000000000e+00
0.000000000000000000e+00 0.000000000000000000e+00 0.000000000000000000e+00 0.000000000000000000e+00 0.000000000000000000e+00
0.000000000000000000e+00 0.000000000000000000e+00 0.000000000000000000e+00 0.000000000000000000e+00 0.000000000000000000e+00
0.000000000000000000e+00 0.000000000000000000e+00 0.000000000000000000e+00 0.000000000000000000e+00 0.000000000000000000e+00
0.000000000000000000e+00 0.000000000000000000e+00 0.000000000000000000e+00 0.000000000000000000e+00 0.000000000000000000e+00
0.000000000000000000e+00 0.000000000000000000e+00 0.000000000000000000e+00 0.000000000000000000e+00 0.000000000000000000e+00
0.000000000000000000e+00 0.000000000000000000e+00 0.000000000000000000e+00 0.000000000000000000e+00 0.000000000000000000e+00
0.000000000000000000e+00 0.000000000000000000e+00 0.000000000000000000e+00 0.000000000000000000e+00 0.000000000000000000e+00
0.000000000000000000e+00 0.000000000000000000e+00 0.000000000000000000e+00 0.000000000000000000e+00 0.000000000000000000e+00
0.000000000000000000e+00 0.000000000000000000e+00 0.000000000000000000e+00 0.000000000000000000e+00 0.000000000000000000e+00
0.000000000000000000e+00 0.000000000000000000e+00 0.000000000000000000e+00 0.000000000000000000e+00 0.000000000000000000e+00
0.000000000000000000e+00 0.000000000000000000e+00 0.000000000000000000e+00 0.000000000000000000e+00 0.000000000000000000e+00
0.000000000000000000e+00 0.000000000000000000e+00 0.000000000000000000e+00 0.000000000000000000e+00 0.000000000000000000e+00
0.000000000000000000e+00 0.000000000000000000e+00 0.000000000000000000e+00 0.000000000000000000e+00 0.000000000000000000e+00
0.000000000000000000e+00 0.000000000000000000e+00 0.000000000000000000e+00 0.000000000000000000e+00 0.000000000000000000e+00
0.000000000000000000e+00 0.000000000000000000e+00 0.000000000000000000e+00 0.000000000000000000e+00 0.000000000000000000e+00
0.000000000000000000e+00 0.000000000000000000e+00 0.000000000000000000e+00 0.000000000000000000e+00 0.000000000000000000e+00
0.000000000000000000e+00 0.000000000000000000e+00 0.000000000000000000e+00 0.000000000000000000e+00 0.000000000000000000e+00
0.000000000000000000e+00 0.000000000000000000e+00 0.000000000000000000e+00 0.000000000000000000e+00 0.000000000000000000e+00
0.000000000000000000e+00 0.000000000000000000e+00 0.000000000000000000e+00 0.000000000000000000e+00 0.000000000000000000e+00
0.000000000000000000e+00 0.000000000000000000e+00 0.000000000000000000e+00 0.000000000000000000e+00 0.000000000000000000e+00
0.000000000000000000e+00 0.000000000000000000e+00 0.000000000000000000e+00 0.000000000000000000e+00 0.000000000000000000e+00
0.000000000000000000e+00 0.000000000000000000e+00 0.000000000000000000e+00 0.000000000000000000e+00 0.000000000000000000e+00
0.000000000000000000e+00 0.000000000000000000e+00 0.000000000000000000e+00 0.000000000000000000e+00 0.000000000000000000e+00
0.000000000000000000e+00 0.000000000000000000e+00 0.000000000000000000e+00 0.000000000000000000e+00 0.000000000000000000e+00
0.000000000000000000e+00 0.000000000000000000e+00 0.000000000000000000e+00 0.000000000000000000e+00 0.000000000000000000e+00
0.000000000000000000e+00 0.000000000000000000e+00 0.000000000000000000e+00 0.000000000000000000e+00 0.000000000000000000e+00
0.000000000000000000e+00 0.000000000000000000e+00 0.000000000000000000e+00 0.000000000000000000e+00 0.000000000000000000e+00
0.000000000000000000e+00 0.000000000000000000e+00 0.000000000000000000e+00 0.000000000000000000e+00 0.000000000000000000e+00
0.000000000000000000e+00 0.000000000000000000e+00 0.000000000000000000e+00 0.000000000000000000e+00 0.000000000000000000e+00
0.000000000000000000e+00 0.000000000000000000e+00 0.000000000000000000e+00 0.000000000000000000e+00 0.000000000000000000e+00
0.000000000000000000e+00 0.000000000000000000e+00 0.000000000000000000e+00 0.000000000000000000e+00 0.000000000000000000e+00
0.000000000000000000e+00 0.000000000000000000e+00 0.000000000000000000e+00 0.000000000000000000e+00 0.000000000000000000e+00
0.000000000000000000e+00 0.000000000000000000e+00 0.000000000000000000e+00 0.000000000000000000e+00 0.000000000000000000e+00
0.000000000000000000e+00 0.000000000000000000e+00 0.000000000000000000e+00 0.000000000000000000e+00 0.000000000000000000e+00
0.000000000000000000e+00 0.000000000000000000e+00 0.000000000000000000e+00 0.000000000000000000e+00 0.000000000000000000e+00
0.000000000000000000e+00 0.000000000000000000e+00 0.000000000000000000e+00 0.000000000000000000e+00 0.000000000000000000e+00
0.000000000000000000e+00 0.000000000000000000e+00 0.000000000000000000e+00 0.000000000000000000e+00 0.000000000000000000e+00
0.000000000000000000e+00 0.000000000000000000e+00 0.000000000000000000e+00 0.000000000000000000e+00 0.000000000000000000e+00
