0.000000000000000000e+00 0.000000000000000000e+00 1.000000000000000000e+00 0.000000000000000000e+00 0.000000000000000000e+00
-1.493589997291564941e+00 1.289289712905883789e+00 1.000000000000000000e+00 0.000000000000000000e+00 0.000000000000000000e+00
-5.871487855911254883e-01 3.167970478534698486e-01 1.000000000000000000e+00 0.000000000000000000e+00 0.000000000000000000e+00
3.956457972526550293e-01 4.278212189674377441e-01 1.000000000000000000e+00 0.000000000000000000e+00 0.000000000000000000e+00
6.421607732772827148e-02 4.089214801788330078e-01 1.000000000000000000e+00 0.000000000000000000e+00 0.000000000000000000e+00
-1.827329546213150024e-01 9.902541637420654297e-01 1.000000000000000000e+00 0.000000000000000000e+00 0.000000000000000000e+00
-1.855513006448745728e-01 4.092377126216888428e-01 1.000000000000000000e+00 0.000000000000000000e+00 0.000000000000000000e+00
-1.982143074274063110e-01 2.001487314701080322e-01 0.000000000000000000e+00 1.000000000000000000e+00 0.000000000000000000e+00
1.007821679115295410e+00 -1.974507331848144531e+00 1.000000000000000000e+00 0.000000000000000000e+00 0.000000000000000000e+00
1.197622537612915039e+00 -3.787007927894592285e-01 1.000000000000000000e+00 0.000000000000000000e+00 0.000000000000000000e+00
5.322334766387939453e-01 -3.069818317890167236e-01 0.000000000000000000e+00 1.000000000000000000e+00 0.000000000000000000e+00
-5.444824695587158203e-01 -2.942087650299072266e-01 1.000000000000000000e+00 0.000000000000000000e+00 0.000000000000000000e+00
-3.768930435180664062e-01 1.117834806442260742e+00 1.000000000000000000e+00 0.000000000000000000e+00 0.000000000000000000e+00
-2.364666610956192017e-01 4.121119976043701172e-01 0.000000000000000000e+00 1.000000000000000000e+00 0.000000000000000000e+00
-2.988174259662628174e-01 7.602946460247039795e-02 1.000000000000000000e+00 0.000000000000000000e+00 0.000000000000000000e+00
-8.610464632511138916e-02 6.472405791282653809e-01 1.000000000000000000e+00 0.000000000000000000e+00 0.000000000000000000e+00
-9.636501967906951904e-02 2.038515955209732056e-01 0.000000000000000000e+00 1.000000000000000000e+00 0.000000000000000000e+00
6.608271002769470215e-01 -9.714637398719787598e-01 1.000000000000000000e+00 0.000000000000000000e+00 0.000000000000000000e+00
9.841102361679077148e-01 -1.508271694183349609e-01 1.000000000000000000e+00 0.000000000000000000e+00 0.000000000000000000e+00
3.697594404220581055e-01 7.633214443922042847e-02 1.000000000000000000e+00 0.000000000000000000e+00 0.000000000000000000e+00
-3.021002188324928284e-02 2.737252712249755859e-01 1.000000000000000000e+00 0.000000000000000000e+00 0.000000000000000000e+00
-1.512874364852905273e-01 2.450601309537887573e-01 1.000000000000000000e+00 0.000000000000000000e+00 0.000000000000000000e+00
-2.459435313940048218e-01 2.400383204221725464e-01 0.000000000000000000e+00 1.000000000000000000e+00 0.000000000000000000e+00
-3.187467157840728760e-01 -3.543330430984497070e-01 1.000000000000000000e+00 0.000000000000000000e+00 0.000000000000000000e+00
-7.219921350479125977e-01 1.019021272659301758e+00 1.000000000000000000e+00 0.000000000000000000e+00 0.000000000000000000e+00
-3.182807862758636475e-01 2.530428171157836914e-01 1.000000000000000000e+00 0.000000000000000000e+00 0.000000000000000000e+00
-3.095840513706207275e-01 8.184781670570373535e-02 0.000000000000000000e+00 1.000000000000000000e+00 0.000000000000000000e+00
1.205546498298645020e+00 -5.833955407142639160e-01 1.000000000000000000e+00 0.000000000000000000e+00 0.000000000000000000e+00
1.084822654724121094e+00 6.132558584213256836e-01 1.000000000000000000e+00 0.000000000000000000e+00 0.000000000000000000e+00
5.697220563888549805e-01 1.450266540050506592e-01 1.000000000000000000e+00 0.000000000000000000e+00 0.000000000000000000e+00
6.670664548873901367e-01 -3.748582303524017334e-02 0.000000000000000000e+00 1.000000000000000000e+00 0.000000000000000000e+00
-2.485094785690307617e+00 -3.200079441070556641e+00 0.000000000000000000e+00 0.000000000000000000e+00 1.000000000000000000e+00
-3.429830968379974365e-01 1.380156278610229492e+00 0.000000000000000000e+00 0.000000000000000000e+00 1.000000000000000000e+00
-1.423707365989685059e+00 -2.129721641540527344e-01 0.000000000000000000e+00 0.000000000000000000e+00 1.000000000000000000e+00
-9.979763031005859375e-01 -4.979689717292785645e-01 0.000000000000000000e+00 0.000000000000000000e+00 1.000000000000000000e+00
-1.046687602996826172e+00 -3.335111737251281738e-01 0.000000000000000000e+00 0.000000000000000000e+00 1.000000000000000000e+00
-1.006521224975585938e+00 -2.529370784759521484e-01 0.000000000000000000e+00 0.000000000000000000e+00 1.000000000000000000e+00
-9.824542999267578125e-01 -2.572096586227416992e-01 0.000000000000000000e+00 0.000000000000000000e+00 1.000000000000000000e+00
-9.531652927398681641e-01 -2.654176354408264160e-01 0.000000000000000000e+00 0.000000000000000000e+00 1.000000000000000000e+00
-9.303954839706420898e-01 -2.694703936576843262e-01 0.000000000000000000e+00 0.000000000000000000e+00 1.000000000000000000e+00
-9.108453989028930664e-01 -2.732096314430236816e-01 0.000000000000000000e+00 0.000000000000000000e+00 1.000000000000000000e+00
-8.896918296813964844e-01 -2.796711921691894531e-01 0.000000000000000000e+00 0.000000000000000000e+00 1.000000000000000000e+00
-8.768072128295898438e-01 -2.733624577522277832e-01 0.000000000000000000e+00 0.000000000000000000e+00 1.000000000000000000e+00
-8.629860877990722656e-01 -2.706911563873291016e-01 0.000000000000000000e+00 0.000000000000000000e+00 1.000000000000000000e+00
-8.463112115859985352e-01 -2.762542963027954102e-01 0.000000000000000000e+00 0.000000000000000000e+00 1.000000000000000000e+00
-8.300737142562866211e-01 -2.857178449630737305e-01 0.000000000000000000e+00 0.000000000000000000e+00 1.000000000000000000e+00
-8.158565759658813477e-01 -2.987186312675476074e-01 0.000000000000000000e+00 0.000000000000000000e+00 1.000000000000000000e+00
-8.039869070053100586e-01 -3.111818432807922363e-01 0.000000000000000000e+00 0.000000000000000000e+00 1.000000000000000000e+00
-7.935131788253784180e-01 -3.189586997032165527e-01 0.000000000000000000e+00 0.000000000000000000e+00 1.000000000000000000e+00
-7.869369983673095703e-01 -3.145166039466857910e-01 0.000000000000000000e+00 0.000000000000000000e+00 1.000000000000000000e+00
-7.832969427108764648e-01 -3.036462664604187012e-01 0.000000000000000000e+00 0.000000000000000000e+00 1.000000000000000000e+00
-7.782785892486572266e-01 -2.961989045143127441e-01 0.000000000000000000e+00 0.000000000000000000e+00 1.000000000000000000e+00
-7.696986198425292969e-01 -2.971914410591125488e-01 0.000000000000000000e+00 0.000000000000000000e+00 1.000000000000000000e+00
-7.599877119064331055e-01 -3.059089779853820801e-01 0.000000000000000000e+00 0.000000000000000000e+00 1.000000000000000000e+00
-7.499593496322631836e-01 -3.174164891242980957e-01 0.000000000000000000e+00 0.000000000000000000e+00 1.000000000000000000e+00
-7.427661418914794922e-01 -3.234115242958068848e-01 0.000000000000000000e+00 0.000000000000000000e+00 1.000000000000000000e+00
-7.395639419555664062e-01 -3.209772706031799316e-01 0.000000000000000000e+00 0.000000000000000000e+00 1.000000000000000000e+00
-7.378839254379272461e-01 -3.156388401985168457e-01 0.000000000000000000e+00 0.000000000000000000e+00 1.000000000000000000e+00
-7.352591753005981445e-01 -3.142392039299011230e-01 0.000000000000000000e+00 0.000000000000000000e+00 1.000000000000000000e+00
-7.298461198806762695e-01 -3.182013630867004395e-01 0.000000000000000000e+00 0.000000000000000000e+00 1.000000000000000000e+00
-7.220497131347656250e-01 -3.254995942115783691e-01 0.000000000000000000e+00 0.000000000000000000e+00 1.000000000000000000e+00
-7.132947444915771484e-01 -3.347938656806945801e-01 0.000000000000000000e+00 0.000000000000000000e+00 1.000000000000000000e+00
-7.075479030609130859e-01 -3.363431096076965332e-01 0.000000000000000000e+00 0.000000000000000000e+00 1.000000000000000000e+00
-7.053510546684265137e-01 -3.284975886344909668e-01 0.000000000000000000e+00 0.000000000000000000e+00 1.000000000000000000e+00
-7.033786177635192871e-01 -3.218445181846618652e-01 0.000000000000000000e+00 0.000000000000000000e+00 1.000000000000000000e+00
-7.003453373908996582e-01 -3.244588971138000488e-01 0.000000000000000000e+00 0.000000000000000000e+00 1.000000000000000000e+00
-6.958507299423217773e-01 -3.317903876304626465e-01 0.000000000000000000e+00 0.000000000000000000e+00 1.000000000000000000e+00
-6.891740560531616211e-01 -3.412454724311828613e-01 0.000000000000000000e+00 0.000000000000000000e+00 1.000000000000000000e+00
-6.836606264114379883e-01 -3.438491225242614746e-01 0.000000000000000000e+00 0.000000000000000000e+00 1.000000000000000000e+00
0.000000000000000000e+00 0.000000000000000000e+00 0.000000000000000000e+00 0.000000000000000000e+00 0.000000000000000000e+00
0.000000000000000000e+00 0.000000000000000000e+00 0.000000000000000000e+00 0.000000000000000000e+00 0.000000000000000000e+00
0.000000000000000000e+00 0.000000000000000000e+00 0.000000000000000000e+00 0.000000000000000000e+00 0.000000000000000000e+00
0.000000000000000000e+00 0.000000000000000000e+00 0.000000000000000000e+00 0.000000000000000000e+00 0.000000000000000000e+00
0.000000000000000000e+00 0.000000000000000000e+00 0.000000000000000000e+00 0.000000000000000000e+00 0.000000000000000000e+00
0.000000000000000000e+00 0.000000000000000000e+00 0.000000000000000000e+00 0.000000000000000000e+00 0.000000000000000000e+00
0.000000000000000000e+00 0.000000000000000000e+00 0.000000000000000000e+00 0.000000000000000000e+00 0.000000000000000000e+00
0.000000000000000000e+00 0.000000000000000000e+00 0.000000000000000000e+00 0.000000000000000000e+00 0.000000000000000000e+00
0.000000000000000000e+00 0.000000000000000000e+00 0.000000000000000000e+00 0.000000000000000000e+00 0.000000000000000000e+00
0.000000000000000000e+00 0.000000000000000000e+00 0.000000000000000000e+00 0.000000000000000000e+00 0.000000000000000000e+00
0.000000000000000000e+00 0.000000000000000000e+00 0.000000000000000000e+00 0.000000000000000000e+00 0.000000000000000000e+00
0.000000000000000000e+00 0.000000000000000000e+00 0.000000000000000000e+00 0.000000000000000000e+00 0.000000000000000000e+00
0.000000000000000000e+00 0.000000000000000000e+00 0.000000000000000000e+00 0.000000000000000000e+00 0.000000000000000000e+00
0.000000000000000000e+00 0.000000000000000000e+00 0.000000000000000000e+00 0.000000000000000000e+00 0.000000000000000000e+00
0.000000000000000000e+00 0.000000000000000000e+00 0.000000000000000000e+00 0.000000000000000000e+00 0.000000000000000000e+00
0.000000000000000000e+00 0.000000000000000000e+00 0.000000000000000000e+00 0.000000000000000000e+00 0.000000000000000000e+00
0.000000000000000000e+00 0.000000000000000000e+00 0.000000000000000000e+00 0.000000000000000000e+00 0.000000000000000000e+00
0.000000000000000000e+00 0.000000000000000000e+00 0.000000000000000000e+00 0.000000000000000000e+00 0.000000000000000000e+00
0.000000000000000000e+00 0.000000000000000000e+00 0.000000000000000000e+00 0.000000000000000000e+00 0.000000000000000000e+00
0.000000000000000000e+00 0.000000000000000000e+00 0.000000000000000000e+00 0.000000000000000000e+00 0.000000000000000000e+00
0.000000000000000000e+00 0.000000000000000000e+00 0.000000000000000000e+00 0.000000000000000000e+00 0.000000000000000000e+00
0.000000000000000000e+00 0.000000000000000000e+00 0.000000000000000000e+00 0.000000000000000000e+00 0.000000000000000000e+00
0.000000000000000000e+00 0.000000000000000000e+00 0.000000000000000000e+00 0.000000000000000000e+00 0.000000000000000000e+00
0.000000000000000000e+00 0.000000000000000000e+00 0.000000000000000000e+00 0.000000000000000000e+00 0.000000000000000000e+00
0.000000000000000000e+00 0.000000000000000000e+00 0.000000000000000000e+00 0.000000000000000000e+00 0.000000000000000000e+00
0.000000000000000000e+00 0.000000000000000000e+00 0.000000000000000000e+00 0.000000000000000000e+00 0.000000000000000000e+00
0.000000000000000000e+00 0.000000000000000000e+00 0.000000000000000000e+00 0.000000000000000000e+00 0.000000000000000000e+00
0.000000000000000000e+00 0.000000000000000000e+00 0.000000000000000000e+00 0.000000000000000000e+00 0.000000000000000000e+00
0.000000000000000000e+00 0.000000000000000000e+00 0.000000000000000000e+00 0.000000000000000000e+00 0.000000000000000000e+00
0.000000000000000000e+00 0.000000000000000000e+00 0.000000000000000000e+00 0.000000000000000000e+00 0.000000000000000000e+00
0.000000000000000000e+00 0.000000000000000000e+00 0.000000000000000000e+00 0.000000000000000000e+00 0.000000000000000000e+00
0.000000000000000000e+00 0.000000000000000000e+00 0.000000000000000000e+00 0.000000000000000000e+00 0.000000000000000000e+00
0.000000000000000000e+00 0.000000000000000000e+00 0.000000000000000000e+00 0.000000000000000000e+00 0.000000000000000000e+00
0.000000000000000000e+00 0.000000000000000000e+00 0.000000000000000000e+00 0.000000000000000000e+00 0.000000000000000000e+00
0.000000000000000000e+00 0.000000000000000000e+00 0.000000000000000000e+00 0.000000000000000000e+00 0.000000000000000000e+00
0.000000000000000000e+00 0.000000000000000000e+00 0.000000000000000000e+00 0.000000000000000000e+00 0.000000000000000000e+00
0.000000000000000000e+00 0.000000000000000000e+00 0.000000000000000000e+00 0.000000000000000000e+00 0.000000000000000000e+00
0.000000000000000000e+00 0.000000000000000000e+00 0.000000000000000000e+00 0.000000000000000000e+00 0.000000000000000000e+00
0.000000000000000000e+00 0.000000000000000000e+00 0.000000000000000000e+00 0.000000000000000000e+00 0.000000000000000000e+00
0.000000000000000000e+00 0.000000000000000000e+00 0.000000000000000000e+00 0.000000000000000000e+00 0.000000000000000000e+00
0.000000000000000000e+00 0.000000000000000000e+00 0.000000000000000000e+00 0.000000000000000000e+00 0.000000000000000000e+00
0.000000000000000000e+00 0.000000000000000000e+00 0.000000000000000000e+00 0.000000000000000000e+00 0.000000000000000000e+00
0.000000000000000000e+00 0.000000000000000000e+00 0.000000000000000000e+00 0.000000000000000000e+00 0.000000000000000000e+00
0.000000000000000000e+00 0.000000000000000000e+00 0.000000000000000000e+00 0.000000000000000000e+00 0.000000000000000000e+00
0.000000000000000000e+00 0.000000000000000000e+00 0.000000000000000000e+00 0.000000000000000000e+00 0.000000000000000000e+00
0.000000000000000000e+00 0.000000000000000000e+00 0.000000000000000000e+00 0.000000000000000000e+00 0.000000000000000000e+00
0.000000000000000000e+00 0.000000000000000000e+00 0.000000000000000000e+00 0.000000000000000000e+00 0.000000000000000000e+00
0.000000000000000000e+00 0.000000000000000000e+00 0.000000000000000000e+00 0.000000000000000000e+00 0.000000000000000000e+00
0.000000000000000000e+00 0.000000000000000000e+00 0.000000000000000000e+00 0.000000000000000000e+00 0.000000000000000000e+00
0.000000000000000000e+00 0.000000000000000000e+00 0.000000000000000000e+00 0.000000000000000000e+00 0.000000000000000000e+00
0.000000000000000000e+00 0.000000000000000000e+00 0.000000000000000000e+00 0.000000000000000000e+00 0.000000000000000000e+00
0.000000000000000000e+00 0.000000000000000000e+00 0.000000000000000000e+00 0.000000000000000000e+00 0.000000000000000000e+00
