0.000000000000000000e+00 0.000000000000000000e+00 1.000000000000000000e+00 0.000000000000000000e+00 0.000000000000000000e+00
-8.134450018405914307e-02 8.903496265411376953e-01 1.000000000000000000e+00 0.000000000000000000e+00 0.000000000000000000e+00
-9.021968394517898560e-02 2.825391590595245361e-01 0.000000000000000000e+00 1.000000000000000000e+00 0.000000000000000000e+00
5.040377378463745117e-01 -1.284744858741760254e+00 1.000000000000000000e+00 0.000000000000000000e+00 0.000000000000000000e+00
7.326993942260742188e-01 -1.654783636331558228e-01 1.000000000000000000e+00 0.000000000000000000e+00 0.000000000000000000e+00
2.760377824306488037e-01 6.306739151477813721e-02 1.000000000000000000e+00 0.000000000000000000e+00 0.000000000000000000e+00
-2.350703626871109009e-02 3.139087855815887451e-01 1.000000000000000000e+00 0.000000000000000000e+00 0.000000000000000000e+00
-3.144591152667999268e-01 5.943478345870971680e-01 1.000000000000000000e+00 0.000000000000000000e+00 0.000000000000000000e+00
-2.184775471687316895e-01 2.366111576557159424e-01 0.000000000000000000e+00 1.000000000000000000e+00 0.000000000000000000e+00
-1.193497627973556519e-01 -4.258125722408294678e-01 1.000000000000000000e+00 0.000000000000000000e+00 0.000000000000000000e+00
-5.234131813049316406e-01 9.699746966361999512e-01 1.000000000000000000e+00 0.000000000000000000e+00 0.000000000000000000e+00
-2.564801573753356934e-01 2.914929687976837158e-01 1.000000000000000000e+00 0.000000000000000000e+00 0.000000000000000000e+00
-2.451032698154449463e-01 1.270532906055450439e-01 0.000000000000000000e+00 1.000000000000000000e+00 0.000000000000000000e+00
6.499165296554565430e-01 -4.597166776657104492e-01 1.000000000000000000e+00 0.000000000000000000e+00 0.000000000000000000e+00
7.103334665298461914e-01 4.305954873561859131e-01 1.000000000000000000e+00 0.000000000000000000e+00 0.000000000000000000e+00
3.273538351058959961e-01 7.509942352771759033e-02 0.000000000000000000e+00 1.000000000000000000e+00 0.000000000000000000e+00
5.876531004905700684e-01 -1.928643941879272461e+00 1.000000000000000000e+00 0.000000000000000000e+00 0.000000000000000000e+00
6.841410398483276367e-01 -1.929361224174499512e-01 1.000000000000000000e+00 0.000000000000000000e+00 0.000000000000000000e+00
-4.792337864637374878e-02 5.413077026605606079e-02 0.000000000000000000e+00 1.000000000000000000e+00 0.000000000000000000e+00
-9.183372259140014648e-01 8.998965024948120117e-01 1.000000000000000000e+00 0.000000000000000000e+00 0.000000000000000000e+00
6.961554288864135742e-01 -1.508452147245407104e-01 1.000000000000000000e+00 0.000000000000000000e+00 0.000000000000000000e+00
3.626866042613983154e-01 -2.181375473737716675e-01 1.000000000000000000e+00 0.000000000000000000e+00 0.000000000000000000e+00
1.293535530567169189e-01 -2.065598219633102417e-01 0.000000000000000000e+00 1.000000000000000000e+00 0.000000000000000000e+00
-7.244212627410888672e-01 -1.097983479499816895e+00 1.000000000000000000e+00 0.000000000000000000e+00 0.000000000000000000e+00
3.250524401664733887e-01 1.734873294830322266e+00 1.000000000000000000e+00 0.000000000000000000e+00 0.000000000000000000e+00
3.070437908172607422e-01 7.867523431777954102e-01 1.000000000000000000e+00 0.000000000000000000e+00 0.000000000000000000e+00
2.629075050354003906e-01 2.968640923500061035e-01 1.000000000000000000e+00 0.000000000000000000e+00 0.000000000000000000e+00
1.692749261856079102e-01 4.804968088865280151e-02 1.000000000000000000e+00 0.000000000000000000e+00 0.000000000000000000e+00
1.049572676420211792e-01 -1.196623072028160095e-01 1.000000000000000000e+00 0.000000000000000000e+00 0.000000000000000000e+00
1.875339262187480927e-02 -2.654789686203002930e-01 1.000000000000000000e+00 0.000000000000000000e+00 0.000000000000000000e+00
-1.080229133367538452e-01 -2.953783273696899414e-01 1.000000000000000000e+00 0.000000000000000000e+00 0.000000000000000000e+00
-2.465327084064483643e-01 -1.670265495777130127e-01 1.000000000000000000e+00 0.000000000000000000e+00 0.000000000000000000e+00
-3.516333997249603271e-01 3.075540065765380859e-03 1.000000000000000000e+00 0.000000000000000000e+00 0.000000000000000000e+00
-1.048235416412353516e+00 6.034734845161437988e-01 1.000000000000000000e+00 0.000000000000000000e+00 0.000000000000000000e+00
-2.802849113941192627e-01 -1.197462528944015503e-02 0.000000000000000000e+00 1.000000000000000000e+00 0.000000000000000000e+00
1.508236408233642578e+00 -2.771407365798950195e+00 1.000000000000000000e+00 0.000000000000000000e+00 0.000000000000000000e+00
1.641060709953308105e-01 7.355557382106781006e-02 1.000000000000000000e+00 0.000000000000000000e+00 0.000000000000000000e+00
1.271235197782516479e-01 3.128859996795654297e-01 0.000000000000000000e+00 1.000000000000000000e+00 0.000000000000000000e+00
-1.441624164581298828e+00 4.377483129501342773e-01 0.000000000000000000e+00 0.000000000000000000e+00 1.000000000000000000e+00
-1.096932888031005859e+00 -8.628008961677551270e-01 0.000000000000000000e+00 0.000000000000000000e+00 1.000000000000000000e+00
-7.341318130493164062e-01 -4.331606626510620117e-02 0.000000000000000000e+00 0.000000000000000000e+00 1.000000000000000000e+00
-1.164277434349060059e+00 -4.594557881355285645e-01 0.000000000000000000e+00 0.000000000000000000e+00 1.000000000000000000e+00
-8.780200481414794922e-01 -2.933914065361022949e-01 0.000000000000000000e+00 0.000000000000000000e+00 1.000000000000000000e+00
-9.619055986404418945e-01 -3.844366669654846191e-01 0.000000000000000000e+00 0.000000000000000000e+00 1.000000000000000000e+00
-8.855311870574951172e-01 -3.633173108100891113e-01 0.000000000000000000e+00 0.000000000000000000e+00 1.000000000000000000e+00
-8.861641883850097656e-01 -3.703241944313049316e-01 0.000000000000000000e+00 0.000000000000000000e+00 1.000000000000000000e+00
-8.694726228713989258e-01 -3.725107312202453613e-01 0.000000000000000000e+00 0.000000000000000000e+00 1.000000000000000000e+00
-8.629896640777587891e-01 -3.644252419471740723e-01 0.000000000000000000e+00 0.000000000000000000e+00 1.000000000000000000e+00
-8.570053577423095703e-01 -3.530866503715515137e-01 0.000000000000000000e+00 0.000000000000000000e+00 1.000000000000000000e+00
-8.483700752258300781e-01 -3.341466784477233887e-01 0.000000000000000000e+00 0.000000000000000000e+00 1.000000000000000000e+00
-8.413445949554443359e-01 -3.150947690010070801e-01 0.000000000000000000e+00 0.000000000000000000e+00 1.000000000000000000e+00
-8.348076343536376953e-01 -2.958137392997741699e-01 0.000000000000000000e+00 0.000000000000000000e+00 1.000000000000000000e+00
-8.315455913543701172e-01 -2.860025763511657715e-01 0.000000000000000000e+00 0.000000000000000000e+00 1.000000000000000000e+00
-8.310773372650146484e-01 -2.790667414665222168e-01 0.000000000000000000e+00 0.000000000000000000e+00 1.000000000000000000e+00
-8.310290575027465820e-01 -2.729685902595520020e-01 0.000000000000000000e+00 0.000000000000000000e+00 1.000000000000000000e+00
-8.305693864822387695e-01 -2.648391127586364746e-01 0.000000000000000000e+00 0.000000000000000000e+00 1.000000000000000000e+00
-8.275655508041381836e-01 -2.543755769729614258e-01 0.000000000000000000e+00 0.000000000000000000e+00 1.000000000000000000e+00
-8.232797384262084961e-01 -2.442668676376342773e-01 0.000000000000000000e+00 0.000000000000000000e+00 1.000000000000000000e+00
-8.205994367599487305e-01 -2.352946996688842773e-01 0.000000000000000000e+00 0.000000000000000000e+00 1.000000000000000000e+00
-8.188848495483398438e-01 -2.304262518882751465e-01 0.000000000000000000e+00 0.000000000000000000e+00 1.000000000000000000e+00
-8.165212869644165039e-01 -2.283496260643005371e-01 0.000000000000000000e+00 0.000000000000000000e+00 1.000000000000000000e+00
-8.134317398071289062e-01 -2.248807549476623535e-01 0.000000000000000000e+00 0.000000000000000000e+00 1.000000000000000000e+00
-8.087731599807739258e-01 -2.191302776336669922e-01 0.000000000000000000e+00 0.000000000000000000e+00 1.000000000000000000e+00
-8.032846450805664062e-01 -2.148650288581848145e-01 0.000000000000000000e+00 0.000000000000000000e+00 1.000000000000000000e+00
-8.003824949264526367e-01 -2.117353677749633789e-01 0.000000000000000000e+00 0.000000000000000000e+00 1.000000000000000000e+00
-8.007947206497192383e-01 -2.103081345558166504e-01 0.000000000000000000e+00 0.000000000000000000e+00 1.000000000000000000e+00
-8.008624315261840820e-01 -2.106903791427612305e-01 0.000000000000000000e+00 0.000000000000000000e+00 1.000000000000000000e+00
-7.988302707672119141e-01 -2.098630070686340332e-01 0.000000000000000000e+00 0.000000000000000000e+00 1.000000000000000000e+00
-7.957355976104736328e-01 -2.058983445167541504e-01 0.000000000000000000e+00 0.000000000000000000e+00 1.000000000000000000e+00
-7.918310165405273438e-01 -1.982989907264709473e-01 0.000000000000000000e+00 0.000000000000000000e+00 1.000000000000000000e+00
-7.894103527069091797e-01 -1.908578276634216309e-01 0.000000000000000000e+00 0.000000000000000000e+00 1.000000000000000000e+00
-7.907325029373168945e-01 -1.875761151313781738e-01 0.000000000000000000e+00 0.000000000000000000e+00 1.000000000000000000e+00
-7.916499376296997070e-01 -1.895088553428649902e-01 0.000000000000000000e+00 0.000000000000000000e+00 1.000000000000000000e+00
-7.888786792755126953e-01 -1.938760876655578613e-01 0.000000000000000000e+00 0.000000000000000000e+00 1.000000000000000000e+00
-7.809467315673828125e-01 -1.984166502952575684e-01 0.000000000000000000e+00 0.000000000000000000e+00 1.000000000000000000e+00
-7.705519199371337891e-01 -2.001288533210754395e-01 0.000000000000000000e+00 0.000000000000000000e+00 1.000000000000000000e+00
-7.609114646911621094e-01 -1.970617771148681641e-01 0.000000000000000000e+00 0.000000000000000000e+00 1.000000000000000000e+00
-7.559740543365478516e-01 -1.903264522552490234e-01 0.000000000000000000e+00 0.000000000000000000e+00 1.000000000000000000e+00
-7.592953443527221680e-01 -1.850447058677673340e-01 0.000000000000000000e+00 0.000000000000000000e+00 1.000000000000000000e+00
-7.625828981399536133e-01 -1.830241084098815918e-01 0.000000000000000000e+00 0.000000000000000000e+00 1.000000000000000000e+00
-7.635993957519531250e-01 -1.849073171615600586e-01 0.000000000000000000e+00 0.000000000000000000e+00 1.000000000000000000e+00
-7.619146108627319336e-01 -1.902185082435607910e-01 0.000000000000000000e+00 0.000000000000000000e+00 1.000000000000000000e+00
-7.578846216201782227e-01 -1.958534121513366699e-01 0.000000000000000000e+00 0.000000000000000000e+00 1.000000000000000000e+00
-7.526541948318481445e-01 -1.983761191368103027e-01 0.000000000000000000e+00 0.000000000000000000e+00 1.000000000000000000e+00
-7.482850551605224609e-01 -1.957615613937377930e-01 0.000000000000000000e+00 0.000000000000000000e+00 1.000000000000000000e+00
-7.468090057373046875e-01 -1.878809928894042969e-01 0.000000000000000000e+00 0.000000000000000000e+00 1.000000000000000000e+00
0.000000000000000000e+00 0.000000000000000000e+00 0.000000000000000000e+00 0.000000000000000000e+00 0.000000000000000000e+00
0.000000000000000000e+00 0.000000000000000000e+00 0.000000000000000000e+00 0.000000000000000000e+00 0.000000000000000000e+00
0.000000000000000000e+00 0.000000000000000000e+00 0.000000000000000000e+00 0.000000000000000000e+00 0.000000000000000000e+00
0.000000000000000000e+00 0.000000000000000000e+00 0.000000000000000000e+00 0.000000000000000000e+00 0.000000000000000000e+00
0.000000000000000000e+00 0.000000000000000000e+00 0.000000000000000000e+00 0.000000000000000000e+00 0.000000000000000000e+00
0.000000000000000000e+00 0.000000000000000000e+00 0.000000000000000000e+00 0.000000000000000000e+00 0.000000000000000000e+00
0.000000000000000000e+00 0.000000000000000000e+00 0.000000000000000000e+00 0.000000000000000000e+00 0.000000000000000000e+00
0.000000000000000000e+00 0.000000000000000000e+00 0.000000000000000000e+00 0.000000000000000000e+00 0.000000000000000000e+00
0.000000000000000000e+00 0.000000000000000000e+00 0.000000000000000000e+00 0.000000000000000000e+00 0.000000000000000000e+00
0.000000000000000000e+00 0.000000000000000000e+00 0.000000000000000000e+00 0.000000000000000000e+00 0.000000000000000000e+00
0.000000000000000000e+00 0.000000000000000000e+00 0.000000000000000000e+00 0.000000000000000000e+00 0.000000000000000000e+00
0.000000000000000000e+00 0.000000000000000000e+00 0.000000000000000000e+00 0.000000000000000000e+00 0.000000000000000000e+00
0.000000000000000000e+00 0.000000000000000000e+00 0.000000000000000000e+00 0.000000000000000000e+00 0.000000000000000000e+00
0.000000000000000000e+00 0.000000000000000000e+00 0.000000000000000000e+00 0.000000000000000000e+00 0.000000000000000000e+00
0.000000000000000000e+00 0.000000000000000000e+00 0.000000000000000000e+00 0.000000000000000000e+00 0.000000000000000000e+00
0.000000000000000000e+00 0.000000000000000000e+00 0.000000000000000000e+00 0.000000000000000000e+00 0.000000000000000000e+00
0.000000000000000000e+00 0.000000000000000000e+00 0.000000000000000000e+00 0.000000000000000000e+00 0.000000000000000000e+00
0.000000000000000000e+00 0.000000000000000000e+00 0.000000000000000000e+00 0.000000000000000000e+00 0.000000000000000000e+00
0.000000000000000000e+00 0.000000000000000000e+00 0.000000000000000000e+00 0.000000000000000000e+00 0.000000000000000000e+00
0.000000000000000000e+00 0.000000000000000000e+00 0.000000000000000000e+00 0.000000000000000000e+00 0.000000000000000000e+00
0.000000000000000000e+00 0.000000000000000000e+00 0.000000000000000000e+00 0.000000000000000000e+00 0.000000000000000000e+00
0.000000000000000000e+00 0.000000000000000000e+00 0.000000000000000000e+00 0.000000000000000000e+00 0.000000000000000000e+00
0.000000000000000000e+00 0.000000000000000000e+00 0.000000000000000000e+00 0.000000000000000000e+00 0.000000000000000000e+00
0.000000000000000000e+00 0.000000000000000000e+00 0.000000000000000000e+00 0.000000000000000000e+00 0.000000000000000000e+00
0.000000000000000000e+00 0.000000000000000000e+00 0.000000000000000000e+00 0.000000000000000000e+00 0.000000000000000000e+00
0.000000000000000000e+00 0.000000000000000000e+00 0.000000000000000000e+00 0.000000000000000000e+00 0.000000000000000000e+00
0.000000000000000000e+00 0.000000000000000000e+00 0.000000000000000000e+00 0.000000000000000000e+00 0.000000000000000000e+00
0.000000000000000000e+00 0.000000000000000000e+00 0.000000000000000000e+00 0.000000000000000000e+00 0.000000000000000000e+00
0.000000000000000000e+00 0.000000000000000000e+00 0.000000000000000000e+00 0.000000000000000000e+00 0.000000000000000000e+00
0.000000000000000000e+00 0.000000000000000000e+00 0.000000000000000000e+00 0.000000000000000000e+00 0.000000000000000000e+00
0.000000000000000000e+00 0.000000000000000000e+00 0.000000000000000000e+00 0.000000000000000000e+00 0.000000000000000000e+00
0.000000000000000000e+00 0.000000000000000000e+00 0.000000000000000000e+00 0.000000000000000000e+00 0.000000000000000000e+00
0.000000000000000000e+00 0.000000000000000000e+00 0.000000000000000000e+00 0.000000000000000000e+00 0.000000000000000000e+00
0.000000000000000000e+00 0.000000000000000000e+00 0.000000000000000000e+00 0.000000000000000000e+00 0.000000000000000000e+00
0.000000000000000000e+00 0.000000000000000000e+00 0.000000000000000000e+00 0.000000000000000000e+00 0.000000000000000000e+00
