0.000000000000000000e+00 0.000000000000000000e+00 1.000000000000000000e+00 0.000000000000000000e+00 0.000000000000000000e+00
1.538343727588653564e-03 7.547356486320495605e-01 1.000000000000000000e+00 0.000000000000000000e+00 0.000000000000000000e+00
-7.741050422191619873e-02 2.299635559320449829e-01 0.000000000000000000e+00 1.000000000000000000e+00 0.000000000000000000e+00
5.240213274955749512e-01 -1.021992206573486328e+00 1.000000000000000000e+00 0.000000000000000000e+00 0.000000000000000000e+00
4.093612432479858398e-01 7.957838475704193115e-03 1.000000000000000000e+00 0.000000000000000000e+00 0.000000000000000000e+00
1.457123607397079468e-01 1.317791193723678589e-01 1.000000000000000000e+00 0.000000000000000000e+00 0.000000000000000000e+00
-5.230534076690673828e-01 7.154681682586669922e-01 1.000000000000000000e+00 0.000000000000000000e+00 0.000000000000000000e+00
-2.758294045925140381e-01 1.737041473388671875e-01 1.000000000000000000e+00 0.000000000000000000e+00 0.000000000000000000e+00
4.058596789836883545e-01 -1.495254635810852051e-01 1.000000000000000000e+00 0.000000000000000000e+00 0.000000000000000000e+00
-1.433804035186767578e-01 9.988123774528503418e-01 1.000000000000000000e+00 0.000000000000000000e+00 0.000000000000000000e+00
3.836193084716796875e-01 -3.088723421096801758e-01 1.000000000000000000e+00 0.000000000000000000e+00 0.000000000000000000e+00
7.460646331310272217e-02 -1.444157809019088745e-01 0.000000000000000000e+00 1.000000000000000000e+00 0.000000000000000000e+00
-9.512721300125122070e-01 2.074322104454040527e-01 1.000000000000000000e+00 0.000000000000000000e+00 0.000000000000000000e+00
-1.852238178253173828e-02 8.988014459609985352e-01 1.000000000000000000e+00 0.000000000000000000e+00 0.000000000000000000e+00
7.456538826227188110e-02 1.386962532997131348e-01 1.000000000000000000e+00 0.000000000000000000e+00 0.000000000000000000e+00
1.213249713182449341e-01 1.770173758268356323e-02 1.000000000000000000e+00 0.000000000000000000e+00 0.000000000000000000e+00
4.056685566902160645e-01 -2.744568586349487305e-01 1.000000000000000000e+00 0.000000000000000000e+00 0.000000000000000000e+00
6.197228431701660156e-01 -7.630282640457153320e-01 0.000000000000000000e+00 1.000000000000000000e+00 0.000000000000000000e+00
1.380011320114135742e+00 -1.942835450172424316e+00 1.000000000000000000e+00 0.000000000000000000e+00 0.000000000000000000e+00
-7.885973453521728516e-01 1.075332164764404297e+00 1.000000000000000000e+00 0.000000000000000000e+00 0.000000000000000000e+00
-2.698427736759185791e-01 6.291717290878295898e-01 1.000000000000000000e+00 0.000000000000000000e+00 0.000000000000000000e+00
4.793232679367065430e-01 5.664421617984771729e-02 1.000000000000000000e+00 0.000000000000000000e+00 0.000000000000000000e+00
7.926923036575317383e-01 -2.372768521308898926e-01 1.000000000000000000e+00 0.000000000000000000e+00 0.000000000000000000e+00
3.010383546352386475e-01 -1.944946497678756714e-01 0.000000000000000000e+00 1.000000000000000000e+00 0.000000000000000000e+00
-5.649886131286621094e-01 -2.687227129936218262e-01 1.000000000000000000e+00 0.000000000000000000e+00 0.000000000000000000e+00
-7.142394185066223145e-01 1.380887985229492188e+00 1.000000000000000000e+00 0.000000000000000000e+00 0.000000000000000000e+00
-4.862611293792724609e-01 5.925085544586181641e-01 1.000000000000000000e+00 0.000000000000000000e+00 0.000000000000000000e+00
-2.862407565116882324e-01 1.585782766342163086e-01 0.000000000000000000e+00 1.000000000000000000e+00 0.000000000000000000e+00
1.187302827835083008e+00 -7.282388806343078613e-01 1.000000000000000000e+00 0.000000000000000000e+00 0.000000000000000000e+00
9.098651409149169922e-01 6.661211252212524414e-01 1.000000000000000000e+00 0.000000000000000000e+00 0.000000000000000000e+00
5.160582065582275391e-01 1.793223768472671509e-01 0.000000000000000000e+00 1.000000000000000000e+00 0.000000000000000000e+00
-2.106980085372924805e+00 -2.988226413726806641e+00 0.000000000000000000e+00 0.000000000000000000e+00 1.000000000000000000e+00
2.792460620403289795e-01 5.902583599090576172e-01 0.000000000000000000e+00 0.000000000000000000e+00 1.000000000000000000e+00
-1.560853838920593262e+00 9.128707647323608398e-02 0.000000000000000000e+00 0.000000000000000000e+00 1.000000000000000000e+00
-9.551775455474853516e-01 -1.621640920639038086e-01 0.000000000000000000e+00 0.000000000000000000e+00 1.000000000000000000e+00
-1.064431786537170410e+00 -1.339936852455139160e-01 0.000000000000000000e+00 0.000000000000000000e+00 1.000000000000000000e+00
-1.003908634185791016e+00 -8.239543437957763672e-02 0.000000000000000000e+00 0.000000000000000000e+00 1.000000000000000000e+00
-9.741147756576538086e-01 -1.354203820228576660e-01 0.000000000000000000e+00 0.000000000000000000e+00 1.000000000000000000e+00
-9.368412494659423828e-01 -1.694592833518981934e-01 0.000000000000000000e+00 0.000000000000000000e+00 1.000000000000000000e+00
-9.160158634185791016e-01 -1.808437108993530273e-01 0.000000000000000000e+00 0.000000000000000000e+00 1.000000000000000000e+00
-8.977633714675903320e-01 -1.902791857719421387e-01 0.000000000000000000e+00 0.000000000000000000e+00 1.000000000000000000e+00
-8.761001825332641602e-01 -2.023422122001647949e-01 0.000000000000000000e+00 0.000000000000000000e+00 1.000000000000000000e+00
-8.645095825195312500e-01 -2.030986547470092773e-01 0.000000000000000000e+00 0.000000000000000000e+00 1.000000000000000000e+00
-8.531080484390258789e-01 -1.989399194717407227e-01 0.000000000000000000e+00 0.000000000000000000e+00 1.000000000000000000e+00
-8.389302492141723633e-01 -1.946545839309692383e-01 0.000000000000000000e+00 0.000000000000000000e+00 1.000000000000000000e+00
-8.254716396331787109e-01 -1.948743462562561035e-01 0.000000000000000000e+00 0.000000000000000000e+00 1.000000000000000000e+00
-8.150697946548461914e-01 -1.989372372627258301e-01 0.000000000000000000e+00 0.000000000000000000e+00 1.000000000000000000e+00
-8.070627450942993164e-01 -2.065161466598510742e-01 0.000000000000000000e+00 0.000000000000000000e+00 1.000000000000000000e+00
-7.984805107116699219e-01 -2.130212187767028809e-01 0.000000000000000000e+00 0.000000000000000000e+00 1.000000000000000000e+00
-7.926436662673950195e-01 -2.126784324645996094e-01 0.000000000000000000e+00 0.000000000000000000e+00 1.000000000000000000e+00
-7.855409383773803711e-01 -2.094987034797668457e-01 0.000000000000000000e+00 0.000000000000000000e+00 1.000000000000000000e+00
-7.755855321884155273e-01 -2.105546593666076660e-01 0.000000000000000000e+00 0.000000000000000000e+00 1.000000000000000000e+00
-7.648826837539672852e-01 -2.154554128646850586e-01 0.000000000000000000e+00 0.000000000000000000e+00 1.000000000000000000e+00
-7.557272911071777344e-01 -2.209941148757934570e-01 0.000000000000000000e+00 0.000000000000000000e+00 1.000000000000000000e+00
-7.491888999938964844e-01 -2.249724268913269043e-01 0.000000000000000000e+00 0.000000000000000000e+00 1.000000000000000000e+00
-7.442296743392944336e-01 -2.239239811897277832e-01 0.000000000000000000e+00 0.000000000000000000e+00 1.000000000000000000e+00
-7.375007867813110352e-01 -2.227911353111267090e-01 0.000000000000000000e+00 0.000000000000000000e+00 1.000000000000000000e+00
-7.289026975631713867e-01 -2.243317365646362305e-01 0.000000000000000000e+00 0.000000000000000000e+00 1.000000000000000000e+00
-7.216740846633911133e-01 -2.277337908744812012e-01 0.000000000000000000e+00 0.000000000000000000e+00 1.000000000000000000e+00
-7.153910398483276367e-01 -2.336188554763793945e-01 0.000000000000000000e+00 0.000000000000000000e+00 1.000000000000000000e+00
-7.108800411224365234e-01 -2.358475327491760254e-01 0.000000000000000000e+00 0.000000000000000000e+00 1.000000000000000000e+00
-7.075796127319335938e-01 -2.312265038490295410e-01 0.000000000000000000e+00 0.000000000000000000e+00 1.000000000000000000e+00
-7.035346031188964844e-01 -2.248898744583129883e-01 0.000000000000000000e+00 0.000000000000000000e+00 1.000000000000000000e+00
-6.988543272018432617e-01 -2.205284833908081055e-01 0.000000000000000000e+00 0.000000000000000000e+00 1.000000000000000000e+00
-6.932623982429504395e-01 -2.208234667778015137e-01 0.000000000000000000e+00 0.000000000000000000e+00 1.000000000000000000e+00
-6.882258653640747070e-01 -2.263720035552978516e-01 0.000000000000000000e+00 0.000000000000000000e+00 1.000000000000000000e+00
-6.839686632156372070e-01 -2.329217195510864258e-01 0.000000000000000000e+00 0.000000000000000000e+00 1.000000000000000000e+00
-6.821774244308471680e-01 -2.337920665740966797e-01 0.000000000000000000e+00 0.000000000000000000e+00 1.000000000000000000e+00
-6.818966865539550781e-01 -2.292473912239074707e-01 0.000000000000000000e+00 0.000000000000000000e+00 1.000000000000000000e+00
-6.806807518005371094e-01 -2.235058546066284180e-01 0.000000000000000000e+00 0.000000000000000000e+00 1.000000000000000000e+00
0.000000000000000000e+00 0.000000000000000000e+00 0.000000000000000000e+00 0.000000000000000000e+00 0.000000000000000000e+00
0.000000000000000000e+00 0.000000000000000000e+00 0.000000000000000000e+00 0.000000000000000000e+00 0.000000000000000000e+00
0.000000000000000000e+00 0.000000000000000000e+00 0.000000000000000000e+00 0.000000000000000000e+00 0.000000000000000000e+00
0.000000000000000000e+00 0.000000000000000000e+00 0.000000000000000000e+00 0.000000000000000000e+00 0.000000000000000000e+00
0.000000000000000000e+00 0.000000000000000000e+00 0.000000000000000000e+00 0.000000000000000000e+00 0.000000000000000000e+00
0.000000000000000000e+00 0.000000000000000000e+00 0.000000000000000000e+00 0.000000000000000000e+00 0.000000000000000000e+00
0.000000000000000000e+00 0.000000000000000000e+00 0.000000000000000000e+00 0.000000000000000000e+00 0.000000000000000000e+00
0.000000000000000000e+00 0.000000000000000000e+00 0.000000000000000000e+00 0.000000000000000000e+00 0.000000000000000000e+00
0.000000000000000000e+00 0.000000000000000000e+00 0.000000000000000000e+00 0.000000000000000000e+00 0.000000000000000000e+00
0.000000000000000000e+00 0.000000000000000000e+00 0.000000000000000000e+00 0.000000000000000000e+00 0.000000000000000000e+00
0.000000000000000000e+00 0.000000000000000000e+00 0.000000000000000000e+00 0.000000000000000000e+00 0.000000000000000000e+00
0.000000000000000000e+00 0.000000000000000000e+00 0.000000000000000000e+00 0.000000000000000000e+00 0.000000000000000000e+00
0.000000000000000000e+00 0.000000000000000000e+00 0.000000000000000000e+00 0.000000000000000000e+00 0.000000000000000000e+00
0.000000000000000000e+00 0.000000000000000000e+00 0.000000000000000000e+00 0.000000000000000000e+00 0.000000000000000000e+00
0.000000000000000000e+00 0.000000000000000000e+00 0.000000000000000000e+00 0.000000000000000000e+00 0.000000000000000000e+00
0.000000000000000000e+00 0.000000000000000000e+00 0.000000000000000000e+00 0.000000000000000000e+00 0.000000000000000000e+00
0.000000000000000000e+00 0.000000000000000000e+00 0.000000000000000000e+00 0.000000000000000000e+00 0.000000000000000000e+00
0.000000000000000000e+00 0.000000000000000000e+00 0.000000000000000000e+00 0.000000000000000000e+00 0.000000000000000000e+00
0.000000000000000000e+00 0.000000000000000000e+00 0.000000000000000000e+00 0.000000000000000000e+00 0.000000000000000000e+00
0.000000000000000000e+00 0.000000000000000000e+00 0.000000000000000000e+00 0.000000000000000000e+00 0.000000000000000000e+00
0.000000000000000000e+00 0.000000000000000000e+00 0.000000000000000000e+00 0.000000000000000000e+00 0.000000000000000000e+00
0.000000000000000000e+00 0.000000000000000000e+00 0.000000000000000000e+00 0.000000000000000000e+00 0.000000000000000000e+00
0.000000000000000000e+00 0.000000000000000000e+00 0.000000000000000000e+00 0.000000000000000000e+00 0.000000000000000000e+00
0.000000000000000000e+00 0.000000000000000000e+00 0.000000000000000000e+00 0.000000000000000000e+00 0.000000000000000000e+00
0.000000000000000000e+00 0.000000000000000000e+00 0.000000000000000000e+00 0.000000000000000000e+00 0.000000000000000000e+00
0.000000000000000000e+00 0.000000000000000000e+00 0.000000000000000000e+00 0.000000000000000000e+00 0.000000000000000000e+00
0.000000000000000000e+00 0.000000000000000000e+00 0.000000000000000000e+00 0.000000000000000000e+00 0.000000000000000000e+00
0.000000000000000000e+00 0.000000000000000000e+00 0.000000000000000000e+00 0.000000000000000000e+00 0.000000000000000000e+00
0.000000000000000000e+00 0.000000000000000000e+00 0.000000000000000000e+00 0.000000000000000000e+00 0.000000000000000000e+00
0.000000000000000000e+00 0.000000000000000000e+00 0.000000000000000000e+00 0.000000000000000000e+00 0.000000000000000000e+00
0.000000000000000000e+00 0.000000000000000000e+00 0.000000000000000000e+00 0.000000000000000000e+00 0.000000000000000000e+00
0.000000000000000000e+00 0.000000000000000000e+00 0.000000000000000000e+00 0.000000000000000000e+00 0.000000000000000000e+00
0.000000000000000000e+00 0.000000000000000000e+00 0.000000000000000000e+00 0.000000000000000000e+00 0.000000000000000000e+00
0.000000000000000000e+00 0.000000000000000000e+00 0.000000000000000000e+00 0.000000000000000000e+00 0.000000000000000000e+00
0.000000000000000000e+00 0.000000000000000000e+00 0.000000000000000000e+00 0.000000000000000000e+00 0.000000000000000000e+00
0.000000000000000000e+00 0.000000000000000000e+00 0.000000000000000000e+00 0.000000000000000000e+00 0.000000000000000000e+00
0.000000000000000000e+00 0.000000000000000000e+00 0.000000000000000000e+00 0.000000000000000000e+00 0.000000000000000000e+00
0.000000000000000000e+00 0.000000000000000000e+00 0.000000000000000000e+00 0.000000000000000000e+00 0.000000000000000000e+00
0.000000000000000000e+00 0.000000000000000000e+00 0.000000000000000000e+00 0.000000000000000000e+00 0.000000000000000000e+00
0.000000000000000000e+00 0.000000000000000000e+00 0.000000000000000000e+00 0.000000000000000000e+00 0.000000000000000000e+00
0.000000000000000000e+00 0.000000000000000000e+00 0.000000000000000000e+00 0.000000000000000000e+00 0.000000000000000000e+00
0.000000000000000000e+00 0.000000000000000000e+00 0.000000000000000000e+00 0.000000000000000000e+00 0.000000000000000000e+00
0.000000000000000000e+00 0.000000000000000000e+00 0.000000000000000000e+00 0.000000000000000000e+00 0.000000000000000000e+00
0.000000000000000000e+00 0.000000000000000000e+00 0.000000000000000000e+00 0.000000000000000000e+00 0.000000000000000000e+00
0.000000000000000000e+00 0.000000000000000000e+00 0.000000000000000000e+00 0.000000000000000000e+00 0.000000000000000000e+00
0.000000000000000000e+00 0.000000000000000000e+00 0.000000000000000000e+00 0.000000000000000000e+00 0.000000000000000000e+00
0.000000000000000000e+00 0.000000000000000000e+00 0.000000000000000000e+00 0.000000000000000000e+00 0.000000000000000000e+00
0.000000000000000000e+00 0.000000000000000000e+00 0.000000000000000000e+00 0.000000000000000000e+00 0.000000000000000000e+00
0.000000000000000000e+00 0.000000000000000000e+00 0.000000000000000000e+00 0.000000000000000000e+00 0.000000000000000000e+00
0.000000000000000000e+00 0.000000000000000000e+00 0.000000000000000000e+00 0.000000000000000000e+00 0.000000000000000000e+00
0.000000000000000000e+00 0.000000000000000000e+00 0.000000000000000000e+00 0.000000000000000000e+00 0.000000000000000000e+00
