0.000000000000000000e+00 0.000000000000000000e+00 1.000000000000000000e+00 0.000000000000000000e+00 0.000000000000000000e+00
-2.290477603673934937e-02 6.416987776756286621e-01 1.000000000000000000e+00 0.000000000000000000e+00 0.000000000000000000e+00
-6.680475175380706787e-02 1.807792782783508301e-01 0.000000000000000000e+00 1.000000000000000000e+00 0.000000000000000000e+00
4.369655251502990723e-01 -8.191096782684326172e-01 1.000000000000000000e+00 0.000000000000000000e+00 0.000000000000000000e+00
2.316000461578369141e-01 5.429759621620178223e-03 1.000000000000000000e+00 0.000000000000000000e+00 0.000000000000000000e+00
1.124272122979164124e-01 1.164623647928237915e-01 1.000000000000000000e+00 0.000000000000000000e+00 0.000000000000000000e+00
-2.045457661151885986e-01 3.816488981246948242e-01 1.000000000000000000e+00 0.000000000000000000e+00 0.000000000000000000e+00
-2.511546909809112549e-01 2.055960297584533691e-01 1.000000000000000000e+00 0.000000000000000000e+00 0.000000000000000000e+00
2.122977077960968018e-01 -8.659657835960388184e-02 1.000000000000000000e+00 0.000000000000000000e+00 0.000000000000000000e+00
-1.148636564612388611e-01 8.400416374206542969e-01 1.000000000000000000e+00 0.000000000000000000e+00 0.000000000000000000e+00
3.197975754737854004e-01 -2.909350395202636719e-01 1.000000000000000000e+00 0.000000000000000000e+00 0.000000000000000000e+00
5.950823426246643066e-02 -1.271380633115768433e-01 0.000000000000000000e+00 1.000000000000000000e+00 0.000000000000000000e+00
-7.624306678771972656e-01 1.842254400253295898e-01 1.000000000000000000e+00 0.000000000000000000e+00 0.000000000000000000e+00
-1.385634392499923706e-02 7.807633876800537109e-01 1.000000000000000000e+00 0.000000000000000000e+00 0.000000000000000000e+00
5.807361751794815063e-02 1.151072680950164795e-01 1.000000000000000000e+00 0.000000000000000000e+00 0.000000000000000000e+00
9.555616229772567749e-02 1.188633590936660767e-02 1.000000000000000000e+00 0.000000000000000000e+00 0.000000000000000000e+00
3.307703733444213867e-01 -2.515450716018676758e-01 1.000000000000000000e+00 0.000000000000000000e+00 0.000000000000000000e+00
4.643091857433319092e-01 -6.271054148674011230e-01 0.000000000000000000e+00 1.000000000000000000e+00 0.000000000000000000e+00
6.873769760131835938e-01 -1.739001512527465820e+00 1.000000000000000000e+00 0.000000000000000000e+00 0.000000000000000000e+00
-4.969533532857894897e-02 6.178529262542724609e-01 1.000000000000000000e+00 0.000000000000000000e+00 0.000000000000000000e+00
-6.557086855173110962e-02 1.731987595558166504e-01 0.000000000000000000e+00 1.000000000000000000e+00 0.000000000000000000e+00
3.917105197906494141e-01 -9.837996959686279297e-01 1.000000000000000000e+00 0.000000000000000000e+00 0.000000000000000000e+00
7.051796317100524902e-01 -9.942975640296936035e-02 1.000000000000000000e+00 0.000000000000000000e+00 0.000000000000000000e+00
2.123624384403228760e-01 6.277928501367568970e-02 1.000000000000000000e+00 0.000000000000000000e+00 0.000000000000000000e+00
-2.211317718029022217e-01 7.643854022026062012e-01 1.000000000000000000e+00 0.000000000000000000e+00 0.000000000000000000e+00
-1.203489676117897034e-01 1.908106058835983276e-01 0.000000000000000000e+00 1.000000000000000000e+00 0.000000000000000000e+00
-5.286259651184082031e-01 -3.982921838760375977e-01 1.000000000000000000e+00 0.000000000000000000e+00 0.000000000000000000e+00
3.500583171844482422e-01 -3.071914613246917725e-02 1.000000000000000000e+00 0.000000000000000000e+00 0.000000000000000000e+00
-4.426503926515579224e-02 4.972776770591735840e-02 0.000000000000000000e+00 1.000000000000000000e+00 0.000000000000000000e+00
-3.373795151710510254e-01 3.036184310913085938e-01 1.000000000000000000e+00 0.000000000000000000e+00 0.000000000000000000e+00
4.229748249053955078e-01 -6.198410689830780029e-02 1.000000000000000000e+00 0.000000000000000000e+00 0.000000000000000000e+00
-2.061525732278823853e-02 5.256040021777153015e-02 0.000000000000000000e+00 1.000000000000000000e+00 0.000000000000000000e+00
-1.009410977363586426e+00 6.234019994735717773e-01 1.000000000000000000e+00 0.000000000000000000e+00 0.000000000000000000e+00
6.071031689643859863e-01 -8.353560417890548706e-02 1.000000000000000000e+00 0.000000000000000000e+00 0.000000000000000000e+00
1.790085434913635254e-01 8.941274881362915039e-02 1.000000000000000000e+00 0.000000000000000000e+00 0.000000000000000000e+00
-1.258294284343719482e-01 1.144086956977844238e+00 1.000000000000000000e+00 0.000000000000000000e+00 0.000000000000000000e+00
-7.262486964464187622e-02 1.374684572219848633e-01 1.000000000000000000e+00 0.000000000000000000e+00 0.000000000000000000e+00
-1.090961396694183350e-01 4.149037972092628479e-02 0.000000000000000000e+00 1.000000000000000000e+00 0.000000000000000000e+00
-3.637127280235290527e-01 -8.431510925292968750e-01 1.000000000000000000e+00 0.000000000000000000e+00 0.000000000000000000e+00
1.108659729361534119e-01 3.286376595497131348e-02 1.000000000000000000e+00 0.000000000000000000e+00 0.000000000000000000e+00
7.289066910743713379e-03 8.547221869230270386e-02 0.000000000000000000e+00 1.000000000000000000e+00 0.000000000000000000e+00
-1.145173609256744385e-01 2.374412268400192261e-01 1.000000000000000000e+00 0.000000000000000000e+00 0.000000000000000000e+00
4.798292815685272217e-01 -3.375777006149291992e-01 1.000000000000000000e+00 0.000000000000000000e+00 0.000000000000000000e+00
1.495081633329391479e-01 -2.013700753450393677e-01 0.000000000000000000e+00 1.000000000000000000e+00 0.000000000000000000e+00
4.294874370098114014e-01 -3.512752652168273926e-01 1.000000000000000000e+00 0.000000000000000000e+00 0.000000000000000000e+00
6.197753548622131348e-01 -1.702652871608734131e-02 1.000000000000000000e+00 0.000000000000000000e+00 0.000000000000000000e+00
1.623209714889526367e-01 1.267167478799819946e-01 1.000000000000000000e+00 0.000000000000000000e+00 0.000000000000000000e+00
-1.175600290298461914e-01 1.184380888938903809e+00 1.000000000000000000e+00 0.000000000000000000e+00 0.000000000000000000e+00
-7.517335563898086548e-02 1.763389259576797485e-01 1.000000000000000000e+00 0.000000000000000000e+00 0.000000000000000000e+00
-1.114604398608207703e-01 7.355309277772903442e-02 0.000000000000000000e+00 1.000000000000000000e+00 0.000000000000000000e+00
-2.899644374847412109e-01 -9.745974540710449219e-01 1.000000000000000000e+00 0.000000000000000000e+00 0.000000000000000000e+00
1.227550655603408813e-01 4.657389223575592041e-02 1.000000000000000000e+00 0.000000000000000000e+00 0.000000000000000000e+00
6.518080830574035645e-03 9.241645038127899170e-02 0.000000000000000000e+00 1.000000000000000000e+00 0.000000000000000000e+00
-1.884729862213134766e-01 3.047163784503936768e-01 1.000000000000000000e+00 0.000000000000000000e+00 0.000000000000000000e+00
4.715534448623657227e-01 -1.792555898427963257e-01 0.000000000000000000e+00 1.000000000000000000e+00 0.000000000000000000e+00
-1.487989425659179688e+00 -1.312380313873291016e+00 0.000000000000000000e+00 0.000000000000000000e+00 1.000000000000000000e+00
-5.022321939468383789e-01 1.051372051239013672e+00 0.000000000000000000e+00 0.000000000000000000e+00 1.000000000000000000e+00
-1.491416692733764648e+00 -5.189684033393859863e-01 0.000000000000000000e+00 0.000000000000000000e+00 1.000000000000000000e+00
-8.894482851028442383e-01 -9.242707490921020508e-02 0.000000000000000000e+00 0.000000000000000000e+00 1.000000000000000000e+00
-1.179047942161560059e+00 -3.820194602012634277e-01 0.000000000000000000e+00 0.000000000000000000e+00 1.000000000000000000e+00
-1.004688620567321777e+00 -2.304466366767883301e-01 0.000000000000000000e+00 0.000000000000000000e+00 1.000000000000000000e+00
-1.076165556907653809e+00 -3.447520136833190918e-01 0.000000000000000000e+00 0.000000000000000000e+00 1.000000000000000000e+00
-1.012676119804382324e+00 -2.945586442947387695e-01 0.000000000000000000e+00 0.000000000000000000e+00 1.000000000000000000e+00
-1.025091528892517090e+00 -3.270320296287536621e-01 0.000000000000000000e+00 0.000000000000000000e+00 1.000000000000000000e+00
-1.001546025276184082e+00 -3.132587075233459473e-01 0.000000000000000000e+00 0.000000000000000000e+00 1.000000000000000000e+00
0.000000000000000000e+00 0.000000000000000000e+00 0.000000000000000000e+00 0.000000000000000000e+00 0.000000000000000000e+00
0.000000000000000000e+00 0.000000000000000000e+00 0.000000000000000000e+00 0.000000000000000000e+00 0.000000000000000000e+00
0.000000000000000000e+00 0.000000000000000000e+00 0.000000000000000000e+00 0.000000000000000000e+00 0.000000000000000000e+00
0.000000000000000000e+00 0.000000000000000000e+00 0.000000000000000000e+00 0.000000000000000000e+00 0.000000000000000000e+00
0.000000000000000000e+00 0.000000000000000000e+00 0.000000000000000000e+00 0.000000000000000000e+00 0.000000000000000000e+00
0.000000000000000000e+00 0.000000000000000000e+00 0.000000000000000000e+00 0.000000000000000000e+00 0.000000000000000000e+00
0.000000000000000000e+00 0.000000000000000000e+00 0.000000000000000000e+00 0.000000000000000000e+00 0.000000000000000000e+00
0.000000000000000000e+00 0.000000000000000000e+00 0.000000000000000000e+00 0.000000000000000000e+00 0.000000000000000000e+00
0.000000000000000000e+00 0.000000000000000000e+00 0.000000000000000000e+00 0.000000000000000000e+00 0.000000000000000000e+00
0.000000000000000000e+00 0.000000000000000000e+00 0.000000000000000000e+00 0.000000000000000000e+00 0.000000000000000000e+00
0.000000000000000000e+00 0.000000000000000000e+00 0.000000000000000000e+00 0.000000000000000000e+00 0.000000000000000000e+00
0.000000000000000000e+00 0.000000000000000000e+00 0.000000000000000000e+00 0.000000000000000000e+00 0.000000000000000000e+00
0.000000000000000000e+00 0.000000000000000000e+00 0.000000000000000000e+00 0.000000000000000000e+00 0.000000000000000000e+00
0.000000000000000000e+00 0.000000000000000000e+00 0.000000000000000000e+00 0.000000000000000000e+00 0.000000000000000000e+00
0.000000000000000000e+00 0.000000000000000000e+00 0.000000000000000000e+00 0.000000000000000000e+00 0.000000000000000000e+00
0.000000000000000000e+00 0.000000000000000000e+00 0.000000000000000000e+00 0.000000000000000000e+00 0.000000000000000000e+00
0.000000000000000000e+00 0.000000000000000000e+00 0.000000000000000000e+00 0.000000000000000000e+00 0.000000000000000000e+00
0.000000000000000000e+00 0.000000000000000000e+00 0.000000000000000000e+00 0.000000000000000000e+00 0.000000000000000000e+00
0.000000000000000000e+00 0.000000000000000000e+00 0.000000000000000000e+00 0.000000000000000000e+00 0.000000000000000000e+00
0.000000000000000000e+00 0.000000000000000000e+00 0.000000000000000000e+00 0.000000000000000000e+00 0.000000000000000000e+00
0.000000000000000000e+00 0.000000000000000000e+00 0.000000000000000000e+00 0.000000000000000000e+00 0.000000000000000000e+00
0.000000000000000000e+00 0.000000000000000000e+00 0.000000000000000000e+00 0.000000000000000000e+00 0.000000000000000000e+00
0.000000000000000000e+00 0.000000000000000000e+00 0.000000000000000000e+00 0.000000000000000000e+00 0.000000000000000000e+00
0.000000000000000000e+00 0.000000000000000000e+00 0.000000000000000000e+00 0.000000000000000000e+00 0.000000000000000000e+00
0.000000000000000000e+00 0.000000000000000000e+00 0.000000000000000000e+00 0.000000000000000000e+00 0.000000000000000000e+00
0.000000000000000000e+00 0.000000000000000000e+00 0.000000000000000000e+00 0.000000000000000000e+00 0.000000000000000000e+00
0.000000000000000000e+00 0.000000000000000000e+00 0.000000000000000000e+00 0.000000000000000000e+00 0.000000000000000000e+00
0.000000000000000000e+00 0.000000000000000000e+00 0.000000000000000000e+00 0.000000000000000000e+00 0.000000000000000000e+00
0.000000000000000000e+00 0.000000000000000000e+00 0.000000000000000000e+00 0.000000000000000000e+00 0.000000000000000000e+00
0.000000000000000000e+00 0.000000000000000000e+00 0.000000000000000000e+00 0.000000000000000000e+00 0.000000000000000000e+00
0.000000000000000000e+00 0.000000000000000000e+00 0.000000000000000000e+00 0.000000000000000000e+00 0.000000000000000000e+00
0.000000000000000000e+00 0.000000000000000000e+00 0.000000000000000000e+00 0.000000000000000000e+00 0.000000000000000000e+00
0.000000000000000000e+00 0.000000000000000000e+00 0.000000000000000000e+00 0.000000000000000000e+00 0.000000000000000000e+00
0.000000000000000000e+00 0.000000000000000000e+00 0.000000000000000000e+00 0.000000000000000000e+00 0.000000000000000000e+00
0.000000000000000000e+00 0.000000000000000000e+00 0.000000000000000000e+00 0.000000000000000000e+00 0.000000000000000000e+00
0.000000000000000000e+00 0.000000000000000000e+00 0.000000000000000000e+00 0.000000000000000000e+00 0.000000000000000000e+00
0.000000000000000000e+00 0.000000000000000000e+00 0.000000000000000000e+00 0.000000000000000000e+00 0.000000000000000000e+00
0.000000000000000000e+00 0.000000000000000000e+00 0.000000000000000000e+00 0.000000000000000000e+00 0.000000000000000000e+00
0.000000000000000000e+00 0.000000000000000000e+00 0.000000000000000000e+00 0.000000000000000000e+00 0.000000000000000000e+00
0.000000000000000000e+00 0.000000000000000000e+00 0.000000000000000000e+00 0.000000000000000000e+00 0.000000000000000000e+00
0.000000000000000000e+00 0.000000000000000000e+00 0.000000000000000000e+00 0.000000000000000000e+00 0.000000000000000000e+00
0.000000000000000000e+00 0.000000000000000000e+00 0.000000000000000000e+00 0.000000000000000000e+00 0.000000000000000000e+00
0.000000000000000000e+00 0.000000000000000000e+00 0.000000000000000000e+00 0.000000000000000000e+00 0.000000000000000000e+00
0.000000000000000000e+00 0.000000000000000000e+00 0.000000000000000000e+00 0.000000000000000000e+00 0.000000000000000000e+00
0.000000000000000000e+00 0.000000000000000000e+00 0.000000000000000000e+00 0.000000000000000000e+00 0.000000000000000000e+00
0.000000000000000000e+00 0.000000000000000000e+00 0.000000000000000000e+00 0.000000000000000000e+00 0.000000000000000000e+00
0.000000000000000000e+00 0.000000000000000000e+00 0.000000000000000000e+00 0.000000000000000000e+00 0.000000000000000000e+00
0.000000000000000000e+00 0.000000000000000000e+00 0.000000000000000000e+00 0.000000000000000000e+00 0.000000000000000000e+00
0.000000000000000000e+00 0.000000000000000000e+00 0.000000000000000000e+00 0.000000000000000000e+00 0.000000000000000000e+00
0.000000000000000000e+00 0.000000000000000000e+00 0.000000000000000000e+00 0.000000000000000000e+00 0.000000000000000000e+00
0.000000000000000000e+00 0.000000000000000000e+00 0.000000000000000000e+00 0.000000000000000000e+00 0.000000000000000000e+00
0.000000000000000000e+00 0.000000000000000000e+00 0.000000000000000000e+00 0.000000000000000000e+00 0.000000000000000000e+00
0.000000000000000000e+00 0.000000000000000000e+00 0.000000000000000000e+00 0.000000000000000000e+00 0.000000000000000000e+00
0.000000000000000000e+00 0.000000000000000000e+00 0.000000000000000000e+00 0.000000000000000000e+00 0.000000000000000000e+00
0.000000000000000000e+00 0.000000000000000000e+00 0.000000000000000000e+00 0.000000000000000000e+00 0.000000000000000000e+00
0.000000000000000000e+00 0.000000000000000000e+00 0.000000000000000000e+00 0.000000000000000000e+00 0.000000000000000000e+00
