0.000000000000000000e+00 0.000000000000000000e+00 1.000000000000000000e+00 0.000000000000000000e+00 0.000000000000000000e+00
-9.362101554870605469e-03 5.868875980377197266e-01 1.000000000000000000e+00 0.000000000000000000e+00 0.000000000000000000e+00
-8.995754271745681763e-02 2.259104847908020020e-01 0.000000000000000000e+00 1.000000000000000000e+00 0.000000000000000000e+00
-4.650610685348510742e-01 -1.970324516296386719e-01 1.000000000000000000e+00 0.000000000000000000e+00 0.000000000000000000e+00
3.507742285728454590e-01 1.735492348670959473e-01 1.000000000000000000e+00 0.000000000000000000e+00 0.000000000000000000e+00
2.215310931205749512e-01 -1.549351960420608521e-02 0.000000000000000000e+00 1.000000000000000000e+00 0.000000000000000000e+00
7.141444683074951172e-01 -4.027137756347656250e-01 1.000000000000000000e+00 0.000000000000000000e+00 0.000000000000000000e+00
-1.117599129676818848e+00 9.123371243476867676e-01 1.000000000000000000e+00 0.000000000000000000e+00 0.000000000000000000e+00
7.880212068557739258e-01 -1.318655610084533691e-01 1.000000000000000000e+00 0.000000000000000000e+00 0.000000000000000000e+00
-7.865754365921020508e-01 8.643282651901245117e-01 1.000000000000000000e+00 0.000000000000000000e+00 0.000000000000000000e+00
5.193572640419006348e-01 -2.568221986293792725e-01 1.000000000000000000e+00 0.000000000000000000e+00 0.000000000000000000e+00
1.139104291796684265e-01 1.870287209749221802e-02 1.000000000000000000e+00 0.000000000000000000e+00 0.000000000000000000e+00
1.403327584266662598e-01 4.704374670982360840e-01 1.000000000000000000e+00 0.000000000000000000e+00 0.000000000000000000e+00
1.019963100552558899e-01 5.212350562214851379e-02 1.000000000000000000e+00 0.000000000000000000e+00 0.000000000000000000e+00
1.274785995483398438e-01 -5.085722357034683228e-02 1.000000000000000000e+00 0.000000000000000000e+00 0.000000000000000000e+00
1.621912270784378052e-01 -2.156061679124832153e-01 1.000000000000000000e+00 0.000000000000000000e+00 0.000000000000000000e+00
1.353328078985214233e-01 -3.650530576705932617e-01 0.000000000000000000e+00 1.000000000000000000e+00 0.000000000000000000e+00
5.254010558128356934e-01 -1.654764652252197266e+00 1.000000000000000000e+00 0.000000000000000000e+00 0.000000000000000000e+00
-1.415568292140960693e-01 6.752523779869079590e-01 1.000000000000000000e+00 0.000000000000000000e+00 0.000000000000000000e+00
-9.032401442527770996e-02 1.817054301500320435e-01 0.000000000000000000e+00 1.000000000000000000e+00 0.000000000000000000e+00
4.485471546649932861e-01 -9.674982428550720215e-01 1.000000000000000000e+00 0.000000000000000000e+00 0.000000000000000000e+00
8.020440936088562012e-01 -1.086188182234764099e-01 1.000000000000000000e+00 0.000000000000000000e+00 0.000000000000000000e+00
2.424429655075073242e-01 6.185618042945861816e-02 1.000000000000000000e+00 0.000000000000000000e+00 0.000000000000000000e+00
-7.609812170267105103e-02 2.684509158134460449e-01 1.000000000000000000e+00 0.000000000000000000e+00 0.000000000000000000e+00
-1.686438322067260742e-01 2.627292871475219727e-01 1.000000000000000000e+00 0.000000000000000000e+00 0.000000000000000000e+00
-2.648762464523315430e-01 2.735154330730438232e-01 0.000000000000000000e+00 1.000000000000000000e+00 0.000000000000000000e+00
-6.994324922561645508e-01 7.587615400552749634e-03 1.000000000000000000e+00 0.000000000000000000e+00 0.000000000000000000e+00
5.765895843505859375e-01 -1.244897842407226562e-01 1.000000000000000000e+00 0.000000000000000000e+00 0.000000000000000000e+00
2.833728790283203125e-01 -1.556996405124664307e-01 0.000000000000000000e+00 1.000000000000000000e+00 0.000000000000000000e+00
-3.103675246238708496e-01 -9.382298588752746582e-02 1.000000000000000000e+00 0.000000000000000000e+00 0.000000000000000000e+00
-5.416991114616394043e-01 8.501658439636230469e-01 1.000000000000000000e+00 0.000000000000000000e+00 0.000000000000000000e+00
4.214204847812652588e-03 1.268046200275421143e-01 1.000000000000000000e+00 0.000000000000000000e+00 0.000000000000000000e+00
3.799439072608947754e-01 6.172595918178558350e-02 1.000000000000000000e+00 0.000000000000000000e+00 0.000000000000000000e+00
5.099286437034606934e-01 -1.500328034162521362e-01 1.000000000000000000e+00 0.000000000000000000e+00 0.000000000000000000e+00
7.805015146732330322e-02 -8.169059455394744873e-02 0.000000000000000000e+00 1.000000000000000000e+00 0.000000000000000000e+00
-3.771613836288452148e-01 -2.069982290267944336e-01 1.000000000000000000e+00 0.000000000000000000e+00 0.000000000000000000e+00
-1.103254556655883789e-01 1.417071461677551270e+00 1.000000000000000000e+00 0.000000000000000000e+00 0.000000000000000000e+00
-7.603709399700164795e-02 2.463921755552291870e-01 1.000000000000000000e+00 0.000000000000000000e+00 0.000000000000000000e+00
-1.346802413463592529e-01 1.310807913541793823e-01 0.000000000000000000e+00 1.000000000000000000e+00 0.000000000000000000e+00
-5.359962582588195801e-01 -6.878855824470520020e-01 1.000000000000000000e+00 0.000000000000000000e+00 0.000000000000000000e+00
9.613578915596008301e-01 -1.068912893533706665e-01 1.000000000000000000e+00 0.000000000000000000e+00 0.000000000000000000e+00
5.394476652145385742e-01 -1.307568550109863281e-01 0.000000000000000000e+00 1.000000000000000000e+00 0.000000000000000000e+00
-1.559963941574096680e+00 -1.692552566528320312e+00 0.000000000000000000e+00 0.000000000000000000e+00 1.000000000000000000e+00
-5.747808218002319336e-01 1.172156333923339844e+00 0.000000000000000000e+00 0.000000000000000000e+00 1.000000000000000000e+00
-1.408789038658142090e+00 -3.013896346092224121e-01 0.000000000000000000e+00 0.000000000000000000e+00 1.000000000000000000e+00
-1.026757597923278809e+00 -1.374019980430603027e-01 0.000000000000000000e+00 0.000000000000000000e+00 1.000000000000000000e+00
-1.101960301399230957e+00 -2.441633343696594238e-01 0.000000000000000000e+00 0.000000000000000000e+00 1.000000000000000000e+00
-1.030321121215820312e+00 -2.104831337928771973e-01 0.000000000000000000e+00 0.000000000000000000e+00 1.000000000000000000e+00
-1.017131567001342773e+00 -2.843486666679382324e-01 0.000000000000000000e+00 0.000000000000000000e+00 1.000000000000000000e+00
-9.929814338684082031e-01 -2.723878026008605957e-01 0.000000000000000000e+00 0.000000000000000000e+00 1.000000000000000000e+00
-9.873776435852050781e-01 -2.508703470230102539e-01 0.000000000000000000e+00 0.000000000000000000e+00 1.000000000000000000e+00
-9.762922525405883789e-01 -2.455317378044128418e-01 0.000000000000000000e+00 0.000000000000000000e+00 1.000000000000000000e+00
-9.636397361755371094e-01 -2.604163289070129395e-01 0.000000000000000000e+00 0.000000000000000000e+00 1.000000000000000000e+00
-9.553750753402709961e-01 -2.685020565986633301e-01 0.000000000000000000e+00 0.000000000000000000e+00 1.000000000000000000e+00
-9.484447240829467773e-01 -2.682586312294006348e-01 0.000000000000000000e+00 0.000000000000000000e+00 1.000000000000000000e+00
-9.430731534957885742e-01 -2.629138231277465820e-01 0.000000000000000000e+00 0.000000000000000000e+00 1.000000000000000000e+00
-9.389991760253906250e-01 -2.548055648803710938e-01 0.000000000000000000e+00 0.000000000000000000e+00 1.000000000000000000e+00
-9.345964193344116211e-01 -2.457688450813293457e-01 0.000000000000000000e+00 0.000000000000000000e+00 1.000000000000000000e+00
-9.280130863189697266e-01 -2.416606545448303223e-01 0.000000000000000000e+00 0.000000000000000000e+00 1.000000000000000000e+00
-9.194564819335937500e-01 -2.443370223045349121e-01 0.000000000000000000e+00 0.000000000000000000e+00 1.000000000000000000e+00
-9.123713970184326172e-01 -2.445647716522216797e-01 0.000000000000000000e+00 0.000000000000000000e+00 1.000000000000000000e+00
-9.070998430252075195e-01 -2.414432764053344727e-01 0.000000000000000000e+00 0.000000000000000000e+00 1.000000000000000000e+00
-9.021420478820800781e-01 -2.358340620994567871e-01 0.000000000000000000e+00 0.000000000000000000e+00 1.000000000000000000e+00
-8.966629505157470703e-01 -2.304056286811828613e-01 0.000000000000000000e+00 0.000000000000000000e+00 1.000000000000000000e+00
-8.915722370147705078e-01 -2.285628318786621094e-01 0.000000000000000000e+00 0.000000000000000000e+00 1.000000000000000000e+00
-8.873798847198486328e-01 -2.289139628410339355e-01 0.000000000000000000e+00 0.000000000000000000e+00 1.000000000000000000e+00
-8.825627565383911133e-01 -2.346535921096801758e-01 0.000000000000000000e+00 0.000000000000000000e+00 1.000000000000000000e+00
-8.771318197250366211e-01 -2.375810742378234863e-01 0.000000000000000000e+00 0.000000000000000000e+00 1.000000000000000000e+00
-8.722425699234008789e-01 -2.343258261680603027e-01 0.000000000000000000e+00 0.000000000000000000e+00 1.000000000000000000e+00
-8.679013252258300781e-01 -2.282530665397644043e-01 0.000000000000000000e+00 0.000000000000000000e+00 1.000000000000000000e+00
-8.635940551757812500e-01 -2.244531512260437012e-01 0.000000000000000000e+00 0.000000000000000000e+00 1.000000000000000000e+00
-8.599503040313720703e-01 -2.254113554954528809e-01 0.000000000000000000e+00 0.000000000000000000e+00 1.000000000000000000e+00
-8.567522764205932617e-01 -2.302482128143310547e-01 0.000000000000000000e+00 0.000000000000000000e+00 1.000000000000000000e+00
-8.527925014495849609e-01 -2.357171773910522461e-01 0.000000000000000000e+00 0.000000000000000000e+00 1.000000000000000000e+00
0.000000000000000000e+00 0.000000000000000000e+00 0.000000000000000000e+00 0.000000000000000000e+00 0.000000000000000000e+00
0.000000000000000000e+00 0.000000000000000000e+00 0.000000000000000000e+00 0.000000000000000000e+00 0.000000000000000000e+00
0.000000000000000000e+00 0.000000000000000000e+00 0.000000000000000000e+00 0.000000000000000000e+00 0.000000000000000000e+00
0.000000000000000000e+00 0.000000000000000000e+00 0.000000000000000000e+00 0.000000000000000000e+00 0.000000000000000000e+00
0.000000000000000000e+00 0.000000000000000000e+00 0.000000000000000000e+00 0.000000000000000000e+00 0.000000000000000000e+00
0.000000000000000000e+00 0.000000000000000000e+00 0.000000000000000000e+00 0.000000000000000000e+00 0.000000000000000000e+00
0.000000000000000000e+00 0.000000000000000000e+00 0.000000000000000000e+00 0.000000000000000000e+00 0.000000000000000000e+00
0.000000000000000000e+00 0.000000000000000000e+00 0.000000000000000000e+00 0.000000000000000000e+00 0.000000000000000000e+00
0.000000000000000000e+00 0.000000000000000000e+00 0.000000000000000000e+00 0.000000000000000000e+00 0.000000000000000000e+00
0.000000000000000000e+00 0.000000000000000000e+00 0.000000000000000000e+00 0.000000000000000000e+00 0.000000000000000000e+00
0.000000000000000000e+00 0.000000000000000000e+00 0.000000000000000000e+00 0.000000000000000000e+00 0.000000000000000000e+00
0.000000000000000000e+00 0.000000000000000000e+00 0.000000000000000000e+00 0.000000000000000000e+00 0.000000000000000000e+00
0.000000000000000000e+00 0.000000000000000000e+00 0.000000000000000000e+00 0.000000000000000000e+00 0.000000000000000000e+00
0.000000000000000000e+00 0.000000000000000000e+00 0.000000000000000000e+00 0.000000000000000000e+00 0.000000000000000000e+00
0.000000000000000000e+00 0.000000000000000000e+00 0.000000000000000000e+00 0.000000000000000000e+00 0.000000000000000000e+00
0.000000000000000000e+00 0.000000000000000000e+00 0.000000000000000000e+00 0.000000000000000000e+00 0.000000000000000000e+00
0.000000000000000000e+00 0.000000000000000000e+00 0.000000000000000000e+00 0.000000000000000000e+00 0.000000000000000000e+00
0.000000000000000000e+00 0.000000000000000000e+00 0.000000000000000000e+00 0.000000000000000000e+00 0.000000000000000000e+00
0.000000000000000000e+00 0.000000000000000000e+00 0.000000000000000000e+00 0.000000000000000000e+00 0.000000000000000000e+00
0.000000000000000000e+00 0.000000000000000000e+00 0.000000000000000000e+00 0.000000000000000000e+00 0.000000000000000000e+00
0.000000000000000000e+00 0.000000000000000000e+00 0.000000000000000000e+00 0.000000000000000000e+00 0.000000000000000000e+00
0.000000000000000000e+00 0.000000000000000000e+00 0.000000000000000000e+00 0.000000000000000000e+00 0.000000000000000000e+00
0.000000000000000000e+00 0.000000000000000000e+00 0.000000000000000000e+00 0.000000000000000000e+00 0.000000000000000000e+00
0.000000000000000000e+00 0.000000000000000000e+00 0.000000000000000000e+00 0.000000000000000000e+00 0.000000000000000000e+00
0.000000000000000000e+00 0.000000000000000000e+00 0.000000000000000000e+00 0.000000000000000000e+00 0.000000000000000000e+00
0.000000000000000000e+00 0.000000000000000000e+00 0.000000000000000000e+00 0.000000000000000000e+00 0.000000000000000000e+00
0.000000000000000000e+00 0.000000000000000000e+00 0.000000000000000000e+00 0.000000000000000000e+00 0.000000000000000000e+00
0.000000000000000000e+00 0.000000000000000000e+00 0.000000000000000000e+00 0.000000000000000000e+00 0.000000000000000000e+00
0.000000000000000000e+00 0.000000000000000000e+00 0.000000000000000000e+00 0.000000000000000000e+00 0.000000000000000000e+00
0.000000000000000000e+00 0.000000000000000000e+00 0.000000000000000000e+00 0.000000000000000000e+00 0.000000000000000000e+00
0.000000000000000000e+00 0.000000000000000000e+00 0.000000000000000000e+00 0.000000000000000000e+00 0.000000000000000000e+00
0.000000000000000000e+00 0.000000000000000000e+00 0.000000000000000000e+00 0.000000000000000000e+00 0.000000000000000000e+00
0.000000000000000000e+00 0.000000000000000000e+00 0.000000000000000000e+00 0.000000000000000000e+00 0.000000000000000000e+00
0.000000000000000000e+00 0.000000000000000000e+00 0.000000000000000000e+00 0.000000000000000000e+00 0.000000000000000000e+00
0.000000000000000000e+00 0.000000000000000000e+00 0.000000000000000000e+00 0.000000000000000000e+00 0.000000000000000000e+00
0.000000000000000000e+00 0.000000000000000000e+00 0.000000000000000000e+00 0.000000000000000000e+00 0.000000000000000000e+00
0.000000000000000000e+00 0.000000000000000000e+00 0.000000000000000000e+00 0.000000000000000000e+00 0.000000000000000000e+00
0.000000000000000000e+00 0.000000000000000000e+00 0.000000000000000000e+00 0.000000000000000000e+00 0.000000000000000000e+00
0.000000000000000000e+00 0.000000000000000000e+00 0.000000000000000000e+00 0.000000000000000000e+00 0.000000000000000000e+00
0.000000000000000000e+00 0.000000000000000000e+00 0.000000000000000000e+00 0.000000000000000000e+00 0.000000000000000000e+00
0.000000000000000000e+00 0.000000000000000000e+00 0.000000000000000000e+00 0.000000000000000000e+00 0.000000000000000000e+00
0.000000000000000000e+00 0.000000000000000000e+00 0.000000000000000000e+00 0.000000000000000000e+00 0.000000000000000000e+00
0.000000000000000000e+00 0.000000000000000000e+00 0.000000000000000000e+00 0.000000000000000000e+00 0.000000000000000000e+00
0.000000000000000000e+00 0.000000000000000000e+00 0.000000000000000000e+00 0.000000000000000000e+00 0.000000000000000000e+00
0.000000000000000000e+00 0.000000000000000000e+00 0.000000000000000000e+00 0.000000000000000000e+00 0.000000000000000000e+00
0.000000000000000000e+00 0.000000000000000000e+00 0.000000000000000000e+00 0.000000000000000000e+00 0.000000000000000000e+00
0.000000000000000000e+00 0.000000000000000000e+00 0.000000000000000000e+00 0.000000000000000000e+00 0.000000000000000000e+00
