0.000000000000000000e+00 0.000000000000000000e+00 1.000000000000000000e+00 0.000000000000000000e+00 0.000000000000000000e+00
1.721821576356887817e-01 7.744038850069046021e-02 1.000000000000000000e+00 0.000000000000000000e+00 0.000000000000000000e+00
2.397366613149642944e-02 1.466977447271347046e-01 0.000000000000000000e+00 1.000000000000000000e+00 0.000000000000000000e+00
-4.654275774955749512e-01 5.443750619888305664e-01 1.000000000000000000e+00 0.000000000000000000e+00 0.000000000000000000e+00
7.046095132827758789e-01 -3.050427138805389404e-02 1.000000000000000000e+00 0.000000000000000000e+00 0.000000000000000000e+00
2.246820181608200073e-01 1.092602610588073730e-01 1.000000000000000000e+00 0.000000000000000000e+00 0.000000000000000000e+00
-7.749164700508117676e-01 1.029524683952331543e+00 1.000000000000000000e+00 0.000000000000000000e+00 0.000000000000000000e+00
-6.614006757736206055e-01 5.254689455032348633e-01 1.000000000000000000e+00 0.000000000000000000e+00 0.000000000000000000e+00
-3.626719117164611816e-01 9.000244736671447754e-02 0.000000000000000000e+00 1.000000000000000000e+00 0.000000000000000000e+00
6.610542535781860352e-01 -8.702621459960937500e-01 1.000000000000000000e+00 0.000000000000000000e+00 0.000000000000000000e+00
9.148473739624023438e-01 5.887420177459716797e-01 1.000000000000000000e+00 0.000000000000000000e+00 0.000000000000000000e+00
4.472053647041320801e-01 1.614965498447418213e-01 0.000000000000000000e+00 1.000000000000000000e+00 0.000000000000000000e+00
-2.316972017288208008e+00 -2.119271516799926758e+00 1.000000000000000000e+00 0.000000000000000000e+00 0.000000000000000000e+00
-9.027225524187088013e-02 4.683227837085723877e-02 1.000000000000000000e+00 0.000000000000000000e+00 0.000000000000000000e+00
1.159398332238197327e-01 4.089321792125701904e-01 0.000000000000000000e+00 1.000000000000000000e+00 0.000000000000000000e+00
-2.056816220283508301e-01 4.849579930305480957e-01 1.000000000000000000e+00 0.000000000000000000e+00 0.000000000000000000e+00
3.022778034210205078e-01 1.583644896745681763e-01 1.000000000000000000e+00 0.000000000000000000e+00 0.000000000000000000e+00
2.051476389169692993e-02 2.778098285198211670e-01 1.000000000000000000e+00 0.000000000000000000e+00 0.000000000000000000e+00
-3.044176101684570312e-01 4.945057630538940430e-01 1.000000000000000000e+00 0.000000000000000000e+00 0.000000000000000000e+00
-3.061393797397613525e-01 2.295877039432525635e-01 1.000000000000000000e+00 0.000000000000000000e+00 0.000000000000000000e+00
2.314778804779052734e+00 2.127286642789840698e-01 1.000000000000000000e+00 0.000000000000000000e+00 0.000000000000000000e+00
1.524042844772338867e+00 -3.983892500400543213e-02 1.000000000000000000e+00 0.000000000000000000e+00 0.000000000000000000e+00
7.704949378967285156e-01 -1.040023118257522583e-01 0.000000000000000000e+00 1.000000000000000000e+00 0.000000000000000000e+00
-2.839574098587036133e+00 -3.035646677017211914e+00 0.000000000000000000e+00 0.000000000000000000e+00 1.000000000000000000e+00
-5.727222561836242676e-02 7.350508123636245728e-02 1.000000000000000000e+00 0.000000000000000000e+00 0.000000000000000000e+00
4.143064320087432861e-01 5.310106277465820312e-01 0.000000000000000000e+00 1.000000000000000000e+00 0.000000000000000000e+00
-8.053897619247436523e-01 1.008719801902770996e-01 0.000000000000000000e+00 0.000000000000000000e+00 1.000000000000000000e+00
-9.688388109207153320e-01 -3.054485321044921875e-01 0.000000000000000000e+00 0.000000000000000000e+00 1.000000000000000000e+00
-7.860882282257080078e-01 -3.552108407020568848e-01 0.000000000000000000e+00 0.000000000000000000e+00 1.000000000000000000e+00
-8.414088487625122070e-01 -3.307413458824157715e-01 0.000000000000000000e+00 0.000000000000000000e+00 1.000000000000000000e+00
-8.185847997665405273e-01 -2.998851537704467773e-01 0.000000000000000000e+00 0.000000000000000000e+00 1.000000000000000000e+00
-8.127384185791015625e-01 -2.464089989662170410e-01 0.000000000000000000e+00 0.000000000000000000e+00 1.000000000000000000e+00
-7.972854375839233398e-01 -2.127349376678466797e-01 0.000000000000000000e+00 0.000000000000000000e+00 1.000000000000000000e+00
-7.821859121322631836e-01 -2.074465751647949219e-01 0.000000000000000000e+00 0.000000000000000000e+00 1.000000000000000000e+00
-7.805573940277099609e-01 -2.085042595863342285e-01 0.000000000000000000e+00 0.000000000000000000e+00 1.000000000000000000e+00
-7.769936323165893555e-01 -2.151750922203063965e-01 0.000000000000000000e+00 0.000000000000000000e+00 1.000000000000000000e+00
-7.691308259963989258e-01 -2.268882989883422852e-01 0.000000000000000000e+00 0.000000000000000000e+00 1.000000000000000000e+00
-7.620873451232910156e-01 -2.376118302345275879e-01 0.000000000000000000e+00 0.000000000000000000e+00 1.000000000000000000e+00
-7.537503242492675781e-01 -2.496730685234069824e-01 0.000000000000000000e+00 0.000000000000000000e+00 1.000000000000000000e+00
-7.367975711822509766e-01 -2.638615369796752930e-01 0.000000000000000000e+00 0.000000000000000000e+00 1.000000000000000000e+00
-7.247025966644287109e-01 -2.723658084869384766e-01 0.000000000000000000e+00 0.000000000000000000e+00 1.000000000000000000e+00
-7.201534509658813477e-01 -2.768601775169372559e-01 0.000000000000000000e+00 0.000000000000000000e+00 1.000000000000000000e+00
-7.161325216293334961e-01 -2.802922725677490234e-01 0.000000000000000000e+00 0.000000000000000000e+00 1.000000000000000000e+00
-7.094541788101196289e-01 -2.837527394294738770e-01 0.000000000000000000e+00 0.000000000000000000e+00 1.000000000000000000e+00
-7.006776928901672363e-01 -2.897893786430358887e-01 0.000000000000000000e+00 0.000000000000000000e+00 1.000000000000000000e+00
-6.907665729522705078e-01 -2.975426316261291504e-01 0.000000000000000000e+00 0.000000000000000000e+00 1.000000000000000000e+00
-6.812347173690795898e-01 -3.066380023956298828e-01 0.000000000000000000e+00 0.000000000000000000e+00 1.000000000000000000e+00
-6.750813722610473633e-01 -3.136368393898010254e-01 0.000000000000000000e+00 0.000000000000000000e+00 1.000000000000000000e+00
-6.715184450149536133e-01 -3.163605332374572754e-01 0.000000000000000000e+00 0.000000000000000000e+00 1.000000000000000000e+00
-6.678591966629028320e-01 -3.150969147682189941e-01 0.000000000000000000e+00 0.000000000000000000e+00 1.000000000000000000e+00
-6.631113886833190918e-01 -3.113901019096374512e-01 0.000000000000000000e+00 0.000000000000000000e+00 1.000000000000000000e+00
-6.590497493743896484e-01 -3.093739748001098633e-01 0.000000000000000000e+00 0.000000000000000000e+00 1.000000000000000000e+00
-6.510399580001831055e-01 -3.121587038040161133e-01 0.000000000000000000e+00 0.000000000000000000e+00 1.000000000000000000e+00
-6.444914340972900391e-01 -3.185206055641174316e-01 0.000000000000000000e+00 0.000000000000000000e+00 1.000000000000000000e+00
-6.433587074279785156e-01 -3.240430951118469238e-01 0.000000000000000000e+00 0.000000000000000000e+00 1.000000000000000000e+00
-6.434773206710815430e-01 -3.259840607643127441e-01 0.000000000000000000e+00 0.000000000000000000e+00 1.000000000000000000e+00
-6.385312080383300781e-01 -3.287464976310729980e-01 0.000000000000000000e+00 0.000000000000000000e+00 1.000000000000000000e+00
-6.307612657546997070e-01 -3.319974541664123535e-01 0.000000000000000000e+00 0.000000000000000000e+00 1.000000000000000000e+00
-6.277879476547241211e-01 -3.337839245796203613e-01 0.000000000000000000e+00 0.000000000000000000e+00 1.000000000000000000e+00
-6.235814094543457031e-01 -3.374360203742980957e-01 0.000000000000000000e+00 0.000000000000000000e+00 1.000000000000000000e+00
-6.164476275444030762e-01 -3.407885432243347168e-01 0.000000000000000000e+00 0.000000000000000000e+00 1.000000000000000000e+00
-6.143034696578979492e-01 -3.386431336402893066e-01 0.000000000000000000e+00 0.000000000000000000e+00 1.000000000000000000e+00
-6.144819259643554688e-01 -3.337178826332092285e-01 0.000000000000000000e+00 0.000000000000000000e+00 1.000000000000000000e+00
-6.102987527847290039e-01 -3.317170739173889160e-01 0.000000000000000000e+00 0.000000000000000000e+00 1.000000000000000000e+00
-6.054246425628662109e-01 -3.332569003105163574e-01 0.000000000000000000e+00 0.000000000000000000e+00 1.000000000000000000e+00
-6.042617559432983398e-01 -3.376225829124450684e-01 0.000000000000000000e+00 0.000000000000000000e+00 1.000000000000000000e+00
-6.032971143722534180e-01 -3.424486517906188965e-01 0.000000000000000000e+00 0.000000000000000000e+00 1.000000000000000000e+00
-6.023436784744262695e-01 -3.447729945182800293e-01 0.000000000000000000e+00 0.000000000000000000e+00 1.000000000000000000e+00
-6.056238412857055664e-01 -3.418576121330261230e-01 0.000000000000000000e+00 0.000000000000000000e+00 1.000000000000000000e+00
-6.071783304214477539e-01 -3.351615071296691895e-01 0.000000000000000000e+00 0.000000000000000000e+00 1.000000000000000000e+00
-6.027001142501831055e-01 -3.308892846107482910e-01 0.000000000000000000e+00 0.000000000000000000e+00 1.000000000000000000e+00
-5.987106561660766602e-01 -3.301401734352111816e-01 0.000000000000000000e+00 0.000000000000000000e+00 1.000000000000000000e+00
-5.971373915672302246e-01 -3.335587382316589355e-01 0.000000000000000000e+00 0.000000000000000000e+00 1.000000000000000000e+00
-5.946152806282043457e-01 -3.385267853736877441e-01 0.000000000000000000e+00 0.000000000000000000e+00 1.000000000000000000e+00
-5.909355878829956055e-01 -3.419280648231506348e-01 0.000000000000000000e+00 0.000000000000000000e+00 1.000000000000000000e+00
-5.898478031158447266e-01 -3.418027758598327637e-01 0.000000000000000000e+00 0.000000000000000000e+00 1.000000000000000000e+00
-5.860151052474975586e-01 -3.383939862251281738e-01 0.000000000000000000e+00 0.000000000000000000e+00 1.000000000000000000e+00
-5.806156396865844727e-01 -3.333738446235656738e-01 0.000000000000000000e+00 0.000000000000000000e+00 1.000000000000000000e+00
-5.797600746154785156e-01 -3.280778527259826660e-01 0.000000000000000000e+00 0.000000000000000000e+00 1.000000000000000000e+00
-5.786309242248535156e-01 -3.281703591346740723e-01 0.000000000000000000e+00 0.000000000000000000e+00 1.000000000000000000e+00
-5.791510343551635742e-01 -3.312714695930480957e-01 0.000000000000000000e+00 0.000000000000000000e+00 1.000000000000000000e+00
-5.825849771499633789e-01 -3.331217169761657715e-01 0.000000000000000000e+00 0.000000000000000000e+00 1.000000000000000000e+00
-5.853201150894165039e-01 -3.341742157936096191e-01 0.000000000000000000e+00 0.000000000000000000e+00 1.000000000000000000e+00
-5.816727876663208008e-01 -3.364084362983703613e-01 0.000000000000000000e+00 0.000000000000000000e+00 1.000000000000000000e+00
0.000000000000000000e+00 0.000000000000000000e+00 0.000000000000000000e+00 0.000000000000000000e+00 0.000000000000000000e+00
0.000000000000000000e+00 0.000000000000000000e+00 0.000000000000000000e+00 0.000000000000000000e+00 0.000000000000000000e+00
0.000000000000000000e+00 0.000000000000000000e+00 0.000000000000000000e+00 0.000000000000000000e+00 0.000000000000000000e+00
0.000000000000000000e+00 0.000000000000000000e+00 0.000000000000000000e+00 0.000000000000000000e+00 0.000000000000000000e+00
0.000000000000000000e+00 0.000000000000000000e+00 0.000000000000000000e+00 0.000000000000000000e+00 0.000000000000000000e+00
0.000000000000000000e+00 0.000000000000000000e+00 0.000000000000000000e+00 0.000000000000000000e+00 0.000000000000000000e+00
0.000000000000000000e+00 0.000000000000000000e+00 0.000000000000000000e+00 0.000000000000000000e+00 0.000000000000000000e+00
0.000000000000000000e+00 0.000000000000000000e+00 0.000000000000000000e+00 0.000000000000000000e+00 0.000000000000000000e+00
0.000000000000000000e+00 0.000000000000000000e+00 0.000000000000000000e+00 0.000000000000000000e+00 0.000000000000000000e+00
0.000000000000000000e+00 0.000000000000000000e+00 0.000000000000000000e+00 0.000000000000000000e+00 0.000000000000000000e+00
0.000000000000000000e+00 0.000000000000000000e+00 0.000000000000000000e+00 0.000000000000000000e+00 0.000000000000000000e+00
0.000000000000000000e+00 0.000000000000000000e+00 0.000000000000000000e+00 0.000000000000000000e+00 0.000000000000000000e+00
0.000000000000000000e+00 0.000000000000000000e+00 0.000000000000000000e+00 0.000000000000000000e+00 0.000000000000000000e+00
0.000000000000000000e+00 0.000000000000000000e+00 0.000000000000000000e+00 0.000000000000000000e+00 0.000000000000000000e+00
0.000000000000000000e+00 0.000000000000000000e+00 0.000000000000000000e+00 0.000000000000000000e+00 0.000000000000000000e+00
0.000000000000000000e+00 0.000000000000000000e+00 0.000000000000000000e+00 0.000000000000000000e+00 0.000000000000000000e+00
0.000000000000000000e+00 0.000000000000000000e+00 0.000000000000000000e+00 0.000000000000000000e+00 0.000000000000000000e+00
0.000000000000000000e+00 0.000000000000000000e+00 0.000000000000000000e+00 0.000000000000000000e+00 0.000000000000000000e+00
0.000000000000000000e+00 0.000000000000000000e+00 0.000000000000000000e+00 0.000000000000000000e+00 0.000000000000000000e+00
0.000000000000000000e+00 0.000000000000000000e+00 0.000000000000000000e+00 0.000000000000000000e+00 0.000000000000000000e+00
0.000000000000000000e+00 0.000000000000000000e+00 0.000000000000000000e+00 0.000000000000000000e+00 0.000000000000000000e+00
0.000000000000000000e+00 0.000000000000000000e+00 0.000000000000000000e+00 0.000000000000000000e+00 0.000000000000000000e+00
0.000000000000000000e+00 0.000000000000000000e+00 0.000000000000000000e+00 0.000000000000000000e+00 0.000000000000000000e+00
0.000000000000000000e+00 0.000000000000000000e+00 0.000000000000000000e+00 0.000000000000000000e+00 0.000000000000000000e+00
0.000000000000000000e+00 0.000000000000000000e+00 0.000000000000000000e+00 0.000000000000000000e+00 0.000000000000000000e+00
0.000000000000000000e+00 0.000000000000000000e+00 0.000000000000000000e+00 0.000000000000000000e+00 0.000000000000000000e+00
0.000000000000000000e+00 0.000000000000000000e+00 0.000000000000000000e+00 0.000000000000000000e+00 0.000000000000000000e+00
0.000000000000000000e+00 0.000000000000000000e+00 0.000000000000000000e+00 0.000000000000000000e+00 0.000000000000000000e+00
0.000000000000000000e+00 0.000000000000000000e+00 0.000000000000000000e+00 0.000000000000000000e+00 0.000000000000000000e+00
0.000000000000000000e+00 0.000000000000000000e+00 0.000000000000000000e+00 0.000000000000000000e+00 0.000000000000000000e+00
0.000000000000000000e+00 0.000000000000000000e+00 0.000000000000000000e+00 0.000000000000000000e+00 0.000000000000000000e+00
0.000000000000000000e+00 0.000000000000000000e+00 0.000000000000000000e+00 0.000000000000000000e+00 0.000000000000000000e+00
0.000000000000000000e+00 0.000000000000000000e+00 0.000000000000000000e+00 0.000000000000000000e+00 0.000000000000000000e+00
0.000000000000000000e+00 0.000000000000000000e+00 0.000000000000000000e+00 0.000000000000000000e+00 0.000000000000000000e+00
0.000000000000000000e+00 0.000000000000000000e+00 0.000000000000000000e+00 0.000000000000000000e+00 0.000000000000000000e+00
0.000000000000000000e+00 0.000000000000000000e+00 0.000000000000000000e+00 0.000000000000000000e+00 0.000000000000000000e+00
0.000000000000000000e+00 0.000000000000000000e+00 0.000000000000000000e+00 0.000000000000000000e+00 0.000000000000000000e+00
