0.000000000000000000e+00 0.000000000000000000e+00 1.000000000000000000e+00 0.000000000000000000e+00 0.000000000000000000e+00
9.704354405403137207e-01 -1.541363745927810669e-01 1.000000000000000000e+00 0.000000000000000000e+00 0.000000000000000000e+00
3.884091377258300781e-01 7.577293366193771362e-02 1.000000000000000000e+00 0.000000000000000000e+00 0.000000000000000000e+00
-8.341939449310302734e-01 9.452182650566101074e-01 1.000000000000000000e+00 0.000000000000000000e+00 0.000000000000000000e+00
-5.996028780937194824e-01 3.820884823799133301e-01 1.000000000000000000e+00 0.000000000000000000e+00 0.000000000000000000e+00
7.034631967544555664e-01 -2.508420348167419434e-01 1.000000000000000000e+00 0.000000000000000000e+00 0.000000000000000000e+00
1.559865474700927734e-01 -1.426374912261962891e-01 0.000000000000000000e+00 1.000000000000000000e+00 0.000000000000000000e+00
-7.098193168640136719e-01 -2.209857702255249023e-01 1.000000000000000000e+00 0.000000000000000000e+00 0.000000000000000000e+00
-6.983113288879394531e-01 1.311217069625854492e+00 1.000000000000000000e+00 0.000000000000000000e+00 0.000000000000000000e+00
-3.479034006595611572e-01 4.372541606426239014e-01 1.000000000000000000e+00 0.000000000000000000e+00 0.000000000000000000e+00
-3.373625874519348145e-01 2.310297191143035889e-01 0.000000000000000000e+00 1.000000000000000000e+00 0.000000000000000000e+00
1.000655412673950195e+00 -5.881173610687255859e-01 1.000000000000000000e+00 0.000000000000000000e+00 0.000000000000000000e+00
1.079667210578918457e+00 4.848579764366149902e-01 1.000000000000000000e+00 0.000000000000000000e+00 0.000000000000000000e+00
4.143620729446411133e-01 9.168563783168792725e-02 0.000000000000000000e+00 1.000000000000000000e+00 0.000000000000000000e+00
-2.597893953323364258e+00 -2.333691358566284180e+00 1.000000000000000000e+00 0.000000000000000000e+00 0.000000000000000000e+00
-1.027803272008895874e-01 4.768767952919006348e-02 1.000000000000000000e+00 0.000000000000000000e+00 0.000000000000000000e+00
1.048687696456909180e-01 4.203303158283233643e-01 0.000000000000000000e+00 1.000000000000000000e+00 0.000000000000000000e+00
-2.402214109897613525e-01 5.511765480041503906e-01 1.000000000000000000e+00 0.000000000000000000e+00 0.000000000000000000e+00
3.160880506038665771e-01 1.587752550840377808e-01 1.000000000000000000e+00 0.000000000000000000e+00 0.000000000000000000e+00
2.399627864360809326e-02 2.890992462635040283e-01 1.000000000000000000e+00 0.000000000000000000e+00 0.000000000000000000e+00
-3.141389787197113037e-01 5.417894124984741211e-01 1.000000000000000000e+00 0.000000000000000000e+00 0.000000000000000000e+00
-3.058246076107025146e-01 2.368688583374023438e-01 1.000000000000000000e+00 0.000000000000000000e+00 0.000000000000000000e+00
4.869660139083862305e-01 -8.940322697162628174e-02 1.000000000000000000e+00 0.000000000000000000e+00 0.000000000000000000e+00
1.984207510948181152e+00 3.704953491687774658e-01 1.000000000000000000e+00 0.000000000000000000e+00 0.000000000000000000e+00
1.217519760131835938e+00 7.718777656555175781e-02 1.000000000000000000e+00 0.000000000000000000e+00 0.000000000000000000e+00
7.975108623504638672e-01 -8.047014474868774414e-02 0.000000000000000000e+00 1.000000000000000000e+00 0.000000000000000000e+00
-2.745340585708618164e+00 -3.136848211288452148e+00 0.000000000000000000e+00 0.000000000000000000e+00 1.000000000000000000e+00
-6.923419237136840820e-02 4.706102609634399414e-02 0.000000000000000000e+00 0.000000000000000000e+00 1.000000000000000000e+00
-1.087483644485473633e+00 -3.603916764259338379e-01 0.000000000000000000e+00 0.000000000000000000e+00 1.000000000000000000e+00
-7.779886722564697266e-01 -2.948497533798217773e-01 0.000000000000000000e+00 0.000000000000000000e+00 1.000000000000000000e+00
-8.648370504379272461e-01 -2.031006813049316406e-01 0.000000000000000000e+00 0.000000000000000000e+00 1.000000000000000000e+00
-8.488208055496215820e-01 -1.600692868232727051e-01 0.000000000000000000e+00 0.000000000000000000e+00 1.000000000000000000e+00
-8.469384908676147461e-01 -1.696937680244445801e-01 0.000000000000000000e+00 0.000000000000000000e+00 1.000000000000000000e+00
-8.337526321411132812e-01 -1.860768198966979980e-01 0.000000000000000000e+00 0.000000000000000000e+00 1.000000000000000000e+00
-8.290610313415527344e-01 -1.991029381752014160e-01 0.000000000000000000e+00 0.000000000000000000e+00 1.000000000000000000e+00
-8.219789266586303711e-01 -2.081256508827209473e-01 0.000000000000000000e+00 0.000000000000000000e+00 1.000000000000000000e+00
-8.125947713851928711e-01 -2.183268070220947266e-01 0.000000000000000000e+00 0.000000000000000000e+00 1.000000000000000000e+00
-8.025462627410888672e-01 -2.257661819458007812e-01 0.000000000000000000e+00 0.000000000000000000e+00 1.000000000000000000e+00
-7.902764081954956055e-01 -2.370293736457824707e-01 0.000000000000000000e+00 0.000000000000000000e+00 1.000000000000000000e+00
-7.796057462692260742e-01 -2.439107298851013184e-01 0.000000000000000000e+00 0.000000000000000000e+00 1.000000000000000000e+00
-7.693670988082885742e-01 -2.490760684013366699e-01 0.000000000000000000e+00 0.000000000000000000e+00 1.000000000000000000e+00
-7.611658573150634766e-01 -2.507449388504028320e-01 0.000000000000000000e+00 0.000000000000000000e+00 1.000000000000000000e+00
-7.529718875885009766e-01 -2.535322904586791992e-01 0.000000000000000000e+00 0.000000000000000000e+00 1.000000000000000000e+00
-7.435470819473266602e-01 -2.586480975151062012e-01 0.000000000000000000e+00 0.000000000000000000e+00 1.000000000000000000e+00
-7.337850332260131836e-01 -2.643344998359680176e-01 0.000000000000000000e+00 0.000000000000000000e+00 1.000000000000000000e+00
-7.258173227310180664e-01 -2.718759179115295410e-01 0.000000000000000000e+00 0.000000000000000000e+00 1.000000000000000000e+00
-7.192494869232177734e-01 -2.809739112854003906e-01 0.000000000000000000e+00 0.000000000000000000e+00 1.000000000000000000e+00
-7.133774757385253906e-01 -2.889921665191650391e-01 0.000000000000000000e+00 0.000000000000000000e+00 1.000000000000000000e+00
-7.094399929046630859e-01 -2.922248840332031250e-01 0.000000000000000000e+00 0.000000000000000000e+00 1.000000000000000000e+00
-7.065323591232299805e-01 -2.910475730895996094e-01 0.000000000000000000e+00 0.000000000000000000e+00 1.000000000000000000e+00
-7.021021842956542969e-01 -2.878013253211975098e-01 0.000000000000000000e+00 0.000000000000000000e+00 1.000000000000000000e+00
-6.982589960098266602e-01 -2.853140830993652344e-01 0.000000000000000000e+00 0.000000000000000000e+00 1.000000000000000000e+00
-6.968297958374023438e-01 -2.860317826271057129e-01 0.000000000000000000e+00 0.000000000000000000e+00 1.000000000000000000e+00
-6.948028802871704102e-01 -2.911619544029235840e-01 0.000000000000000000e+00 0.000000000000000000e+00 1.000000000000000000e+00
-6.929222941398620605e-01 -2.984866499900817871e-01 0.000000000000000000e+00 0.000000000000000000e+00 1.000000000000000000e+00
-6.927206516265869141e-01 -3.065000176429748535e-01 0.000000000000000000e+00 0.000000000000000000e+00 1.000000000000000000e+00
-6.886793375015258789e-01 -3.117063045501708984e-01 0.000000000000000000e+00 0.000000000000000000e+00 1.000000000000000000e+00
-6.797319650650024414e-01 -3.149922490119934082e-01 0.000000000000000000e+00 0.000000000000000000e+00 1.000000000000000000e+00
-6.723363399505615234e-01 -3.161492943763732910e-01 0.000000000000000000e+00 0.000000000000000000e+00 1.000000000000000000e+00
-6.678581237792968750e-01 -3.171674609184265137e-01 0.000000000000000000e+00 0.000000000000000000e+00 1.000000000000000000e+00
-6.631538867950439453e-01 -3.181124329566955566e-01 0.000000000000000000e+00 0.000000000000000000e+00 1.000000000000000000e+00
-6.594887971878051758e-01 -3.165050148963928223e-01 0.000000000000000000e+00 0.000000000000000000e+00 1.000000000000000000e+00
-6.594195365905761719e-01 -3.117799162864685059e-01 0.000000000000000000e+00 0.000000000000000000e+00 1.000000000000000000e+00
-6.581773161888122559e-01 -3.071905374526977539e-01 0.000000000000000000e+00 0.000000000000000000e+00 1.000000000000000000e+00
-6.538717150688171387e-01 -3.068063259124755859e-01 0.000000000000000000e+00 0.000000000000000000e+00 1.000000000000000000e+00
0.000000000000000000e+00 0.000000000000000000e+00 0.000000000000000000e+00 0.000000000000000000e+00 0.000000000000000000e+00
0.000000000000000000e+00 0.000000000000000000e+00 0.000000000000000000e+00 0.000000000000000000e+00 0.000000000000000000e+00
0.000000000000000000e+00 0.000000000000000000e+00 0.000000000000000000e+00 0.000000000000000000e+00 0.000000000000000000e+00
0.000000000000000000e+00 0.000000000000000000e+00 0.000000000000000000e+00 0.000000000000000000e+00 0.000000000000000000e+00
0.000000000000000000e+00 0.000000000000000000e+00 0.000000000000000000e+00 0.000000000000000000e+00 0.000000000000000000e+00
0.000000000000000000e+00 0.000000000000000000e+00 0.000000000000000000e+00 0.000000000000000000e+00 0.000000000000000000e+00
0.000000000000000000e+00 0.000000000000000000e+00 0.000000000000000000e+00 0.000000000000000000e+00 0.000000000000000000e+00
0.000000000000000000e+00 0.000000000000000000e+00 0.000000000000000000e+00 0.000000000000000000e+00 0.000000000000000000e+00
0.000000000000000000e+00 0.000000000000000000e+00 0.000000000000000000e+00 0.000000000000000000e+00 0.000000000000000000e+00
0.000000000000000000e+00 0.000000000000000000e+00 0.000000000000000000e+00 0.000000000000000000e+00 0.000000000000000000e+00
0.000000000000000000e+00 0.000000000000000000e+00 0.000000000000000000e+00 0.000000000000000000e+00 0.000000000000000000e+00
0.000000000000000000e+00 0.000000000000000000e+00 0.000000000000000000e+00 0.000000000000000000e+00 0.000000000000000000e+00
0.000000000000000000e+00 0.000000000000000000e+00 0.000000000000000000e+00 0.000000000000000000e+00 0.000000000000000000e+00
0.000000000000000000e+00 0.000000000000000000e+00 0.000000000000000000e+00 0.000000000000000000e+00 0.000000000000000000e+00
0.000000000000000000e+00 0.000000000000000000e+00 0.000000000000000000e+00 0.000000000000000000e+00 0.000000000000000000e+00
0.000000000000000000e+00 0.000000000000000000e+00 0.000000000000000000e+00 0.000000000000000000e+00 0.000000000000000000e+00
0.000000000000000000e+00 0.000000000000000000e+00 0.000000000000000000e+00 0.000000000000000000e+00 0.000000000000000000e+00
0.000000000000000000e+00 0.000000000000000000e+00 0.000000000000000000e+00 0.000000000000000000e+00 0.000000000000000000e+00
0.000000000000000000e+00 0.000000000000000000e+00 0.000000000000000000e+00 0.000000000000000000e+00 0.000000000000000000e+00
0.000000000000000000e+00 0.000000000000000000e+00 0.000000000000000000e+00 0.000000000000000000e+00 0.000000000000000000e+00
0.000000000000000000e+00 0.000000000000000000e+00 0.000000000000000000e+00 0.000000000000000000e+00 0.000000000000000000e+00
0.000000000000000000e+00 0.000000000000000000e+00 0.000000000000000000e+00 0.000000000000000000e+00 0.000000000000000000e+00
0.000000000000000000e+00 0.000000000000000000e+00 0.000000000000000000e+00 0.000000000000000000e+00 0.000000000000000000e+00
0.000000000000000000e+00 0.000000000000000000e+00 0.000000000000000000e+00 0.000000000000000000e+00 0.000000000000000000e+00
0.000000000000000000e+00 0.000000000000000000e+00 0.000000000000000000e+00 0.000000000000000000e+00 0.000000000000000000e+00
0.000000000000000000e+00 0.000000000000000000e+00 0.000000000000000000e+00 0.000000000000000000e+00 0.000000000000000000e+00
0.000000000000000000e+00 0.000000000000000000e+00 0.000000000000000000e+00 0.000000000000000000e+00 0.000000000000000000e+00
0.000000000000000000e+00 0.000000000000000000e+00 0.000000000000000000e+00 0.000000000000000000e+00 0.000000000000000000e+00
0.000000000000000000e+00 0.000000000000000000e+00 0.000000000000000000e+00 0.000000000000000000e+00 0.000000000000000000e+00
0.000000000000000000e+00 0.000000000000000000e+00 0.000000000000000000e+00 0.000000000000000000e+00 0.000000000000000000e+00
0.000000000000000000e+00 0.000000000000000000e+00 0.000000000000000000e+00 0.000000000000000000e+00 0.000000000000000000e+00
0.000000000000000000e+00 0.000000000000000000e+00 0.000000000000000000e+00 0.000000000000000000e+00 0.000000000000000000e+00
0.000000000000000000e+00 0.000000000000000000e+00 0.000000000000000000e+00 0.000000000000000000e+00 0.000000000000000000e+00
0.000000000000000000e+00 0.000000000000000000e+00 0.000000000000000000e+00 0.000000000000000000e+00 0.000000000000000000e+00
0.000000000000000000e+00 0.000000000000000000e+00 0.000000000000000000e+00 0.000000000000000000e+00 0.000000000000000000e+00
0.000000000000000000e+00 0.000000000000000000e+00 0.000000000000000000e+00 0.000000000000000000e+00 0.000000000000000000e+00
0.000000000000000000e+00 0.000000000000000000e+00 0.000000000000000000e+00 0.000000000000000000e+00 0.000000000000000000e+00
0.000000000000000000e+00 0.000000000000000000e+00 0.000000000000000000e+00 0.000000000000000000e+00 0.000000000000000000e+00
0.000000000000000000e+00 0.000000000000000000e+00 0.000000000000000000e+00 0.000000000000000000e+00 0.000000000000000000e+00
0.000000000000000000e+00 0.000000000000000000e+00 0.000000000000000000e+00 0.000000000000000000e+00 0.000000000000000000e+00
0.000000000000000000e+00 0.000000000000000000e+00 0.000000000000000000e+00 0.000000000000000000e+00 0.000000000000000000e+00
0.000000000000000000e+00 0.000000000000000000e+00 0.000000000000000000e+00 0.000000000000000000e+00 0.000000000000000000e+00
0.000000000000000000e+00 0.000000000000000000e+00 0.000000000000000000e+00 0.000000000000000000e+00 0.000000000000000000e+00
0.000000000000000000e+00 0.000000000000000000e+00 0.000000000000000000e+00 0.000000000000000000e+00 0.000000000000000000e+00
0.000000000000000000e+00 0.000000000000000000e+00 0.000000000000000000e+00 0.000000000000000000e+00 0.000000000000000000e+00
0.000000000000000000e+00 0.000000000000000000e+00 0.000000000000000000e+00 0.000000000000000000e+00 0.000000000000000000e+00
0.000000000000000000e+00 0.000000000000000000e+00 0.000000000000000000e+00 0.000000000000000000e+00 0.000000000000000000e+00
0.000000000000000000e+00 0.000000000000000000e+00 0.000000000000000000e+00 0.000000000000000000e+00 0.000000000000000000e+00
0.000000000000000000e+00 0.000000000000000000e+00 0.000000000000000000e+00 0.000000000000000000e+00 0.000000000000000000e+00
0.000000000000000000e+00 0.000000000000000000e+00 0.000000000000000000e+00 0.000000000000000000e+00 0.000000000000000000e+00
0.000000000000000000e+00 0.000000000000000000e+00 0.000000000000000000e+00 0.000000000000000000e+00 0.000000000000000000e+00
0.000000000000000000e+00 0.000000000000000000e+00 0.000000000000000000e+00 0.000000000000000000e+00 0.000000000000000000e+00
0.000000000000000000e+00 0.000000000000000000e+00 0.000000000000000000e+00 0.000000000000000000e+00 0.000000000000000000e+00
0.000000000000000000e+00 0.000000000000000000e+00 0.000000000000000000e+00 0.000000000000000000e+00 0.000000000000000000e+00
0.000000000000000000e+00 0.000000000000000000e+00 0.000000000000000000e+00 0.000000000000000000e+00 0.000000000000000000e+00
0.000000000000000000e+00 0.000000000000000000e+00 0.000000000000000000e+00 0.000000000000000000e+00 0.000000000000000000e+00
