0.000000000000000000e+00 0.000000000000000000e+00 1.000000000000000000e+00 0.000000000000000000e+00 0.000000000000000000e+00
8.787041306495666504e-01 -1.168115213513374329e-01 1.000000000000000000e+00 0.000000000000000000e+00 0.000000000000000000e+00
3.183999061584472656e-01 9.766860306262969971e-02 1.000000000000000000e+00 0.000000000000000000e+00 0.000000000000000000e+00
-1.275778532028198242e+00 1.415208697319030762e+00 1.000000000000000000e+00 0.000000000000000000e+00 0.000000000000000000e+00
-9.109621047973632812e-01 7.101334333419799805e-01 1.000000000000000000e+00 0.000000000000000000e+00 0.000000000000000000e+00
-4.467140734195709229e-01 1.871739029884338379e-01 0.000000000000000000e+00 1.000000000000000000e+00 0.000000000000000000e+00
1.639864444732666016e+00 -9.995329380035400391e-01 1.000000000000000000e+00 0.000000000000000000e+00 0.000000000000000000e+00
3.562517762184143066e-01 7.947295904159545898e-02 1.000000000000000000e+00 0.000000000000000000e+00 0.000000000000000000e+00
2.102685868740081787e-01 1.833087950944900513e-01 1.000000000000000000e+00 0.000000000000000000e+00 0.000000000000000000e+00
2.089971303939819336e-02 1.502836048603057861e-01 0.000000000000000000e+00 1.000000000000000000e+00 0.000000000000000000e+00
-8.790773153305053711e-01 4.195122718811035156e-01 1.000000000000000000e+00 0.000000000000000000e+00 0.000000000000000000e+00
6.330204606056213379e-01 -5.421794950962066650e-02 1.000000000000000000e+00 0.000000000000000000e+00 0.000000000000000000e+00
-2.745176255702972412e-01 7.911894917488098145e-01 1.000000000000000000e+00 0.000000000000000000e+00 0.000000000000000000e+00
5.550188422203063965e-01 -1.238266676664352417e-01 1.000000000000000000e+00 0.000000000000000000e+00 0.000000000000000000e+00
3.194330632686614990e-01 -2.088486701250076294e-01 0.000000000000000000e+00 1.000000000000000000e+00 0.000000000000000000e+00
-2.693726539611816406e+00 -2.473276615142822266e+00 1.000000000000000000e+00 0.000000000000000000e+00 0.000000000000000000e+00
1.636068671941757202e-01 1.072480604052543640e-01 1.000000000000000000e+00 0.000000000000000000e+00 0.000000000000000000e+00
2.877125144004821777e-02 1.584945619106292725e-01 0.000000000000000000e+00 1.000000000000000000e+00 0.000000000000000000e+00
-3.098723888397216797e-01 5.846448540687561035e-01 1.000000000000000000e+00 0.000000000000000000e+00 0.000000000000000000e+00
3.255331218242645264e-01 1.312947422266006470e-01 1.000000000000000000e+00 0.000000000000000000e+00 0.000000000000000000e+00
3.250433132052421570e-02 2.610704898834228516e-01 1.000000000000000000e+00 0.000000000000000000e+00 0.000000000000000000e+00
-2.843407690525054932e-01 5.739556550979614258e-01 1.000000000000000000e+00 0.000000000000000000e+00 0.000000000000000000e+00
3.404547572135925293e-01 3.773712515830993652e-01 1.000000000000000000e+00 0.000000000000000000e+00 0.000000000000000000e+00
-1.428362168371677399e-02 3.360937833786010742e-01 1.000000000000000000e+00 0.000000000000000000e+00 0.000000000000000000e+00
-3.646516203880310059e-01 4.442853629589080811e-01 1.000000000000000000e+00 0.000000000000000000e+00 0.000000000000000000e+00
-3.262224197387695312e-01 1.495190858840942383e-01 1.000000000000000000e+00 0.000000000000000000e+00 0.000000000000000000e+00
2.639803886413574219e+00 1.915213912725448608e-01 1.000000000000000000e+00 0.000000000000000000e+00 0.000000000000000000e+00
1.372263431549072266e+00 -8.158490806818008423e-02 1.000000000000000000e+00 0.000000000000000000e+00 0.000000000000000000e+00
6.876851320266723633e-01 -1.489813923835754395e-01 0.000000000000000000e+00 1.000000000000000000e+00 0.000000000000000000e+00
-2.948086977005004883e+00 -3.248754978179931641e+00 0.000000000000000000e+00 0.000000000000000000e+00 1.000000000000000000e+00
3.690556883811950684e-01 4.181819558143615723e-01 0.000000000000000000e+00 0.000000000000000000e+00 1.000000000000000000e+00
-1.330777168273925781e+00 -3.379300236701965332e-01 0.000000000000000000e+00 0.000000000000000000e+00 1.000000000000000000e+00
-8.275444507598876953e-01 -3.879362940788269043e-01 0.000000000000000000e+00 0.000000000000000000e+00 1.000000000000000000e+00
-9.432156085968017578e-01 -2.581055760383605957e-01 0.000000000000000000e+00 0.000000000000000000e+00 1.000000000000000000e+00
-9.129226207733154297e-01 -1.900336146354675293e-01 0.000000000000000000e+00 0.000000000000000000e+00 1.000000000000000000e+00
-9.146642684936523438e-01 -1.662526726722717285e-01 0.000000000000000000e+00 0.000000000000000000e+00 1.000000000000000000e+00
-9.000658988952636719e-01 -1.975718736648559570e-01 0.000000000000000000e+00 0.000000000000000000e+00 1.000000000000000000e+00
-8.907837867736816406e-01 -2.158060669898986816e-01 0.000000000000000000e+00 0.000000000000000000e+00 1.000000000000000000e+00
-8.736840486526489258e-01 -2.365317940711975098e-01 0.000000000000000000e+00 0.000000000000000000e+00 1.000000000000000000e+00
-8.468723297119140625e-01 -2.545598745346069336e-01 0.000000000000000000e+00 0.000000000000000000e+00 1.000000000000000000e+00
-8.360353708267211914e-01 -2.602667808532714844e-01 0.000000000000000000e+00 0.000000000000000000e+00 1.000000000000000000e+00
-8.316500186920166016e-01 -2.590541839599609375e-01 0.000000000000000000e+00 0.000000000000000000e+00 1.000000000000000000e+00
-8.264242410659790039e-01 -2.573440670967102051e-01 0.000000000000000000e+00 0.000000000000000000e+00 1.000000000000000000e+00
-8.159143924713134766e-01 -2.618593573570251465e-01 0.000000000000000000e+00 0.000000000000000000e+00 1.000000000000000000e+00
-8.066421747207641602e-01 -2.683213353157043457e-01 0.000000000000000000e+00 0.000000000000000000e+00 1.000000000000000000e+00
-7.972918748855590820e-01 -2.759159207344055176e-01 0.000000000000000000e+00 0.000000000000000000e+00 1.000000000000000000e+00
-7.865550518035888672e-01 -2.819185853004455566e-01 0.000000000000000000e+00 0.000000000000000000e+00 1.000000000000000000e+00
-7.791690826416015625e-01 -2.896848320960998535e-01 0.000000000000000000e+00 0.000000000000000000e+00 1.000000000000000000e+00
-7.720712423324584961e-01 -2.962939143180847168e-01 0.000000000000000000e+00 0.000000000000000000e+00 1.000000000000000000e+00
-7.663837671279907227e-01 -2.987620830535888672e-01 0.000000000000000000e+00 0.000000000000000000e+00 1.000000000000000000e+00
-7.619837522506713867e-01 -2.959955930709838867e-01 0.000000000000000000e+00 0.000000000000000000e+00 1.000000000000000000e+00
-7.586874961853027344e-01 -2.905684113502502441e-01 0.000000000000000000e+00 0.000000000000000000e+00 1.000000000000000000e+00
-7.576813697814941406e-01 -2.867122292518615723e-01 0.000000000000000000e+00 0.000000000000000000e+00 1.000000000000000000e+00
-7.570934295654296875e-01 -2.879080176353454590e-01 0.000000000000000000e+00 0.000000000000000000e+00 1.000000000000000000e+00
-7.547539472579956055e-01 -2.934682965278625488e-01 0.000000000000000000e+00 0.000000000000000000e+00 1.000000000000000000e+00
-7.501114606857299805e-01 -3.010507225990295410e-01 0.000000000000000000e+00 0.000000000000000000e+00 1.000000000000000000e+00
-7.427705526351928711e-01 -3.080412149429321289e-01 0.000000000000000000e+00 0.000000000000000000e+00 1.000000000000000000e+00
-7.332701683044433594e-01 -3.122394084930419922e-01 0.000000000000000000e+00 0.000000000000000000e+00 1.000000000000000000e+00
-7.264101505279541016e-01 -3.129815459251403809e-01 0.000000000000000000e+00 0.000000000000000000e+00 1.000000000000000000e+00
-7.217690944671630859e-01 -3.113909959793090820e-01 0.000000000000000000e+00 0.000000000000000000e+00 1.000000000000000000e+00
-7.178744077682495117e-01 -3.111920356750488281e-01 0.000000000000000000e+00 0.000000000000000000e+00 1.000000000000000000e+00
-7.142789363861083984e-01 -3.107916116714477539e-01 0.000000000000000000e+00 0.000000000000000000e+00 1.000000000000000000e+00
-7.116390466690063477e-01 -3.095715641975402832e-01 0.000000000000000000e+00 0.000000000000000000e+00 1.000000000000000000e+00
-7.089767456054687500e-01 -3.081758618354797363e-01 0.000000000000000000e+00 0.000000000000000000e+00 1.000000000000000000e+00
-7.061803340911865234e-01 -3.081309199333190918e-01 0.000000000000000000e+00 0.000000000000000000e+00 1.000000000000000000e+00
-7.052925825119018555e-01 -3.078107833862304688e-01 0.000000000000000000e+00 0.000000000000000000e+00 1.000000000000000000e+00
-7.039581537246704102e-01 -3.077343702316284180e-01 0.000000000000000000e+00 0.000000000000000000e+00 1.000000000000000000e+00
-6.989034414291381836e-01 -3.091158866882324219e-01 0.000000000000000000e+00 0.000000000000000000e+00 1.000000000000000000e+00
-6.949840784072875977e-01 -3.079729676246643066e-01 0.000000000000000000e+00 0.000000000000000000e+00 1.000000000000000000e+00
-6.932280063629150391e-01 -3.039336204528808594e-01 0.000000000000000000e+00 0.000000000000000000e+00 1.000000000000000000e+00
-6.922060251235961914e-01 -2.999922037124633789e-01 0.000000000000000000e+00 0.000000000000000000e+00 1.000000000000000000e+00
-6.959805488586425781e-01 -2.973573803901672363e-01 0.000000000000000000e+00 0.000000000000000000e+00 1.000000000000000000e+00
-7.004584670066833496e-01 -2.979916334152221680e-01 0.000000000000000000e+00 0.000000000000000000e+00 1.000000000000000000e+00
0.000000000000000000e+00 0.000000000000000000e+00 0.000000000000000000e+00 0.000000000000000000e+00 0.000000000000000000e+00
0.000000000000000000e+00 0.000000000000000000e+00 0.000000000000000000e+00 0.000000000000000000e+00 0.000000000000000000e+00
0.000000000000000000e+00 0.000000000000000000e+00 0.000000000000000000e+00 0.000000000000000000e+00 0.000000000000000000e+00
0.000000000000000000e+00 0.000000000000000000e+00 0.000000000000000000e+00 0.000000000000000000e+00 0.000000000000000000e+00
0.000000000000000000e+00 0.000000000000000000e+00 0.000000000000000000e+00 0.000000000000000000e+00 0.000000000000000000e+00
0.000000000000000000e+00 0.000000000000000000e+00 0.000000000000000000e+00 0.000000000000000000e+00 0.000000000000000000e+00
0.000000000000000000e+00 0.000000000000000000e+00 0.000000000000000000e+00 0.000000000000000000e+00 0.000000000000000000e+00
0.000000000000000000e+00 0.000000000000000000e+00 0.000000000000000000e+00 0.000000000000000000e+00 0.000000000000000000e+00
0.000000000000000000e+00 0.000000000000000000e+00 0.000000000000000000e+00 0.000000000000000000e+00 0.000000000000000000e+00
0.000000000000000000e+00 0.000000000000000000e+00 0.000000000000000000e+00 0.000000000000000000e+00 0.000000000000000000e+00
0.000000000000000000e+00 0.000000000000000000e+00 0.000000000000000000e+00 0.000000000000000000e+00 0.000000000000000000e+00
0.000000000000000000e+00 0.000000000000000000e+00 0.000000000000000000e+00 0.000000000000000000e+00 0.000000000000000000e+00
0.000000000000000000e+00 0.000000000000000000e+00 0.000000000000000000e+00 0.000000000000000000e+00 0.000000000000000000e+00
0.000000000000000000e+00 0.000000000000000000e+00 0.000000000000000000e+00 0.000000000000000000e+00 0.000000000000000000e+00
0.000000000000000000e+00 0.000000000000000000e+00 0.000000000000000000e+00 0.000000000000000000e+00 0.000000000000000000e+00
0.000000000000000000e+00 0.000000000000000000e+00 0.000000000000000000e+00 0.000000000000000000e+00 0.000000000000000000e+00
0.000000000000000000e+00 0.000000000000000000e+00 0.000000000000000000e+00 0.000000000000000000e+00 0.000000000000000000e+00
0.000000000000000000e+00 0.000000000000000000e+00 0.000000000000000000e+00 0.000000000000000000e+00 0.000000000000000000e+00
0.000000000000000000e+00 0.000000000000000000e+00 0.000000000000000000e+00 0.000000000000000000e+00 0.000000000000000000e+00
0.000000000000000000e+00 0.000000000000000000e+00 0.000000000000000000e+00 0.000000000000000000e+00 0.000000000000000000e+00
0.000000000000000000e+00 0.000000000000000000e+00 0.000000000000000000e+00 0.000000000000000000e+00 0.000000000000000000e+00
0.000000000000000000e+00 0.000000000000000000e+00 0.000000000000000000e+00 0.000000000000000000e+00 0.000000000000000000e+00
0.000000000000000000e+00 0.000000000000000000e+00 0.000000000000000000e+00 0.000000000000000000e+00 0.000000000000000000e+00
0.000000000000000000e+00 0.000000000000000000e+00 0.000000000000000000e+00 0.000000000000000000e+00 0.000000000000000000e+00
0.000000000000000000e+00 0.000000000000000000e+00 0.000000000000000000e+00 0.000000000000000000e+00 0.000000000000000000e+00
0.000000000000000000e+00 0.000000000000000000e+00 0.000000000000000000e+00 0.000000000000000000e+00 0.000000000000000000e+00
0.000000000000000000e+00 0.000000000000000000e+00 0.000000000000000000e+00 0.000000000000000000e+00 0.000000000000000000e+00
0.000000000000000000e+00 0.000000000000000000e+00 0.000000000000000000e+00 0.000000000000000000e+00 0.000000000000000000e+00
0.000000000000000000e+00 0.000000000000000000e+00 0.000000000000000000e+00 0.000000000000000000e+00 0.000000000000000000e+00
0.000000000000000000e+00 0.000000000000000000e+00 0.000000000000000000e+00 0.000000000000000000e+00 0.000000000000000000e+00
0.000000000000000000e+00 0.000000000000000000e+00 0.000000000000000000e+00 0.000000000000000000e+00 0.000000000000000000e+00
0.000000000000000000e+00 0.000000000000000000e+00 0.000000000000000000e+00 0.000000000000000000e+00 0.000000000000000000e+00
0.000000000000000000e+00 0.000000000000000000e+00 0.000000000000000000e+00 0.000000000000000000e+00 0.000000000000000000e+00
0.000000000000000000e+00 0.000000000000000000e+00 0.000000000000000000e+00 0.000000000000000000e+00 0.000000000000000000e+00
0.000000000000000000e+00 0.000000000000000000e+00 0.000000000000000000e+00 0.000000000000000000e+00 0.000000000000000000e+00
0.000000000000000000e+00 0.000000000000000000e+00 0.000000000000000000e+00 0.000000000000000000e+00 0.000000000000000000e+00
0.000000000000000000e+00 0.000000000000000000e+00 0.000000000000000000e+00 0.000000000000000000e+00 0.000000000000000000e+00
0.000000000000000000e+00 0.000000000000000000e+00 0.000000000000000000e+00 0.000000000000000000e+00 0.000000000000000000e+00
0.000000000000000000e+00 0.000000000000000000e+00 0.000000000000000000e+00 0.000000000000000000e+00 0.000000000000000000e+00
0.000000000000000000e+00 0.000000000000000000e+00 0.000000000000000000e+00 0.000000000000000000e+00 0.000000000000000000e+00
0.000000000000000000e+00 0.000000000000000000e+00 0.000000000000000000e+00 0.000000000000000000e+00 0.000000000000000000e+00
0.000000000000000000e+00 0.000000000000000000e+00 0.000000000000000000e+00 0.000000000000000000e+00 0.000000000000000000e+00
0.000000000000000000e+00 0.000000000000000000e+00 0.000000000000000000e+00 0.000000000000000000e+00 0.000000000000000000e+00
0.000000000000000000e+00 0.000000000000000000e+00 0.000000000000000000e+00 0.000000000000000000e+00 0.000000000000000000e+00
0.000000000000000000e+00 0.000000000000000000e+00 0.000000000000000000e+00 0.000000000000000000e+00 0.000000000000000000e+00
0.000000000000000000e+00 0.000000000000000000e+00 0.000000000000000000e+00 0.000000000000000000e+00 0.000000000000000000e+00
0.000000000000000000e+00 0.000000000000000000e+00 0.000000000000000000e+00 0.000000000000000000e+00 0.000000000000000000e+00
0.000000000000000000e+00 0.000000000000000000e+00 0.000000000000000000e+00 0.000000000000000000e+00 0.000000000000000000e+00
