0.000000000000000000e+00 0.000000000000000000e+00 1.000000000000000000e+00 0.000000000000000000e+00 0.000000000000000000e+00
5.417143553495407104e-02 7.015531063079833984e-01 1.000000000000000000e+00 0.000000000000000000e+00 0.000000000000000000e+00
-6.894624233245849609e-02 2.772990465164184570e-01 0.000000000000000000e+00 1.000000000000000000e+00 0.000000000000000000e+00
5.032095909118652344e-01 -1.150522232055664062e+00 1.000000000000000000e+00 0.000000000000000000e+00 0.000000000000000000e+00
1.252493023872375488e+00 -2.099643200635910034e-01 1.000000000000000000e+00 0.000000000000000000e+00 0.000000000000000000e+00
7.596630454063415527e-01 7.151529937982559204e-02 1.000000000000000000e+00 0.000000000000000000e+00 0.000000000000000000e+00
-1.377452630549669266e-03 2.754392623901367188e-01 1.000000000000000000e+00 0.000000000000000000e+00 0.000000000000000000e+00
-3.560783267021179199e-01 5.108157992362976074e-01 1.000000000000000000e+00 0.000000000000000000e+00 0.000000000000000000e+00
-2.856271862983703613e-01 2.371438443660736084e-01 0.000000000000000000e+00 1.000000000000000000e+00 0.000000000000000000e+00
-7.788245677947998047e-01 -6.362227201461791992e-01 1.000000000000000000e+00 0.000000000000000000e+00 0.000000000000000000e+00
-1.031888797879219055e-01 5.824604034423828125e-01 1.000000000000000000e+00 0.000000000000000000e+00 0.000000000000000000e+00
4.493801295757293701e-02 7.459450513124465942e-02 0.000000000000000000e+00 1.000000000000000000e+00 0.000000000000000000e+00
6.414201855659484863e-01 -5.873637795448303223e-01 1.000000000000000000e+00 0.000000000000000000e+00 0.000000000000000000e+00
-6.845597028732299805e-01 8.234747648239135742e-01 1.000000000000000000e+00 0.000000000000000000e+00 0.000000000000000000e+00
6.449990272521972656e-01 -1.486271619796752930e-01 1.000000000000000000e+00 0.000000000000000000e+00 0.000000000000000000e+00
1.461298167705535889e-01 5.881601572036743164e-02 1.000000000000000000e+00 0.000000000000000000e+00 0.000000000000000000e+00
-1.047358632087707520e+00 1.096367835998535156e+00 1.000000000000000000e+00 0.000000000000000000e+00 0.000000000000000000e+00
8.216701745986938477e-01 -3.048245310783386230e-01 1.000000000000000000e+00 0.000000000000000000e+00 0.000000000000000000e+00
3.805872797966003418e-01 1.201776415109634399e-02 1.000000000000000000e+00 0.000000000000000000e+00 0.000000000000000000e+00
1.347833275794982910e-01 1.407181620597839355e-01 1.000000000000000000e+00 0.000000000000000000e+00 0.000000000000000000e+00
-1.339870989322662354e-01 3.718693554401397705e-01 1.000000000000000000e+00 0.000000000000000000e+00 0.000000000000000000e+00
-5.693160891532897949e-01 5.791409015655517578e-01 1.000000000000000000e+00 0.000000000000000000e+00 0.000000000000000000e+00
-7.154937982559204102e-01 3.870607614517211914e-01 1.000000000000000000e+00 0.000000000000000000e+00 0.000000000000000000e+00
-2.663354277610778809e-01 -2.330377697944641113e-03 0.000000000000000000e+00 1.000000000000000000e+00 0.000000000000000000e+00
5.018568038940429688e-01 -7.237696647644042969e-01 1.000000000000000000e+00 0.000000000000000000e+00 0.000000000000000000e+00
4.243402481079101562e-01 1.369450539350509644e-01 1.000000000000000000e+00 0.000000000000000000e+00 0.000000000000000000e+00
2.146620452404022217e-01 2.409178614616394043e-01 0.000000000000000000e+00 1.000000000000000000e+00 0.000000000000000000e+00
-2.073514938354492188e+00 -2.569979667663574219e+00 1.000000000000000000e+00 0.000000000000000000e+00 0.000000000000000000e+00
-8.850910514593124390e-02 5.850537121295928955e-02 1.000000000000000000e+00 0.000000000000000000e+00 0.000000000000000000e+00
1.433710157871246338e-01 4.531921744346618652e-01 0.000000000000000000e+00 1.000000000000000000e+00 0.000000000000000000e+00
-1.756667196750640869e-01 5.976769924163818359e-01 1.000000000000000000e+00 0.000000000000000000e+00 0.000000000000000000e+00
1.814284473657608032e-01 1.224776357412338257e-01 1.000000000000000000e+00 0.000000000000000000e+00 0.000000000000000000e+00
2.566103264689445496e-02 3.040112853050231934e-01 1.000000000000000000e+00 0.000000000000000000e+00 0.000000000000000000e+00
-2.612341046333312988e-01 5.763629674911499023e-01 1.000000000000000000e+00 0.000000000000000000e+00 0.000000000000000000e+00
5.138112306594848633e-01 3.855885863304138184e-01 1.000000000000000000e+00 0.000000000000000000e+00 0.000000000000000000e+00
5.534300208091735840e-02 1.862234175205230713e-01 1.000000000000000000e+00 0.000000000000000000e+00 0.000000000000000000e+00
-3.454312682151794434e-01 4.110955893993377686e-01 1.000000000000000000e+00 0.000000000000000000e+00 0.000000000000000000e+00
-3.684335350990295410e-01 1.758663952350616455e-01 1.000000000000000000e+00 0.000000000000000000e+00 0.000000000000000000e+00
2.684715747833251953e+00 1.033394187688827515e-01 1.000000000000000000e+00 0.000000000000000000e+00 0.000000000000000000e+00
1.489882111549377441e+00 -1.081443428993225098e-01 1.000000000000000000e+00 0.000000000000000000e+00 0.000000000000000000e+00
7.403272390365600586e-01 -1.622063219547271729e-01 0.000000000000000000e+00 1.000000000000000000e+00 0.000000000000000000e+00
-3.205374002456665039e+00 -3.255668163299560547e+00 0.000000000000000000e+00 0.000000000000000000e+00 1.000000000000000000e+00
-8.720466494560241699e-02 6.634048372507095337e-02 0.000000000000000000e+00 0.000000000000000000e+00 1.000000000000000000e+00
-1.382931709289550781e+00 -7.768958806991577148e-02 0.000000000000000000e+00 0.000000000000000000e+00 1.000000000000000000e+00
-9.245337247848510742e-01 -4.112191796302795410e-01 0.000000000000000000e+00 0.000000000000000000e+00 1.000000000000000000e+00
-1.070800065994262695e+00 -2.873818874359130859e-01 0.000000000000000000e+00 0.000000000000000000e+00 1.000000000000000000e+00
-9.918892383575439453e-01 -2.751268744468688965e-01 0.000000000000000000e+00 0.000000000000000000e+00 1.000000000000000000e+00
-9.998801946640014648e-01 -2.637303471565246582e-01 0.000000000000000000e+00 0.000000000000000000e+00 1.000000000000000000e+00
-9.753289222717285156e-01 -2.816100716590881348e-01 0.000000000000000000e+00 0.000000000000000000e+00 1.000000000000000000e+00
-9.584195613861083984e-01 -2.896559834480285645e-01 0.000000000000000000e+00 0.000000000000000000e+00 1.000000000000000000e+00
-9.405603408813476562e-01 -2.920522093772888184e-01 0.000000000000000000e+00 0.000000000000000000e+00 1.000000000000000000e+00
-9.234310388565063477e-01 -2.927178740501403809e-01 0.000000000000000000e+00 0.000000000000000000e+00 1.000000000000000000e+00
-9.112237691879272461e-01 -2.973094582557678223e-01 0.000000000000000000e+00 0.000000000000000000e+00 1.000000000000000000e+00
-9.013664722442626953e-01 -3.080140352249145508e-01 0.000000000000000000e+00 0.000000000000000000e+00 1.000000000000000000e+00
-8.913992643356323242e-01 -3.212468028068542480e-01 0.000000000000000000e+00 0.000000000000000000e+00 1.000000000000000000e+00
-8.828214406967163086e-01 -3.342843651771545410e-01 0.000000000000000000e+00 0.000000000000000000e+00 1.000000000000000000e+00
-8.738234043121337891e-01 -3.455594182014465332e-01 0.000000000000000000e+00 0.000000000000000000e+00 1.000000000000000000e+00
-8.655329942703247070e-01 -3.493805527687072754e-01 0.000000000000000000e+00 0.000000000000000000e+00 1.000000000000000000e+00
-8.584352731704711914e-01 -3.511336445808410645e-01 0.000000000000000000e+00 0.000000000000000000e+00 1.000000000000000000e+00
-8.520302772521972656e-01 -3.536282181739807129e-01 0.000000000000000000e+00 0.000000000000000000e+00 1.000000000000000000e+00
-8.450975418090820312e-01 -3.542850613594055176e-01 0.000000000000000000e+00 0.000000000000000000e+00 1.000000000000000000e+00
-8.389363288879394531e-01 -3.505380749702453613e-01 0.000000000000000000e+00 0.000000000000000000e+00 1.000000000000000000e+00
-8.326354026794433594e-01 -3.475845456123352051e-01 0.000000000000000000e+00 0.000000000000000000e+00 1.000000000000000000e+00
-8.279384374618530273e-01 -3.422624468803405762e-01 0.000000000000000000e+00 0.000000000000000000e+00 1.000000000000000000e+00
-8.242577314376831055e-01 -3.376142382621765137e-01 0.000000000000000000e+00 0.000000000000000000e+00 1.000000000000000000e+00
-8.221288919448852539e-01 -3.373544812202453613e-01 0.000000000000000000e+00 0.000000000000000000e+00 1.000000000000000000e+00
-8.190025091171264648e-01 -3.397780060768127441e-01 0.000000000000000000e+00 0.000000000000000000e+00 1.000000000000000000e+00
-8.141592741012573242e-01 -3.415896296501159668e-01 0.000000000000000000e+00 0.000000000000000000e+00 1.000000000000000000e+00
-8.103947639465332031e-01 -3.399162888526916504e-01 0.000000000000000000e+00 0.000000000000000000e+00 1.000000000000000000e+00
-8.084353208541870117e-01 -3.343576788902282715e-01 0.000000000000000000e+00 0.000000000000000000e+00 1.000000000000000000e+00
-8.068014383316040039e-01 -3.272045254707336426e-01 0.000000000000000000e+00 0.000000000000000000e+00 1.000000000000000000e+00
-8.055223226547241211e-01 -3.224431872367858887e-01 0.000000000000000000e+00 0.000000000000000000e+00 1.000000000000000000e+00
0.000000000000000000e+00 0.000000000000000000e+00 0.000000000000000000e+00 0.000000000000000000e+00 0.000000000000000000e+00
0.000000000000000000e+00 0.000000000000000000e+00 0.000000000000000000e+00 0.000000000000000000e+00 0.000000000000000000e+00
0.000000000000000000e+00 0.000000000000000000e+00 0.000000000000000000e+00 0.000000000000000000e+00 0.000000000000000000e+00
0.000000000000000000e+00 0.000000000000000000e+00 0.000000000000000000e+00 0.000000000000000000e+00 0.000000000000000000e+00
0.000000000000000000e+00 0.000000000000000000e+00 0.000000000000000000e+00 0.000000000000000000e+00 0.000000000000000000e+00
0.000000000000000000e+00 0.000000000000000000e+00 0.000000000000000000e+00 0.000000000000000000e+00 0.000000000000000000e+00
0.000000000000000000e+00 0.000000000000000000e+00 0.000000000000000000e+00 0.000000000000000000e+00 0.000000000000000000e+00
0.000000000000000000e+00 0.000000000000000000e+00 0.000000000000000000e+00 0.000000000000000000e+00 0.000000000000000000e+00
0.000000000000000000e+00 0.000000000000000000e+00 0.000000000000000000e+00 0.000000000000000000e+00 0.000000000000000000e+00
0.000000000000000000e+00 0.000000000000000000e+00 0.000000000000000000e+00 0.000000000000000000e+00 0.000000000000000000e+00
0.000000000000000000e+00 0.000000000000000000e+00 0.000000000000000000e+00 0.000000000000000000e+00 0.000000000000000000e+00
0.000000000000000000e+00 0.000000000000000000e+00 0.000000000000000000e+00 0.000000000000000000e+00 0.000000000000000000e+00
0.000000000000000000e+00 0.000000000000000000e+00 0.000000000000000000e+00 0.000000000000000000e+00 0.000000000000000000e+00
0.000000000000000000e+00 0.000000000000000000e+00 0.000000000000000000e+00 0.000000000000000000e+00 0.000000000000000000e+00
0.000000000000000000e+00 0.000000000000000000e+00 0.000000000000000000e+00 0.000000000000000000e+00 0.000000000000000000e+00
0.000000000000000000e+00 0.000000000000000000e+00 0.000000000000000000e+00 0.000000000000000000e+00 0.000000000000000000e+00
0.000000000000000000e+00 0.000000000000000000e+00 0.000000000000000000e+00 0.000000000000000000e+00 0.000000000000000000e+00
0.000000000000000000e+00 0.000000000000000000e+00 0.000000000000000000e+00 0.000000000000000000e+00 0.000000000000000000e+00
0.000000000000000000e+00 0.000000000000000000e+00 0.000000000000000000e+00 0.000000000000000000e+00 0.000000000000000000e+00
0.000000000000000000e+00 0.000000000000000000e+00 0.000000000000000000e+00 0.000000000000000000e+00 0.000000000000000000e+00
0.000000000000000000e+00 0.000000000000000000e+00 0.000000000000000000e+00 0.000000000000000000e+00 0.000000000000000000e+00
0.000000000000000000e+00 0.000000000000000000e+00 0.000000000000000000e+00 0.000000000000000000e+00 0.000000000000000000e+00
0.000000000000000000e+00 0.000000000000000000e+00 0.000000000000000000e+00 0.000000000000000000e+00 0.000000000000000000e+00
0.000000000000000000e+00 0.000000000000000000e+00 0.000000000000000000e+00 0.000000000000000000e+00 0.000000000000000000e+00
0.000000000000000000e+00 0.000000000000000000e+00 0.000000000000000000e+00 0.000000000000000000e+00 0.000000000000000000e+00
0.000000000000000000e+00 0.000000000000000000e+00 0.000000000000000000e+00 0.000000000000000000e+00 0.000000000000000000e+00
0.000000000000000000e+00 0.000000000000000000e+00 0.000000000000000000e+00 0.000000000000000000e+00 0.000000000000000000e+00
0.000000000000000000e+00 0.000000000000000000e+00 0.000000000000000000e+00 0.000000000000000000e+00 0.000000000000000000e+00
0.000000000000000000e+00 0.000000000000000000e+00 0.000000000000000000e+00 0.000000000000000000e+00 0.000000000000000000e+00
0.000000000000000000e+00 0.000000000000000000e+00 0.000000000000000000e+00 0.000000000000000000e+00 0.000000000000000000e+00
0.000000000000000000e+00 0.000000000000000000e+00 0.000000000000000000e+00 0.000000000000000000e+00 0.000000000000000000e+00
0.000000000000000000e+00 0.000000000000000000e+00 0.000000000000000000e+00 0.000000000000000000e+00 0.000000000000000000e+00
0.000000000000000000e+00 0.000000000000000000e+00 0.000000000000000000e+00 0.000000000000000000e+00 0.000000000000000000e+00
0.000000000000000000e+00 0.000000000000000000e+00 0.000000000000000000e+00 0.000000000000000000e+00 0.000000000000000000e+00
0.000000000000000000e+00 0.000000000000000000e+00 0.000000000000000000e+00 0.000000000000000000e+00 0.000000000000000000e+00
0.000000000000000000e+00 0.000000000000000000e+00 0.000000000000000000e+00 0.000000000000000000e+00 0.000000000000000000e+00
0.000000000000000000e+00 0.000000000000000000e+00 0.000000000000000000e+00 0.000000000000000000e+00 0.000000000000000000e+00
0.000000000000000000e+00 0.000000000000000000e+00 0.000000000000000000e+00 0.000000000000000000e+00 0.000000000000000000e+00
0.000000000000000000e+00 0.000000000000000000e+00 0.000000000000000000e+00 0.000000000000000000e+00 0.000000000000000000e+00
0.000000000000000000e+00 0.000000000000000000e+00 0.000000000000000000e+00 0.000000000000000000e+00 0.000000000000000000e+00
0.000000000000000000e+00 0.000000000000000000e+00 0.000000000000000000e+00 0.000000000000000000e+00 0.000000000000000000e+00
0.000000000000000000e+00 0.000000000000000000e+00 0.000000000000000000e+00 0.000000000000000000e+00 0.000000000000000000e+00
0.000000000000000000e+00 0.000000000000000000e+00 0.000000000000000000e+00 0.000000000000000000e+00 0.000000000000000000e+00
0.000000000000000000e+00 0.000000000000000000e+00 0.000000000000000000e+00 0.000000000000000000e+00 0.000000000000000000e+00
0.000000000000000000e+00 0.000000000000000000e+00 0.000000000000000000e+00 0.000000000000000000e+00 0.000000000000000000e+00
0.000000000000000000e+00 0.000000000000000000e+00 0.000000000000000000e+00 0.000000000000000000e+00 0.000000000000000000e+00
0.000000000000000000e+00 0.000000000000000000e+00 0.000000000000000000e+00 0.000000000000000000e+00 0.000000000000000000e+00
0.000000000000000000e+00 0.000000000000000000e+00 0.000000000000000000e+00 0.000000000000000000e+00 0.000000000000000000e+00
0.000000000000000000e+00 0.000000000000000000e+00 0.000000000000000000e+00 0.000000000000000000e+00 0.000000000000000000e+00
