0.000000000000000000e+00 0.000000000000000000e+00 1.000000000000000000e+00 0.000000000000000000e+00 0.000000000000000000e+00
4.148644208908081055e-02 6.992166042327880859e-01 1.000000000000000000e+00 0.000000000000000000e+00 0.000000000000000000e+00
-6.698106229305267334e-02 2.651305794715881348e-01 0.000000000000000000e+00 1.000000000000000000e+00 0.000000000000000000e+00
4.456999003887176514e-01 -1.167196989059448242e+00 1.000000000000000000e+00 0.000000000000000000e+00 0.000000000000000000e+00
1.018367648124694824e+00 -1.859387308359146118e-01 1.000000000000000000e+00 0.000000000000000000e+00 0.000000000000000000e+00
4.189594388008117676e-01 4.288044571876525879e-02 1.000000000000000000e+00 0.000000000000000000e+00 0.000000000000000000e+00
-2.225342690944671631e-01 8.507800698280334473e-01 1.000000000000000000e+00 0.000000000000000000e+00 0.000000000000000000e+00
-1.463001966476440430e-01 2.595439255237579346e-01 1.000000000000000000e+00 0.000000000000000000e+00 0.000000000000000000e+00
-2.052708417177200317e-01 1.754744201898574829e-01 0.000000000000000000e+00 1.000000000000000000e+00 0.000000000000000000e+00
-5.703302621841430664e-01 -5.136491060256958008e-01 1.000000000000000000e+00 0.000000000000000000e+00 0.000000000000000000e+00
4.055152833461761475e-01 -4.643429815769195557e-02 1.000000000000000000e+00 0.000000000000000000e+00 0.000000000000000000e+00
-4.691651463508605957e-02 5.603279173374176025e-02 0.000000000000000000e+00 1.000000000000000000e+00 0.000000000000000000e+00
-4.463067054748535156e-01 3.970706164836883545e-01 1.000000000000000000e+00 0.000000000000000000e+00 0.000000000000000000e+00
5.267950892448425293e-01 -6.894293427467346191e-02 1.000000000000000000e+00 0.000000000000000000e+00 0.000000000000000000e+00
2.799228727817535400e-01 -1.397766470909118652e-01 0.000000000000000000e+00 1.000000000000000000e+00 0.000000000000000000e+00
-3.189566433429718018e-01 -5.541445016860961914e-01 1.000000000000000000e+00 0.000000000000000000e+00 0.000000000000000000e+00
-2.342079877853393555e-01 1.232450962066650391e+00 1.000000000000000000e+00 0.000000000000000000e+00 0.000000000000000000e+00
-1.360734701156616211e-01 3.078556060791015625e-01 0.000000000000000000e+00 1.000000000000000000e+00 0.000000000000000000e+00
-4.875646233558654785e-01 -9.487796574831008911e-02 1.000000000000000000e+00 0.000000000000000000e+00 0.000000000000000000e+00
1.146049052476882935e-02 6.280359029769897461e-01 1.000000000000000000e+00 0.000000000000000000e+00 0.000000000000000000e+00
-5.113482475280761719e-02 1.242633014917373657e-01 0.000000000000000000e+00 1.000000000000000000e+00 0.000000000000000000e+00
3.818538188934326172e-01 -7.705662846565246582e-01 1.000000000000000000e+00 0.000000000000000000e+00 0.000000000000000000e+00
1.004142522811889648e+00 -1.914188861846923828e-01 1.000000000000000000e+00 0.000000000000000000e+00 0.000000000000000000e+00
6.155059337615966797e-01 6.581872701644897461e-02 1.000000000000000000e+00 0.000000000000000000e+00 0.000000000000000000e+00
7.243882864713668823e-02 2.632578313350677490e-01 1.000000000000000000e+00 0.000000000000000000e+00 0.000000000000000000e+00
-1.184899061918258667e-01 4.068156182765960693e-01 1.000000000000000000e+00 0.000000000000000000e+00 0.000000000000000000e+00
-1.237070709466934204e-01 1.757937669754028320e-01 1.000000000000000000e+00 0.000000000000000000e+00 0.000000000000000000e+00
-1.765025854110717773e-01 9.427998960018157959e-02 0.000000000000000000e+00 1.000000000000000000e+00 0.000000000000000000e+00
-9.183142185211181641e-01 -7.759445309638977051e-01 1.000000000000000000e+00 0.000000000000000000e+00 0.000000000000000000e+00
-2.481580525636672974e-02 4.294900298118591309e-01 1.000000000000000000e+00 0.000000000000000000e+00 0.000000000000000000e+00
4.569697976112365723e-01 -2.057990580797195435e-01 1.000000000000000000e+00 0.000000000000000000e+00 0.000000000000000000e+00
1.678386032581329346e-01 4.631617292761802673e-02 1.000000000000000000e+00 0.000000000000000000e+00 0.000000000000000000e+00
1.012314856052398682e-02 2.045737057924270630e-01 0.000000000000000000e+00 1.000000000000000000e+00 0.000000000000000000e+00
-2.524257898330688477e+00 -2.008755445480346680e+00 1.000000000000000000e+00 0.000000000000000000e+00 0.000000000000000000e+00
1.426013410091400146e-01 9.654916822910308838e-02 1.000000000000000000e+00 0.000000000000000000e+00 0.000000000000000000e+00
2.927676588296890259e-02 1.407275050878524780e-01 0.000000000000000000e+00 1.000000000000000000e+00 0.000000000000000000e+00
-2.578979134559631348e-01 5.105427503585815430e-01 1.000000000000000000e+00 0.000000000000000000e+00 0.000000000000000000e+00
3.101504445075988770e-01 1.069585159420967102e-01 1.000000000000000000e+00 0.000000000000000000e+00 0.000000000000000000e+00
-2.257389724254608154e-01 5.842818021774291992e-01 1.000000000000000000e+00 0.000000000000000000e+00 0.000000000000000000e+00
2.811024487018585205e-01 3.988053202629089355e-01 1.000000000000000000e+00 0.000000000000000000e+00 0.000000000000000000e+00
-2.610927261412143707e-02 3.058961927890777588e-01 1.000000000000000000e+00 0.000000000000000000e+00 0.000000000000000000e+00
-3.076187968254089355e-01 3.556172251701354980e-01 1.000000000000000000e+00 0.000000000000000000e+00 0.000000000000000000e+00
-2.795820534229278564e-01 1.083923131227493286e-01 1.000000000000000000e+00 0.000000000000000000e+00 0.000000000000000000e+00
4.466341733932495117e-01 -9.939193725585937500e-02 1.000000000000000000e+00 0.000000000000000000e+00 0.000000000000000000e+00
2.149889230728149414e+00 2.575010359287261963e-01 1.000000000000000000e+00 0.000000000000000000e+00 0.000000000000000000e+00
1.280285000801086426e+00 -3.975328803062438965e-02 1.000000000000000000e+00 0.000000000000000000e+00 0.000000000000000000e+00
9.593344926834106445e-01 -2.110030800104141235e-01 0.000000000000000000e+00 1.000000000000000000e+00 0.000000000000000000e+00
-3.272115945816040039e+00 -2.825869560241699219e+00 0.000000000000000000e+00 0.000000000000000000e+00 1.000000000000000000e+00
3.191211521625518799e-01 4.829100668430328369e-01 0.000000000000000000e+00 0.000000000000000000e+00 1.000000000000000000e+00
-1.622405052185058594e+00 -2.798527479171752930e-02 0.000000000000000000e+00 0.000000000000000000e+00 1.000000000000000000e+00
-1.023939728736877441e+00 -3.855734467506408691e-01 0.000000000000000000e+00 0.000000000000000000e+00 1.000000000000000000e+00
-1.242654561996459961e+00 -3.053011298179626465e-01 0.000000000000000000e+00 0.000000000000000000e+00 1.000000000000000000e+00
-1.161942362785339355e+00 -2.858313918113708496e-01 0.000000000000000000e+00 0.000000000000000000e+00 1.000000000000000000e+00
-1.174901723861694336e+00 -2.720662355422973633e-01 0.000000000000000000e+00 0.000000000000000000e+00 1.000000000000000000e+00
-1.135959148406982422e+00 -2.645968198776245117e-01 0.000000000000000000e+00 0.000000000000000000e+00 1.000000000000000000e+00
-1.120785236358642578e+00 -2.434950470924377441e-01 0.000000000000000000e+00 0.000000000000000000e+00 1.000000000000000000e+00
-1.101213932037353516e+00 -2.260894179344177246e-01 0.000000000000000000e+00 0.000000000000000000e+00 1.000000000000000000e+00
-1.084658026695251465e+00 -2.360373139381408691e-01 0.000000000000000000e+00 0.000000000000000000e+00 1.000000000000000000e+00
-1.072901487350463867e+00 -2.440334558486938477e-01 0.000000000000000000e+00 0.000000000000000000e+00 1.000000000000000000e+00
-1.067710757255554199e+00 -2.476238608360290527e-01 0.000000000000000000e+00 0.000000000000000000e+00 1.000000000000000000e+00
-1.053370594978332520e+00 -2.598209977149963379e-01 0.000000000000000000e+00 0.000000000000000000e+00 1.000000000000000000e+00
-1.031706452369689941e+00 -2.717497348785400391e-01 0.000000000000000000e+00 0.000000000000000000e+00 1.000000000000000000e+00
-1.015166878700256348e+00 -2.758403420448303223e-01 0.000000000000000000e+00 0.000000000000000000e+00 1.000000000000000000e+00
-1.003819584846496582e+00 -2.800716161727905273e-01 0.000000000000000000e+00 0.000000000000000000e+00 1.000000000000000000e+00
-9.973508119583129883e-01 -2.878580093383789062e-01 0.000000000000000000e+00 0.000000000000000000e+00 1.000000000000000000e+00
-9.945986270904541016e-01 -2.954145073890686035e-01 0.000000000000000000e+00 0.000000000000000000e+00 1.000000000000000000e+00
-9.922442436218261719e-01 -3.012954592704772949e-01 0.000000000000000000e+00 0.000000000000000000e+00 1.000000000000000000e+00
-9.860179424285888672e-01 -3.056213259696960449e-01 0.000000000000000000e+00 0.000000000000000000e+00 1.000000000000000000e+00
0.000000000000000000e+00 0.000000000000000000e+00 0.000000000000000000e+00 0.000000000000000000e+00 0.000000000000000000e+00
0.000000000000000000e+00 0.000000000000000000e+00 0.000000000000000000e+00 0.000000000000000000e+00 0.000000000000000000e+00
0.000000000000000000e+00 0.000000000000000000e+00 0.000000000000000000e+00 0.000000000000000000e+00 0.000000000000000000e+00
0.000000000000000000e+00 0.000000000000000000e+00 0.000000000000000000e+00 0.000000000000000000e+00 0.000000000000000000e+00
0.000000000000000000e+00 0.000000000000000000e+00 0.000000000000000000e+00 0.000000000000000000e+00 0.000000000000000000e+00
0.000000000000000000e+00 0.000000000000000000e+00 0.000000000000000000e+00 0.000000000000000000e+00 0.000000000000000000e+00
0.000000000000000000e+00 0.000000000000000000e+00 0.000000000000000000e+00 0.000000000000000000e+00 0.000000000000000000e+00
0.000000000000000000e+00 0.000000000000000000e+00 0.000000000000000000e+00 0.000000000000000000e+00 0.000000000000000000e+00
0.000000000000000000e+00 0.000000000000000000e+00 0.000000000000000000e+00 0.000000000000000000e+00 0.000000000000000000e+00
0.000000000000000000e+00 0.000000000000000000e+00 0.000000000000000000e+00 0.000000000000000000e+00 0.000000000000000000e+00
0.000000000000000000e+00 0.000000000000000000e+00 0.000000000000000000e+00 0.000000000000000000e+00 0.000000000000000000e+00
0.000000000000000000e+00 0.000000000000000000e+00 0.000000000000000000e+00 0.000000000000000000e+00 0.000000000000000000e+00
0.000000000000000000e+00 0.000000000000000000e+00 0.000000000000000000e+00 0.000000000000000000e+00 0.000000000000000000e+00
0.000000000000000000e+00 0.000000000000000000e+00 0.000000000000000000e+00 0.000000000000000000e+00 0.000000000000000000e+00
0.000000000000000000e+00 0.000000000000000000e+00 0.000000000000000000e+00 0.000000000000000000e+00 0.000000000000000000e+00
0.000000000000000000e+00 0.000000000000000000e+00 0.000000000000000000e+00 0.000000000000000000e+00 0.000000000000000000e+00
0.000000000000000000e+00 0.000000000000000000e+00 0.000000000000000000e+00 0.000000000000000000e+00 0.000000000000000000e+00
0.000000000000000000e+00 0.000000000000000000e+00 0.000000000000000000e+00 0.000000000000000000e+00 0.000000000000000000e+00
0.000000000000000000e+00 0.000000000000000000e+00 0.000000000000000000e+00 0.000000000000000000e+00 0.000000000000000000e+00
0.000000000000000000e+00 0.000000000000000000e+00 0.000000000000000000e+00 0.000000000000000000e+00 0.000000000000000000e+00
0.000000000000000000e+00 0.000000000000000000e+00 0.000000000000000000e+00 0.000000000000000000e+00 0.000000000000000000e+00
0.000000000000000000e+00 0.000000000000000000e+00 0.000000000000000000e+00 0.000000000000000000e+00 0.000000000000000000e+00
0.000000000000000000e+00 0.000000000000000000e+00 0.000000000000000000e+00 0.000000000000000000e+00 0.000000000000000000e+00
0.000000000000000000e+00 0.000000000000000000e+00 0.000000000000000000e+00 0.000000000000000000e+00 0.000000000000000000e+00
0.000000000000000000e+00 0.000000000000000000e+00 0.000000000000000000e+00 0.000000000000000000e+00 0.000000000000000000e+00
0.000000000000000000e+00 0.000000000000000000e+00 0.000000000000000000e+00 0.000000000000000000e+00 0.000000000000000000e+00
0.000000000000000000e+00 0.000000000000000000e+00 0.000000000000000000e+00 0.000000000000000000e+00 0.000000000000000000e+00
0.000000000000000000e+00 0.000000000000000000e+00 0.000000000000000000e+00 0.000000000000000000e+00 0.000000000000000000e+00
0.000000000000000000e+00 0.000000000000000000e+00 0.000000000000000000e+00 0.000000000000000000e+00 0.000000000000000000e+00
0.000000000000000000e+00 0.000000000000000000e+00 0.000000000000000000e+00 0.000000000000000000e+00 0.000000000000000000e+00
0.000000000000000000e+00 0.000000000000000000e+00 0.000000000000000000e+00 0.000000000000000000e+00 0.000000000000000000e+00
0.000000000000000000e+00 0.000000000000000000e+00 0.000000000000000000e+00 0.000000000000000000e+00 0.000000000000000000e+00
0.000000000000000000e+00 0.000000000000000000e+00 0.000000000000000000e+00 0.000000000000000000e+00 0.000000000000000000e+00
0.000000000000000000e+00 0.000000000000000000e+00 0.000000000000000000e+00 0.000000000000000000e+00 0.000000000000000000e+00
0.000000000000000000e+00 0.000000000000000000e+00 0.000000000000000000e+00 0.000000000000000000e+00 0.000000000000000000e+00
0.000000000000000000e+00 0.000000000000000000e+00 0.000000000000000000e+00 0.000000000000000000e+00 0.000000000000000000e+00
0.000000000000000000e+00 0.000000000000000000e+00 0.000000000000000000e+00 0.000000000000000000e+00 0.000000000000000000e+00
0.000000000000000000e+00 0.000000000000000000e+00 0.000000000000000000e+00 0.000000000000000000e+00 0.000000000000000000e+00
0.000000000000000000e+00 0.000000000000000000e+00 0.000000000000000000e+00 0.000000000000000000e+00 0.000000000000000000e+00
0.000000000000000000e+00 0.000000000000000000e+00 0.000000000000000000e+00 0.000000000000000000e+00 0.000000000000000000e+00
0.000000000000000000e+00 0.000000000000000000e+00 0.000000000000000000e+00 0.000000000000000000e+00 0.000000000000000000e+00
0.000000000000000000e+00 0.000000000000000000e+00 0.000000000000000000e+00 0.000000000000000000e+00 0.000000000000000000e+00
0.000000000000000000e+00 0.000000000000000000e+00 0.000000000000000000e+00 0.000000000000000000e+00 0.000000000000000000e+00
0.000000000000000000e+00 0.000000000000000000e+00 0.000000000000000000e+00 0.000000000000000000e+00 0.000000000000000000e+00
0.000000000000000000e+00 0.000000000000000000e+00 0.000000000000000000e+00 0.000000000000000000e+00 0.000000000000000000e+00
0.000000000000000000e+00 0.000000000000000000e+00 0.000000000000000000e+00 0.000000000000000000e+00 0.000000000000000000e+00
0.000000000000000000e+00 0.000000000000000000e+00 0.000000000000000000e+00 0.000000000000000000e+00 0.000000000000000000e+00
0.000000000000000000e+00 0.000000000000000000e+00 0.000000000000000000e+00 0.000000000000000000e+00 0.000000000000000000e+00
0.000000000000000000e+00 0.000000000000000000e+00 0.000000000000000000e+00 0.000000000000000000e+00 0.000000000000000000e+00
0.000000000000000000e+00 0.000000000000000000e+00 0.000000000000000000e+00 0.000000000000000000e+00 0.000000000000000000e+00
0.000000000000000000e+00 0.000000000000000000e+00 0.000000000000000000e+00 0.000000000000000000e+00 0.000000000000000000e+00
0.000000000000000000e+00 0.000000000000000000e+00 0.000000000000000000e+00 0.000000000000000000e+00 0.000000000000000000e+00
0.000000000000000000e+00 0.000000000000000000e+00 0.000000000000000000e+00 0.000000000000000000e+00 0.000000000000000000e+00
