0.000000000000000000e+00 0.000000000000000000e+00 1.000000000000000000e+00 0.000000000000000000e+00 0.000000000000000000e+00
6.736928224563598633e-01 -8.458059281110763550e-02 1.000000000000000000e+00 0.000000000000000000e+00 0.000000000000000000e+00
2.585380077362060547e-01 7.351238280534744263e-02 1.000000000000000000e+00 0.000000000000000000e+00 0.000000000000000000e+00
-5.979340672492980957e-01 6.743950843811035156e-01 1.000000000000000000e+00 0.000000000000000000e+00 0.000000000000000000e+00
-2.850550115108489990e-01 1.575915515422821045e-01 1.000000000000000000e+00 0.000000000000000000e+00 0.000000000000000000e+00
4.788731336593627930e-01 -1.694528758525848389e-01 1.000000000000000000e+00 0.000000000000000000e+00 0.000000000000000000e+00
7.394477725028991699e-02 -9.108461439609527588e-02 0.000000000000000000e+00 1.000000000000000000e+00 0.000000000000000000e+00
-5.837696790695190430e-01 -1.450701355934143066e-01 1.000000000000000000e+00 0.000000000000000000e+00 0.000000000000000000e+00
-1.858396232128143311e-01 1.363641262054443359e+00 1.000000000000000000e+00 0.000000000000000000e+00 0.000000000000000000e+00
-9.420893341302871704e-02 3.087184727191925049e-01 0.000000000000000000e+00 1.000000000000000000e+00 0.000000000000000000e+00
4.066087305545806885e-01 -7.735351324081420898e-01 1.000000000000000000e+00 0.000000000000000000e+00 0.000000000000000000e+00
4.124161005020141602e-01 -5.951416492462158203e-02 1.000000000000000000e+00 0.000000000000000000e+00 0.000000000000000000e+00
-4.692817479372024536e-02 5.745880678296089172e-02 0.000000000000000000e+00 1.000000000000000000e+00 0.000000000000000000e+00
-3.018829524517059326e-01 3.348295390605926514e-01 1.000000000000000000e+00 0.000000000000000000e+00 0.000000000000000000e+00
4.421330094337463379e-01 -1.193500161170959473e-01 1.000000000000000000e+00 0.000000000000000000e+00 0.000000000000000000e+00
1.670511513948440552e-01 -1.330193579196929932e-01 0.000000000000000000e+00 1.000000000000000000e+00 0.000000000000000000e+00
7.026711702346801758e-01 -1.376305460929870605e+00 1.000000000000000000e+00 0.000000000000000000e+00 0.000000000000000000e+00
4.271563589572906494e-01 9.967014193534851074e-03 1.000000000000000000e+00 0.000000000000000000e+00 0.000000000000000000e+00
-4.485292136669158936e-01 5.743044018745422363e-01 1.000000000000000000e+00 0.000000000000000000e+00 0.000000000000000000e+00
3.226638436317443848e-01 9.993687272071838379e-03 1.000000000000000000e+00 0.000000000000000000e+00 0.000000000000000000e+00
3.212023526430130005e-02 5.514698475599288940e-02 0.000000000000000000e+00 1.000000000000000000e+00 0.000000000000000000e+00
-4.607143998146057129e-01 4.166117012500762939e-01 1.000000000000000000e+00 0.000000000000000000e+00 0.000000000000000000e+00
5.783962011337280273e-01 1.474580168724060059e-02 1.000000000000000000e+00 0.000000000000000000e+00 0.000000000000000000e+00
9.480000287294387817e-02 1.080149933695793152e-01 1.000000000000000000e+00 0.000000000000000000e+00 0.000000000000000000e+00
-6.929810047149658203e-01 7.728621959686279297e-01 1.000000000000000000e+00 0.000000000000000000e+00 0.000000000000000000e+00
-3.252966105937957764e-01 1.889794170856475830e-01 1.000000000000000000e+00 0.000000000000000000e+00 0.000000000000000000e+00
-3.194360435009002686e-01 2.927172183990478516e-02 0.000000000000000000e+00 1.000000000000000000e+00 0.000000000000000000e+00
3.884014487266540527e-01 -4.729118347167968750e-01 1.000000000000000000e+00 0.000000000000000000e+00 0.000000000000000000e+00
8.410370349884033203e-01 5.300040245056152344e-01 1.000000000000000000e+00 0.000000000000000000e+00 0.000000000000000000e+00
3.936217129230499268e-01 1.496023684740066528e-01 0.000000000000000000e+00 1.000000000000000000e+00 0.000000000000000000e+00
-3.185112237930297852e+00 -2.694823026657104492e+00 1.000000000000000000e+00 0.000000000000000000e+00 0.000000000000000000e+00
-8.059976994991302490e-02 4.651974141597747803e-02 1.000000000000000000e+00 0.000000000000000000e+00 0.000000000000000000e+00
1.183980926871299744e-01 3.675901293754577637e-01 0.000000000000000000e+00 1.000000000000000000e+00 0.000000000000000000e+00
-2.106589972972869873e-01 4.910807013511657715e-01 1.000000000000000000e+00 0.000000000000000000e+00 0.000000000000000000e+00
2.970612645149230957e-01 1.398950815200805664e-01 1.000000000000000000e+00 0.000000000000000000e+00 0.000000000000000000e+00
2.411466091871261597e-02 2.527242600917816162e-01 1.000000000000000000e+00 0.000000000000000000e+00 0.000000000000000000e+00
-2.581264674663543701e-01 5.050538778305053711e-01 1.000000000000000000e+00 0.000000000000000000e+00 0.000000000000000000e+00
3.604006767272949219e-01 3.728303313255310059e-01 1.000000000000000000e+00 0.000000000000000000e+00 0.000000000000000000e+00
2.381087839603424072e-02 1.711239516735076904e-01 1.000000000000000000e+00 0.000000000000000000e+00 0.000000000000000000e+00
-3.052675724029541016e-01 3.685927689075469971e-01 1.000000000000000000e+00 0.000000000000000000e+00 0.000000000000000000e+00
-3.126728534698486328e-01 1.547808945178985596e-01 1.000000000000000000e+00 0.000000000000000000e+00 0.000000000000000000e+00
4.621559977531433105e-01 -8.804289996623992920e-02 1.000000000000000000e+00 0.000000000000000000e+00 0.000000000000000000e+00
2.054843187332153320e+00 2.923305034637451172e-01 1.000000000000000000e+00 0.000000000000000000e+00 0.000000000000000000e+00
8.049349784851074219e-01 3.163942694664001465e-02 1.000000000000000000e+00 0.000000000000000000e+00 0.000000000000000000e+00
7.935363054275512695e-01 -6.343030184507369995e-02 0.000000000000000000e+00 1.000000000000000000e+00 0.000000000000000000e+00
-2.879133939743041992e+00 -3.029559612274169922e+00 0.000000000000000000e+00 0.000000000000000000e+00 1.000000000000000000e+00
-6.513129174709320068e-02 6.890076398849487305e-02 0.000000000000000000e+00 0.000000000000000000e+00 1.000000000000000000e+00
-1.379795670509338379e+00 -1.704693436622619629e-01 0.000000000000000000e+00 0.000000000000000000e+00 1.000000000000000000e+00
-9.081294536590576172e-01 -2.704010009765625000e-01 0.000000000000000000e+00 0.000000000000000000e+00 1.000000000000000000e+00
-1.086750984191894531e+00 -2.418706417083740234e-01 0.000000000000000000e+00 0.000000000000000000e+00 1.000000000000000000e+00
-1.033343195915222168e+00 -2.139738798141479492e-01 0.000000000000000000e+00 0.000000000000000000e+00 1.000000000000000000e+00
-1.051097989082336426e+00 -1.841402053833007812e-01 0.000000000000000000e+00 0.000000000000000000e+00 1.000000000000000000e+00
-1.036831855773925781e+00 -1.568949222564697266e-01 0.000000000000000000e+00 0.000000000000000000e+00 1.000000000000000000e+00
-1.036452770233154297e+00 -1.561023592948913574e-01 0.000000000000000000e+00 0.000000000000000000e+00 1.000000000000000000e+00
-1.016082525253295898e+00 -1.857472658157348633e-01 0.000000000000000000e+00 0.000000000000000000e+00 1.000000000000000000e+00
-9.981341361999511719e-01 -2.134630084037780762e-01 0.000000000000000000e+00 0.000000000000000000e+00 1.000000000000000000e+00
-9.879460334777832031e-01 -2.321130037307739258e-01 0.000000000000000000e+00 0.000000000000000000e+00 1.000000000000000000e+00
-9.786537885665893555e-01 -2.433432936668395996e-01 0.000000000000000000e+00 0.000000000000000000e+00 1.000000000000000000e+00
0.000000000000000000e+00 0.000000000000000000e+00 0.000000000000000000e+00 0.000000000000000000e+00 0.000000000000000000e+00
0.000000000000000000e+00 0.000000000000000000e+00 0.000000000000000000e+00 0.000000000000000000e+00 0.000000000000000000e+00
0.000000000000000000e+00 0.000000000000000000e+00 0.000000000000000000e+00 0.000000000000000000e+00 0.000000000000000000e+00
0.000000000000000000e+00 0.000000000000000000e+00 0.000000000000000000e+00 0.000000000000000000e+00 0.000000000000000000e+00
0.000000000000000000e+00 0.000000000000000000e+00 0.000000000000000000e+00 0.000000000000000000e+00 0.000000000000000000e+00
0.000000000000000000e+00 0.000000000000000000e+00 0.000000000000000000e+00 0.000000000000000000e+00 0.000000000000000000e+00
0.000000000000000000e+00 0.000000000000000000e+00 0.000000000000000000e+00 0.000000000000000000e+00 0.000000000000000000e+00
0.000000000000000000e+00 0.000000000000000000e+00 0.000000000000000000e+00 0.000000000000000000e+00 0.000000000000000000e+00
0.000000000000000000e+00 0.000000000000000000e+00 0.000000000000000000e+00 0.000000000000000000e+00 0.000000000000000000e+00
0.000000000000000000e+00 0.000000000000000000e+00 0.000000000000000000e+00 0.000000000000000000e+00 0.000000000000000000e+00
0.000000000000000000e+00 0.000000000000000000e+00 0.000000000000000000e+00 0.000000000000000000e+00 0.000000000000000000e+00
0.000000000000000000e+00 0.000000000000000000e+00 0.000000000000000000e+00 0.000000000000000000e+00 0.000000000000000000e+00
0.000000000000000000e+00 0.000000000000000000e+00 0.000000000000000000e+00 0.000000000000000000e+00 0.000000000000000000e+00
0.000000000000000000e+00 0.000000000000000000e+00 0.000000000000000000e+00 0.000000000000000000e+00 0.000000000000000000e+00
0.000000000000000000e+00 0.000000000000000000e+00 0.000000000000000000e+00 0.000000000000000000e+00 0.000000000000000000e+00
0.000000000000000000e+00 0.000000000000000000e+00 0.000000000000000000e+00 0.000000000000000000e+00 0.000000000000000000e+00
0.000000000000000000e+00 0.000000000000000000e+00 0.000000000000000000e+00 0.000000000000000000e+00 0.000000000000000000e+00
0.000000000000000000e+00 0.000000000000000000e+00 0.000000000000000000e+00 0.000000000000000000e+00 0.000000000000000000e+00
0.000000000000000000e+00 0.000000000000000000e+00 0.000000000000000000e+00 0.000000000000000000e+00 0.000000000000000000e+00
0.000000000000000000e+00 0.000000000000000000e+00 0.000000000000000000e+00 0.000000000000000000e+00 0.000000000000000000e+00
0.000000000000000000e+00 0.000000000000000000e+00 0.000000000000000000e+00 0.000000000000000000e+00 0.000000000000000000e+00
0.000000000000000000e+00 0.000000000000000000e+00 0.000000000000000000e+00 0.000000000000000000e+00 0.000000000000000000e+00
0.000000000000000000e+00 0.000000000000000000e+00 0.000000000000000000e+00 0.000000000000000000e+00 0.000000000000000000e+00
0.000000000000000000e+00 0.000000000000000000e+00 0.000000000000000000e+00 0.000000000000000000e+00 0.000000000000000000e+00
0.000000000000000000e+00 0.000000000000000000e+00 0.000000000000000000e+00 0.000000000000000000e+00 0.000000000000000000e+00
0.000000000000000000e+00 0.000000000000000000e+00 0.000000000000000000e+00 0.000000000000000000e+00 0.000000000000000000e+00
0.000000000000000000e+00 0.000000000000000000e+00 0.000000000000000000e+00 0.000000000000000000e+00 0.000000000000000000e+00
0.000000000000000000e+00 0.000000000000000000e+00 0.000000000000000000e+00 0.000000000000000000e+00 0.000000000000000000e+00
0.000000000000000000e+00 0.000000000000000000e+00 0.000000000000000000e+00 0.000000000000000000e+00 0.000000000000000000e+00
0.000000000000000000e+00 0.000000000000000000e+00 0.000000000000000000e+00 0.000000000000000000e+00 0.000000000000000000e+00
0.000000000000000000e+00 0.000000000000000000e+00 0.000000000000000000e+00 0.000000000000000000e+00 0.000000000000000000e+00
0.000000000000000000e+00 0.000000000000000000e+00 0.000000000000000000e+00 0.000000000000000000e+00 0.000000000000000000e+00
0.000000000000000000e+00 0.000000000000000000e+00 0.000000000000000000e+00 0.000000000000000000e+00 0.000000000000000000e+00
0.000000000000000000e+00 0.000000000000000000e+00 0.000000000000000000e+00 0.000000000000000000e+00 0.000000000000000000e+00
0.000000000000000000e+00 0.000000000000000000e+00 0.000000000000000000e+00 0.000000000000000000e+00 0.000000000000000000e+00
0.000000000000000000e+00 0.000000000000000000e+00 0.000000000000000000e+00 0.000000000000000000e+00 0.000000000000000000e+00
0.000000000000000000e+00 0.000000000000000000e+00 0.000000000000000000e+00 0.000000000000000000e+00 0.000000000000000000e+00
0.000000000000000000e+00 0.000000000000000000e+00 0.000000000000000000e+00 0.000000000000000000e+00 0.000000000000000000e+00
0.000000000000000000e+00 0.000000000000000000e+00 0.000000000000000000e+00 0.000000000000000000e+00 0.000000000000000000e+00
0.000000000000000000e+00 0.000000000000000000e+00 0.000000000000000000e+00 0.000000000000000000e+00 0.000000000000000000e+00
0.000000000000000000e+00 0.000000000000000000e+00 0.000000000000000000e+00 0.000000000000000000e+00 0.000000000000000000e+00
0.000000000000000000e+00 0.000000000000000000e+00 0.000000000000000000e+00 0.000000000000000000e+00 0.000000000000000000e+00
0.000000000000000000e+00 0.000000000000000000e+00 0.000000000000000000e+00 0.000000000000000000e+00 0.000000000000000000e+00
0.000000000000000000e+00 0.000000000000000000e+00 0.000000000000000000e+00 0.000000000000000000e+00 0.000000000000000000e+00
0.000000000000000000e+00 0.000000000000000000e+00 0.000000000000000000e+00 0.000000000000000000e+00 0.000000000000000000e+00
0.000000000000000000e+00 0.000000000000000000e+00 0.000000000000000000e+00 0.000000000000000000e+00 0.000000000000000000e+00
0.000000000000000000e+00 0.000000000000000000e+00 0.000000000000000000e+00 0.000000000000000000e+00 0.000000000000000000e+00
0.000000000000000000e+00 0.000000000000000000e+00 0.000000000000000000e+00 0.000000000000000000e+00 0.000000000000000000e+00
0.000000000000000000e+00 0.000000000000000000e+00 0.000000000000000000e+00 0.000000000000000000e+00 0.000000000000000000e+00
0.000000000000000000e+00 0.000000000000000000e+00 0.000000000000000000e+00 0.000000000000000000e+00 0.000000000000000000e+00
0.000000000000000000e+00 0.000000000000000000e+00 0.000000000000000000e+00 0.000000000000000000e+00 0.000000000000000000e+00
0.000000000000000000e+00 0.000000000000000000e+00 0.000000000000000000e+00 0.000000000000000000e+00 0.000000000000000000e+00
0.000000000000000000e+00 0.000000000000000000e+00 0.000000000000000000e+00 0.000000000000000000e+00 0.000000000000000000e+00
0.000000000000000000e+00 0.000000000000000000e+00 0.000000000000000000e+00 0.000000000000000000e+00 0.000000000000000000e+00
0.000000000000000000e+00 0.000000000000000000e+00 0.000000000000000000e+00 0.000000000000000000e+00 0.000000000000000000e+00
0.000000000000000000e+00 0.000000000000000000e+00 0.000000000000000000e+00 0.000000000000000000e+00 0.000000000000000000e+00
0.000000000000000000e+00 0.000000000000000000e+00 0.000000000000000000e+00 0.000000000000000000e+00 0.000000000000000000e+00
0.000000000000000000e+00 0.000000000000000000e+00 0.000000000000000000e+00 0.000000000000000000e+00 0.000000000000000000e+00
0.000000000000000000e+00 0.000000000000000000e+00 0.000000000000000000e+00 0.000000000000000000e+00 0.000000000000000000e+00
0.000000000000000000e+00 0.000000000000000000e+00 0.000000000000000000e+00 0.000000000000000000e+00 0.000000000000000000e+00
0.000000000000000000e+00 0.000000000000000000e+00 0.000000000000000000e+00 0.000000000000000000e+00 0.000000000000000000e+00
0.000000000000000000e+00 0.000000000000000000e+00 0.000000000000000000e+00 0.000000000000000000e+00 0.000000000000000000e+00
0.000000000000000000e+00 0.000000000000000000e+00 0.000000000000000000e+00 0.000000000000000000e+00 0.000000000000000000e+00
