0.000000000000000000e+00 0.000000000000000000e+00 1.000000000000000000e+00 0.000000000000000000e+00 0.000000000000000000e+00
8.372167348861694336e-01 -1.799389123916625977e-01 1.000000000000000000e+00 0.000000000000000000e+00 0.000000000000000000e+00
2.517933547496795654e-01 1.792441308498382568e-02 0.000000000000000000e+00 1.000000000000000000e+00 0.000000000000000000e+00
-1.366397261619567871e+00 1.047666907310485840e+00 1.000000000000000000e+00 0.000000000000000000e+00 0.000000000000000000e+00
-1.014630347490310669e-01 1.108722448348999023e+00 1.000000000000000000e+00 0.000000000000000000e+00 0.000000000000000000e+00
-7.770434021949768066e-02 2.618977129459381104e-01 0.000000000000000000e+00 1.000000000000000000e+00 0.000000000000000000e+00
4.235743880271911621e-01 -1.168461561203002930e+00 1.000000000000000000e+00 0.000000000000000000e+00 0.000000000000000000e+00
9.297594428062438965e-01 -1.827862262725830078e-01 1.000000000000000000e+00 0.000000000000000000e+00 0.000000000000000000e+00
5.600540637969970703e-01 7.441688328981399536e-02 1.000000000000000000e+00 0.000000000000000000e+00 0.000000000000000000e+00
5.857880041003227234e-02 3.057471215724945068e-01 1.000000000000000000e+00 0.000000000000000000e+00 0.000000000000000000e+00
-1.439784020185470581e-01 4.644510746002197266e-01 1.000000000000000000e+00 0.000000000000000000e+00 0.000000000000000000e+00
-1.369371712207794189e-01 2.046142220497131348e-01 1.000000000000000000e+00 0.000000000000000000e+00 0.000000000000000000e+00
-1.697984188795089722e-01 9.631280601024627686e-02 1.000000000000000000e+00 0.000000000000000000e+00 0.000000000000000000e+00
-2.301151901483535767e-01 -4.848574101924896240e-02 0.000000000000000000e+00 1.000000000000000000e+00 0.000000000000000000e+00
-2.388636767864227295e-01 -1.632607102394104004e+00 1.000000000000000000e+00 0.000000000000000000e+00 0.000000000000000000e+00
-4.035138785839080811e-01 9.682279825210571289e-01 1.000000000000000000e+00 0.000000000000000000e+00 0.000000000000000000e+00
4.330343008041381836e-01 -1.449932605028152466e-01 1.000000000000000000e+00 0.000000000000000000e+00 0.000000000000000000e+00
3.470742404460906982e-01 1.906467378139495850e-01 1.000000000000000000e+00 0.000000000000000000e+00 0.000000000000000000e+00
1.357684731483459473e-01 -3.846595436334609985e-02 0.000000000000000000e+00 1.000000000000000000e+00 0.000000000000000000e+00
1.047205328941345215e+00 -1.631210327148437500e+00 1.000000000000000000e+00 0.000000000000000000e+00 0.000000000000000000e+00
5.744147300720214844e-01 -2.124418318271636963e-02 1.000000000000000000e+00 0.000000000000000000e+00 0.000000000000000000e+00
1.719143092632293701e-01 1.011549830436706543e-01 1.000000000000000000e+00 0.000000000000000000e+00 0.000000000000000000e+00
-2.825618386268615723e-01 5.373741984367370605e-01 1.000000000000000000e+00 0.000000000000000000e+00 0.000000000000000000e+00
3.256748318672180176e-01 4.769854545593261719e-01 1.000000000000000000e+00 0.000000000000000000e+00 0.000000000000000000e+00
-2.996195107698440552e-02 2.852266430854797363e-01 1.000000000000000000e+00 0.000000000000000000e+00 0.000000000000000000e+00
-1.792174875736236572e-01 1.362715959548950195e-01 1.000000000000000000e+00 0.000000000000000000e+00 0.000000000000000000e+00
-2.607506513595581055e-01 -1.812998205423355103e-02 1.000000000000000000e+00 0.000000000000000000e+00 0.000000000000000000e+00
-2.503192424774169922e-01 -1.725244820117950439e-01 1.000000000000000000e+00 0.000000000000000000e+00 0.000000000000000000e+00
-1.693676263093948364e-01 -3.072677850723266602e-01 1.000000000000000000e+00 0.000000000000000000e+00 0.000000000000000000e+00
-1.787859946489334106e-02 -3.330434858798980713e-01 1.000000000000000000e+00 0.000000000000000000e+00 0.000000000000000000e+00
7.228410989046096802e-02 -6.828016787767410278e-02 1.000000000000000000e+00 0.000000000000000000e+00 0.000000000000000000e+00
6.758691370487213135e-02 6.219900771975517273e-02 1.000000000000000000e+00 0.000000000000000000e+00 0.000000000000000000e+00
7.924797385931015015e-02 5.512721538543701172e-01 1.000000000000000000e+00 0.000000000000000000e+00 0.000000000000000000e+00
-1.523018479347229004e-01 1.819585323333740234e+00 1.000000000000000000e+00 0.000000000000000000e+00 0.000000000000000000e+00
-1.458867788314819336e-01 6.137354373931884766e-01 0.000000000000000000e+00 1.000000000000000000e+00 0.000000000000000000e+00
-6.946538686752319336e-01 -3.427896976470947266e+00 0.000000000000000000e+00 0.000000000000000000e+00 1.000000000000000000e+00
-5.361033678054809570e-01 8.962688446044921875e-01 0.000000000000000000e+00 0.000000000000000000e+00 1.000000000000000000e+00
-1.287521719932556152e+00 -5.526338219642639160e-01 0.000000000000000000e+00 0.000000000000000000e+00 1.000000000000000000e+00
-9.206646680831909180e-01 -3.806625008583068848e-01 0.000000000000000000e+00 0.000000000000000000e+00 1.000000000000000000e+00
-1.001476645469665527e+00 -4.251065850257873535e-01 0.000000000000000000e+00 0.000000000000000000e+00 1.000000000000000000e+00
-9.495418071746826172e-01 -4.089282155036926270e-01 0.000000000000000000e+00 0.000000000000000000e+00 1.000000000000000000e+00
-9.457387924194335938e-01 -3.845401406288146973e-01 0.000000000000000000e+00 0.000000000000000000e+00 1.000000000000000000e+00
-9.308753013610839844e-01 -3.681965470314025879e-01 0.000000000000000000e+00 0.000000000000000000e+00 1.000000000000000000e+00
-9.164172410964965820e-01 -3.551078438758850098e-01 0.000000000000000000e+00 0.000000000000000000e+00 1.000000000000000000e+00
-9.012097120285034180e-01 -3.431869149208068848e-01 0.000000000000000000e+00 0.000000000000000000e+00 1.000000000000000000e+00
-8.846908807754516602e-01 -3.306030631065368652e-01 0.000000000000000000e+00 0.000000000000000000e+00 1.000000000000000000e+00
-8.744118213653564453e-01 -3.169060349464416504e-01 0.000000000000000000e+00 0.000000000000000000e+00 1.000000000000000000e+00
-8.697406053543090820e-01 -3.119396567344665527e-01 0.000000000000000000e+00 0.000000000000000000e+00 1.000000000000000000e+00
-8.620656728744506836e-01 -3.119351267814636230e-01 0.000000000000000000e+00 0.000000000000000000e+00 1.000000000000000000e+00
-8.532419204711914062e-01 -3.113243579864501953e-01 0.000000000000000000e+00 0.000000000000000000e+00 1.000000000000000000e+00
-8.433830738067626953e-01 -3.108511567115783691e-01 0.000000000000000000e+00 0.000000000000000000e+00 1.000000000000000000e+00
-8.326108455657958984e-01 -3.084220290184020996e-01 0.000000000000000000e+00 0.000000000000000000e+00 1.000000000000000000e+00
-8.241293430328369141e-01 -3.078722357749938965e-01 0.000000000000000000e+00 0.000000000000000000e+00 1.000000000000000000e+00
-8.177820444107055664e-01 -3.111899495124816895e-01 0.000000000000000000e+00 0.000000000000000000e+00 1.000000000000000000e+00
-8.129396438598632812e-01 -3.166907429695129395e-01 0.000000000000000000e+00 0.000000000000000000e+00 1.000000000000000000e+00
-8.090373277664184570e-01 -3.226571679115295410e-01 0.000000000000000000e+00 0.000000000000000000e+00 1.000000000000000000e+00
-7.992060184478759766e-01 -3.306056857109069824e-01 0.000000000000000000e+00 0.000000000000000000e+00 1.000000000000000000e+00
-7.809469699859619141e-01 -3.418040871620178223e-01 0.000000000000000000e+00 0.000000000000000000e+00 1.000000000000000000e+00
-7.693405151367187500e-01 -3.450182080268859863e-01 0.000000000000000000e+00 0.000000000000000000e+00 1.000000000000000000e+00
-7.623478174209594727e-01 -3.430095314979553223e-01 0.000000000000000000e+00 0.000000000000000000e+00 1.000000000000000000e+00
-7.556313276290893555e-01 -3.429573178291320801e-01 0.000000000000000000e+00 0.000000000000000000e+00 1.000000000000000000e+00
-7.509340047836303711e-01 -3.414332270622253418e-01 0.000000000000000000e+00 0.000000000000000000e+00 1.000000000000000000e+00
-7.473458051681518555e-01 -3.383147120475769043e-01 0.000000000000000000e+00 0.000000000000000000e+00 1.000000000000000000e+00
-7.400133609771728516e-01 -3.374539017677307129e-01 0.000000000000000000e+00 0.000000000000000000e+00 1.000000000000000000e+00
-7.299427986145019531e-01 -3.432362675666809082e-01 0.000000000000000000e+00 0.000000000000000000e+00 1.000000000000000000e+00
-7.237430810928344727e-01 -3.471062779426574707e-01 0.000000000000000000e+00 0.000000000000000000e+00 1.000000000000000000e+00
-7.198247909545898438e-01 -3.504435420036315918e-01 0.000000000000000000e+00 0.000000000000000000e+00 1.000000000000000000e+00
-7.154448032379150391e-01 -3.525131344795227051e-01 0.000000000000000000e+00 0.000000000000000000e+00 1.000000000000000000e+00
-7.132445573806762695e-01 -3.495419621467590332e-01 0.000000000000000000e+00 0.000000000000000000e+00 1.000000000000000000e+00
0.000000000000000000e+00 0.000000000000000000e+00 0.000000000000000000e+00 0.000000000000000000e+00 0.000000000000000000e+00
0.000000000000000000e+00 0.000000000000000000e+00 0.000000000000000000e+00 0.000000000000000000e+00 0.000000000000000000e+00
0.000000000000000000e+00 0.000000000000000000e+00 0.000000000000000000e+00 0.000000000000000000e+00 0.000000000000000000e+00
0.000000000000000000e+00 0.000000000000000000e+00 0.000000000000000000e+00 0.000000000000000000e+00 0.000000000000000000e+00
0.000000000000000000e+00 0.000000000000000000e+00 0.000000000000000000e+00 0.000000000000000000e+00 0.000000000000000000e+00
0.000000000000000000e+00 0.000000000000000000e+00 0.000000000000000000e+00 0.000000000000000000e+00 0.000000000000000000e+00
0.000000000000000000e+00 0.000000000000000000e+00 0.000000000000000000e+00 0.000000000000000000e+00 0.000000000000000000e+00
0.000000000000000000e+00 0.000000000000000000e+00 0.000000000000000000e+00 0.000000000000000000e+00 0.000000000000000000e+00
0.000000000000000000e+00 0.000000000000000000e+00 0.000000000000000000e+00 0.000000000000000000e+00 0.000000000000000000e+00
0.000000000000000000e+00 0.000000000000000000e+00 0.000000000000000000e+00 0.000000000000000000e+00 0.000000000000000000e+00
0.000000000000000000e+00 0.000000000000000000e+00 0.000000000000000000e+00 0.000000000000000000e+00 0.000000000000000000e+00
0.000000000000000000e+00 0.000000000000000000e+00 0.000000000000000000e+00 0.000000000000000000e+00 0.000000000000000000e+00
0.000000000000000000e+00 0.000000000000000000e+00 0.000000000000000000e+00 0.000000000000000000e+00 0.000000000000000000e+00
0.000000000000000000e+00 0.000000000000000000e+00 0.000000000000000000e+00 0.000000000000000000e+00 0.000000000000000000e+00
0.000000000000000000e+00 0.000000000000000000e+00 0.000000000000000000e+00 0.000000000000000000e+00 0.000000000000000000e+00
0.000000000000000000e+00 0.000000000000000000e+00 0.000000000000000000e+00 0.000000000000000000e+00 0.000000000000000000e+00
0.000000000000000000e+00 0.000000000000000000e+00 0.000000000000000000e+00 0.000000000000000000e+00 0.000000000000000000e+00
0.000000000000000000e+00 0.000000000000000000e+00 0.000000000000000000e+00 0.000000000000000000e+00 0.000000000000000000e+00
0.000000000000000000e+00 0.000000000000000000e+00 0.000000000000000000e+00 0.000000000000000000e+00 0.000000000000000000e+00
0.000000000000000000e+00 0.000000000000000000e+00 0.000000000000000000e+00 0.000000000000000000e+00 0.000000000000000000e+00
0.000000000000000000e+00 0.000000000000000000e+00 0.000000000000000000e+00 0.000000000000000000e+00 0.000000000000000000e+00
0.000000000000000000e+00 0.000000000000000000e+00 0.000000000000000000e+00 0.000000000000000000e+00 0.000000000000000000e+00
0.000000000000000000e+00 0.000000000000000000e+00 0.000000000000000000e+00 0.000000000000000000e+00 0.000000000000000000e+00
0.000000000000000000e+00 0.000000000000000000e+00 0.000000000000000000e+00 0.000000000000000000e+00 0.000000000000000000e+00
0.000000000000000000e+00 0.000000000000000000e+00 0.000000000000000000e+00 0.000000000000000000e+00 0.000000000000000000e+00
0.000000000000000000e+00 0.000000000000000000e+00 0.000000000000000000e+00 0.000000000000000000e+00 0.000000000000000000e+00
0.000000000000000000e+00 0.000000000000000000e+00 0.000000000000000000e+00 0.000000000000000000e+00 0.000000000000000000e+00
0.000000000000000000e+00 0.000000000000000000e+00 0.000000000000000000e+00 0.000000000000000000e+00 0.000000000000000000e+00
0.000000000000000000e+00 0.000000000000000000e+00 0.000000000000000000e+00 0.000000000000000000e+00 0.000000000000000000e+00
0.000000000000000000e+00 0.000000000000000000e+00 0.000000000000000000e+00 0.000000000000000000e+00 0.000000000000000000e+00
0.000000000000000000e+00 0.000000000000000000e+00 0.000000000000000000e+00 0.000000000000000000e+00 0.000000000000000000e+00
0.000000000000000000e+00 0.000000000000000000e+00 0.000000000000000000e+00 0.000000000000000000e+00 0.000000000000000000e+00
0.000000000000000000e+00 0.000000000000000000e+00 0.000000000000000000e+00 0.000000000000000000e+00 0.000000000000000000e+00
0.000000000000000000e+00 0.000000000000000000e+00 0.000000000000000000e+00 0.000000000000000000e+00 0.000000000000000000e+00
0.000000000000000000e+00 0.000000000000000000e+00 0.000000000000000000e+00 0.000000000000000000e+00 0.000000000000000000e+00
0.000000000000000000e+00 0.000000000000000000e+00 0.000000000000000000e+00 0.000000000000000000e+00 0.000000000000000000e+00
0.000000000000000000e+00 0.000000000000000000e+00 0.000000000000000000e+00 0.000000000000000000e+00 0.000000000000000000e+00
0.000000000000000000e+00 0.000000000000000000e+00 0.000000000000000000e+00 0.000000000000000000e+00 0.000000000000000000e+00
0.000000000000000000e+00 0.000000000000000000e+00 0.000000000000000000e+00 0.000000000000000000e+00 0.000000000000000000e+00
0.000000000000000000e+00 0.000000000000000000e+00 0.000000000000000000e+00 0.000000000000000000e+00 0.000000000000000000e+00
0.000000000000000000e+00 0.000000000000000000e+00 0.000000000000000000e+00 0.000000000000000000e+00 0.000000000000000000e+00
0.000000000000000000e+00 0.000000000000000000e+00 0.000000000000000000e+00 0.000000000000000000e+00 0.000000000000000000e+00
0.000000000000000000e+00 0.000000000000000000e+00 0.000000000000000000e+00 0.000000000000000000e+00 0.000000000000000000e+00
0.000000000000000000e+00 0.000000000000000000e+00 0.000000000000000000e+00 0.000000000000000000e+00 0.000000000000000000e+00
0.000000000000000000e+00 0.000000000000000000e+00 0.000000000000000000e+00 0.000000000000000000e+00 0.000000000000000000e+00
0.000000000000000000e+00 0.000000000000000000e+00 0.000000000000000000e+00 0.000000000000000000e+00 0.000000000000000000e+00
0.000000000000000000e+00 0.000000000000000000e+00 0.000000000000000000e+00 0.000000000000000000e+00 0.000000000000000000e+00
0.000000000000000000e+00 0.000000000000000000e+00 0.000000000000000000e+00 0.000000000000000000e+00 0.000000000000000000e+00
0.000000000000000000e+00 0.000000000000000000e+00 0.000000000000000000e+00 0.000000000000000000e+00 0.000000000000000000e+00
0.000000000000000000e+00 0.000000000000000000e+00 0.000000000000000000e+00 0.000000000000000000e+00 0.000000000000000000e+00
0.000000000000000000e+00 0.000000000000000000e+00 0.000000000000000000e+00 0.000000000000000000e+00 0.000000000000000000e+00
0.000000000000000000e+00 0.000000000000000000e+00 0.000000000000000000e+00 0.000000000000000000e+00 0.000000000000000000e+00
