0.000000000000000000e+00 0.000000000000000000e+00 1.000000000000000000e+00 0.000000000000000000e+00 0.000000000000000000e+00
1.361216604709625244e-02 1.151057004928588867e+00 1.000000000000000000e+00 0.000000000000000000e+00 0.000000000000000000e+00
-1.252744197845458984e-01 8.284784555435180664e-01 1.000000000000000000e+00 0.000000000000000000e+00 0.000000000000000000e+00
-9.284288436174392700e-02 1.792376637458801270e-01 0.000000000000000000e+00 1.000000000000000000e+00 0.000000000000000000e+00
8.598912358283996582e-01 -1.910257697105407715e+00 1.000000000000000000e+00 0.000000000000000000e+00 0.000000000000000000e+00
-1.084032580256462097e-01 1.190293431282043457e+00 1.000000000000000000e+00 0.000000000000000000e+00 0.000000000000000000e+00
-1.036936566233634949e-01 3.004383742809295654e-01 0.000000000000000000e+00 1.000000000000000000e+00 0.000000000000000000e+00
-1.070038318634033203e+00 -4.582801759243011475e-01 1.000000000000000000e+00 0.000000000000000000e+00 0.000000000000000000e+00
3.763652443885803223e-01 2.259814441204071045e-01 1.000000000000000000e+00 0.000000000000000000e+00 0.000000000000000000e+00
2.740056514739990234e-01 5.838871002197265625e-03 0.000000000000000000e+00 1.000000000000000000e+00 0.000000000000000000e+00
1.165991067886352539e+00 -4.610365033149719238e-01 1.000000000000000000e+00 0.000000000000000000e+00 0.000000000000000000e+00
-1.027327060699462891e+00 1.004643917083740234e+00 1.000000000000000000e+00 0.000000000000000000e+00 0.000000000000000000e+00
-6.990958452224731445e-01 4.133279919624328613e-01 1.000000000000000000e+00 0.000000000000000000e+00 0.000000000000000000e+00
1.201650142669677734e+00 -1.704555302858352661e-01 1.000000000000000000e+00 0.000000000000000000e+00 0.000000000000000000e+00
5.496752262115478516e-01 -1.917117834091186523e-01 0.000000000000000000e+00 1.000000000000000000e+00 0.000000000000000000e+00
9.180873632431030273e-01 -2.305601835250854492e+00 1.000000000000000000e+00 0.000000000000000000e+00 0.000000000000000000e+00
5.503772497177124023e-01 1.205846667289733887e-03 1.000000000000000000e+00 0.000000000000000000e+00 0.000000000000000000e+00
-2.690413594245910645e-01 5.635213255882263184e-01 1.000000000000000000e+00 0.000000000000000000e+00 0.000000000000000000e+00
3.312489986419677734e-01 5.342315435409545898e-01 1.000000000000000000e+00 0.000000000000000000e+00 0.000000000000000000e+00
-2.133418060839176178e-02 3.463942408561706543e-01 1.000000000000000000e+00 0.000000000000000000e+00 0.000000000000000000e+00
-1.872996985912322998e-01 2.019903957843780518e-01 1.000000000000000000e+00 0.000000000000000000e+00 0.000000000000000000e+00
-2.700459063053131104e-01 3.240737691521644592e-02 1.000000000000000000e+00 0.000000000000000000e+00 0.000000000000000000e+00
-2.577276825904846191e-01 -1.132166832685470581e-01 1.000000000000000000e+00 0.000000000000000000e+00 0.000000000000000000e+00
-1.999209374189376831e-01 -2.755916118621826172e-01 1.000000000000000000e+00 0.000000000000000000e+00 0.000000000000000000e+00
-5.351286008954048157e-02 -3.933425843715667725e-01 1.000000000000000000e+00 0.000000000000000000e+00 0.000000000000000000e+00
1.034905686974525452e-01 -2.329207956790924072e-02 1.000000000000000000e+00 0.000000000000000000e+00 0.000000000000000000e+00
1.035664826631546021e-01 4.151039719581604004e-01 1.000000000000000000e+00 0.000000000000000000e+00 0.000000000000000000e+00
-1.265925914049148560e-01 1.969324588775634766e+00 1.000000000000000000e+00 0.000000000000000000e+00 0.000000000000000000e+00
4.427742213010787964e-02 4.897709488868713379e-01 0.000000000000000000e+00 1.000000000000000000e+00 0.000000000000000000e+00
-8.175177574157714844e-01 -3.398158073425292969e+00 0.000000000000000000e+00 0.000000000000000000e+00 1.000000000000000000e+00
-6.257805824279785156e-01 9.291247725486755371e-01 0.000000000000000000e+00 0.000000000000000000e+00 1.000000000000000000e+00
-1.356020450592041016e+00 -4.039950966835021973e-01 0.000000000000000000e+00 0.000000000000000000e+00 1.000000000000000000e+00
-1.001210570335388184e+00 -3.114288449287414551e-01 0.000000000000000000e+00 0.000000000000000000e+00 1.000000000000000000e+00
-1.036376595497131348e+00 -2.841215729713439941e-01 0.000000000000000000e+00 0.000000000000000000e+00 1.000000000000000000e+00
-1.003469467163085938e+00 -2.871580719947814941e-01 0.000000000000000000e+00 0.000000000000000000e+00 1.000000000000000000e+00
-9.886678457260131836e-01 -2.919656038284301758e-01 0.000000000000000000e+00 0.000000000000000000e+00 1.000000000000000000e+00
-9.633190631866455078e-01 -2.891674041748046875e-01 0.000000000000000000e+00 0.000000000000000000e+00 1.000000000000000000e+00
-9.617990255355834961e-01 -2.690243124961853027e-01 0.000000000000000000e+00 0.000000000000000000e+00 1.000000000000000000e+00
-9.489766359329223633e-01 -2.574832439422607422e-01 0.000000000000000000e+00 0.000000000000000000e+00 1.000000000000000000e+00
-9.051442146301269531e-01 -2.818824648857116699e-01 0.000000000000000000e+00 0.000000000000000000e+00 1.000000000000000000e+00
-8.777256011962890625e-01 -2.950928211212158203e-01 0.000000000000000000e+00 0.000000000000000000e+00 1.000000000000000000e+00
-8.675837516784667969e-01 -2.910057902336120605e-01 0.000000000000000000e+00 0.000000000000000000e+00 1.000000000000000000e+00
-8.569619655609130859e-01 -2.891213893890380859e-01 0.000000000000000000e+00 0.000000000000000000e+00 1.000000000000000000e+00
-8.479133844375610352e-01 -2.881235480308532715e-01 0.000000000000000000e+00 0.000000000000000000e+00 1.000000000000000000e+00
-8.435177803039550781e-01 -2.797214388847351074e-01 0.000000000000000000e+00 0.000000000000000000e+00 1.000000000000000000e+00
-8.282502889633178711e-01 -2.861021161079406738e-01 0.000000000000000000e+00 0.000000000000000000e+00 1.000000000000000000e+00
-8.056176900863647461e-01 -3.032171130180358887e-01 0.000000000000000000e+00 0.000000000000000000e+00 1.000000000000000000e+00
-7.930551767349243164e-01 -3.102892637252807617e-01 0.000000000000000000e+00 0.000000000000000000e+00 1.000000000000000000e+00
-7.858823537826538086e-01 -3.112205862998962402e-01 0.000000000000000000e+00 0.000000000000000000e+00 1.000000000000000000e+00
-7.807477712631225586e-01 -3.067872524261474609e-01 0.000000000000000000e+00 0.000000000000000000e+00 1.000000000000000000e+00
-7.773324251174926758e-01 -2.985706925392150879e-01 0.000000000000000000e+00 0.000000000000000000e+00 1.000000000000000000e+00
-7.733311653137207031e-01 -2.921240925788879395e-01 0.000000000000000000e+00 0.000000000000000000e+00 1.000000000000000000e+00
-7.657754421234130859e-01 -2.934085726737976074e-01 0.000000000000000000e+00 0.000000000000000000e+00 1.000000000000000000e+00
-7.568027973175048828e-01 -2.986655235290527344e-01 0.000000000000000000e+00 0.000000000000000000e+00 1.000000000000000000e+00
-7.487269639968872070e-01 -3.062338232994079590e-01 0.000000000000000000e+00 0.000000000000000000e+00 1.000000000000000000e+00
-7.412902116775512695e-01 -3.109013438224792480e-01 0.000000000000000000e+00 0.000000000000000000e+00 1.000000000000000000e+00
-7.363803386688232422e-01 -3.103178143501281738e-01 0.000000000000000000e+00 0.000000000000000000e+00 1.000000000000000000e+00
-7.303973436355590820e-01 -3.068438768386840820e-01 0.000000000000000000e+00 0.000000000000000000e+00 1.000000000000000000e+00
-7.216912508010864258e-01 -3.068849444389343262e-01 0.000000000000000000e+00 0.000000000000000000e+00 1.000000000000000000e+00
-7.145971059799194336e-01 -3.077475428581237793e-01 0.000000000000000000e+00 0.000000000000000000e+00 1.000000000000000000e+00
-7.088578939437866211e-01 -3.066678643226623535e-01 0.000000000000000000e+00 0.000000000000000000e+00 1.000000000000000000e+00
-7.055569887161254883e-01 -3.023961782455444336e-01 0.000000000000000000e+00 0.000000000000000000e+00 1.000000000000000000e+00
-7.018140554428100586e-01 -2.978029847145080566e-01 0.000000000000000000e+00 0.000000000000000000e+00 1.000000000000000000e+00
-6.963912248611450195e-01 -2.946327328681945801e-01 0.000000000000000000e+00 0.000000000000000000e+00 1.000000000000000000e+00
-6.897010207176208496e-01 -2.949516177177429199e-01 0.000000000000000000e+00 0.000000000000000000e+00 1.000000000000000000e+00
-6.844532489776611328e-01 -2.983972430229187012e-01 0.000000000000000000e+00 0.000000000000000000e+00 1.000000000000000000e+00
-6.855463385581970215e-01 -2.973170876502990723e-01 0.000000000000000000e+00 0.000000000000000000e+00 1.000000000000000000e+00
-6.852729320526123047e-01 -2.948259711265563965e-01 0.000000000000000000e+00 0.000000000000000000e+00 1.000000000000000000e+00
-6.806381940841674805e-01 -2.942470908164978027e-01 0.000000000000000000e+00 0.000000000000000000e+00 1.000000000000000000e+00
-6.782732009887695312e-01 -2.898539900779724121e-01 0.000000000000000000e+00 0.000000000000000000e+00 1.000000000000000000e+00
-6.764380931854248047e-01 -2.861285805702209473e-01 0.000000000000000000e+00 0.000000000000000000e+00 1.000000000000000000e+00
-6.717479228973388672e-01 -2.903092503547668457e-01 0.000000000000000000e+00 0.000000000000000000e+00 1.000000000000000000e+00
-6.684778928756713867e-01 -2.969127297401428223e-01 0.000000000000000000e+00 0.000000000000000000e+00 1.000000000000000000e+00
-6.680325269699096680e-01 -3.006703257560729980e-01 0.000000000000000000e+00 0.000000000000000000e+00 1.000000000000000000e+00
-6.664738655090332031e-01 -3.008418679237365723e-01 0.000000000000000000e+00 0.000000000000000000e+00 1.000000000000000000e+00
-6.598032712936401367e-01 -3.017041087150573730e-01 0.000000000000000000e+00 0.000000000000000000e+00 1.000000000000000000e+00
-6.544864177703857422e-01 -2.982079982757568359e-01 0.000000000000000000e+00 0.000000000000000000e+00 1.000000000000000000e+00
-6.521733999252319336e-01 -2.897326946258544922e-01 0.000000000000000000e+00 0.000000000000000000e+00 1.000000000000000000e+00
-6.501305103302001953e-01 -2.847707271575927734e-01 0.000000000000000000e+00 0.000000000000000000e+00 1.000000000000000000e+00
-6.524679064750671387e-01 -2.801298499107360840e-01 0.000000000000000000e+00 0.000000000000000000e+00 1.000000000000000000e+00
-6.593683958053588867e-01 -2.737007737159729004e-01 0.000000000000000000e+00 0.000000000000000000e+00 1.000000000000000000e+00
-6.658115983009338379e-01 -2.692382931709289551e-01 0.000000000000000000e+00 0.000000000000000000e+00 1.000000000000000000e+00
-6.619468331336975098e-01 -2.756974101066589355e-01 0.000000000000000000e+00 0.000000000000000000e+00 1.000000000000000000e+00
-6.519798636436462402e-01 -2.881350517272949219e-01 0.000000000000000000e+00 0.000000000000000000e+00 1.000000000000000000e+00
0.000000000000000000e+00 0.000000000000000000e+00 0.000000000000000000e+00 0.000000000000000000e+00 0.000000000000000000e+00
0.000000000000000000e+00 0.000000000000000000e+00 0.000000000000000000e+00 0.000000000000000000e+00 0.000000000000000000e+00
0.000000000000000000e+00 0.000000000000000000e+00 0.000000000000000000e+00 0.000000000000000000e+00 0.000000000000000000e+00
0.000000000000000000e+00 0.000000000000000000e+00 0.000000000000000000e+00 0.000000000000000000e+00 0.000000000000000000e+00
0.000000000000000000e+00 0.000000000000000000e+00 0.000000000000000000e+00 0.000000000000000000e+00 0.000000000000000000e+00
0.000000000000000000e+00 0.000000000000000000e+00 0.000000000000000000e+00 0.000000000000000000e+00 0.000000000000000000e+00
0.000000000000000000e+00 0.000000000000000000e+00 0.000000000000000000e+00 0.000000000000000000e+00 0.000000000000000000e+00
0.000000000000000000e+00 0.000000000000000000e+00 0.000000000000000000e+00 0.000000000000000000e+00 0.000000000000000000e+00
0.000000000000000000e+00 0.000000000000000000e+00 0.000000000000000000e+00 0.000000000000000000e+00 0.000000000000000000e+00
0.000000000000000000e+00 0.000000000000000000e+00 0.000000000000000000e+00 0.000000000000000000e+00 0.000000000000000000e+00
0.000000000000000000e+00 0.000000000000000000e+00 0.000000000000000000e+00 0.000000000000000000e+00 0.000000000000000000e+00
0.000000000000000000e+00 0.000000000000000000e+00 0.000000000000000000e+00 0.000000000000000000e+00 0.000000000000000000e+00
0.000000000000000000e+00 0.000000000000000000e+00 0.000000000000000000e+00 0.000000000000000000e+00 0.000000000000000000e+00
0.000000000000000000e+00 0.000000000000000000e+00 0.000000000000000000e+00 0.000000000000000000e+00 0.000000000000000000e+00
0.000000000000000000e+00 0.000000000000000000e+00 0.000000000000000000e+00 0.000000000000000000e+00 0.000000000000000000e+00
0.000000000000000000e+00 0.000000000000000000e+00 0.000000000000000000e+00 0.000000000000000000e+00 0.000000000000000000e+00
0.000000000000000000e+00 0.000000000000000000e+00 0.000000000000000000e+00 0.000000000000000000e+00 0.000000000000000000e+00
0.000000000000000000e+00 0.000000000000000000e+00 0.000000000000000000e+00 0.000000000000000000e+00 0.000000000000000000e+00
0.000000000000000000e+00 0.000000000000000000e+00 0.000000000000000000e+00 0.000000000000000000e+00 0.000000000000000000e+00
0.000000000000000000e+00 0.000000000000000000e+00 0.000000000000000000e+00 0.000000000000000000e+00 0.000000000000000000e+00
0.000000000000000000e+00 0.000000000000000000e+00 0.000000000000000000e+00 0.000000000000000000e+00 0.000000000000000000e+00
0.000000000000000000e+00 0.000000000000000000e+00 0.000000000000000000e+00 0.000000000000000000e+00 0.000000000000000000e+00
0.000000000000000000e+00 0.000000000000000000e+00 0.000000000000000000e+00 0.000000000000000000e+00 0.000000000000000000e+00
0.000000000000000000e+00 0.000000000000000000e+00 0.000000000000000000e+00 0.000000000000000000e+00 0.000000000000000000e+00
0.000000000000000000e+00 0.000000000000000000e+00 0.000000000000000000e+00 0.000000000000000000e+00 0.000000000000000000e+00
0.000000000000000000e+00 0.000000000000000000e+00 0.000000000000000000e+00 0.000000000000000000e+00 0.000000000000000000e+00
0.000000000000000000e+00 0.000000000000000000e+00 0.000000000000000000e+00 0.000000000000000000e+00 0.000000000000000000e+00
0.000000000000000000e+00 0.000000000000000000e+00 0.000000000000000000e+00 0.000000000000000000e+00 0.000000000000000000e+00
0.000000000000000000e+00 0.000000000000000000e+00 0.000000000000000000e+00 0.000000000000000000e+00 0.000000000000000000e+00
0.000000000000000000e+00 0.000000000000000000e+00 0.000000000000000000e+00 0.000000000000000000e+00 0.000000000000000000e+00
0.000000000000000000e+00 0.000000000000000000e+00 0.000000000000000000e+00 0.000000000000000000e+00 0.000000000000000000e+00
0.000000000000000000e+00 0.000000000000000000e+00 0.000000000000000000e+00 0.000000000000000000e+00 0.000000000000000000e+00
0.000000000000000000e+00 0.000000000000000000e+00 0.000000000000000000e+00 0.000000000000000000e+00 0.000000000000000000e+00
0.000000000000000000e+00 0.000000000000000000e+00 0.000000000000000000e+00 0.000000000000000000e+00 0.000000000000000000e+00
0.000000000000000000e+00 0.000000000000000000e+00 0.000000000000000000e+00 0.000000000000000000e+00 0.000000000000000000e+00
0.000000000000000000e+00 0.000000000000000000e+00 0.000000000000000000e+00 0.000000000000000000e+00 0.000000000000000000e+00
0.000000000000000000e+00 0.000000000000000000e+00 0.000000000000000000e+00 0.000000000000000000e+00 0.000000000000000000e+00
