0.000000000000000000e+00 0.000000000000000000e+00 1.000000000000000000e+00 0.000000000000000000e+00 0.000000000000000000e+00
1.257520318031311035e+00 -2.884270846843719482e-01 1.000000000000000000e+00 0.000000000000000000e+00 0.000000000000000000e+00
5.831040143966674805e-01 -2.463594526052474976e-01 0.000000000000000000e+00 1.000000000000000000e+00 0.000000000000000000e+00
-1.041216015815734863e+00 -2.832587361335754395e-01 1.000000000000000000e+00 0.000000000000000000e+00 0.000000000000000000e+00
-1.543702483177185059e-01 9.995163679122924805e-01 1.000000000000000000e+00 0.000000000000000000e+00 0.000000000000000000e+00
3.383170440793037415e-02 2.054108977317810059e-01 0.000000000000000000e+00 1.000000000000000000e+00 0.000000000000000000e+00
8.586744070053100586e-01 -1.119692683219909668e+00 1.000000000000000000e+00 0.000000000000000000e+00 0.000000000000000000e+00
-5.774292945861816406e-01 9.967863559722900391e-01 1.000000000000000000e+00 0.000000000000000000e+00 0.000000000000000000e+00
4.150815010070800781e-01 -6.545211374759674072e-02 0.000000000000000000e+00 1.000000000000000000e+00 0.000000000000000000e+00
-1.091168284416198730e+00 8.619778752326965332e-01 1.000000000000000000e+00 0.000000000000000000e+00 0.000000000000000000e+00
2.105420082807540894e-02 4.853517413139343262e-01 1.000000000000000000e+00 0.000000000000000000e+00 0.000000000000000000e+00
-7.596544921398162842e-02 1.779281497001647949e-01 0.000000000000000000e+00 1.000000000000000000e+00 0.000000000000000000e+00
5.455839633941650391e-01 -6.998527050018310547e-01 1.000000000000000000e+00 0.000000000000000000e+00 0.000000000000000000e+00
6.642372608184814453e-01 -7.728163897991180420e-02 1.000000000000000000e+00 0.000000000000000000e+00 0.000000000000000000e+00
-5.912266969680786133e-01 5.951585173606872559e-01 1.000000000000000000e+00 0.000000000000000000e+00 0.000000000000000000e+00
3.318514823913574219e-01 -1.579376310110092163e-01 1.000000000000000000e+00 0.000000000000000000e+00 0.000000000000000000e+00
1.101817339658737183e-01 -1.294030994176864624e-01 0.000000000000000000e+00 1.000000000000000000e+00 0.000000000000000000e+00
-2.382229268550872803e-01 -5.103377103805541992e-01 1.000000000000000000e+00 0.000000000000000000e+00 0.000000000000000000e+00
-9.272192418575286865e-02 1.451264619827270508e+00 1.000000000000000000e+00 0.000000000000000000e+00 0.000000000000000000e+00
-7.535304129123687744e-02 2.614001035690307617e-01 0.000000000000000000e+00 1.000000000000000000e+00 0.000000000000000000e+00
-2.182793319225311279e-01 -4.719369113445281982e-01 1.000000000000000000e+00 0.000000000000000000e+00 0.000000000000000000e+00
5.351719856262207031e-01 -9.539020806550979614e-02 0.000000000000000000e+00 1.000000000000000000e+00 0.000000000000000000e+00
-4.396176636219024658e-01 4.719204902648925781e-01 1.000000000000000000e+00 0.000000000000000000e+00 0.000000000000000000e+00
5.566424727439880371e-01 -1.367156952619552612e-01 1.000000000000000000e+00 0.000000000000000000e+00 0.000000000000000000e+00
3.211944699287414551e-01 -2.018633335828781128e-01 0.000000000000000000e+00 1.000000000000000000e+00 0.000000000000000000e+00
1.100938558578491211e+00 -1.957095026969909668e+00 1.000000000000000000e+00 0.000000000000000000e+00 0.000000000000000000e+00
6.933193802833557129e-01 -1.027331948280334473e-01 1.000000000000000000e+00 0.000000000000000000e+00 0.000000000000000000e+00
2.116959989070892334e-01 7.973700016736984253e-02 1.000000000000000000e+00 0.000000000000000000e+00 0.000000000000000000e+00
-4.031831622123718262e-01 6.410767436027526855e-01 1.000000000000000000e+00 0.000000000000000000e+00 0.000000000000000000e+00
3.127374947071075439e-01 4.860883653163909912e-01 1.000000000000000000e+00 0.000000000000000000e+00 0.000000000000000000e+00
-1.864772476255893707e-02 3.553563356399536133e-01 1.000000000000000000e+00 0.000000000000000000e+00 0.000000000000000000e+00
-1.066459268331527710e-01 1.307579278945922852e-01 1.000000000000000000e+00 0.000000000000000000e+00 0.000000000000000000e+00
-2.650660276412963867e-01 4.001815989613533020e-02 1.000000000000000000e+00 0.000000000000000000e+00 0.000000000000000000e+00
-2.538186311721801758e-01 -1.115467250347137451e-01 1.000000000000000000e+00 0.000000000000000000e+00 0.000000000000000000e+00
-2.537750005722045898e-01 -2.931735515594482422e-01 1.000000000000000000e+00 0.000000000000000000e+00 0.000000000000000000e+00
-1.415816545486450195e-01 -4.453951716423034668e-01 1.000000000000000000e+00 0.000000000000000000e+00 0.000000000000000000e+00
1.458903849124908447e-01 5.793131589889526367e-01 1.000000000000000000e+00 0.000000000000000000e+00 0.000000000000000000e+00
-6.100782752037048340e-02 1.946350574493408203e+00 1.000000000000000000e+00 0.000000000000000000e+00 0.000000000000000000e+00
-1.364755332469940186e-01 6.685265302658081055e-01 0.000000000000000000e+00 1.000000000000000000e+00 0.000000000000000000e+00
-7.933466434478759766e-01 -3.842566490173339844e+00 0.000000000000000000e+00 0.000000000000000000e+00 1.000000000000000000e+00
-6.124405860900878906e-01 8.265508413314819336e-01 0.000000000000000000e+00 0.000000000000000000e+00 1.000000000000000000e+00
-1.350485563278198242e+00 -7.755900025367736816e-01 0.000000000000000000e+00 0.000000000000000000e+00 1.000000000000000000e+00
-1.032957792282104492e+00 -4.437558054924011230e-01 0.000000000000000000e+00 0.000000000000000000e+00 1.000000000000000000e+00
-1.087434530258178711e+00 -4.791973233222961426e-01 0.000000000000000000e+00 0.000000000000000000e+00 1.000000000000000000e+00
-1.015254497528076172e+00 -4.762390255928039551e-01 0.000000000000000000e+00 0.000000000000000000e+00 1.000000000000000000e+00
-9.986618757247924805e-01 -4.697566628456115723e-01 0.000000000000000000e+00 0.000000000000000000e+00 1.000000000000000000e+00
-9.842628240585327148e-01 -4.557097554206848145e-01 0.000000000000000000e+00 0.000000000000000000e+00 1.000000000000000000e+00
-9.751803874969482422e-01 -4.384896159172058105e-01 0.000000000000000000e+00 0.000000000000000000e+00 1.000000000000000000e+00
-9.652671813964843750e-01 -4.200947880744934082e-01 0.000000000000000000e+00 0.000000000000000000e+00 1.000000000000000000e+00
-9.505708217620849609e-01 -4.059036374092102051e-01 0.000000000000000000e+00 0.000000000000000000e+00 1.000000000000000000e+00
-9.312176704406738281e-01 -3.958131670951843262e-01 0.000000000000000000e+00 0.000000000000000000e+00 1.000000000000000000e+00
-9.110347032546997070e-01 -3.915346264839172363e-01 0.000000000000000000e+00 0.000000000000000000e+00 1.000000000000000000e+00
-8.957346677780151367e-01 -3.954977393150329590e-01 0.000000000000000000e+00 0.000000000000000000e+00 1.000000000000000000e+00
-8.858312368392944336e-01 -4.005044102668762207e-01 0.000000000000000000e+00 0.000000000000000000e+00 1.000000000000000000e+00
-8.788807392120361328e-01 -3.992543816566467285e-01 0.000000000000000000e+00 0.000000000000000000e+00 1.000000000000000000e+00
-8.774199485778808594e-01 -3.904557824134826660e-01 0.000000000000000000e+00 0.000000000000000000e+00 1.000000000000000000e+00
-8.663216829299926758e-01 -3.883348107337951660e-01 0.000000000000000000e+00 0.000000000000000000e+00 1.000000000000000000e+00
-8.458634614944458008e-01 -3.919795155525207520e-01 0.000000000000000000e+00 0.000000000000000000e+00 1.000000000000000000e+00
-8.317656517028808594e-01 -3.918176293373107910e-01 0.000000000000000000e+00 0.000000000000000000e+00 1.000000000000000000e+00
-8.206765651702880859e-01 -3.923409581184387207e-01 0.000000000000000000e+00 0.000000000000000000e+00 1.000000000000000000e+00
-8.112202882766723633e-01 -3.942976593971252441e-01 0.000000000000000000e+00 0.000000000000000000e+00 1.000000000000000000e+00
-8.038811683654785156e-01 -3.914321064949035645e-01 0.000000000000000000e+00 0.000000000000000000e+00 1.000000000000000000e+00
-7.996933460235595703e-01 -3.855088353157043457e-01 0.000000000000000000e+00 0.000000000000000000e+00 1.000000000000000000e+00
-7.934317588806152344e-01 -3.826726078987121582e-01 0.000000000000000000e+00 0.000000000000000000e+00 1.000000000000000000e+00
-7.833639383316040039e-01 -3.863320946693420410e-01 0.000000000000000000e+00 0.000000000000000000e+00 1.000000000000000000e+00
-7.769405841827392578e-01 -3.910850882530212402e-01 0.000000000000000000e+00 0.000000000000000000e+00 1.000000000000000000e+00
-7.728270292282104492e-01 -3.958374857902526855e-01 0.000000000000000000e+00 0.000000000000000000e+00 1.000000000000000000e+00
-7.681350708007812500e-01 -3.990033268928527832e-01 0.000000000000000000e+00 0.000000000000000000e+00 1.000000000000000000e+00
-7.644268274307250977e-01 -3.949527144432067871e-01 0.000000000000000000e+00 0.000000000000000000e+00 1.000000000000000000e+00
-7.588921785354614258e-01 -3.897064328193664551e-01 0.000000000000000000e+00 0.000000000000000000e+00 1.000000000000000000e+00
-7.510849237442016602e-01 -3.868373036384582520e-01 0.000000000000000000e+00 0.000000000000000000e+00 1.000000000000000000e+00
-7.472676038742065430e-01 -3.856704831123352051e-01 0.000000000000000000e+00 0.000000000000000000e+00 1.000000000000000000e+00
-7.454190254211425781e-01 -3.884096741676330566e-01 0.000000000000000000e+00 0.000000000000000000e+00 1.000000000000000000e+00
-7.421827316284179688e-01 -3.950656056404113770e-01 0.000000000000000000e+00 0.000000000000000000e+00 1.000000000000000000e+00
-7.415912151336669922e-01 -3.950088620185852051e-01 0.000000000000000000e+00 0.000000000000000000e+00 1.000000000000000000e+00
-7.392493486404418945e-01 -3.902966380119323730e-01 0.000000000000000000e+00 0.000000000000000000e+00 1.000000000000000000e+00
-7.271490097045898438e-01 -3.914535641670227051e-01 0.000000000000000000e+00 0.000000000000000000e+00 1.000000000000000000e+00
-7.098996639251708984e-01 -3.956863284111022949e-01 0.000000000000000000e+00 0.000000000000000000e+00 1.000000000000000000e+00
-7.060719728469848633e-01 -3.927770256996154785e-01 0.000000000000000000e+00 0.000000000000000000e+00 1.000000000000000000e+00
-7.074290513992309570e-01 -3.892248272895812988e-01 0.000000000000000000e+00 0.000000000000000000e+00 1.000000000000000000e+00
-7.073153257369995117e-01 -3.884850144386291504e-01 0.000000000000000000e+00 0.000000000000000000e+00 1.000000000000000000e+00
-7.085266113281250000e-01 -3.858128190040588379e-01 0.000000000000000000e+00 0.000000000000000000e+00 1.000000000000000000e+00
-7.110306024551391602e-01 -3.817403912544250488e-01 0.000000000000000000e+00 0.000000000000000000e+00 1.000000000000000000e+00
-7.063021659851074219e-01 -3.818591237068176270e-01 0.000000000000000000e+00 0.000000000000000000e+00 1.000000000000000000e+00
-6.965956687927246094e-01 -3.854050040245056152e-01 0.000000000000000000e+00 0.000000000000000000e+00 1.000000000000000000e+00
-6.898941993713378906e-01 -3.853692412376403809e-01 0.000000000000000000e+00 0.000000000000000000e+00 1.000000000000000000e+00
-6.861814260482788086e-01 -3.786597847938537598e-01 0.000000000000000000e+00 0.000000000000000000e+00 1.000000000000000000e+00
-6.852961778640747070e-01 -3.610580563545227051e-01 0.000000000000000000e+00 0.000000000000000000e+00 1.000000000000000000e+00
-6.846123933792114258e-01 -3.488910794258117676e-01 0.000000000000000000e+00 0.000000000000000000e+00 1.000000000000000000e+00
0.000000000000000000e+00 0.000000000000000000e+00 0.000000000000000000e+00 0.000000000000000000e+00 0.000000000000000000e+00
0.000000000000000000e+00 0.000000000000000000e+00 0.000000000000000000e+00 0.000000000000000000e+00 0.000000000000000000e+00
0.000000000000000000e+00 0.000000000000000000e+00 0.000000000000000000e+00 0.000000000000000000e+00 0.000000000000000000e+00
0.000000000000000000e+00 0.000000000000000000e+00 0.000000000000000000e+00 0.000000000000000000e+00 0.000000000000000000e+00
0.000000000000000000e+00 0.000000000000000000e+00 0.000000000000000000e+00 0.000000000000000000e+00 0.000000000000000000e+00
0.000000000000000000e+00 0.000000000000000000e+00 0.000000000000000000e+00 0.000000000000000000e+00 0.000000000000000000e+00
0.000000000000000000e+00 0.000000000000000000e+00 0.000000000000000000e+00 0.000000000000000000e+00 0.000000000000000000e+00
0.000000000000000000e+00 0.000000000000000000e+00 0.000000000000000000e+00 0.000000000000000000e+00 0.000000000000000000e+00
0.000000000000000000e+00 0.000000000000000000e+00 0.000000000000000000e+00 0.000000000000000000e+00 0.000000000000000000e+00
0.000000000000000000e+00 0.000000000000000000e+00 0.000000000000000000e+00 0.000000000000000000e+00 0.000000000000000000e+00
0.000000000000000000e+00 0.000000000000000000e+00 0.000000000000000000e+00 0.000000000000000000e+00 0.000000000000000000e+00
0.000000000000000000e+00 0.000000000000000000e+00 0.000000000000000000e+00 0.000000000000000000e+00 0.000000000000000000e+00
0.000000000000000000e+00 0.000000000000000000e+00 0.000000000000000000e+00 0.000000000000000000e+00 0.000000000000000000e+00
0.000000000000000000e+00 0.000000000000000000e+00 0.000000000000000000e+00 0.000000000000000000e+00 0.000000000000000000e+00
0.000000000000000000e+00 0.000000000000000000e+00 0.000000000000000000e+00 0.000000000000000000e+00 0.000000000000000000e+00
0.000000000000000000e+00 0.000000000000000000e+00 0.000000000000000000e+00 0.000000000000000000e+00 0.000000000000000000e+00
0.000000000000000000e+00 0.000000000000000000e+00 0.000000000000000000e+00 0.000000000000000000e+00 0.000000000000000000e+00
0.000000000000000000e+00 0.000000000000000000e+00 0.000000000000000000e+00 0.000000000000000000e+00 0.000000000000000000e+00
0.000000000000000000e+00 0.000000000000000000e+00 0.000000000000000000e+00 0.000000000000000000e+00 0.000000000000000000e+00
0.000000000000000000e+00 0.000000000000000000e+00 0.000000000000000000e+00 0.000000000000000000e+00 0.000000000000000000e+00
0.000000000000000000e+00 0.000000000000000000e+00 0.000000000000000000e+00 0.000000000000000000e+00 0.000000000000000000e+00
0.000000000000000000e+00 0.000000000000000000e+00 0.000000000000000000e+00 0.000000000000000000e+00 0.000000000000000000e+00
0.000000000000000000e+00 0.000000000000000000e+00 0.000000000000000000e+00 0.000000000000000000e+00 0.000000000000000000e+00
0.000000000000000000e+00 0.000000000000000000e+00 0.000000000000000000e+00 0.000000000000000000e+00 0.000000000000000000e+00
0.000000000000000000e+00 0.000000000000000000e+00 0.000000000000000000e+00 0.000000000000000000e+00 0.000000000000000000e+00
0.000000000000000000e+00 0.000000000000000000e+00 0.000000000000000000e+00 0.000000000000000000e+00 0.000000000000000000e+00
0.000000000000000000e+00 0.000000000000000000e+00 0.000000000000000000e+00 0.000000000000000000e+00 0.000000000000000000e+00
0.000000000000000000e+00 0.000000000000000000e+00 0.000000000000000000e+00 0.000000000000000000e+00 0.000000000000000000e+00
0.000000000000000000e+00 0.000000000000000000e+00 0.000000000000000000e+00 0.000000000000000000e+00 0.000000000000000000e+00
0.000000000000000000e+00 0.000000000000000000e+00 0.000000000000000000e+00 0.000000000000000000e+00 0.000000000000000000e+00
0.000000000000000000e+00 0.000000000000000000e+00 0.000000000000000000e+00 0.000000000000000000e+00 0.000000000000000000e+00
0.000000000000000000e+00 0.000000000000000000e+00 0.000000000000000000e+00 0.000000000000000000e+00 0.000000000000000000e+00
