0.000000000000000000e+00 0.000000000000000000e+00 1.000000000000000000e+00 0.000000000000000000e+00 0.000000000000000000e+00
7.303565740585327148e-01 -1.563639640808105469e-01 1.000000000000000000e+00 0.000000000000000000e+00 0.000000000000000000e+00
2.215138822793960571e-01 1.946025341749191284e-02 0.000000000000000000e+00 1.000000000000000000e+00 0.000000000000000000e+00
-1.241508007049560547e+00 8.483970761299133301e-01 1.000000000000000000e+00 0.000000000000000000e+00 0.000000000000000000e+00
-5.108492821455001831e-02 1.008640050888061523e+00 1.000000000000000000e+00 0.000000000000000000e+00 0.000000000000000000e+00
-6.248166039586067200e-02 2.339883893728256226e-01 0.000000000000000000e+00 1.000000000000000000e+00 0.000000000000000000e+00
3.445246815681457520e-01 -1.128989577293395996e+00 1.000000000000000000e+00 0.000000000000000000e+00 0.000000000000000000e+00
8.983540534973144531e-01 -1.588413268327713013e-01 1.000000000000000000e+00 0.000000000000000000e+00 0.000000000000000000e+00
3.436750471591949463e-01 3.626367449760437012e-02 1.000000000000000000e+00 0.000000000000000000e+00 0.000000000000000000e+00
4.373884201049804688e-02 2.784939706325531006e-01 1.000000000000000000e+00 0.000000000000000000e+00 0.000000000000000000e+00
-1.070167720317840576e-01 4.841052889823913574e-01 1.000000000000000000e+00 0.000000000000000000e+00 0.000000000000000000e+00
-1.045799851417541504e-01 2.150788903236389160e-01 1.000000000000000000e+00 0.000000000000000000e+00 0.000000000000000000e+00
-1.349049955606460571e-01 1.126399561762809753e-01 0.000000000000000000e+00 1.000000000000000000e+00 0.000000000000000000e+00
-5.405366420745849609e-01 -1.415317654609680176e+00 1.000000000000000000e+00 0.000000000000000000e+00 0.000000000000000000e+00
-1.475761383771896362e-01 7.776884436607360840e-01 1.000000000000000000e+00 0.000000000000000000e+00 0.000000000000000000e+00
2.339547872543334961e-02 8.876735717058181763e-02 0.000000000000000000e+00 1.000000000000000000e+00 0.000000000000000000e+00
5.139152407646179199e-01 -7.875376939773559570e-01 1.000000000000000000e+00 0.000000000000000000e+00 0.000000000000000000e+00
-1.511433124542236328e-01 6.589665412902832031e-01 1.000000000000000000e+00 0.000000000000000000e+00 0.000000000000000000e+00
-9.558906406164169312e-02 1.545128822326660156e-01 0.000000000000000000e+00 1.000000000000000000e+00 0.000000000000000000e+00
-2.042857408523559570e-01 6.101775169372558594e-02 1.000000000000000000e+00 0.000000000000000000e+00 0.000000000000000000e+00
4.260746538639068604e-01 -2.443851530551910400e-02 1.000000000000000000e+00 0.000000000000000000e+00 0.000000000000000000e+00
4.317566752433776855e-02 3.880884125828742981e-02 0.000000000000000000e+00 1.000000000000000000e+00 0.000000000000000000e+00
-5.238593220710754395e-01 4.054139852523803711e-01 1.000000000000000000e+00 0.000000000000000000e+00 0.000000000000000000e+00
6.000285148620605469e-01 -9.845708310604095459e-02 1.000000000000000000e+00 0.000000000000000000e+00 0.000000000000000000e+00
2.506038248538970947e-01 -1.119558140635490417e-01 0.000000000000000000e+00 1.000000000000000000e+00 0.000000000000000000e+00
8.099403977394104004e-01 -1.960153102874755859e+00 1.000000000000000000e+00 0.000000000000000000e+00 0.000000000000000000e+00
7.600121498107910156e-01 -1.513112932443618774e-01 1.000000000000000000e+00 0.000000000000000000e+00 0.000000000000000000e+00
2.420125752687454224e-01 3.930985182523727417e-02 1.000000000000000000e+00 0.000000000000000000e+00 0.000000000000000000e+00
-6.003386154770851135e-02 2.113143652677536011e-01 1.000000000000000000e+00 0.000000000000000000e+00 0.000000000000000000e+00
-1.225691884756088257e-01 1.718233376741409302e-01 1.000000000000000000e+00 0.000000000000000000e+00 0.000000000000000000e+00
-1.707235872745513916e-01 1.412075012922286987e-01 0.000000000000000000e+00 1.000000000000000000e+00 0.000000000000000000e+00
-1.737288683652877808e-01 -2.842018306255340576e-01 1.000000000000000000e+00 0.000000000000000000e+00 0.000000000000000000e+00
-1.949934065341949463e-01 5.943968296051025391e-01 1.000000000000000000e+00 0.000000000000000000e+00 0.000000000000000000e+00
-9.096865355968475342e-02 1.238590329885482788e-01 0.000000000000000000e+00 1.000000000000000000e+00 0.000000000000000000e+00
2.534676194190979004e-01 -2.866651415824890137e-01 1.000000000000000000e+00 0.000000000000000000e+00 0.000000000000000000e+00
3.207235634326934814e-01 -6.410107016563415527e-02 0.000000000000000000e+00 1.000000000000000000e+00 0.000000000000000000e+00
-7.007758021354675293e-01 -5.295529216527938843e-02 1.000000000000000000e+00 0.000000000000000000e+00 0.000000000000000000e+00
-6.100697517395019531e-01 8.068756461143493652e-01 1.000000000000000000e+00 0.000000000000000000e+00 0.000000000000000000e+00
-2.473516464233398438e-01 1.960695087909698486e-01 0.000000000000000000e+00 1.000000000000000000e+00 0.000000000000000000e+00
6.556062698364257812e-01 -4.796074628829956055e-01 1.000000000000000000e+00 0.000000000000000000e+00 0.000000000000000000e+00
9.875040054321289062e-01 3.002119362354278564e-01 1.000000000000000000e+00 0.000000000000000000e+00 0.000000000000000000e+00
6.258096098899841309e-01 6.508676707744598389e-02 0.000000000000000000e+00 1.000000000000000000e+00 0.000000000000000000e+00
-1.706401944160461426e+00 1.865629553794860840e-01 1.000000000000000000e+00 0.000000000000000000e+00 0.000000000000000000e+00
-1.150025948882102966e-01 8.142448663711547852e-01 1.000000000000000000e+00 0.000000000000000000e+00 0.000000000000000000e+00
-6.972965598106384277e-02 1.860021799802780151e-01 0.000000000000000000e+00 1.000000000000000000e+00 0.000000000000000000e+00
4.046345949172973633e-01 -1.013269186019897461e+00 1.000000000000000000e+00 0.000000000000000000e+00 0.000000000000000000e+00
6.487799882888793945e-01 -8.571629226207733154e-02 1.000000000000000000e+00 0.000000000000000000e+00 0.000000000000000000e+00
2.183570712804794312e-01 7.676052302122116089e-02 1.000000000000000000e+00 0.000000000000000000e+00 0.000000000000000000e+00
-4.259707033634185791e-02 1.051068782806396484e+00 1.000000000000000000e+00 0.000000000000000000e+00 0.000000000000000000e+00
-6.010621413588523865e-02 1.368398368358612061e-01 1.000000000000000000e+00 0.000000000000000000e+00 0.000000000000000000e+00
-1.083436086773872375e-01 4.995157197117805481e-02 0.000000000000000000e+00 1.000000000000000000e+00 0.000000000000000000e+00
-4.246576130390167236e-01 -8.480063676834106445e-01 1.000000000000000000e+00 0.000000000000000000e+00 0.000000000000000000e+00
3.198100626468658447e-01 3.742381930351257324e-03 0.000000000000000000e+00 1.000000000000000000e+00 0.000000000000000000e+00
-2.374547123908996582e-01 2.719434499740600586e-01 1.000000000000000000e+00 0.000000000000000000e+00 0.000000000000000000e+00
5.021325349807739258e-01 -5.924817919731140137e-02 1.000000000000000000e+00 0.000000000000000000e+00 0.000000000000000000e+00
3.226347863674163818e-01 -1.416194438934326172e-01 0.000000000000000000e+00 1.000000000000000000e+00 0.000000000000000000e+00
-1.316933155059814453e+00 -1.749121665954589844e+00 0.000000000000000000e+00 0.000000000000000000e+00 1.000000000000000000e+00
-5.129117965698242188e-01 1.009926319122314453e+00 0.000000000000000000e+00 0.000000000000000000e+00 1.000000000000000000e+00
-1.545937776565551758e+00 -4.944882988929748535e-01 0.000000000000000000e+00 0.000000000000000000e+00 1.000000000000000000e+00
-8.512834310531616211e-01 -7.941246032714843750e-02 0.000000000000000000e+00 0.000000000000000000e+00 1.000000000000000000e+00
-1.215247988700866699e+00 -4.254384636878967285e-01 0.000000000000000000e+00 0.000000000000000000e+00 1.000000000000000000e+00
-9.904249906539916992e-01 -1.982907056808471680e-01 0.000000000000000000e+00 0.000000000000000000e+00 1.000000000000000000e+00
-1.098795413970947266e+00 -3.318346142768859863e-01 0.000000000000000000e+00 0.000000000000000000e+00 1.000000000000000000e+00
-1.032485008239746094e+00 -2.922695279121398926e-01 0.000000000000000000e+00 0.000000000000000000e+00 1.000000000000000000e+00
0.000000000000000000e+00 0.000000000000000000e+00 0.000000000000000000e+00 0.000000000000000000e+00 0.000000000000000000e+00
0.000000000000000000e+00 0.000000000000000000e+00 0.000000000000000000e+00 0.000000000000000000e+00 0.000000000000000000e+00
0.000000000000000000e+00 0.000000000000000000e+00 0.000000000000000000e+00 0.000000000000000000e+00 0.000000000000000000e+00
0.000000000000000000e+00 0.000000000000000000e+00 0.000000000000000000e+00 0.000000000000000000e+00 0.000000000000000000e+00
0.000000000000000000e+00 0.000000000000000000e+00 0.000000000000000000e+00 0.000000000000000000e+00 0.000000000000000000e+00
0.000000000000000000e+00 0.000000000000000000e+00 0.000000000000000000e+00 0.000000000000000000e+00 0.000000000000000000e+00
0.000000000000000000e+00 0.000000000000000000e+00 0.000000000000000000e+00 0.000000000000000000e+00 0.000000000000000000e+00
0.000000000000000000e+00 0.000000000000000000e+00 0.000000000000000000e+00 0.000000000000000000e+00 0.000000000000000000e+00
0.000000000000000000e+00 0.000000000000000000e+00 0.000000000000000000e+00 0.000000000000000000e+00 0.000000000000000000e+00
0.000000000000000000e+00 0.000000000000000000e+00 0.000000000000000000e+00 0.000000000000000000e+00 0.000000000000000000e+00
0.000000000000000000e+00 0.000000000000000000e+00 0.000000000000000000e+00 0.000000000000000000e+00 0.000000000000000000e+00
0.000000000000000000e+00 0.000000000000000000e+00 0.000000000000000000e+00 0.000000000000000000e+00 0.000000000000000000e+00
0.000000000000000000e+00 0.000000000000000000e+00 0.000000000000000000e+00 0.000000000000000000e+00 0.000000000000000000e+00
0.000000000000000000e+00 0.000000000000000000e+00 0.000000000000000000e+00 0.000000000000000000e+00 0.000000000000000000e+00
0.000000000000000000e+00 0.000000000000000000e+00 0.000000000000000000e+00 0.000000000000000000e+00 0.000000000000000000e+00
0.000000000000000000e+00 0.000000000000000000e+00 0.000000000000000000e+00 0.000000000000000000e+00 0.000000000000000000e+00
0.000000000000000000e+00 0.000000000000000000e+00 0.000000000000000000e+00 0.000000000000000000e+00 0.000000000000000000e+00
0.000000000000000000e+00 0.000000000000000000e+00 0.000000000000000000e+00 0.000000000000000000e+00 0.000000000000000000e+00
0.000000000000000000e+00 0.000000000000000000e+00 0.000000000000000000e+00 0.000000000000000000e+00 0.000000000000000000e+00
0.000000000000000000e+00 0.000000000000000000e+00 0.000000000000000000e+00 0.000000000000000000e+00 0.000000000000000000e+00
0.000000000000000000e+00 0.000000000000000000e+00 0.000000000000000000e+00 0.000000000000000000e+00 0.000000000000000000e+00
0.000000000000000000e+00 0.000000000000000000e+00 0.000000000000000000e+00 0.000000000000000000e+00 0.000000000000000000e+00
0.000000000000000000e+00 0.000000000000000000e+00 0.000000000000000000e+00 0.000000000000000000e+00 0.000000000000000000e+00
0.000000000000000000e+00 0.000000000000000000e+00 0.000000000000000000e+00 0.000000000000000000e+00 0.000000000000000000e+00
0.000000000000000000e+00 0.000000000000000000e+00 0.000000000000000000e+00 0.000000000000000000e+00 0.000000000000000000e+00
0.000000000000000000e+00 0.000000000000000000e+00 0.000000000000000000e+00 0.000000000000000000e+00 0.000000000000000000e+00
0.000000000000000000e+00 0.000000000000000000e+00 0.000000000000000000e+00 0.000000000000000000e+00 0.000000000000000000e+00
0.000000000000000000e+00 0.000000000000000000e+00 0.000000000000000000e+00 0.000000000000000000e+00 0.000000000000000000e+00
0.000000000000000000e+00 0.000000000000000000e+00 0.000000000000000000e+00 0.000000000000000000e+00 0.000000000000000000e+00
0.000000000000000000e+00 0.000000000000000000e+00 0.000000000000000000e+00 0.000000000000000000e+00 0.000000000000000000e+00
0.000000000000000000e+00 0.000000000000000000e+00 0.000000000000000000e+00 0.000000000000000000e+00 0.000000000000000000e+00
0.000000000000000000e+00 0.000000000000000000e+00 0.000000000000000000e+00 0.000000000000000000e+00 0.000000000000000000e+00
0.000000000000000000e+00 0.000000000000000000e+00 0.000000000000000000e+00 0.000000000000000000e+00 0.000000000000000000e+00
0.000000000000000000e+00 0.000000000000000000e+00 0.000000000000000000e+00 0.000000000000000000e+00 0.000000000000000000e+00
0.000000000000000000e+00 0.000000000000000000e+00 0.000000000000000000e+00 0.000000000000000000e+00 0.000000000000000000e+00
0.000000000000000000e+00 0.000000000000000000e+00 0.000000000000000000e+00 0.000000000000000000e+00 0.000000000000000000e+00
0.000000000000000000e+00 0.000000000000000000e+00 0.000000000000000000e+00 0.000000000000000000e+00 0.000000000000000000e+00
0.000000000000000000e+00 0.000000000000000000e+00 0.000000000000000000e+00 0.000000000000000000e+00 0.000000000000000000e+00
0.000000000000000000e+00 0.000000000000000000e+00 0.000000000000000000e+00 0.000000000000000000e+00 0.000000000000000000e+00
0.000000000000000000e+00 0.000000000000000000e+00 0.000000000000000000e+00 0.000000000000000000e+00 0.000000000000000000e+00
0.000000000000000000e+00 0.000000000000000000e+00 0.000000000000000000e+00 0.000000000000000000e+00 0.000000000000000000e+00
0.000000000000000000e+00 0.000000000000000000e+00 0.000000000000000000e+00 0.000000000000000000e+00 0.000000000000000000e+00
0.000000000000000000e+00 0.000000000000000000e+00 0.000000000000000000e+00 0.000000000000000000e+00 0.000000000000000000e+00
0.000000000000000000e+00 0.000000000000000000e+00 0.000000000000000000e+00 0.000000000000000000e+00 0.000000000000000000e+00
0.000000000000000000e+00 0.000000000000000000e+00 0.000000000000000000e+00 0.000000000000000000e+00 0.000000000000000000e+00
0.000000000000000000e+00 0.000000000000000000e+00 0.000000000000000000e+00 0.000000000000000000e+00 0.000000000000000000e+00
0.000000000000000000e+00 0.000000000000000000e+00 0.000000000000000000e+00 0.000000000000000000e+00 0.000000000000000000e+00
0.000000000000000000e+00 0.000000000000000000e+00 0.000000000000000000e+00 0.000000000000000000e+00 0.000000000000000000e+00
0.000000000000000000e+00 0.000000000000000000e+00 0.000000000000000000e+00 0.000000000000000000e+00 0.000000000000000000e+00
0.000000000000000000e+00 0.000000000000000000e+00 0.000000000000000000e+00 0.000000000000000000e+00 0.000000000000000000e+00
0.000000000000000000e+00 0.000000000000000000e+00 0.000000000000000000e+00 0.000000000000000000e+00 0.000000000000000000e+00
0.000000000000000000e+00 0.000000000000000000e+00 0.000000000000000000e+00 0.000000000000000000e+00 0.000000000000000000e+00
0.000000000000000000e+00 0.000000000000000000e+00 0.000000000000000000e+00 0.000000000000000000e+00 0.000000000000000000e+00
0.000000000000000000e+00 0.000000000000000000e+00 0.000000000000000000e+00 0.000000000000000000e+00 0.000000000000000000e+00
0.000000000000000000e+00 0.000000000000000000e+00 0.000000000000000000e+00 0.000000000000000000e+00 0.000000000000000000e+00
0.000000000000000000e+00 0.000000000000000000e+00 0.000000000000000000e+00 0.000000000000000000e+00 0.000000000000000000e+00
0.000000000000000000e+00 0.000000000000000000e+00 0.000000000000000000e+00 0.000000000000000000e+00 0.000000000000000000e+00
