0.000000000000000000e+00 0.000000000000000000e+00 1.000000000000000000e+00 0.000000000000000000e+00 0.000000000000000000e+00
-8.017954826354980469e-01 1.232225537300109863e+00 1.000000000000000000e+00 0.000000000000000000e+00 0.000000000000000000e+00
-6.948092579841613770e-01 7.544987201690673828e-01 1.000000000000000000e+00 0.000000000000000000e+00 0.000000000000000000e+00
-4.262981116771697998e-01 2.944765090942382812e-01 0.000000000000000000e+00 1.000000000000000000e+00 0.000000000000000000e+00
1.112921476364135742e+00 -9.014112353324890137e-01 1.000000000000000000e+00 0.000000000000000000e+00 0.000000000000000000e+00
7.457767724990844727e-01 -1.741850227117538452e-01 1.000000000000000000e+00 0.000000000000000000e+00 0.000000000000000000e+00
1.708199679851531982e-01 4.079942032694816589e-02 0.000000000000000000e+00 1.000000000000000000e+00 0.000000000000000000e+00
-9.685505628585815430e-01 8.123729228973388672e-01 1.000000000000000000e+00 0.000000000000000000e+00 0.000000000000000000e+00
6.281501054763793945e-01 -9.800611436367034912e-02 0.000000000000000000e+00 1.000000000000000000e+00 0.000000000000000000e+00
-7.055659294128417969e-01 8.401479721069335938e-01 1.000000000000000000e+00 0.000000000000000000e+00 0.000000000000000000e+00
5.773063898086547852e-01 -1.700853258371353149e-01 1.000000000000000000e+00 0.000000000000000000e+00 0.000000000000000000e+00
2.661348581314086914e-01 -2.269885540008544922e-01 1.000000000000000000e+00 0.000000000000000000e+00 0.000000000000000000e+00
2.667455747723579407e-02 -1.364839076995849609e-01 0.000000000000000000e+00 1.000000000000000000e+00 0.000000000000000000e+00
-3.431413769721984863e-01 8.589174598455429077e-02 1.000000000000000000e+00 0.000000000000000000e+00 0.000000000000000000e+00
-7.665142416954040527e-02 1.082041740417480469e+00 1.000000000000000000e+00 0.000000000000000000e+00 0.000000000000000000e+00
5.493479967117309570e-02 2.080070376396179199e-01 1.000000000000000000e+00 0.000000000000000000e+00 0.000000000000000000e+00
8.917782455682754517e-02 3.217434883117675781e-02 1.000000000000000000e+00 0.000000000000000000e+00 0.000000000000000000e+00
2.957800030708312988e-01 -4.188197255134582520e-01 1.000000000000000000e+00 0.000000000000000000e+00 0.000000000000000000e+00
1.633723676204681396e-01 -4.621400535106658936e-01 0.000000000000000000e+00 1.000000000000000000e+00 0.000000000000000000e+00
8.689180612564086914e-01 -1.821053028106689453e+00 1.000000000000000000e+00 0.000000000000000000e+00 0.000000000000000000e+00
7.771667838096618652e-01 -1.504554301500320435e-01 1.000000000000000000e+00 0.000000000000000000e+00 0.000000000000000000e+00
1.617178916931152344e-01 8.692590147256851196e-02 1.000000000000000000e+00 0.000000000000000000e+00 0.000000000000000000e+00
-1.313018321990966797e+00 1.620198965072631836e+00 1.000000000000000000e+00 0.000000000000000000e+00 0.000000000000000000e+00
-6.740331649780273438e-01 5.889137983322143555e-01 1.000000000000000000e+00 0.000000000000000000e+00 0.000000000000000000e+00
-3.067674636840820312e-01 1.468427181243896484e-01 1.000000000000000000e+00 0.000000000000000000e+00 0.000000000000000000e+00
-6.173701211810112000e-02 -8.101654797792434692e-02 0.000000000000000000e+00 1.000000000000000000e+00 0.000000000000000000e+00
1.239588618278503418e+00 -7.039604187011718750e-01 1.000000000000000000e+00 0.000000000000000000e+00 0.000000000000000000e+00
1.673943251371383667e-01 1.086304858326911926e-01 1.000000000000000000e+00 0.000000000000000000e+00 0.000000000000000000e+00
-1.417759060859680176e-02 8.515908122062683105e-01 1.000000000000000000e+00 0.000000000000000000e+00 0.000000000000000000e+00
-6.820641458034515381e-02 2.147011458873748779e-01 0.000000000000000000e+00 1.000000000000000000e+00 0.000000000000000000e+00
7.455376982688903809e-01 -1.101104497909545898e+00 1.000000000000000000e+00 0.000000000000000000e+00 0.000000000000000000e+00
3.193503618240356445e-01 4.012570381164550781e-01 1.000000000000000000e+00 0.000000000000000000e+00 0.000000000000000000e+00
2.865978777408599854e-01 1.534543335437774658e-01 0.000000000000000000e+00 1.000000000000000000e+00 0.000000000000000000e+00
-1.481582641601562500e+00 -1.854763031005859375e+00 0.000000000000000000e+00 0.000000000000000000e+00 1.000000000000000000e+00
-3.496345281600952148e-01 9.711028337478637695e-01 0.000000000000000000e+00 0.000000000000000000e+00 1.000000000000000000e+00
-1.196622490882873535e+00 -3.535366654396057129e-01 0.000000000000000000e+00 0.000000000000000000e+00 1.000000000000000000e+00
-8.842388391494750977e-01 -2.497795820236206055e-01 0.000000000000000000e+00 0.000000000000000000e+00 1.000000000000000000e+00
-9.166982173919677734e-01 -3.266336321830749512e-01 0.000000000000000000e+00 0.000000000000000000e+00 1.000000000000000000e+00
-8.676222562789916992e-01 -3.048693537712097168e-01 0.000000000000000000e+00 0.000000000000000000e+00 1.000000000000000000e+00
-8.582944869995117188e-01 -2.947095036506652832e-01 0.000000000000000000e+00 0.000000000000000000e+00 1.000000000000000000e+00
-8.417649269104003906e-01 -2.819026112556457520e-01 0.000000000000000000e+00 0.000000000000000000e+00 1.000000000000000000e+00
-8.363864421844482422e-01 -2.671061754226684570e-01 0.000000000000000000e+00 0.000000000000000000e+00 1.000000000000000000e+00
-8.281562328338623047e-01 -2.565841674804687500e-01 0.000000000000000000e+00 0.000000000000000000e+00 1.000000000000000000e+00
-8.186708688735961914e-01 -2.484439611434936523e-01 0.000000000000000000e+00 0.000000000000000000e+00 1.000000000000000000e+00
-8.077327013015747070e-01 -2.462021708488464355e-01 0.000000000000000000e+00 0.000000000000000000e+00 1.000000000000000000e+00
-7.935384511947631836e-01 -2.528834342956542969e-01 0.000000000000000000e+00 0.000000000000000000e+00 1.000000000000000000e+00
-7.826659679412841797e-01 -2.565134763717651367e-01 0.000000000000000000e+00 0.000000000000000000e+00 1.000000000000000000e+00
-7.742600440979003906e-01 -2.590269446372985840e-01 0.000000000000000000e+00 0.000000000000000000e+00 1.000000000000000000e+00
-7.687937021255493164e-01 -2.596207261085510254e-01 0.000000000000000000e+00 0.000000000000000000e+00 1.000000000000000000e+00
-7.636796236038208008e-01 -2.557501792907714844e-01 0.000000000000000000e+00 0.000000000000000000e+00 1.000000000000000000e+00
-7.571805715560913086e-01 -2.476841807365417480e-01 0.000000000000000000e+00 0.000000000000000000e+00 1.000000000000000000e+00
-7.505067586898803711e-01 -2.426917552947998047e-01 0.000000000000000000e+00 0.000000000000000000e+00 1.000000000000000000e+00
-7.448292970657348633e-01 -2.427953481674194336e-01 0.000000000000000000e+00 0.000000000000000000e+00 1.000000000000000000e+00
-7.393780946731567383e-01 -2.476982474327087402e-01 0.000000000000000000e+00 0.000000000000000000e+00 1.000000000000000000e+00
-7.341380119323730469e-01 -2.541657090187072754e-01 0.000000000000000000e+00 0.000000000000000000e+00 1.000000000000000000e+00
-7.288252115249633789e-01 -2.591859698295593262e-01 0.000000000000000000e+00 0.000000000000000000e+00 1.000000000000000000e+00
-7.243746519088745117e-01 -2.589526772499084473e-01 0.000000000000000000e+00 0.000000000000000000e+00 1.000000000000000000e+00
-7.200943231582641602e-01 -2.556214332580566406e-01 0.000000000000000000e+00 0.000000000000000000e+00 1.000000000000000000e+00
-7.155768871307373047e-01 -2.518959045410156250e-01 0.000000000000000000e+00 0.000000000000000000e+00 1.000000000000000000e+00
-7.110565900802612305e-01 -2.514603734016418457e-01 0.000000000000000000e+00 0.000000000000000000e+00 1.000000000000000000e+00
-7.049921751022338867e-01 -2.553144693374633789e-01 0.000000000000000000e+00 0.000000000000000000e+00 1.000000000000000000e+00
-6.983226537704467773e-01 -2.602261900901794434e-01 0.000000000000000000e+00 0.000000000000000000e+00 1.000000000000000000e+00
-6.915007829666137695e-01 -2.629528641700744629e-01 0.000000000000000000e+00 0.000000000000000000e+00 1.000000000000000000e+00
-6.865553855895996094e-01 -2.614319920539855957e-01 0.000000000000000000e+00 0.000000000000000000e+00 1.000000000000000000e+00
-6.835597157478332520e-01 -2.571702003479003906e-01 0.000000000000000000e+00 0.000000000000000000e+00 1.000000000000000000e+00
-6.808617115020751953e-01 -2.556041479110717773e-01 0.000000000000000000e+00 0.000000000000000000e+00 1.000000000000000000e+00
-6.774551868438720703e-01 -2.591459155082702637e-01 0.000000000000000000e+00 0.000000000000000000e+00 1.000000000000000000e+00
-6.720069646835327148e-01 -2.654429078102111816e-01 0.000000000000000000e+00 0.000000000000000000e+00 1.000000000000000000e+00
-6.669316887855529785e-01 -2.690261006355285645e-01 0.000000000000000000e+00 0.000000000000000000e+00 1.000000000000000000e+00
-6.644489169120788574e-01 -2.647457718849182129e-01 0.000000000000000000e+00 0.000000000000000000e+00 1.000000000000000000e+00
-6.637687683105468750e-01 -2.560454010963439941e-01 0.000000000000000000e+00 0.000000000000000000e+00 1.000000000000000000e+00
0.000000000000000000e+00 0.000000000000000000e+00 0.000000000000000000e+00 0.000000000000000000e+00 0.000000000000000000e+00
0.000000000000000000e+00 0.000000000000000000e+00 0.000000000000000000e+00 0.000000000000000000e+00 0.000000000000000000e+00
0.000000000000000000e+00 0.000000000000000000e+00 0.000000000000000000e+00 0.000000000000000000e+00 0.000000000000000000e+00
0.000000000000000000e+00 0.000000000000000000e+00 0.000000000000000000e+00 0.000000000000000000e+00 0.000000000000000000e+00
0.000000000000000000e+00 0.000000000000000000e+00 0.000000000000000000e+00 0.000000000000000000e+00 0.000000000000000000e+00
0.000000000000000000e+00 0.000000000000000000e+00 0.000000000000000000e+00 0.000000000000000000e+00 0.000000000000000000e+00
0.000000000000000000e+00 0.000000000000000000e+00 0.000000000000000000e+00 0.000000000000000000e+00 0.000000000000000000e+00
0.000000000000000000e+00 0.000000000000000000e+00 0.000000000000000000e+00 0.000000000000000000e+00 0.000000000000000000e+00
0.000000000000000000e+00 0.000000000000000000e+00 0.000000000000000000e+00 0.000000000000000000e+00 0.000000000000000000e+00
0.000000000000000000e+00 0.000000000000000000e+00 0.000000000000000000e+00 0.000000000000000000e+00 0.000000000000000000e+00
0.000000000000000000e+00 0.000000000000000000e+00 0.000000000000000000e+00 0.000000000000000000e+00 0.000000000000000000e+00
0.000000000000000000e+00 0.000000000000000000e+00 0.000000000000000000e+00 0.000000000000000000e+00 0.000000000000000000e+00
0.000000000000000000e+00 0.000000000000000000e+00 0.000000000000000000e+00 0.000000000000000000e+00 0.000000000000000000e+00
0.000000000000000000e+00 0.000000000000000000e+00 0.000000000000000000e+00 0.000000000000000000e+00 0.000000000000000000e+00
0.000000000000000000e+00 0.000000000000000000e+00 0.000000000000000000e+00 0.000000000000000000e+00 0.000000000000000000e+00
0.000000000000000000e+00 0.000000000000000000e+00 0.000000000000000000e+00 0.000000000000000000e+00 0.000000000000000000e+00
0.000000000000000000e+00 0.000000000000000000e+00 0.000000000000000000e+00 0.000000000000000000e+00 0.000000000000000000e+00
0.000000000000000000e+00 0.000000000000000000e+00 0.000000000000000000e+00 0.000000000000000000e+00 0.000000000000000000e+00
0.000000000000000000e+00 0.000000000000000000e+00 0.000000000000000000e+00 0.000000000000000000e+00 0.000000000000000000e+00
0.000000000000000000e+00 0.000000000000000000e+00 0.000000000000000000e+00 0.000000000000000000e+00 0.000000000000000000e+00
0.000000000000000000e+00 0.000000000000000000e+00 0.000000000000000000e+00 0.000000000000000000e+00 0.000000000000000000e+00
0.000000000000000000e+00 0.000000000000000000e+00 0.000000000000000000e+00 0.000000000000000000e+00 0.000000000000000000e+00
0.000000000000000000e+00 0.000000000000000000e+00 0.000000000000000000e+00 0.000000000000000000e+00 0.000000000000000000e+00
0.000000000000000000e+00 0.000000000000000000e+00 0.000000000000000000e+00 0.000000000000000000e+00 0.000000000000000000e+00
0.000000000000000000e+00 0.000000000000000000e+00 0.000000000000000000e+00 0.000000000000000000e+00 0.000000000000000000e+00
0.000000000000000000e+00 0.000000000000000000e+00 0.000000000000000000e+00 0.000000000000000000e+00 0.000000000000000000e+00
0.000000000000000000e+00 0.000000000000000000e+00 0.000000000000000000e+00 0.000000000000000000e+00 0.000000000000000000e+00
0.000000000000000000e+00 0.000000000000000000e+00 0.000000000000000000e+00 0.000000000000000000e+00 0.000000000000000000e+00
0.000000000000000000e+00 0.000000000000000000e+00 0.000000000000000000e+00 0.000000000000000000e+00 0.000000000000000000e+00
0.000000000000000000e+00 0.000000000000000000e+00 0.000000000000000000e+00 0.000000000000000000e+00 0.000000000000000000e+00
0.000000000000000000e+00 0.000000000000000000e+00 0.000000000000000000e+00 0.000000000000000000e+00 0.000000000000000000e+00
0.000000000000000000e+00 0.000000000000000000e+00 0.000000000000000000e+00 0.000000000000000000e+00 0.000000000000000000e+00
0.000000000000000000e+00 0.000000000000000000e+00 0.000000000000000000e+00 0.000000000000000000e+00 0.000000000000000000e+00
0.000000000000000000e+00 0.000000000000000000e+00 0.000000000000000000e+00 0.000000000000000000e+00 0.000000000000000000e+00
0.000000000000000000e+00 0.000000000000000000e+00 0.000000000000000000e+00 0.000000000000000000e+00 0.000000000000000000e+00
0.000000000000000000e+00 0.000000000000000000e+00 0.000000000000000000e+00 0.000000000000000000e+00 0.000000000000000000e+00
0.000000000000000000e+00 0.000000000000000000e+00 0.000000000000000000e+00 0.000000000000000000e+00 0.000000000000000000e+00
0.000000000000000000e+00 0.000000000000000000e+00 0.000000000000000000e+00 0.000000000000000000e+00 0.000000000000000000e+00
0.000000000000000000e+00 0.000000000000000000e+00 0.000000000000000000e+00 0.000000000000000000e+00 0.000000000000000000e+00
0.000000000000000000e+00 0.000000000000000000e+00 0.000000000000000000e+00 0.000000000000000000e+00 0.000000000000000000e+00
0.000000000000000000e+00 0.000000000000000000e+00 0.000000000000000000e+00 0.000000000000000000e+00 0.000000000000000000e+00
0.000000000000000000e+00 0.000000000000000000e+00 0.000000000000000000e+00 0.000000000000000000e+00 0.000000000000000000e+00
0.000000000000000000e+00 0.000000000000000000e+00 0.000000000000000000e+00 0.000000000000000000e+00 0.000000000000000000e+00
0.000000000000000000e+00 0.000000000000000000e+00 0.000000000000000000e+00 0.000000000000000000e+00 0.000000000000000000e+00
0.000000000000000000e+00 0.000000000000000000e+00 0.000000000000000000e+00 0.000000000000000000e+00 0.000000000000000000e+00
0.000000000000000000e+00 0.000000000000000000e+00 0.000000000000000000e+00 0.000000000000000000e+00 0.000000000000000000e+00
0.000000000000000000e+00 0.000000000000000000e+00 0.000000000000000000e+00 0.000000000000000000e+00 0.000000000000000000e+00
0.000000000000000000e+00 0.000000000000000000e+00 0.000000000000000000e+00 0.000000000000000000e+00 0.000000000000000000e+00
0.000000000000000000e+00 0.000000000000000000e+00 0.000000000000000000e+00 0.000000000000000000e+00 0.000000000000000000e+00
0.000000000000000000e+00 0.000000000000000000e+00 0.000000000000000000e+00 0.000000000000000000e+00 0.000000000000000000e+00
