0.000000000000000000e+00 0.000000000000000000e+00 1.000000000000000000e+00 0.000000000000000000e+00 0.000000000000000000e+00
-7.099611759185791016e-01 1.102484941482543945e+00 1.000000000000000000e+00 0.000000000000000000e+00 0.000000000000000000e+00
-6.127223372459411621e-01 6.700612902641296387e-01 1.000000000000000000e+00 0.000000000000000000e+00 0.000000000000000000e+00
-3.587220907211303711e-01 2.352822124958038330e-01 0.000000000000000000e+00 1.000000000000000000e+00 0.000000000000000000e+00
1.171469330787658691e+00 -9.472834467887878418e-01 1.000000000000000000e+00 0.000000000000000000e+00 0.000000000000000000e+00
6.110635995864868164e-01 -1.122740358114242554e-01 0.000000000000000000e+00 1.000000000000000000e+00 0.000000000000000000e+00
-7.606260776519775391e-01 6.907107830047607422e-01 1.000000000000000000e+00 0.000000000000000000e+00 0.000000000000000000e+00
5.292879939079284668e-01 -7.858686149120330811e-02 0.000000000000000000e+00 1.000000000000000000e+00 0.000000000000000000e+00
-6.344933509826660156e-01 7.131679058074951172e-01 1.000000000000000000e+00 0.000000000000000000e+00 0.000000000000000000e+00
5.187669992446899414e-01 -1.509564220905303955e-01 1.000000000000000000e+00 0.000000000000000000e+00 0.000000000000000000e+00
2.282781004905700684e-01 -1.952015161514282227e-01 1.000000000000000000e+00 0.000000000000000000e+00 0.000000000000000000e+00
1.256681606173515320e-02 -1.141010224819183350e-01 0.000000000000000000e+00 1.000000000000000000e+00 0.000000000000000000e+00
-2.958209514617919922e-01 6.639402359724044800e-02 1.000000000000000000e+00 0.000000000000000000e+00 0.000000000000000000e+00
-7.671312987804412842e-02 9.643623828887939453e-01 1.000000000000000000e+00 0.000000000000000000e+00 0.000000000000000000e+00
4.585080221295356750e-02 1.631182432174682617e-01 1.000000000000000000e+00 0.000000000000000000e+00 0.000000000000000000e+00
7.573369890451431274e-02 1.985557377338409424e-02 1.000000000000000000e+00 0.000000000000000000e+00 0.000000000000000000e+00
2.738375067710876465e-01 -3.890376687049865723e-01 1.000000000000000000e+00 0.000000000000000000e+00 0.000000000000000000e+00
1.448843926191329956e-01 -4.063320457935333252e-01 0.000000000000000000e+00 1.000000000000000000e+00 0.000000000000000000e+00
7.800316810607910156e-01 -1.444851040840148926e+00 1.000000000000000000e+00 0.000000000000000000e+00 0.000000000000000000e+00
7.927560210227966309e-01 -1.422528326511383057e-01 1.000000000000000000e+00 0.000000000000000000e+00 0.000000000000000000e+00
2.443923354148864746e-01 6.003477796912193298e-02 1.000000000000000000e+00 0.000000000000000000e+00 0.000000000000000000e+00
-2.855873107910156250e-01 7.717599868774414062e-01 1.000000000000000000e+00 0.000000000000000000e+00 0.000000000000000000e+00
-1.398354321718215942e-01 2.036214470863342285e-01 1.000000000000000000e+00 0.000000000000000000e+00 0.000000000000000000e+00
-1.579150855541229248e-01 9.156431257724761963e-02 0.000000000000000000e+00 1.000000000000000000e+00 0.000000000000000000e+00
-7.932439446449279785e-02 -5.631763935089111328e-01 1.000000000000000000e+00 0.000000000000000000e+00 0.000000000000000000e+00
-4.087215662002563477e-01 6.809258460998535156e-01 1.000000000000000000e+00 0.000000000000000000e+00 0.000000000000000000e+00
4.412687420845031738e-01 -1.394178718328475952e-01 1.000000000000000000e+00 0.000000000000000000e+00 0.000000000000000000e+00
2.006818056106567383e-01 -1.788082420825958252e-01 0.000000000000000000e+00 1.000000000000000000e+00 0.000000000000000000e+00
-7.026045918464660645e-01 -2.848946750164031982e-01 1.000000000000000000e+00 0.000000000000000000e+00 0.000000000000000000e+00
-1.622545421123504639e-01 1.051303744316101074e+00 1.000000000000000000e+00 0.000000000000000000e+00 0.000000000000000000e+00
4.389810562133789062e-02 2.760365605354309082e-01 1.000000000000000000e+00 0.000000000000000000e+00 0.000000000000000000e+00
1.304135918617248535e-01 1.652599871158599854e-01 1.000000000000000000e+00 0.000000000000000000e+00 0.000000000000000000e+00
2.312785983085632324e-01 9.217175841331481934e-02 1.000000000000000000e+00 0.000000000000000000e+00 0.000000000000000000e+00
4.885853826999664307e-01 2.500306069850921631e-02 1.000000000000000000e+00 0.000000000000000000e+00 0.000000000000000000e+00
9.465986490249633789e-01 -2.151772975921630859e-01 1.000000000000000000e+00 0.000000000000000000e+00 0.000000000000000000e+00
2.938360273838043213e-01 -1.729138493537902832e-01 0.000000000000000000e+00 1.000000000000000000e+00 0.000000000000000000e+00
-2.299360990524291992e+00 -1.719782352447509766e+00 0.000000000000000000e+00 0.000000000000000000e+00 1.000000000000000000e+00
-2.341119647026062012e-01 1.372622251510620117e+00 0.000000000000000000e+00 0.000000000000000000e+00 1.000000000000000000e+00
-1.514393925666809082e+00 5.417209863662719727e-02 0.000000000000000000e+00 0.000000000000000000e+00 1.000000000000000000e+00
-1.047260522842407227e+00 -1.642630100250244141e-01 0.000000000000000000e+00 0.000000000000000000e+00 1.000000000000000000e+00
-1.145283341407775879e+00 -6.493502855300903320e-02 0.000000000000000000e+00 0.000000000000000000e+00 1.000000000000000000e+00
-1.077784895896911621e+00 -9.738552570343017578e-02 0.000000000000000000e+00 0.000000000000000000e+00 1.000000000000000000e+00
-1.063361525535583496e+00 -1.045054793357849121e-01 0.000000000000000000e+00 0.000000000000000000e+00 1.000000000000000000e+00
-1.037292599678039551e+00 -1.129128336906433105e-01 0.000000000000000000e+00 0.000000000000000000e+00 1.000000000000000000e+00
-1.017669916152954102e+00 -1.177756190299987793e-01 0.000000000000000000e+00 0.000000000000000000e+00 1.000000000000000000e+00
-1.000029683113098145e+00 -1.194148659706115723e-01 0.000000000000000000e+00 0.000000000000000000e+00 1.000000000000000000e+00
-9.799093008041381836e-01 -1.455455422401428223e-01 0.000000000000000000e+00 0.000000000000000000e+00 1.000000000000000000e+00
-9.693922996520996094e-01 -1.491957306861877441e-01 0.000000000000000000e+00 0.000000000000000000e+00 1.000000000000000000e+00
-9.617786407470703125e-01 -1.428377032279968262e-01 0.000000000000000000e+00 0.000000000000000000e+00 1.000000000000000000e+00
-9.556685686111450195e-01 -1.295105814933776855e-01 0.000000000000000000e+00 0.000000000000000000e+00 1.000000000000000000e+00
-9.491871595382690430e-01 -1.128869652748107910e-01 0.000000000000000000e+00 0.000000000000000000e+00 1.000000000000000000e+00
-9.422593116760253906e-01 -1.036284565925598145e-01 0.000000000000000000e+00 0.000000000000000000e+00 1.000000000000000000e+00
-9.325306415557861328e-01 -1.106230616569519043e-01 0.000000000000000000e+00 0.000000000000000000e+00 1.000000000000000000e+00
-9.246873855590820312e-01 -1.210970282554626465e-01 0.000000000000000000e+00 0.000000000000000000e+00 1.000000000000000000e+00
-9.192690849304199219e-01 -1.233887076377868652e-01 0.000000000000000000e+00 0.000000000000000000e+00 1.000000000000000000e+00
-9.113582372665405273e-01 -1.283394694328308105e-01 0.000000000000000000e+00 0.000000000000000000e+00 1.000000000000000000e+00
-9.051553010940551758e-01 -1.263038516044616699e-01 0.000000000000000000e+00 0.000000000000000000e+00 1.000000000000000000e+00
-9.000598192214965820e-01 -1.192635893821716309e-01 0.000000000000000000e+00 0.000000000000000000e+00 1.000000000000000000e+00
-8.956243991851806641e-01 -1.156973242759704590e-01 0.000000000000000000e+00 0.000000000000000000e+00 1.000000000000000000e+00
-8.906315565109252930e-01 -1.190389990806579590e-01 0.000000000000000000e+00 0.000000000000000000e+00 1.000000000000000000e+00
-8.836518526077270508e-01 -1.269651055335998535e-01 0.000000000000000000e+00 0.000000000000000000e+00 1.000000000000000000e+00
-8.746815919876098633e-01 -1.333682537078857422e-01 0.000000000000000000e+00 0.000000000000000000e+00 1.000000000000000000e+00
-8.642772436141967773e-01 -1.379022002220153809e-01 0.000000000000000000e+00 0.000000000000000000e+00 1.000000000000000000e+00
-8.560774326324462891e-01 -1.378499269485473633e-01 0.000000000000000000e+00 0.000000000000000000e+00 1.000000000000000000e+00
-8.498742580413818359e-01 -1.346071362495422363e-01 0.000000000000000000e+00 0.000000000000000000e+00 1.000000000000000000e+00
0.000000000000000000e+00 0.000000000000000000e+00 0.000000000000000000e+00 0.000000000000000000e+00 0.000000000000000000e+00
0.000000000000000000e+00 0.000000000000000000e+00 0.000000000000000000e+00 0.000000000000000000e+00 0.000000000000000000e+00
0.000000000000000000e+00 0.000000000000000000e+00 0.000000000000000000e+00 0.000000000000000000e+00 0.000000000000000000e+00
0.000000000000000000e+00 0.000000000000000000e+00 0.000000000000000000e+00 0.000000000000000000e+00 0.000000000000000000e+00
0.000000000000000000e+00 0.000000000000000000e+00 0.000000000000000000e+00 0.000000000000000000e+00 0.000000000000000000e+00
0.000000000000000000e+00 0.000000000000000000e+00 0.000000000000000000e+00 0.000000000000000000e+00 0.000000000000000000e+00
0.000000000000000000e+00 0.000000000000000000e+00 0.000000000000000000e+00 0.000000000000000000e+00 0.000000000000000000e+00
0.000000000000000000e+00 0.000000000000000000e+00 0.000000000000000000e+00 0.000000000000000000e+00 0.000000000000000000e+00
0.000000000000000000e+00 0.000000000000000000e+00 0.000000000000000000e+00 0.000000000000000000e+00 0.000000000000000000e+00
0.000000000000000000e+00 0.000000000000000000e+00 0.000000000000000000e+00 0.000000000000000000e+00 0.000000000000000000e+00
0.000000000000000000e+00 0.000000000000000000e+00 0.000000000000000000e+00 0.000000000000000000e+00 0.000000000000000000e+00
0.000000000000000000e+00 0.000000000000000000e+00 0.000000000000000000e+00 0.000000000000000000e+00 0.000000000000000000e+00
0.000000000000000000e+00 0.000000000000000000e+00 0.000000000000000000e+00 0.000000000000000000e+00 0.000000000000000000e+00
0.000000000000000000e+00 0.000000000000000000e+00 0.000000000000000000e+00 0.000000000000000000e+00 0.000000000000000000e+00
0.000000000000000000e+00 0.000000000000000000e+00 0.000000000000000000e+00 0.000000000000000000e+00 0.000000000000000000e+00
0.000000000000000000e+00 0.000000000000000000e+00 0.000000000000000000e+00 0.000000000000000000e+00 0.000000000000000000e+00
0.000000000000000000e+00 0.000000000000000000e+00 0.000000000000000000e+00 0.000000000000000000e+00 0.000000000000000000e+00
0.000000000000000000e+00 0.000000000000000000e+00 0.000000000000000000e+00 0.000000000000000000e+00 0.000000000000000000e+00
0.000000000000000000e+00 0.000000000000000000e+00 0.000000000000000000e+00 0.000000000000000000e+00 0.000000000000000000e+00
0.000000000000000000e+00 0.000000000000000000e+00 0.000000000000000000e+00 0.000000000000000000e+00 0.000000000000000000e+00
0.000000000000000000e+00 0.000000000000000000e+00 0.000000000000000000e+00 0.000000000000000000e+00 0.000000000000000000e+00
0.000000000000000000e+00 0.000000000000000000e+00 0.000000000000000000e+00 0.000000000000000000e+00 0.000000000000000000e+00
0.000000000000000000e+00 0.000000000000000000e+00 0.000000000000000000e+00 0.000000000000000000e+00 0.000000000000000000e+00
0.000000000000000000e+00 0.000000000000000000e+00 0.000000000000000000e+00 0.000000000000000000e+00 0.000000000000000000e+00
0.000000000000000000e+00 0.000000000000000000e+00 0.000000000000000000e+00 0.000000000000000000e+00 0.000000000000000000e+00
0.000000000000000000e+00 0.000000000000000000e+00 0.000000000000000000e+00 0.000000000000000000e+00 0.000000000000000000e+00
0.000000000000000000e+00 0.000000000000000000e+00 0.000000000000000000e+00 0.000000000000000000e+00 0.000000000000000000e+00
0.000000000000000000e+00 0.000000000000000000e+00 0.000000000000000000e+00 0.000000000000000000e+00 0.000000000000000000e+00
0.000000000000000000e+00 0.000000000000000000e+00 0.000000000000000000e+00 0.000000000000000000e+00 0.000000000000000000e+00
0.000000000000000000e+00 0.000000000000000000e+00 0.000000000000000000e+00 0.000000000000000000e+00 0.000000000000000000e+00
0.000000000000000000e+00 0.000000000000000000e+00 0.000000000000000000e+00 0.000000000000000000e+00 0.000000000000000000e+00
0.000000000000000000e+00 0.000000000000000000e+00 0.000000000000000000e+00 0.000000000000000000e+00 0.000000000000000000e+00
0.000000000000000000e+00 0.000000000000000000e+00 0.000000000000000000e+00 0.000000000000000000e+00 0.000000000000000000e+00
0.000000000000000000e+00 0.000000000000000000e+00 0.000000000000000000e+00 0.000000000000000000e+00 0.000000000000000000e+00
0.000000000000000000e+00 0.000000000000000000e+00 0.000000000000000000e+00 0.000000000000000000e+00 0.000000000000000000e+00
0.000000000000000000e+00 0.000000000000000000e+00 0.000000000000000000e+00 0.000000000000000000e+00 0.000000000000000000e+00
0.000000000000000000e+00 0.000000000000000000e+00 0.000000000000000000e+00 0.000000000000000000e+00 0.000000000000000000e+00
0.000000000000000000e+00 0.000000000000000000e+00 0.000000000000000000e+00 0.000000000000000000e+00 0.000000000000000000e+00
0.000000000000000000e+00 0.000000000000000000e+00 0.000000000000000000e+00 0.000000000000000000e+00 0.000000000000000000e+00
0.000000000000000000e+00 0.000000000000000000e+00 0.000000000000000000e+00 0.000000000000000000e+00 0.000000000000000000e+00
0.000000000000000000e+00 0.000000000000000000e+00 0.000000000000000000e+00 0.000000000000000000e+00 0.000000000000000000e+00
0.000000000000000000e+00 0.000000000000000000e+00 0.000000000000000000e+00 0.000000000000000000e+00 0.000000000000000000e+00
0.000000000000000000e+00 0.000000000000000000e+00 0.000000000000000000e+00 0.000000000000000000e+00 0.000000000000000000e+00
0.000000000000000000e+00 0.000000000000000000e+00 0.000000000000000000e+00 0.000000000000000000e+00 0.000000000000000000e+00
0.000000000000000000e+00 0.000000000000000000e+00 0.000000000000000000e+00 0.000000000000000000e+00 0.000000000000000000e+00
0.000000000000000000e+00 0.000000000000000000e+00 0.000000000000000000e+00 0.000000000000000000e+00 0.000000000000000000e+00
0.000000000000000000e+00 0.000000000000000000e+00 0.000000000000000000e+00 0.000000000000000000e+00 0.000000000000000000e+00
0.000000000000000000e+00 0.000000000000000000e+00 0.000000000000000000e+00 0.000000000000000000e+00 0.000000000000000000e+00
0.000000000000000000e+00 0.000000000000000000e+00 0.000000000000000000e+00 0.000000000000000000e+00 0.000000000000000000e+00
0.000000000000000000e+00 0.000000000000000000e+00 0.000000000000000000e+00 0.000000000000000000e+00 0.000000000000000000e+00
0.000000000000000000e+00 0.000000000000000000e+00 0.000000000000000000e+00 0.000000000000000000e+00 0.000000000000000000e+00
0.000000000000000000e+00 0.000000000000000000e+00 0.000000000000000000e+00 0.000000000000000000e+00 0.000000000000000000e+00
0.000000000000000000e+00 0.000000000000000000e+00 0.000000000000000000e+00 0.000000000000000000e+00 0.000000000000000000e+00
0.000000000000000000e+00 0.000000000000000000e+00 0.000000000000000000e+00 0.000000000000000000e+00 0.000000000000000000e+00
0.000000000000000000e+00 0.000000000000000000e+00 0.000000000000000000e+00 0.000000000000000000e+00 0.000000000000000000e+00
0.000000000000000000e+00 0.000000000000000000e+00 0.000000000000000000e+00 0.000000000000000000e+00 0.000000000000000000e+00
