0.000000000000000000e+00 0.000000000000000000e+00 1.000000000000000000e+00 0.000000000000000000e+00 0.000000000000000000e+00
-7.510548830032348633e-01 1.138855695724487305e+00 1.000000000000000000e+00 0.000000000000000000e+00 0.000000000000000000e+00
-6.628688573837280273e-01 7.136962413787841797e-01 1.000000000000000000e+00 0.000000000000000000e+00 0.000000000000000000e+00
-3.942810595035552979e-01 2.632401883602142334e-01 0.000000000000000000e+00 1.000000000000000000e+00 0.000000000000000000e+00
1.034092903137207031e+00 -8.273685574531555176e-01 1.000000000000000000e+00 0.000000000000000000e+00 0.000000000000000000e+00
7.203453779220581055e-01 -1.630479097366333008e-01 1.000000000000000000e+00 0.000000000000000000e+00 0.000000000000000000e+00
1.596890240907669067e-01 4.067177698016166687e-02 0.000000000000000000e+00 1.000000000000000000e+00 0.000000000000000000e+00
-9.507185220718383789e-01 7.496367692947387695e-01 1.000000000000000000e+00 0.000000000000000000e+00 0.000000000000000000e+00
6.199265718460083008e-01 -8.703724294900894165e-02 0.000000000000000000e+00 1.000000000000000000e+00 0.000000000000000000e+00
-6.901118755340576172e-01 7.736912965774536133e-01 1.000000000000000000e+00 0.000000000000000000e+00 0.000000000000000000e+00
5.634173154830932617e-01 -1.469059288501739502e-01 1.000000000000000000e+00 0.000000000000000000e+00 0.000000000000000000e+00
2.564468383789062500e-01 -2.033743411302566528e-01 1.000000000000000000e+00 0.000000000000000000e+00 0.000000000000000000e+00
2.684371732175350189e-02 -1.262845844030380249e-01 0.000000000000000000e+00 1.000000000000000000e+00 0.000000000000000000e+00
-3.329618573188781738e-01 5.675313621759414673e-02 1.000000000000000000e+00 0.000000000000000000e+00 0.000000000000000000e+00
-6.631909310817718506e-02 1.037873506546020508e+00 1.000000000000000000e+00 0.000000000000000000e+00 0.000000000000000000e+00
5.508349835872650146e-02 1.878514885902404785e-01 1.000000000000000000e+00 0.000000000000000000e+00 0.000000000000000000e+00
8.713714778423309326e-02 2.112248539924621582e-02 1.000000000000000000e+00 0.000000000000000000e+00 0.000000000000000000e+00
2.936771214008331299e-01 -4.390294551849365234e-01 1.000000000000000000e+00 0.000000000000000000e+00 0.000000000000000000e+00
1.735833287239074707e-01 -4.810799956321716309e-01 0.000000000000000000e+00 1.000000000000000000e+00 0.000000000000000000e+00
7.549765110015869141e-01 -1.650804758071899414e+00 1.000000000000000000e+00 0.000000000000000000e+00 0.000000000000000000e+00
-8.100859075784683228e-02 6.445251703262329102e-01 1.000000000000000000e+00 0.000000000000000000e+00 0.000000000000000000e+00
-7.777784764766693115e-02 1.598487198352813721e-01 0.000000000000000000e+00 1.000000000000000000e+00 0.000000000000000000e+00
4.943902492523193359e-01 -9.087747335433959961e-01 1.000000000000000000e+00 0.000000000000000000e+00 0.000000000000000000e+00
3.727757632732391357e-01 3.580004349350929260e-02 1.000000000000000000e+00 0.000000000000000000e+00 0.000000000000000000e+00
1.083173528313636780e-01 1.374096721410751343e-01 1.000000000000000000e+00 0.000000000000000000e+00 0.000000000000000000e+00
-2.950359284877777100e-01 4.010467529296875000e-01 1.000000000000000000e+00 0.000000000000000000e+00 0.000000000000000000e+00
-4.662112593650817871e-01 3.353030085563659668e-01 1.000000000000000000e+00 0.000000000000000000e+00 0.000000000000000000e+00
4.698368906974792480e-01 -1.023266762495040894e-01 0.000000000000000000e+00 1.000000000000000000e+00 0.000000000000000000e+00
-9.159586429595947266e-01 8.172746896743774414e-01 1.000000000000000000e+00 0.000000000000000000e+00 0.000000000000000000e+00
-1.319976896047592163e-02 6.713004112243652344e-01 1.000000000000000000e+00 0.000000000000000000e+00 0.000000000000000000e+00
-5.769148468971252441e-02 1.389559507369995117e-01 0.000000000000000000e+00 1.000000000000000000e+00 0.000000000000000000e+00
5.046940445899963379e-01 -8.128591179847717285e-01 1.000000000000000000e+00 0.000000000000000000e+00 0.000000000000000000e+00
7.109783887863159180e-01 2.810455858707427979e-02 1.000000000000000000e+00 0.000000000000000000e+00 0.000000000000000000e+00
1.818623244762420654e-01 1.185933202505111694e-01 1.000000000000000000e+00 0.000000000000000000e+00 0.000000000000000000e+00
-5.580550432205200195e-01 6.314975023269653320e-01 1.000000000000000000e+00 0.000000000000000000e+00 0.000000000000000000e+00
-3.325587511062622070e-01 1.989464461803436279e-01 1.000000000000000000e+00 0.000000000000000000e+00 0.000000000000000000e+00
7.515771389007568359e-01 -1.982704699039459229e-01 0.000000000000000000e+00 1.000000000000000000e+00 0.000000000000000000e+00
-1.220328092575073242e+00 -1.902979850769042969e+00 0.000000000000000000e+00 0.000000000000000000e+00 1.000000000000000000e+00
-6.184947490692138672e-01 1.128246545791625977e+00 0.000000000000000000e+00 0.000000000000000000e+00 1.000000000000000000e+00
-1.333252191543579102e+00 -1.761392951011657715e-01 0.000000000000000000e+00 0.000000000000000000e+00 1.000000000000000000e+00
-1.016480326652526855e+00 -2.108770012855529785e-01 0.000000000000000000e+00 0.000000000000000000e+00 1.000000000000000000e+00
-1.029063582420349121e+00 -2.427074909210205078e-01 0.000000000000000000e+00 0.000000000000000000e+00 1.000000000000000000e+00
-9.911829233169555664e-01 -2.332427501678466797e-01 0.000000000000000000e+00 0.000000000000000000e+00 1.000000000000000000e+00
-9.743999242782592773e-01 -2.395955324172973633e-01 0.000000000000000000e+00 0.000000000000000000e+00 1.000000000000000000e+00
-9.496034383773803711e-01 -2.500160932540893555e-01 0.000000000000000000e+00 0.000000000000000000e+00 1.000000000000000000e+00
-9.313187599182128906e-01 -2.427518963813781738e-01 0.000000000000000000e+00 0.000000000000000000e+00 1.000000000000000000e+00
-9.207054376602172852e-01 -2.360267043113708496e-01 0.000000000000000000e+00 0.000000000000000000e+00 1.000000000000000000e+00
-9.057483673095703125e-01 -2.412906885147094727e-01 0.000000000000000000e+00 0.000000000000000000e+00 1.000000000000000000e+00
-8.988292217254638672e-01 -2.341151833534240723e-01 0.000000000000000000e+00 0.000000000000000000e+00 1.000000000000000000e+00
-8.954747915267944336e-01 -2.178454399108886719e-01 0.000000000000000000e+00 0.000000000000000000e+00 1.000000000000000000e+00
-8.902530670166015625e-01 -2.048837542533874512e-01 0.000000000000000000e+00 0.000000000000000000e+00 1.000000000000000000e+00
-8.833438158035278320e-01 -1.983823180198669434e-01 0.000000000000000000e+00 0.000000000000000000e+00 1.000000000000000000e+00
-8.772135972976684570e-01 -1.934843659400939941e-01 0.000000000000000000e+00 0.000000000000000000e+00 1.000000000000000000e+00
-8.748097419738769531e-01 -1.942283511161804199e-01 0.000000000000000000e+00 0.000000000000000000e+00 1.000000000000000000e+00
-8.718813657760620117e-01 -1.994045376777648926e-01 0.000000000000000000e+00 0.000000000000000000e+00 1.000000000000000000e+00
-8.639767169952392578e-01 -2.081485390663146973e-01 0.000000000000000000e+00 0.000000000000000000e+00 1.000000000000000000e+00
-8.560818433761596680e-01 -2.103762030601501465e-01 0.000000000000000000e+00 0.000000000000000000e+00 1.000000000000000000e+00
-8.490566015243530273e-01 -2.077565789222717285e-01 0.000000000000000000e+00 0.000000000000000000e+00 1.000000000000000000e+00
-8.419889211654663086e-01 -2.067943811416625977e-01 0.000000000000000000e+00 0.000000000000000000e+00 1.000000000000000000e+00
-8.361937999725341797e-01 -2.085559964179992676e-01 0.000000000000000000e+00 0.000000000000000000e+00 1.000000000000000000e+00
-8.298561573028564453e-01 -2.131753563880920410e-01 0.000000000000000000e+00 0.000000000000000000e+00 1.000000000000000000e+00
-8.215349912643432617e-01 -2.189990878105163574e-01 0.000000000000000000e+00 0.000000000000000000e+00 1.000000000000000000e+00
-8.090748786926269531e-01 -2.278550267219543457e-01 0.000000000000000000e+00 0.000000000000000000e+00 1.000000000000000000e+00
-7.984743118286132812e-01 -2.292438745498657227e-01 0.000000000000000000e+00 0.000000000000000000e+00 1.000000000000000000e+00
-7.928137779235839844e-01 -2.251065373420715332e-01 0.000000000000000000e+00 0.000000000000000000e+00 1.000000000000000000e+00
-7.895892858505249023e-01 -2.234222888946533203e-01 0.000000000000000000e+00 0.000000000000000000e+00 1.000000000000000000e+00
-7.876760959625244141e-01 -2.261925339698791504e-01 0.000000000000000000e+00 0.000000000000000000e+00 1.000000000000000000e+00
-7.858511209487915039e-01 -2.294329404830932617e-01 0.000000000000000000e+00 0.000000000000000000e+00 1.000000000000000000e+00
-7.816449403762817383e-01 -2.309466004371643066e-01 0.000000000000000000e+00 0.000000000000000000e+00 1.000000000000000000e+00
-7.782026529312133789e-01 -2.260680794715881348e-01 0.000000000000000000e+00 0.000000000000000000e+00 1.000000000000000000e+00
-7.775872945785522461e-01 -2.173598408699035645e-01 0.000000000000000000e+00 0.000000000000000000e+00 1.000000000000000000e+00
-7.761615514755249023e-01 -2.149572968482971191e-01 0.000000000000000000e+00 0.000000000000000000e+00 1.000000000000000000e+00
-7.711904048919677734e-01 -2.209795713424682617e-01 0.000000000000000000e+00 0.000000000000000000e+00 1.000000000000000000e+00
0.000000000000000000e+00 0.000000000000000000e+00 0.000000000000000000e+00 0.000000000000000000e+00 0.000000000000000000e+00
0.000000000000000000e+00 0.000000000000000000e+00 0.000000000000000000e+00 0.000000000000000000e+00 0.000000000000000000e+00
0.000000000000000000e+00 0.000000000000000000e+00 0.000000000000000000e+00 0.000000000000000000e+00 0.000000000000000000e+00
0.000000000000000000e+00 0.000000000000000000e+00 0.000000000000000000e+00 0.000000000000000000e+00 0.000000000000000000e+00
0.000000000000000000e+00 0.000000000000000000e+00 0.000000000000000000e+00 0.000000000000000000e+00 0.000000000000000000e+00
0.000000000000000000e+00 0.000000000000000000e+00 0.000000000000000000e+00 0.000000000000000000e+00 0.000000000000000000e+00
0.000000000000000000e+00 0.000000000000000000e+00 0.000000000000000000e+00 0.000000000000000000e+00 0.000000000000000000e+00
0.000000000000000000e+00 0.000000000000000000e+00 0.000000000000000000e+00 0.000000000000000000e+00 0.000000000000000000e+00
0.000000000000000000e+00 0.000000000000000000e+00 0.000000000000000000e+00 0.000000000000000000e+00 0.000000000000000000e+00
0.000000000000000000e+00 0.000000000000000000e+00 0.000000000000000000e+00 0.000000000000000000e+00 0.000000000000000000e+00
0.000000000000000000e+00 0.000000000000000000e+00 0.000000000000000000e+00 0.000000000000000000e+00 0.000000000000000000e+00
0.000000000000000000e+00 0.000000000000000000e+00 0.000000000000000000e+00 0.000000000000000000e+00 0.000000000000000000e+00
0.000000000000000000e+00 0.000000000000000000e+00 0.000000000000000000e+00 0.000000000000000000e+00 0.000000000000000000e+00
0.000000000000000000e+00 0.000000000000000000e+00 0.000000000000000000e+00 0.000000000000000000e+00 0.000000000000000000e+00
0.000000000000000000e+00 0.000000000000000000e+00 0.000000000000000000e+00 0.000000000000000000e+00 0.000000000000000000e+00
0.000000000000000000e+00 0.000000000000000000e+00 0.000000000000000000e+00 0.000000000000000000e+00 0.000000000000000000e+00
0.000000000000000000e+00 0.000000000000000000e+00 0.000000000000000000e+00 0.000000000000000000e+00 0.000000000000000000e+00
0.000000000000000000e+00 0.000000000000000000e+00 0.000000000000000000e+00 0.000000000000000000e+00 0.000000000000000000e+00
0.000000000000000000e+00 0.000000000000000000e+00 0.000000000000000000e+00 0.000000000000000000e+00 0.000000000000000000e+00
0.000000000000000000e+00 0.000000000000000000e+00 0.000000000000000000e+00 0.000000000000000000e+00 0.000000000000000000e+00
0.000000000000000000e+00 0.000000000000000000e+00 0.000000000000000000e+00 0.000000000000000000e+00 0.000000000000000000e+00
0.000000000000000000e+00 0.000000000000000000e+00 0.000000000000000000e+00 0.000000000000000000e+00 0.000000000000000000e+00
0.000000000000000000e+00 0.000000000000000000e+00 0.000000000000000000e+00 0.000000000000000000e+00 0.000000000000000000e+00
0.000000000000000000e+00 0.000000000000000000e+00 0.000000000000000000e+00 0.000000000000000000e+00 0.000000000000000000e+00
0.000000000000000000e+00 0.000000000000000000e+00 0.000000000000000000e+00 0.000000000000000000e+00 0.000000000000000000e+00
0.000000000000000000e+00 0.000000000000000000e+00 0.000000000000000000e+00 0.000000000000000000e+00 0.000000000000000000e+00
0.000000000000000000e+00 0.000000000000000000e+00 0.000000000000000000e+00 0.000000000000000000e+00 0.000000000000000000e+00
0.000000000000000000e+00 0.000000000000000000e+00 0.000000000000000000e+00 0.000000000000000000e+00 0.000000000000000000e+00
0.000000000000000000e+00 0.000000000000000000e+00 0.000000000000000000e+00 0.000000000000000000e+00 0.000000000000000000e+00
0.000000000000000000e+00 0.000000000000000000e+00 0.000000000000000000e+00 0.000000000000000000e+00 0.000000000000000000e+00
0.000000000000000000e+00 0.000000000000000000e+00 0.000000000000000000e+00 0.000000000000000000e+00 0.000000000000000000e+00
0.000000000000000000e+00 0.000000000000000000e+00 0.000000000000000000e+00 0.000000000000000000e+00 0.000000000000000000e+00
0.000000000000000000e+00 0.000000000000000000e+00 0.000000000000000000e+00 0.000000000000000000e+00 0.000000000000000000e+00
0.000000000000000000e+00 0.000000000000000000e+00 0.000000000000000000e+00 0.000000000000000000e+00 0.000000000000000000e+00
0.000000000000000000e+00 0.000000000000000000e+00 0.000000000000000000e+00 0.000000000000000000e+00 0.000000000000000000e+00
0.000000000000000000e+00 0.000000000000000000e+00 0.000000000000000000e+00 0.000000000000000000e+00 0.000000000000000000e+00
0.000000000000000000e+00 0.000000000000000000e+00 0.000000000000000000e+00 0.000000000000000000e+00 0.000000000000000000e+00
0.000000000000000000e+00 0.000000000000000000e+00 0.000000000000000000e+00 0.000000000000000000e+00 0.000000000000000000e+00
0.000000000000000000e+00 0.000000000000000000e+00 0.000000000000000000e+00 0.000000000000000000e+00 0.000000000000000000e+00
0.000000000000000000e+00 0.000000000000000000e+00 0.000000000000000000e+00 0.000000000000000000e+00 0.000000000000000000e+00
0.000000000000000000e+00 0.000000000000000000e+00 0.000000000000000000e+00 0.000000000000000000e+00 0.000000000000000000e+00
0.000000000000000000e+00 0.000000000000000000e+00 0.000000000000000000e+00 0.000000000000000000e+00 0.000000000000000000e+00
0.000000000000000000e+00 0.000000000000000000e+00 0.000000000000000000e+00 0.000000000000000000e+00 0.000000000000000000e+00
0.000000000000000000e+00 0.000000000000000000e+00 0.000000000000000000e+00 0.000000000000000000e+00 0.000000000000000000e+00
0.000000000000000000e+00 0.000000000000000000e+00 0.000000000000000000e+00 0.000000000000000000e+00 0.000000000000000000e+00
0.000000000000000000e+00 0.000000000000000000e+00 0.000000000000000000e+00 0.000000000000000000e+00 0.000000000000000000e+00
0.000000000000000000e+00 0.000000000000000000e+00 0.000000000000000000e+00 0.000000000000000000e+00 0.000000000000000000e+00
0.000000000000000000e+00 0.000000000000000000e+00 0.000000000000000000e+00 0.000000000000000000e+00 0.000000000000000000e+00
