0.000000000000000000e+00 0.000000000000000000e+00 1.000000000000000000e+00 0.000000000000000000e+00 0.000000000000000000e+00
-7.539322376251220703e-01 1.150229215621948242e+00 1.000000000000000000e+00 0.000000000000000000e+00 0.000000000000000000e+00
-6.499355435371398926e-01 6.990926265716552734e-01 1.000000000000000000e+00 0.000000000000000000e+00 0.000000000000000000e+00
-3.875851333141326904e-01 2.520047426223754883e-01 0.000000000000000000e+00 1.000000000000000000e+00 0.000000000000000000e+00
1.017583727836608887e+00 -8.085625171661376953e-01 1.000000000000000000e+00 0.000000000000000000e+00 0.000000000000000000e+00
7.069835066795349121e-01 -1.610873192548751831e-01 1.000000000000000000e+00 0.000000000000000000e+00 0.000000000000000000e+00
1.537272036075592041e-01 4.119133204221725464e-02 0.000000000000000000e+00 1.000000000000000000e+00 0.000000000000000000e+00
-9.115705490112304688e-01 7.396245002746582031e-01 1.000000000000000000e+00 0.000000000000000000e+00 0.000000000000000000e+00
5.995309948921203613e-01 -9.018472582101821899e-02 0.000000000000000000e+00 1.000000000000000000e+00 0.000000000000000000e+00
-6.972776651382446289e-01 8.012679815292358398e-01 1.000000000000000000e+00 0.000000000000000000e+00 0.000000000000000000e+00
5.709400177001953125e-01 -1.584170013666152954e-01 1.000000000000000000e+00 0.000000000000000000e+00 0.000000000000000000e+00
2.608272433280944824e-01 -2.114204466342926025e-01 1.000000000000000000e+00 0.000000000000000000e+00 0.000000000000000000e+00
2.709339745342731476e-02 -1.305771470069885254e-01 0.000000000000000000e+00 1.000000000000000000e+00 0.000000000000000000e+00
-3.416005969047546387e-01 5.678525567054748535e-02 1.000000000000000000e+00 0.000000000000000000e+00 0.000000000000000000e+00
-6.479032337665557861e-02 1.076961278915405273e+00 1.000000000000000000e+00 0.000000000000000000e+00 0.000000000000000000e+00
5.521360784769058228e-02 1.877407431602478027e-01 1.000000000000000000e+00 0.000000000000000000e+00 0.000000000000000000e+00
8.710782229900360107e-02 2.099437639117240906e-02 1.000000000000000000e+00 0.000000000000000000e+00 0.000000000000000000e+00
3.004596531391143799e-01 -4.459958076477050781e-01 1.000000000000000000e+00 0.000000000000000000e+00 0.000000000000000000e+00
1.825914084911346436e-01 -5.013118386268615723e-01 0.000000000000000000e+00 1.000000000000000000e+00 0.000000000000000000e+00
1.193602442741394043e+00 -2.411374330520629883e+00 1.000000000000000000e+00 0.000000000000000000e+00 0.000000000000000000e+00
-1.161634251475334167e-01 4.568212032318115234e-01 1.000000000000000000e+00 0.000000000000000000e+00 0.000000000000000000e+00
-1.763790249824523926e-01 2.852031290531158447e-01 0.000000000000000000e+00 1.000000000000000000e+00 0.000000000000000000e+00
-5.483118295669555664e-01 2.934700250625610352e-01 1.000000000000000000e+00 0.000000000000000000e+00 0.000000000000000000e+00
-1.335354149341583252e-01 6.866080164909362793e-01 1.000000000000000000e+00 0.000000000000000000e+00 0.000000000000000000e+00
-1.075512915849685669e-01 2.154788076877593994e-01 0.000000000000000000e+00 1.000000000000000000e+00 0.000000000000000000e+00
6.543921828269958496e-01 -9.099048376083374023e-01 1.000000000000000000e+00 0.000000000000000000e+00 0.000000000000000000e+00
9.082158803939819336e-01 -1.508985459804534912e-01 1.000000000000000000e+00 0.000000000000000000e+00 0.000000000000000000e+00
2.555816769599914551e-01 6.385952234268188477e-02 1.000000000000000000e+00 0.000000000000000000e+00 0.000000000000000000e+00
-9.336857497692108154e-02 2.480015009641647339e-01 1.000000000000000000e+00 0.000000000000000000e+00 0.000000000000000000e+00
-2.104741185903549194e-01 2.494578659534454346e-01 0.000000000000000000e+00 1.000000000000000000e+00 0.000000000000000000e+00
-5.411924719810485840e-01 7.073672860860824585e-02 1.000000000000000000e+00 0.000000000000000000e+00 0.000000000000000000e+00
-4.165444076061248779e-01 8.248288035392761230e-01 1.000000000000000000e+00 0.000000000000000000e+00 0.000000000000000000e+00
-1.588962227106094360e-02 2.550374269485473633e-01 1.000000000000000000e+00 0.000000000000000000e+00 0.000000000000000000e+00
7.734349370002746582e-01 7.187927365303039551e-01 1.000000000000000000e+00 0.000000000000000000e+00 0.000000000000000000e+00
2.659604847431182861e-01 1.318361163139343262e-01 0.000000000000000000e+00 1.000000000000000000e+00 0.000000000000000000e+00
1.608223468065261841e-02 -1.296028137207031250e+00 1.000000000000000000e+00 0.000000000000000000e+00 0.000000000000000000e+00
-8.864927291870117188e-01 8.822686076164245605e-01 1.000000000000000000e+00 0.000000000000000000e+00 0.000000000000000000e+00
-3.578647375106811523e-01 2.209637165069580078e-01 1.000000000000000000e+00 0.000000000000000000e+00 0.000000000000000000e+00
-4.149302244186401367e-01 8.092837035655975342e-02 0.000000000000000000e+00 1.000000000000000000e+00 0.000000000000000000e+00
9.106971323490142822e-02 -1.021138310432434082e+00 1.000000000000000000e+00 0.000000000000000000e+00 0.000000000000000000e+00
1.153096199035644531e+00 -2.054600417613983154e-01 1.000000000000000000e+00 0.000000000000000000e+00 0.000000000000000000e+00
8.687137961387634277e-01 2.254377305507659912e-02 0.000000000000000000e+00 1.000000000000000000e+00 0.000000000000000000e+00
-1.654763936996459961e+00 -1.243865013122558594e+00 0.000000000000000000e+00 0.000000000000000000e+00 1.000000000000000000e+00
-1.126660779118537903e-01 7.156587839126586914e-01 0.000000000000000000e+00 0.000000000000000000e+00 1.000000000000000000e+00
-1.291111707687377930e+00 -5.061164498329162598e-01 0.000000000000000000e+00 0.000000000000000000e+00 1.000000000000000000e+00
-8.063678741455078125e-01 -2.791223526000976562e-01 0.000000000000000000e+00 0.000000000000000000e+00 1.000000000000000000e+00
-9.295917749404907227e-01 -3.731595873832702637e-01 0.000000000000000000e+00 0.000000000000000000e+00 1.000000000000000000e+00
-8.650231361389160156e-01 -3.568826317787170410e-01 0.000000000000000000e+00 0.000000000000000000e+00 1.000000000000000000e+00
-8.630917072296142578e-01 -3.574317097663879395e-01 0.000000000000000000e+00 0.000000000000000000e+00 1.000000000000000000e+00
-8.536204099655151367e-01 -3.416427969932556152e-01 0.000000000000000000e+00 0.000000000000000000e+00 1.000000000000000000e+00
-8.535681962966918945e-01 -3.246565461158752441e-01 0.000000000000000000e+00 0.000000000000000000e+00 1.000000000000000000e+00
-8.447619676589965820e-01 -3.125674724578857422e-01 0.000000000000000000e+00 0.000000000000000000e+00 1.000000000000000000e+00
-8.311675786972045898e-01 -3.102554082870483398e-01 0.000000000000000000e+00 0.000000000000000000e+00 1.000000000000000000e+00
-8.258130550384521484e-01 -3.045241832733154297e-01 0.000000000000000000e+00 0.000000000000000000e+00 1.000000000000000000e+00
-8.236278295516967773e-01 -2.974902987480163574e-01 0.000000000000000000e+00 0.000000000000000000e+00 1.000000000000000000e+00
-8.224128484725952148e-01 -2.906746268272399902e-01 0.000000000000000000e+00 0.000000000000000000e+00 1.000000000000000000e+00
-8.215657472610473633e-01 -2.789775133132934570e-01 0.000000000000000000e+00 0.000000000000000000e+00 1.000000000000000000e+00
-8.206622600555419922e-01 -2.647920846939086914e-01 0.000000000000000000e+00 0.000000000000000000e+00 1.000000000000000000e+00
-8.139787912368774414e-01 -2.609663605690002441e-01 0.000000000000000000e+00 0.000000000000000000e+00 1.000000000000000000e+00
0.000000000000000000e+00 0.000000000000000000e+00 0.000000000000000000e+00 0.000000000000000000e+00 0.000000000000000000e+00
0.000000000000000000e+00 0.000000000000000000e+00 0.000000000000000000e+00 0.000000000000000000e+00 0.000000000000000000e+00
0.000000000000000000e+00 0.000000000000000000e+00 0.000000000000000000e+00 0.000000000000000000e+00 0.000000000000000000e+00
0.000000000000000000e+00 0.000000000000000000e+00 0.000000000000000000e+00 0.000000000000000000e+00 0.000000000000000000e+00
0.000000000000000000e+00 0.000000000000000000e+00 0.000000000000000000e+00 0.000000000000000000e+00 0.000000000000000000e+00
0.000000000000000000e+00 0.000000000000000000e+00 0.000000000000000000e+00 0.000000000000000000e+00 0.000000000000000000e+00
0.000000000000000000e+00 0.000000000000000000e+00 0.000000000000000000e+00 0.000000000000000000e+00 0.000000000000000000e+00
0.000000000000000000e+00 0.000000000000000000e+00 0.000000000000000000e+00 0.000000000000000000e+00 0.000000000000000000e+00
0.000000000000000000e+00 0.000000000000000000e+00 0.000000000000000000e+00 0.000000000000000000e+00 0.000000000000000000e+00
0.000000000000000000e+00 0.000000000000000000e+00 0.000000000000000000e+00 0.000000000000000000e+00 0.000000000000000000e+00
0.000000000000000000e+00 0.000000000000000000e+00 0.000000000000000000e+00 0.000000000000000000e+00 0.000000000000000000e+00
0.000000000000000000e+00 0.000000000000000000e+00 0.000000000000000000e+00 0.000000000000000000e+00 0.000000000000000000e+00
0.000000000000000000e+00 0.000000000000000000e+00 0.000000000000000000e+00 0.000000000000000000e+00 0.000000000000000000e+00
0.000000000000000000e+00 0.000000000000000000e+00 0.000000000000000000e+00 0.000000000000000000e+00 0.000000000000000000e+00
0.000000000000000000e+00 0.000000000000000000e+00 0.000000000000000000e+00 0.000000000000000000e+00 0.000000000000000000e+00
0.000000000000000000e+00 0.000000000000000000e+00 0.000000000000000000e+00 0.000000000000000000e+00 0.000000000000000000e+00
0.000000000000000000e+00 0.000000000000000000e+00 0.000000000000000000e+00 0.000000000000000000e+00 0.000000000000000000e+00
0.000000000000000000e+00 0.000000000000000000e+00 0.000000000000000000e+00 0.000000000000000000e+00 0.000000000000000000e+00
0.000000000000000000e+00 0.000000000000000000e+00 0.000000000000000000e+00 0.000000000000000000e+00 0.000000000000000000e+00
0.000000000000000000e+00 0.000000000000000000e+00 0.000000000000000000e+00 0.000000000000000000e+00 0.000000000000000000e+00
0.000000000000000000e+00 0.000000000000000000e+00 0.000000000000000000e+00 0.000000000000000000e+00 0.000000000000000000e+00
0.000000000000000000e+00 0.000000000000000000e+00 0.000000000000000000e+00 0.000000000000000000e+00 0.000000000000000000e+00
0.000000000000000000e+00 0.000000000000000000e+00 0.000000000000000000e+00 0.000000000000000000e+00 0.000000000000000000e+00
0.000000000000000000e+00 0.000000000000000000e+00 0.000000000000000000e+00 0.000000000000000000e+00 0.000000000000000000e+00
0.000000000000000000e+00 0.000000000000000000e+00 0.000000000000000000e+00 0.000000000000000000e+00 0.000000000000000000e+00
0.000000000000000000e+00 0.000000000000000000e+00 0.000000000000000000e+00 0.000000000000000000e+00 0.000000000000000000e+00
0.000000000000000000e+00 0.000000000000000000e+00 0.000000000000000000e+00 0.000000000000000000e+00 0.000000000000000000e+00
0.000000000000000000e+00 0.000000000000000000e+00 0.000000000000000000e+00 0.000000000000000000e+00 0.000000000000000000e+00
0.000000000000000000e+00 0.000000000000000000e+00 0.000000000000000000e+00 0.000000000000000000e+00 0.000000000000000000e+00
0.000000000000000000e+00 0.000000000000000000e+00 0.000000000000000000e+00 0.000000000000000000e+00 0.000000000000000000e+00
0.000000000000000000e+00 0.000000000000000000e+00 0.000000000000000000e+00 0.000000000000000000e+00 0.000000000000000000e+00
0.000000000000000000e+00 0.000000000000000000e+00 0.000000000000000000e+00 0.000000000000000000e+00 0.000000000000000000e+00
0.000000000000000000e+00 0.000000000000000000e+00 0.000000000000000000e+00 0.000000000000000000e+00 0.000000000000000000e+00
0.000000000000000000e+00 0.000000000000000000e+00 0.000000000000000000e+00 0.000000000000000000e+00 0.000000000000000000e+00
0.000000000000000000e+00 0.000000000000000000e+00 0.000000000000000000e+00 0.000000000000000000e+00 0.000000000000000000e+00
0.000000000000000000e+00 0.000000000000000000e+00 0.000000000000000000e+00 0.000000000000000000e+00 0.000000000000000000e+00
0.000000000000000000e+00 0.000000000000000000e+00 0.000000000000000000e+00 0.000000000000000000e+00 0.000000000000000000e+00
0.000000000000000000e+00 0.000000000000000000e+00 0.000000000000000000e+00 0.000000000000000000e+00 0.000000000000000000e+00
0.000000000000000000e+00 0.000000000000000000e+00 0.000000000000000000e+00 0.000000000000000000e+00 0.000000000000000000e+00
0.000000000000000000e+00 0.000000000000000000e+00 0.000000000000000000e+00 0.000000000000000000e+00 0.000000000000000000e+00
0.000000000000000000e+00 0.000000000000000000e+00 0.000000000000000000e+00 0.000000000000000000e+00 0.000000000000000000e+00
0.000000000000000000e+00 0.000000000000000000e+00 0.000000000000000000e+00 0.000000000000000000e+00 0.000000000000000000e+00
0.000000000000000000e+00 0.000000000000000000e+00 0.000000000000000000e+00 0.000000000000000000e+00 0.000000000000000000e+00
0.000000000000000000e+00 0.000000000000000000e+00 0.000000000000000000e+00 0.000000000000000000e+00 0.000000000000000000e+00
0.000000000000000000e+00 0.000000000000000000e+00 0.000000000000000000e+00 0.000000000000000000e+00 0.000000000000000000e+00
0.000000000000000000e+00 0.000000000000000000e+00 0.000000000000000000e+00 0.000000000000000000e+00 0.000000000000000000e+00
0.000000000000000000e+00 0.000000000000000000e+00 0.000000000000000000e+00 0.000000000000000000e+00 0.000000000000000000e+00
0.000000000000000000e+00 0.000000000000000000e+00 0.000000000000000000e+00 0.000000000000000000e+00 0.000000000000000000e+00
0.000000000000000000e+00 0.000000000000000000e+00 0.000000000000000000e+00 0.000000000000000000e+00 0.000000000000000000e+00
0.000000000000000000e+00 0.000000000000000000e+00 0.000000000000000000e+00 0.000000000000000000e+00 0.000000000000000000e+00
0.000000000000000000e+00 0.000000000000000000e+00 0.000000000000000000e+00 0.000000000000000000e+00 0.000000000000000000e+00
0.000000000000000000e+00 0.000000000000000000e+00 0.000000000000000000e+00 0.000000000000000000e+00 0.000000000000000000e+00
0.000000000000000000e+00 0.000000000000000000e+00 0.000000000000000000e+00 0.000000000000000000e+00 0.000000000000000000e+00
0.000000000000000000e+00 0.000000000000000000e+00 0.000000000000000000e+00 0.000000000000000000e+00 0.000000000000000000e+00
0.000000000000000000e+00 0.000000000000000000e+00 0.000000000000000000e+00 0.000000000000000000e+00 0.000000000000000000e+00
0.000000000000000000e+00 0.000000000000000000e+00 0.000000000000000000e+00 0.000000000000000000e+00 0.000000000000000000e+00
0.000000000000000000e+00 0.000000000000000000e+00 0.000000000000000000e+00 0.000000000000000000e+00 0.000000000000000000e+00
0.000000000000000000e+00 0.000000000000000000e+00 0.000000000000000000e+00 0.000000000000000000e+00 0.000000000000000000e+00
0.000000000000000000e+00 0.000000000000000000e+00 0.000000000000000000e+00 0.000000000000000000e+00 0.000000000000000000e+00
0.000000000000000000e+00 0.000000000000000000e+00 0.000000000000000000e+00 0.000000000000000000e+00 0.000000000000000000e+00
0.000000000000000000e+00 0.000000000000000000e+00 0.000000000000000000e+00 0.000000000000000000e+00 0.000000000000000000e+00
0.000000000000000000e+00 0.000000000000000000e+00 0.000000000000000000e+00 0.000000000000000000e+00 0.000000000000000000e+00
