0.000000000000000000e+00 0.000000000000000000e+00 1.000000000000000000e+00 0.000000000000000000e+00 0.000000000000000000e+00
-5.822050571441650391e-01 9.143066406250000000e-01 1.000000000000000000e+00 0.000000000000000000e+00 0.000000000000000000e+00
-5.340307950973510742e-01 6.005359888076782227e-01 1.000000000000000000e+00 0.000000000000000000e+00 0.000000000000000000e+00
-3.020238280296325684e-01 2.040065824985504150e-01 0.000000000000000000e+00 1.000000000000000000e+00 0.000000000000000000e+00
8.306252956390380859e-01 -7.042335271835327148e-01 1.000000000000000000e+00 0.000000000000000000e+00 0.000000000000000000e+00
5.825533270835876465e-01 -1.302202045917510986e-01 0.000000000000000000e+00 1.000000000000000000e+00 0.000000000000000000e+00
-6.479815244674682617e-01 6.075576543807983398e-01 1.000000000000000000e+00 0.000000000000000000e+00 0.000000000000000000e+00
4.656669795513153076e-01 -8.139251172542572021e-02 0.000000000000000000e+00 1.000000000000000000e+00 0.000000000000000000e+00
-5.384946465492248535e-01 6.311713457107543945e-01 1.000000000000000000e+00 0.000000000000000000e+00 0.000000000000000000e+00
4.718252718448638916e-01 -1.620110273361206055e-01 1.000000000000000000e+00 0.000000000000000000e+00 0.000000000000000000e+00
1.916113197803497314e-01 -1.828937977552413940e-01 1.000000000000000000e+00 0.000000000000000000e+00 0.000000000000000000e+00
-3.571265377104282379e-03 -9.771680831909179688e-02 1.000000000000000000e+00 0.000000000000000000e+00 0.000000000000000000e+00
-1.120925173163414001e-01 2.121660858392715454e-02 1.000000000000000000e+00 0.000000000000000000e+00 0.000000000000000000e+00
-1.173438727855682373e-01 2.084198892116546631e-01 1.000000000000000000e+00 0.000000000000000000e+00 0.000000000000000000e+00
-2.917643636465072632e-02 5.946069955825805664e-01 1.000000000000000000e+00 0.000000000000000000e+00 0.000000000000000000e+00
5.937229841947555542e-02 1.508272290229797363e-01 1.000000000000000000e+00 0.000000000000000000e+00 0.000000000000000000e+00
7.412428408861160278e-02 9.666781872510910034e-03 1.000000000000000000e+00 0.000000000000000000e+00 0.000000000000000000e+00
2.418219149112701416e-01 -4.218859076499938965e-01 1.000000000000000000e+00 0.000000000000000000e+00 0.000000000000000000e+00
4.081017971038818359e-01 -1.171945571899414062e+00 0.000000000000000000e+00 1.000000000000000000e+00 0.000000000000000000e+00
1.771001666784286499e-01 -2.847771346569061279e-01 1.000000000000000000e+00 0.000000000000000000e+00 0.000000000000000000e+00
-2.116249501705169678e-01 1.241926908493041992e+00 1.000000000000000000e+00 0.000000000000000000e+00 0.000000000000000000e+00
-7.736533135175704956e-02 1.841636747121810913e-01 1.000000000000000000e+00 0.000000000000000000e+00 0.000000000000000000e+00
-8.489159494638442993e-02 4.045235738158226013e-02 0.000000000000000000e+00 1.000000000000000000e+00 0.000000000000000000e+00
4.995457530021667480e-01 -1.540750265121459961e+00 1.000000000000000000e+00 0.000000000000000000e+00 0.000000000000000000e+00
4.258694648742675781e-01 -7.802391052246093750e-02 1.000000000000000000e+00 0.000000000000000000e+00 0.000000000000000000e+00
1.430246978998184204e-01 1.045681908726692200e-01 1.000000000000000000e+00 0.000000000000000000e+00 0.000000000000000000e+00
-1.299920678138732910e-01 1.288750410079956055e+00 1.000000000000000000e+00 0.000000000000000000e+00 0.000000000000000000e+00
-6.941956281661987305e-02 1.723561584949493408e-01 1.000000000000000000e+00 0.000000000000000000e+00 0.000000000000000000e+00
-1.108525171875953674e-01 6.548783928155899048e-02 0.000000000000000000e+00 1.000000000000000000e+00 0.000000000000000000e+00
-2.270615845918655396e-01 -8.431282043457031250e-01 1.000000000000000000e+00 0.000000000000000000e+00 0.000000000000000000e+00
2.475478351116180420e-01 -1.901730895042419434e-02 1.000000000000000000e+00 0.000000000000000000e+00 0.000000000000000000e+00
-4.114388674497604370e-02 5.227354913949966431e-02 0.000000000000000000e+00 1.000000000000000000e+00 0.000000000000000000e+00
-2.330068051815032959e-01 2.763060033321380615e-01 1.000000000000000000e+00 0.000000000000000000e+00 0.000000000000000000e+00
3.040107786655426025e-01 2.725496888160705566e-03 1.000000000000000000e+00 0.000000000000000000e+00 0.000000000000000000e+00
-4.015978425741195679e-02 7.946182787418365479e-02 0.000000000000000000e+00 1.000000000000000000e+00 0.000000000000000000e+00
-5.510501861572265625e-01 5.598050355911254883e-01 1.000000000000000000e+00 0.000000000000000000e+00 0.000000000000000000e+00
6.211599111557006836e-01 -1.724655777215957642e-01 1.000000000000000000e+00 0.000000000000000000e+00 0.000000000000000000e+00
2.173913270235061646e-01 -1.339674890041351318e-01 0.000000000000000000e+00 1.000000000000000000e+00 0.000000000000000000e+00
4.123855233192443848e-01 -7.881647348403930664e-01 1.000000000000000000e+00 0.000000000000000000e+00 0.000000000000000000e+00
7.318749427795410156e-01 -1.054467558860778809e-01 1.000000000000000000e+00 0.000000000000000000e+00 0.000000000000000000e+00
2.197123020887374878e-01 7.939407974481582642e-02 1.000000000000000000e+00 0.000000000000000000e+00 0.000000000000000000e+00
-4.287008661776781082e-03 3.480537235736846924e-01 1.000000000000000000e+00 0.000000000000000000e+00 0.000000000000000000e+00
-2.630337476730346680e-01 6.266510486602783203e-01 1.000000000000000000e+00 0.000000000000000000e+00 0.000000000000000000e+00
-1.485379636287689209e-01 1.888185590505599976e-01 1.000000000000000000e+00 0.000000000000000000e+00 0.000000000000000000e+00
-1.295215189456939697e-01 5.431057885289192200e-02 1.000000000000000000e+00 0.000000000000000000e+00 0.000000000000000000e+00
-1.374752521514892578e-01 -1.065052077174186707e-01 1.000000000000000000e+00 0.000000000000000000e+00 0.000000000000000000e+00
-1.206429153680801392e-01 -3.650411963462829590e-01 0.000000000000000000e+00 1.000000000000000000e+00 0.000000000000000000e+00
4.411194920539855957e-01 -1.647598743438720703e+00 1.000000000000000000e+00 0.000000000000000000e+00 0.000000000000000000e+00
-7.561594247817993164e-01 1.466371893882751465e+00 1.000000000000000000e+00 0.000000000000000000e+00 0.000000000000000000e+00
-3.339259624481201172e-01 5.180985927581787109e-01 0.000000000000000000e+00 1.000000000000000000e+00 0.000000000000000000e+00
3.807970881462097168e-02 -1.480521202087402344e+00 0.000000000000000000e+00 0.000000000000000000e+00 1.000000000000000000e+00
-1.113310813903808594e+00 2.230932116508483887e-01 0.000000000000000000e+00 0.000000000000000000e+00 1.000000000000000000e+00
-1.161536574363708496e+00 -3.572176098823547363e-01 0.000000000000000000e+00 0.000000000000000000e+00 1.000000000000000000e+00
-9.759281873703002930e-01 -2.317669987678527832e-01 0.000000000000000000e+00 0.000000000000000000e+00 1.000000000000000000e+00
-1.017356038093566895e+00 -2.717080116271972656e-01 0.000000000000000000e+00 0.000000000000000000e+00 1.000000000000000000e+00
-9.872926473617553711e-01 -2.476412653923034668e-01 0.000000000000000000e+00 0.000000000000000000e+00 1.000000000000000000e+00
-9.759268760681152344e-01 -2.434557676315307617e-01 0.000000000000000000e+00 0.000000000000000000e+00 1.000000000000000000e+00
-9.587414264678955078e-01 -2.418105602264404297e-01 0.000000000000000000e+00 0.000000000000000000e+00 1.000000000000000000e+00
-9.516869783401489258e-01 -2.398535013198852539e-01 0.000000000000000000e+00 0.000000000000000000e+00 1.000000000000000000e+00
-9.428787231445312500e-01 -2.272334098815917969e-01 0.000000000000000000e+00 0.000000000000000000e+00 1.000000000000000000e+00
-9.332910776138305664e-01 -2.197999954223632812e-01 0.000000000000000000e+00 0.000000000000000000e+00 1.000000000000000000e+00
-9.245705604553222656e-01 -2.114129066467285156e-01 0.000000000000000000e+00 0.000000000000000000e+00 1.000000000000000000e+00
-9.159941673278808594e-01 -2.042038440704345703e-01 0.000000000000000000e+00 0.000000000000000000e+00 1.000000000000000000e+00
-9.066202640533447266e-01 -1.993938088417053223e-01 0.000000000000000000e+00 0.000000000000000000e+00 1.000000000000000000e+00
-9.001834392547607422e-01 -1.996685266494750977e-01 0.000000000000000000e+00 0.000000000000000000e+00 1.000000000000000000e+00
-8.980441093444824219e-01 -2.026081681251525879e-01 0.000000000000000000e+00 0.000000000000000000e+00 1.000000000000000000e+00
-8.959084749221801758e-01 -2.054715752601623535e-01 0.000000000000000000e+00 0.000000000000000000e+00 1.000000000000000000e+00
-8.929921388626098633e-01 -2.077975273132324219e-01 0.000000000000000000e+00 0.000000000000000000e+00 1.000000000000000000e+00
-8.873258829116821289e-01 -2.093785405158996582e-01 0.000000000000000000e+00 0.000000000000000000e+00 1.000000000000000000e+00
0.000000000000000000e+00 0.000000000000000000e+00 0.000000000000000000e+00 0.000000000000000000e+00 0.000000000000000000e+00
0.000000000000000000e+00 0.000000000000000000e+00 0.000000000000000000e+00 0.000000000000000000e+00 0.000000000000000000e+00
0.000000000000000000e+00 0.000000000000000000e+00 0.000000000000000000e+00 0.000000000000000000e+00 0.000000000000000000e+00
0.000000000000000000e+00 0.000000000000000000e+00 0.000000000000000000e+00 0.000000000000000000e+00 0.000000000000000000e+00
0.000000000000000000e+00 0.000000000000000000e+00 0.000000000000000000e+00 0.000000000000000000e+00 0.000000000000000000e+00
0.000000000000000000e+00 0.000000000000000000e+00 0.000000000000000000e+00 0.000000000000000000e+00 0.000000000000000000e+00
0.000000000000000000e+00 0.000000000000000000e+00 0.000000000000000000e+00 0.000000000000000000e+00 0.000000000000000000e+00
0.000000000000000000e+00 0.000000000000000000e+00 0.000000000000000000e+00 0.000000000000000000e+00 0.000000000000000000e+00
0.000000000000000000e+00 0.000000000000000000e+00 0.000000000000000000e+00 0.000000000000000000e+00 0.000000000000000000e+00
0.000000000000000000e+00 0.000000000000000000e+00 0.000000000000000000e+00 0.000000000000000000e+00 0.000000000000000000e+00
0.000000000000000000e+00 0.000000000000000000e+00 0.000000000000000000e+00 0.000000000000000000e+00 0.000000000000000000e+00
0.000000000000000000e+00 0.000000000000000000e+00 0.000000000000000000e+00 0.000000000000000000e+00 0.000000000000000000e+00
0.000000000000000000e+00 0.000000000000000000e+00 0.000000000000000000e+00 0.000000000000000000e+00 0.000000000000000000e+00
0.000000000000000000e+00 0.000000000000000000e+00 0.000000000000000000e+00 0.000000000000000000e+00 0.000000000000000000e+00
0.000000000000000000e+00 0.000000000000000000e+00 0.000000000000000000e+00 0.000000000000000000e+00 0.000000000000000000e+00
0.000000000000000000e+00 0.000000000000000000e+00 0.000000000000000000e+00 0.000000000000000000e+00 0.000000000000000000e+00
0.000000000000000000e+00 0.000000000000000000e+00 0.000000000000000000e+00 0.000000000000000000e+00 0.000000000000000000e+00
0.000000000000000000e+00 0.000000000000000000e+00 0.000000000000000000e+00 0.000000000000000000e+00 0.000000000000000000e+00
0.000000000000000000e+00 0.000000000000000000e+00 0.000000000000000000e+00 0.000000000000000000e+00 0.000000000000000000e+00
0.000000000000000000e+00 0.000000000000000000e+00 0.000000000000000000e+00 0.000000000000000000e+00 0.000000000000000000e+00
0.000000000000000000e+00 0.000000000000000000e+00 0.000000000000000000e+00 0.000000000000000000e+00 0.000000000000000000e+00
0.000000000000000000e+00 0.000000000000000000e+00 0.000000000000000000e+00 0.000000000000000000e+00 0.000000000000000000e+00
0.000000000000000000e+00 0.000000000000000000e+00 0.000000000000000000e+00 0.000000000000000000e+00 0.000000000000000000e+00
0.000000000000000000e+00 0.000000000000000000e+00 0.000000000000000000e+00 0.000000000000000000e+00 0.000000000000000000e+00
0.000000000000000000e+00 0.000000000000000000e+00 0.000000000000000000e+00 0.000000000000000000e+00 0.000000000000000000e+00
0.000000000000000000e+00 0.000000000000000000e+00 0.000000000000000000e+00 0.000000000000000000e+00 0.000000000000000000e+00
0.000000000000000000e+00 0.000000000000000000e+00 0.000000000000000000e+00 0.000000000000000000e+00 0.000000000000000000e+00
0.000000000000000000e+00 0.000000000000000000e+00 0.000000000000000000e+00 0.000000000000000000e+00 0.000000000000000000e+00
0.000000000000000000e+00 0.000000000000000000e+00 0.000000000000000000e+00 0.000000000000000000e+00 0.000000000000000000e+00
0.000000000000000000e+00 0.000000000000000000e+00 0.000000000000000000e+00 0.000000000000000000e+00 0.000000000000000000e+00
0.000000000000000000e+00 0.000000000000000000e+00 0.000000000000000000e+00 0.000000000000000000e+00 0.000000000000000000e+00
0.000000000000000000e+00 0.000000000000000000e+00 0.000000000000000000e+00 0.000000000000000000e+00 0.000000000000000000e+00
0.000000000000000000e+00 0.000000000000000000e+00 0.000000000000000000e+00 0.000000000000000000e+00 0.000000000000000000e+00
0.000000000000000000e+00 0.000000000000000000e+00 0.000000000000000000e+00 0.000000000000000000e+00 0.000000000000000000e+00
0.000000000000000000e+00 0.000000000000000000e+00 0.000000000000000000e+00 0.000000000000000000e+00 0.000000000000000000e+00
0.000000000000000000e+00 0.000000000000000000e+00 0.000000000000000000e+00 0.000000000000000000e+00 0.000000000000000000e+00
0.000000000000000000e+00 0.000000000000000000e+00 0.000000000000000000e+00 0.000000000000000000e+00 0.000000000000000000e+00
0.000000000000000000e+00 0.000000000000000000e+00 0.000000000000000000e+00 0.000000000000000000e+00 0.000000000000000000e+00
0.000000000000000000e+00 0.000000000000000000e+00 0.000000000000000000e+00 0.000000000000000000e+00 0.000000000000000000e+00
0.000000000000000000e+00 0.000000000000000000e+00 0.000000000000000000e+00 0.000000000000000000e+00 0.000000000000000000e+00
0.000000000000000000e+00 0.000000000000000000e+00 0.000000000000000000e+00 0.000000000000000000e+00 0.000000000000000000e+00
0.000000000000000000e+00 0.000000000000000000e+00 0.000000000000000000e+00 0.000000000000000000e+00 0.000000000000000000e+00
0.000000000000000000e+00 0.000000000000000000e+00 0.000000000000000000e+00 0.000000000000000000e+00 0.000000000000000000e+00
0.000000000000000000e+00 0.000000000000000000e+00 0.000000000000000000e+00 0.000000000000000000e+00 0.000000000000000000e+00
0.000000000000000000e+00 0.000000000000000000e+00 0.000000000000000000e+00 0.000000000000000000e+00 0.000000000000000000e+00
0.000000000000000000e+00 0.000000000000000000e+00 0.000000000000000000e+00 0.000000000000000000e+00 0.000000000000000000e+00
0.000000000000000000e+00 0.000000000000000000e+00 0.000000000000000000e+00 0.000000000000000000e+00 0.000000000000000000e+00
0.000000000000000000e+00 0.000000000000000000e+00 0.000000000000000000e+00 0.000000000000000000e+00 0.000000000000000000e+00
0.000000000000000000e+00 0.000000000000000000e+00 0.000000000000000000e+00 0.000000000000000000e+00 0.000000000000000000e+00
0.000000000000000000e+00 0.000000000000000000e+00 0.000000000000000000e+00 0.000000000000000000e+00 0.000000000000000000e+00
0.000000000000000000e+00 0.000000000000000000e+00 0.000000000000000000e+00 0.000000000000000000e+00 0.000000000000000000e+00
0.000000000000000000e+00 0.000000000000000000e+00 0.000000000000000000e+00 0.000000000000000000e+00 0.000000000000000000e+00
