0.000000000000000000e+00 0.000000000000000000e+00 1.000000000000000000e+00 0.000000000000000000e+00 0.000000000000000000e+00
-5.573747158050537109e-01 9.158605337142944336e-01 1.000000000000000000e+00 0.000000000000000000e+00 0.000000000000000000e+00
-5.259051918983459473e-01 6.075910925865173340e-01 1.000000000000000000e+00 0.000000000000000000e+00 0.000000000000000000e+00
-2.913921177387237549e-01 1.907765567302703857e-01 0.000000000000000000e+00 1.000000000000000000e+00 0.000000000000000000e+00
8.409258127212524414e-01 -7.122696042060852051e-01 1.000000000000000000e+00 0.000000000000000000e+00 0.000000000000000000e+00
5.950095653533935547e-01 -1.363802850246429443e-01 1.000000000000000000e+00 0.000000000000000000e+00 0.000000000000000000e+00
-4.731036722660064697e-02 5.186352133750915527e-02 0.000000000000000000e+00 1.000000000000000000e+00 0.000000000000000000e+00
-5.731248259544372559e-01 4.910997152328491211e-01 1.000000000000000000e+00 0.000000000000000000e+00 0.000000000000000000e+00
4.463275671005249023e-01 -6.803405284881591797e-02 1.000000000000000000e+00 0.000000000000000000e+00 0.000000000000000000e+00
-4.316214472055435181e-02 6.004348397254943848e-02 0.000000000000000000e+00 1.000000000000000000e+00 0.000000000000000000e+00
-5.705641508102416992e-01 5.961815118789672852e-01 1.000000000000000000e+00 0.000000000000000000e+00 0.000000000000000000e+00
4.973274767398834229e-01 -1.487561166286468506e-01 1.000000000000000000e+00 0.000000000000000000e+00 0.000000000000000000e+00
2.125467360019683838e-01 -1.705417931079864502e-01 1.000000000000000000e+00 0.000000000000000000e+00 0.000000000000000000e+00
1.951997168362140656e-03 -9.378853440284729004e-02 0.000000000000000000e+00 1.000000000000000000e+00 0.000000000000000000e+00
-2.752068936824798584e-01 3.291917219758033752e-02 1.000000000000000000e+00 0.000000000000000000e+00 0.000000000000000000e+00
-5.170675367116928101e-02 8.819206357002258301e-01 1.000000000000000000e+00 0.000000000000000000e+00 0.000000000000000000e+00
4.459019750356674194e-02 1.262865960597991943e-01 1.000000000000000000e+00 0.000000000000000000e+00 0.000000000000000000e+00
6.878237426280975342e-02 -1.974627375602722168e-03 1.000000000000000000e+00 0.000000000000000000e+00 0.000000000000000000e+00
2.471829950809478760e-01 -4.081416726112365723e-01 1.000000000000000000e+00 0.000000000000000000e+00 0.000000000000000000e+00
1.149332076311111450e-01 -3.731161653995513916e-01 0.000000000000000000e+00 1.000000000000000000e+00 0.000000000000000000e+00
5.075396299362182617e-01 -1.240884184837341309e+00 1.000000000000000000e+00 0.000000000000000000e+00 0.000000000000000000e+00
1.070038676261901855e-01 4.747511073946952820e-02 1.000000000000000000e+00 0.000000000000000000e+00 0.000000000000000000e+00
2.100011706352233887e-02 9.962233901023864746e-02 0.000000000000000000e+00 1.000000000000000000e+00 0.000000000000000000e+00
-2.904132008552551270e-01 5.100612044334411621e-01 1.000000000000000000e+00 0.000000000000000000e+00 0.000000000000000000e+00
-9.185405075550079346e-02 9.543666839599609375e-01 1.000000000000000000e+00 0.000000000000000000e+00 0.000000000000000000e+00
-6.338477134704589844e-02 1.732934862375259399e-01 0.000000000000000000e+00 1.000000000000000000e+00 0.000000000000000000e+00
1.066428184509277344e+00 -1.926523685455322266e+00 1.000000000000000000e+00 0.000000000000000000e+00 0.000000000000000000e+00
6.442171335220336914e-01 -6.910885870456695557e-02 1.000000000000000000e+00 0.000000000000000000e+00 0.000000000000000000e+00
1.628641337156295776e-01 1.149189472198486328e-01 1.000000000000000000e+00 0.000000000000000000e+00 0.000000000000000000e+00
-1.236214116215705872e-01 1.702351093292236328e+00 1.000000000000000000e+00 0.000000000000000000e+00 0.000000000000000000e+00
-1.258036196231842041e-01 5.504261255264282227e-01 1.000000000000000000e+00 0.000000000000000000e+00 0.000000000000000000e+00
-9.459677338600158691e-02 1.072164922952651978e-01 1.000000000000000000e+00 0.000000000000000000e+00 0.000000000000000000e+00
-1.427727639675140381e-01 2.549241483211517334e-02 0.000000000000000000e+00 1.000000000000000000e+00 0.000000000000000000e+00
-7.244375944137573242e-01 -1.503490090370178223e+00 1.000000000000000000e+00 0.000000000000000000e+00 0.000000000000000000e+00
4.624078571796417236e-01 -8.365440368652343750e-02 1.000000000000000000e+00 0.000000000000000000e+00 0.000000000000000000e+00
-4.768274724483489990e-02 5.807605758309364319e-02 0.000000000000000000e+00 1.000000000000000000e+00 0.000000000000000000e+00
-6.952941417694091797e-01 6.228736639022827148e-01 1.000000000000000000e+00 0.000000000000000000e+00 0.000000000000000000e+00
6.733950376510620117e-01 -9.358289092779159546e-02 1.000000000000000000e+00 0.000000000000000000e+00 0.000000000000000000e+00
2.711763978004455566e-01 -1.277974098920822144e-01 0.000000000000000000e+00 1.000000000000000000e+00 0.000000000000000000e+00
-6.039649844169616699e-01 -1.658400595188140869e-01 1.000000000000000000e+00 0.000000000000000000e+00 0.000000000000000000e+00
-1.584068834781646729e-01 8.809280395507812500e-01 1.000000000000000000e+00 0.000000000000000000e+00 0.000000000000000000e+00
2.100284397602081299e-02 -5.896909534931182861e-02 0.000000000000000000e+00 1.000000000000000000e+00 0.000000000000000000e+00
5.080584287643432617e-01 -8.398956060409545898e-01 1.000000000000000000e+00 0.000000000000000000e+00 0.000000000000000000e+00
-1.360038965940475464e-01 1.199599742889404297e+00 1.000000000000000000e+00 0.000000000000000000e+00 0.000000000000000000e+00
-9.493148326873779297e-02 3.007826209068298340e-01 0.000000000000000000e+00 1.000000000000000000e+00 0.000000000000000000e+00
-6.493611335754394531e-01 -2.523221492767333984e+00 0.000000000000000000e+00 0.000000000000000000e+00 1.000000000000000000e+00
-4.002576768398284912e-01 8.759620189666748047e-01 0.000000000000000000e+00 0.000000000000000000e+00 1.000000000000000000e+00
-1.493147253990173340e+00 -5.148994326591491699e-01 0.000000000000000000e+00 0.000000000000000000e+00 1.000000000000000000e+00
-8.288395404815673828e-01 1.053279638290405273e-02 0.000000000000000000e+00 0.000000000000000000e+00 1.000000000000000000e+00
-1.134933114051818848e+00 -4.560444951057434082e-01 0.000000000000000000e+00 0.000000000000000000e+00 1.000000000000000000e+00
-9.288220405578613281e-01 -2.126899957656860352e-01 0.000000000000000000e+00 0.000000000000000000e+00 1.000000000000000000e+00
-1.000957489013671875e+00 -4.079247117042541504e-01 0.000000000000000000e+00 0.000000000000000000e+00 1.000000000000000000e+00
-9.378974437713623047e-01 -3.401374220848083496e-01 0.000000000000000000e+00 0.000000000000000000e+00 1.000000000000000000e+00
-9.517802000045776367e-01 -3.789494633674621582e-01 0.000000000000000000e+00 0.000000000000000000e+00 1.000000000000000000e+00
-9.341892004013061523e-01 -3.660019040107727051e-01 0.000000000000000000e+00 0.000000000000000000e+00 1.000000000000000000e+00
-9.265302419662475586e-01 -3.787205815315246582e-01 0.000000000000000000e+00 0.000000000000000000e+00 1.000000000000000000e+00
-9.154413938522338867e-01 -3.717164397239685059e-01 0.000000000000000000e+00 0.000000000000000000e+00 1.000000000000000000e+00
-9.075241088867187500e-01 -3.680835366249084473e-01 0.000000000000000000e+00 0.000000000000000000e+00 1.000000000000000000e+00
-8.996956348419189453e-01 -3.612313866615295410e-01 0.000000000000000000e+00 0.000000000000000000e+00 1.000000000000000000e+00
-8.935035467147827148e-01 -3.561413884162902832e-01 0.000000000000000000e+00 0.000000000000000000e+00 1.000000000000000000e+00
-8.880473375320434570e-01 -3.496580719947814941e-01 0.000000000000000000e+00 0.000000000000000000e+00 1.000000000000000000e+00
-8.813408613204956055e-01 -3.444778323173522949e-01 0.000000000000000000e+00 0.000000000000000000e+00 1.000000000000000000e+00
-8.732452392578125000e-01 -3.347530961036682129e-01 0.000000000000000000e+00 0.000000000000000000e+00 1.000000000000000000e+00
0.000000000000000000e+00 0.000000000000000000e+00 0.000000000000000000e+00 0.000000000000000000e+00 0.000000000000000000e+00
0.000000000000000000e+00 0.000000000000000000e+00 0.000000000000000000e+00 0.000000000000000000e+00 0.000000000000000000e+00
0.000000000000000000e+00 0.000000000000000000e+00 0.000000000000000000e+00 0.000000000000000000e+00 0.000000000000000000e+00
0.000000000000000000e+00 0.000000000000000000e+00 0.000000000000000000e+00 0.000000000000000000e+00 0.000000000000000000e+00
0.000000000000000000e+00 0.000000000000000000e+00 0.000000000000000000e+00 0.000000000000000000e+00 0.000000000000000000e+00
0.000000000000000000e+00 0.000000000000000000e+00 0.000000000000000000e+00 0.000000000000000000e+00 0.000000000000000000e+00
0.000000000000000000e+00 0.000000000000000000e+00 0.000000000000000000e+00 0.000000000000000000e+00 0.000000000000000000e+00
0.000000000000000000e+00 0.000000000000000000e+00 0.000000000000000000e+00 0.000000000000000000e+00 0.000000000000000000e+00
0.000000000000000000e+00 0.000000000000000000e+00 0.000000000000000000e+00 0.000000000000000000e+00 0.000000000000000000e+00
0.000000000000000000e+00 0.000000000000000000e+00 0.000000000000000000e+00 0.000000000000000000e+00 0.000000000000000000e+00
0.000000000000000000e+00 0.000000000000000000e+00 0.000000000000000000e+00 0.000000000000000000e+00 0.000000000000000000e+00
0.000000000000000000e+00 0.000000000000000000e+00 0.000000000000000000e+00 0.000000000000000000e+00 0.000000000000000000e+00
0.000000000000000000e+00 0.000000000000000000e+00 0.000000000000000000e+00 0.000000000000000000e+00 0.000000000000000000e+00
0.000000000000000000e+00 0.000000000000000000e+00 0.000000000000000000e+00 0.000000000000000000e+00 0.000000000000000000e+00
0.000000000000000000e+00 0.000000000000000000e+00 0.000000000000000000e+00 0.000000000000000000e+00 0.000000000000000000e+00
0.000000000000000000e+00 0.000000000000000000e+00 0.000000000000000000e+00 0.000000000000000000e+00 0.000000000000000000e+00
0.000000000000000000e+00 0.000000000000000000e+00 0.000000000000000000e+00 0.000000000000000000e+00 0.000000000000000000e+00
0.000000000000000000e+00 0.000000000000000000e+00 0.000000000000000000e+00 0.000000000000000000e+00 0.000000000000000000e+00
0.000000000000000000e+00 0.000000000000000000e+00 0.000000000000000000e+00 0.000000000000000000e+00 0.000000000000000000e+00
0.000000000000000000e+00 0.000000000000000000e+00 0.000000000000000000e+00 0.000000000000000000e+00 0.000000000000000000e+00
0.000000000000000000e+00 0.000000000000000000e+00 0.000000000000000000e+00 0.000000000000000000e+00 0.000000000000000000e+00
0.000000000000000000e+00 0.000000000000000000e+00 0.000000000000000000e+00 0.000000000000000000e+00 0.000000000000000000e+00
0.000000000000000000e+00 0.000000000000000000e+00 0.000000000000000000e+00 0.000000000000000000e+00 0.000000000000000000e+00
0.000000000000000000e+00 0.000000000000000000e+00 0.000000000000000000e+00 0.000000000000000000e+00 0.000000000000000000e+00
0.000000000000000000e+00 0.000000000000000000e+00 0.000000000000000000e+00 0.000000000000000000e+00 0.000000000000000000e+00
0.000000000000000000e+00 0.000000000000000000e+00 0.000000000000000000e+00 0.000000000000000000e+00 0.000000000000000000e+00
0.000000000000000000e+00 0.000000000000000000e+00 0.000000000000000000e+00 0.000000000000000000e+00 0.000000000000000000e+00
0.000000000000000000e+00 0.000000000000000000e+00 0.000000000000000000e+00 0.000000000000000000e+00 0.000000000000000000e+00
0.000000000000000000e+00 0.000000000000000000e+00 0.000000000000000000e+00 0.000000000000000000e+00 0.000000000000000000e+00
0.000000000000000000e+00 0.000000000000000000e+00 0.000000000000000000e+00 0.000000000000000000e+00 0.000000000000000000e+00
0.000000000000000000e+00 0.000000000000000000e+00 0.000000000000000000e+00 0.000000000000000000e+00 0.000000000000000000e+00
0.000000000000000000e+00 0.000000000000000000e+00 0.000000000000000000e+00 0.000000000000000000e+00 0.000000000000000000e+00
0.000000000000000000e+00 0.000000000000000000e+00 0.000000000000000000e+00 0.000000000000000000e+00 0.000000000000000000e+00
0.000000000000000000e+00 0.000000000000000000e+00 0.000000000000000000e+00 0.000000000000000000e+00 0.000000000000000000e+00
0.000000000000000000e+00 0.000000000000000000e+00 0.000000000000000000e+00 0.000000000000000000e+00 0.000000000000000000e+00
0.000000000000000000e+00 0.000000000000000000e+00 0.000000000000000000e+00 0.000000000000000000e+00 0.000000000000000000e+00
0.000000000000000000e+00 0.000000000000000000e+00 0.000000000000000000e+00 0.000000000000000000e+00 0.000000000000000000e+00
0.000000000000000000e+00 0.000000000000000000e+00 0.000000000000000000e+00 0.000000000000000000e+00 0.000000000000000000e+00
0.000000000000000000e+00 0.000000000000000000e+00 0.000000000000000000e+00 0.000000000000000000e+00 0.000000000000000000e+00
0.000000000000000000e+00 0.000000000000000000e+00 0.000000000000000000e+00 0.000000000000000000e+00 0.000000000000000000e+00
0.000000000000000000e+00 0.000000000000000000e+00 0.000000000000000000e+00 0.000000000000000000e+00 0.000000000000000000e+00
0.000000000000000000e+00 0.000000000000000000e+00 0.000000000000000000e+00 0.000000000000000000e+00 0.000000000000000000e+00
0.000000000000000000e+00 0.000000000000000000e+00 0.000000000000000000e+00 0.000000000000000000e+00 0.000000000000000000e+00
0.000000000000000000e+00 0.000000000000000000e+00 0.000000000000000000e+00 0.000000000000000000e+00 0.000000000000000000e+00
0.000000000000000000e+00 0.000000000000000000e+00 0.000000000000000000e+00 0.000000000000000000e+00 0.000000000000000000e+00
0.000000000000000000e+00 0.000000000000000000e+00 0.000000000000000000e+00 0.000000000000000000e+00 0.000000000000000000e+00
0.000000000000000000e+00 0.000000000000000000e+00 0.000000000000000000e+00 0.000000000000000000e+00 0.000000000000000000e+00
0.000000000000000000e+00 0.000000000000000000e+00 0.000000000000000000e+00 0.000000000000000000e+00 0.000000000000000000e+00
0.000000000000000000e+00 0.000000000000000000e+00 0.000000000000000000e+00 0.000000000000000000e+00 0.000000000000000000e+00
0.000000000000000000e+00 0.000000000000000000e+00 0.000000000000000000e+00 0.000000000000000000e+00 0.000000000000000000e+00
0.000000000000000000e+00 0.000000000000000000e+00 0.000000000000000000e+00 0.000000000000000000e+00 0.000000000000000000e+00
0.000000000000000000e+00 0.000000000000000000e+00 0.000000000000000000e+00 0.000000000000000000e+00 0.000000000000000000e+00
0.000000000000000000e+00 0.000000000000000000e+00 0.000000000000000000e+00 0.000000000000000000e+00 0.000000000000000000e+00
0.000000000000000000e+00 0.000000000000000000e+00 0.000000000000000000e+00 0.000000000000000000e+00 0.000000000000000000e+00
0.000000000000000000e+00 0.000000000000000000e+00 0.000000000000000000e+00 0.000000000000000000e+00 0.000000000000000000e+00
0.000000000000000000e+00 0.000000000000000000e+00 0.000000000000000000e+00 0.000000000000000000e+00 0.000000000000000000e+00
0.000000000000000000e+00 0.000000000000000000e+00 0.000000000000000000e+00 0.000000000000000000e+00 0.000000000000000000e+00
0.000000000000000000e+00 0.000000000000000000e+00 0.000000000000000000e+00 0.000000000000000000e+00 0.000000000000000000e+00
