0.000000000000000000e+00 0.000000000000000000e+00 1.000000000000000000e+00 0.000000000000000000e+00 0.000000000000000000e+00
-6.754462718963623047e-01 1.066552162170410156e+00 1.000000000000000000e+00 0.000000000000000000e+00 0.000000000000000000e+00
-5.832787752151489258e-01 6.547957658767700195e-01 1.000000000000000000e+00 0.000000000000000000e+00 0.000000000000000000e+00
-3.274646699428558350e-01 2.172717452049255371e-01 0.000000000000000000e+00 1.000000000000000000e+00 0.000000000000000000e+00
9.320130348205566406e-01 -7.637265920639038086e-01 1.000000000000000000e+00 0.000000000000000000e+00 0.000000000000000000e+00
6.364820003509521484e-01 -1.457053422927856445e-01 0.000000000000000000e+00 1.000000000000000000e+00 0.000000000000000000e+00
-7.232130765914916992e-01 7.065832018852233887e-01 1.000000000000000000e+00 0.000000000000000000e+00 0.000000000000000000e+00
5.258314013481140137e-01 -9.445333480834960938e-02 1.000000000000000000e+00 0.000000000000000000e+00 0.000000000000000000e+00
-3.435961157083511353e-02 5.348857864737510681e-02 0.000000000000000000e+00 1.000000000000000000e+00 0.000000000000000000e+00
-6.160864830017089844e-01 6.948610544204711914e-01 1.000000000000000000e+00 0.000000000000000000e+00 0.000000000000000000e+00
5.337584018707275391e-01 -1.733936965465545654e-01 1.000000000000000000e+00 0.000000000000000000e+00 0.000000000000000000e+00
2.364114820957183838e-01 -1.997526437044143677e-01 1.000000000000000000e+00 0.000000000000000000e+00 0.000000000000000000e+00
9.789488278329372406e-03 -1.069891154766082764e-01 0.000000000000000000e+00 1.000000000000000000e+00 0.000000000000000000e+00
-3.032219409942626953e-01 5.874814838171005249e-02 1.000000000000000000e+00 0.000000000000000000e+00 0.000000000000000000e+00
-6.318283826112747192e-02 1.020927786827087402e+00 1.000000000000000000e+00 0.000000000000000000e+00 0.000000000000000000e+00
4.812517017126083374e-02 1.569258868694305420e-01 1.000000000000000000e+00 0.000000000000000000e+00 0.000000000000000000e+00
7.597388327121734619e-02 9.249955415725708008e-03 1.000000000000000000e+00 0.000000000000000000e+00 0.000000000000000000e+00
2.816165089607238770e-01 -4.241166114807128906e-01 1.000000000000000000e+00 0.000000000000000000e+00 0.000000000000000000e+00
1.495272517204284668e-01 -4.293272793292999268e-01 0.000000000000000000e+00 1.000000000000000000e+00 0.000000000000000000e+00
8.732686042785644531e-01 -1.816000699996948242e+00 1.000000000000000000e+00 0.000000000000000000e+00 0.000000000000000000e+00
7.799698710441589355e-01 -1.455829143524169922e-01 1.000000000000000000e+00 0.000000000000000000e+00 0.000000000000000000e+00
2.395654767751693726e-01 5.567112565040588379e-02 1.000000000000000000e+00 0.000000000000000000e+00 0.000000000000000000e+00
-4.509409070014953613e-01 6.711465716361999512e-01 1.000000000000000000e+00 0.000000000000000000e+00 0.000000000000000000e+00
-2.741825580596923828e-01 1.968703567981719971e-01 0.000000000000000000e+00 1.000000000000000000e+00 0.000000000000000000e+00
-7.923692464828491211e-04 -4.415280818939208984e-01 1.000000000000000000e+00 0.000000000000000000e+00 0.000000000000000000e+00
-4.327178895473480225e-01 6.736668348312377930e-01 1.000000000000000000e+00 0.000000000000000000e+00 0.000000000000000000e+00
5.083533525466918945e-01 -2.086184024810791016e-01 1.000000000000000000e+00 0.000000000000000000e+00 0.000000000000000000e+00
2.137311697006225586e-01 -2.022815197706222534e-01 0.000000000000000000e+00 1.000000000000000000e+00 0.000000000000000000e+00
-6.750828027725219727e-01 -1.902553141117095947e-01 1.000000000000000000e+00 0.000000000000000000e+00 0.000000000000000000e+00
-3.814197778701782227e-01 1.242220282554626465e+00 1.000000000000000000e+00 0.000000000000000000e+00 0.000000000000000000e+00
-4.827568531036376953e-01 9.403206110000610352e-01 1.000000000000000000e+00 0.000000000000000000e+00 0.000000000000000000e+00
-1.841375529766082764e-01 2.149282693862915039e-01 1.000000000000000000e+00 0.000000000000000000e+00 0.000000000000000000e+00
-1.029671952128410339e-01 2.105118148028850555e-02 0.000000000000000000e+00 1.000000000000000000e+00 0.000000000000000000e+00
7.688139677047729492e-01 -8.614552617073059082e-01 1.000000000000000000e+00 0.000000000000000000e+00 0.000000000000000000e+00
-5.875920876860618591e-02 7.709656953811645508e-01 1.000000000000000000e+00 0.000000000000000000e+00 0.000000000000000000e+00
-6.015164405107498169e-02 1.479944884777069092e-01 0.000000000000000000e+00 1.000000000000000000e+00 0.000000000000000000e+00
4.572339653968811035e-01 -1.172015905380249023e+00 1.000000000000000000e+00 0.000000000000000000e+00 0.000000000000000000e+00
7.960058450698852539e-01 -1.718078702688217163e-01 1.000000000000000000e+00 0.000000000000000000e+00 0.000000000000000000e+00
2.846316993236541748e-01 5.221679806709289551e-02 1.000000000000000000e+00 0.000000000000000000e+00 0.000000000000000000e+00
-1.019996106624603271e-01 1.295602321624755859e+00 1.000000000000000000e+00 0.000000000000000000e+00 0.000000000000000000e+00
-7.191234081983566284e-02 1.529196798801422119e-01 1.000000000000000000e+00 0.000000000000000000e+00 0.000000000000000000e+00
-1.278304606676101685e-01 6.200486049056053162e-02 0.000000000000000000e+00 1.000000000000000000e+00 0.000000000000000000e+00
-5.738470554351806641e-01 -9.049789905548095703e-01 1.000000000000000000e+00 0.000000000000000000e+00 0.000000000000000000e+00
3.625171780586242676e-01 -2.560527622699737549e-02 1.000000000000000000e+00 0.000000000000000000e+00 0.000000000000000000e+00
-4.500267654657363892e-02 5.347575619816780090e-02 0.000000000000000000e+00 1.000000000000000000e+00 0.000000000000000000e+00
-2.470144331455230713e-01 2.677890360355377197e-01 1.000000000000000000e+00 0.000000000000000000e+00 0.000000000000000000e+00
3.970539867877960205e-01 1.271727681159973145e-02 1.000000000000000000e+00 0.000000000000000000e+00 0.000000000000000000e+00
-4.068114608526229858e-02 8.593435585498809814e-02 0.000000000000000000e+00 1.000000000000000000e+00 0.000000000000000000e+00
-3.592951297760009766e-01 3.353836238384246826e-01 1.000000000000000000e+00 0.000000000000000000e+00 0.000000000000000000e+00
6.213883757591247559e-01 -4.642234742641448975e-02 1.000000000000000000e+00 0.000000000000000000e+00 0.000000000000000000e+00
3.465789854526519775e-01 -1.248175501823425293e-01 0.000000000000000000e+00 1.000000000000000000e+00 0.000000000000000000e+00
-1.529083013534545898e+00 -1.983341217041015625e+00 0.000000000000000000e+00 0.000000000000000000e+00 1.000000000000000000e+00
-3.239457309246063232e-01 1.175015687942504883e+00 0.000000000000000000e+00 0.000000000000000000e+00 1.000000000000000000e+00
-1.602178573608398438e+00 -3.200580477714538574e-01 0.000000000000000000e+00 0.000000000000000000e+00 1.000000000000000000e+00
-9.367355108261108398e-01 -1.223907470703125000e-01 0.000000000000000000e+00 0.000000000000000000e+00 1.000000000000000000e+00
-1.236697673797607422e+00 -4.024115204811096191e-01 0.000000000000000000e+00 0.000000000000000000e+00 1.000000000000000000e+00
-1.034647941589355469e+00 -2.244480252265930176e-01 0.000000000000000000e+00 0.000000000000000000e+00 1.000000000000000000e+00
-1.098480463027954102e+00 -4.090951085090637207e-01 0.000000000000000000e+00 0.000000000000000000e+00 1.000000000000000000e+00
-1.022678256034851074e+00 -3.282250761985778809e-01 0.000000000000000000e+00 0.000000000000000000e+00 1.000000000000000000e+00
-1.043004989624023438e+00 -3.717458844184875488e-01 0.000000000000000000e+00 0.000000000000000000e+00 1.000000000000000000e+00
-1.015819430351257324e+00 -3.288204073905944824e-01 0.000000000000000000e+00 0.000000000000000000e+00 1.000000000000000000e+00
-1.017343163490295410e+00 -3.406732678413391113e-01 0.000000000000000000e+00 0.000000000000000000e+00 1.000000000000000000e+00
-1.000468373298645020e+00 -3.337053656578063965e-01 0.000000000000000000e+00 0.000000000000000000e+00 1.000000000000000000e+00
-9.931834936141967773e-01 -3.357025980949401855e-01 0.000000000000000000e+00 0.000000000000000000e+00 1.000000000000000000e+00
-9.830476045608520508e-01 -3.305657505989074707e-01 0.000000000000000000e+00 0.000000000000000000e+00 1.000000000000000000e+00
-9.788022041320800781e-01 -3.282547593116760254e-01 0.000000000000000000e+00 0.000000000000000000e+00 1.000000000000000000e+00
-9.744397401809692383e-01 -3.218575119972229004e-01 0.000000000000000000e+00 0.000000000000000000e+00 1.000000000000000000e+00
-9.710034132003784180e-01 -3.188218474388122559e-01 0.000000000000000000e+00 0.000000000000000000e+00 1.000000000000000000e+00
0.000000000000000000e+00 0.000000000000000000e+00 0.000000000000000000e+00 0.000000000000000000e+00 0.000000000000000000e+00
0.000000000000000000e+00 0.000000000000000000e+00 0.000000000000000000e+00 0.000000000000000000e+00 0.000000000000000000e+00
0.000000000000000000e+00 0.000000000000000000e+00 0.000000000000000000e+00 0.000000000000000000e+00 0.000000000000000000e+00
0.000000000000000000e+00 0.000000000000000000e+00 0.000000000000000000e+00 0.000000000000000000e+00 0.000000000000000000e+00
0.000000000000000000e+00 0.000000000000000000e+00 0.000000000000000000e+00 0.000000000000000000e+00 0.000000000000000000e+00
0.000000000000000000e+00 0.000000000000000000e+00 0.000000000000000000e+00 0.000000000000000000e+00 0.000000000000000000e+00
0.000000000000000000e+00 0.000000000000000000e+00 0.000000000000000000e+00 0.000000000000000000e+00 0.000000000000000000e+00
0.000000000000000000e+00 0.000000000000000000e+00 0.000000000000000000e+00 0.000000000000000000e+00 0.000000000000000000e+00
0.000000000000000000e+00 0.000000000000000000e+00 0.000000000000000000e+00 0.000000000000000000e+00 0.000000000000000000e+00
0.000000000000000000e+00 0.000000000000000000e+00 0.000000000000000000e+00 0.000000000000000000e+00 0.000000000000000000e+00
0.000000000000000000e+00 0.000000000000000000e+00 0.000000000000000000e+00 0.000000000000000000e+00 0.000000000000000000e+00
0.000000000000000000e+00 0.000000000000000000e+00 0.000000000000000000e+00 0.000000000000000000e+00 0.000000000000000000e+00
0.000000000000000000e+00 0.000000000000000000e+00 0.000000000000000000e+00 0.000000000000000000e+00 0.000000000000000000e+00
0.000000000000000000e+00 0.000000000000000000e+00 0.000000000000000000e+00 0.000000000000000000e+00 0.000000000000000000e+00
0.000000000000000000e+00 0.000000000000000000e+00 0.000000000000000000e+00 0.000000000000000000e+00 0.000000000000000000e+00
0.000000000000000000e+00 0.000000000000000000e+00 0.000000000000000000e+00 0.000000000000000000e+00 0.000000000000000000e+00
0.000000000000000000e+00 0.000000000000000000e+00 0.000000000000000000e+00 0.000000000000000000e+00 0.000000000000000000e+00
0.000000000000000000e+00 0.000000000000000000e+00 0.000000000000000000e+00 0.000000000000000000e+00 0.000000000000000000e+00
0.000000000000000000e+00 0.000000000000000000e+00 0.000000000000000000e+00 0.000000000000000000e+00 0.000000000000000000e+00
0.000000000000000000e+00 0.000000000000000000e+00 0.000000000000000000e+00 0.000000000000000000e+00 0.000000000000000000e+00
0.000000000000000000e+00 0.000000000000000000e+00 0.000000000000000000e+00 0.000000000000000000e+00 0.000000000000000000e+00
0.000000000000000000e+00 0.000000000000000000e+00 0.000000000000000000e+00 0.000000000000000000e+00 0.000000000000000000e+00
0.000000000000000000e+00 0.000000000000000000e+00 0.000000000000000000e+00 0.000000000000000000e+00 0.000000000000000000e+00
0.000000000000000000e+00 0.000000000000000000e+00 0.000000000000000000e+00 0.000000000000000000e+00 0.000000000000000000e+00
0.000000000000000000e+00 0.000000000000000000e+00 0.000000000000000000e+00 0.000000000000000000e+00 0.000000000000000000e+00
0.000000000000000000e+00 0.000000000000000000e+00 0.000000000000000000e+00 0.000000000000000000e+00 0.000000000000000000e+00
0.000000000000000000e+00 0.000000000000000000e+00 0.000000000000000000e+00 0.000000000000000000e+00 0.000000000000000000e+00
0.000000000000000000e+00 0.000000000000000000e+00 0.000000000000000000e+00 0.000000000000000000e+00 0.000000000000000000e+00
0.000000000000000000e+00 0.000000000000000000e+00 0.000000000000000000e+00 0.000000000000000000e+00 0.000000000000000000e+00
0.000000000000000000e+00 0.000000000000000000e+00 0.000000000000000000e+00 0.000000000000000000e+00 0.000000000000000000e+00
0.000000000000000000e+00 0.000000000000000000e+00 0.000000000000000000e+00 0.000000000000000000e+00 0.000000000000000000e+00
0.000000000000000000e+00 0.000000000000000000e+00 0.000000000000000000e+00 0.000000000000000000e+00 0.000000000000000000e+00
0.000000000000000000e+00 0.000000000000000000e+00 0.000000000000000000e+00 0.000000000000000000e+00 0.000000000000000000e+00
0.000000000000000000e+00 0.000000000000000000e+00 0.000000000000000000e+00 0.000000000000000000e+00 0.000000000000000000e+00
0.000000000000000000e+00 0.000000000000000000e+00 0.000000000000000000e+00 0.000000000000000000e+00 0.000000000000000000e+00
0.000000000000000000e+00 0.000000000000000000e+00 0.000000000000000000e+00 0.000000000000000000e+00 0.000000000000000000e+00
0.000000000000000000e+00 0.000000000000000000e+00 0.000000000000000000e+00 0.000000000000000000e+00 0.000000000000000000e+00
0.000000000000000000e+00 0.000000000000000000e+00 0.000000000000000000e+00 0.000000000000000000e+00 0.000000000000000000e+00
0.000000000000000000e+00 0.000000000000000000e+00 0.000000000000000000e+00 0.000000000000000000e+00 0.000000000000000000e+00
0.000000000000000000e+00 0.000000000000000000e+00 0.000000000000000000e+00 0.000000000000000000e+00 0.000000000000000000e+00
0.000000000000000000e+00 0.000000000000000000e+00 0.000000000000000000e+00 0.000000000000000000e+00 0.000000000000000000e+00
0.000000000000000000e+00 0.000000000000000000e+00 0.000000000000000000e+00 0.000000000000000000e+00 0.000000000000000000e+00
0.000000000000000000e+00 0.000000000000000000e+00 0.000000000000000000e+00 0.000000000000000000e+00 0.000000000000000000e+00
0.000000000000000000e+00 0.000000000000000000e+00 0.000000000000000000e+00 0.000000000000000000e+00 0.000000000000000000e+00
0.000000000000000000e+00 0.000000000000000000e+00 0.000000000000000000e+00 0.000000000000000000e+00 0.000000000000000000e+00
0.000000000000000000e+00 0.000000000000000000e+00 0.000000000000000000e+00 0.000000000000000000e+00 0.000000000000000000e+00
0.000000000000000000e+00 0.000000000000000000e+00 0.000000000000000000e+00 0.000000000000000000e+00 0.000000000000000000e+00
0.000000000000000000e+00 0.000000000000000000e+00 0.000000000000000000e+00 0.000000000000000000e+00 0.000000000000000000e+00
0.000000000000000000e+00 0.000000000000000000e+00 0.000000000000000000e+00 0.000000000000000000e+00 0.000000000000000000e+00
0.000000000000000000e+00 0.000000000000000000e+00 0.000000000000000000e+00 0.000000000000000000e+00 0.000000000000000000e+00
0.000000000000000000e+00 0.000000000000000000e+00 0.000000000000000000e+00 0.000000000000000000e+00 0.000000000000000000e+00
0.000000000000000000e+00 0.000000000000000000e+00 0.000000000000000000e+00 0.000000000000000000e+00 0.000000000000000000e+00
0.000000000000000000e+00 0.000000000000000000e+00 0.000000000000000000e+00 0.000000000000000000e+00 0.000000000000000000e+00
