0.000000000000000000e+00 0.000000000000000000e+00 1.000000000000000000e+00 0.000000000000000000e+00 0.000000000000000000e+00
-6.832964420318603516e-01 1.103679060935974121e+00 1.000000000000000000e+00 0.000000000000000000e+00 0.000000000000000000e+00
-6.062384247779846191e-01 6.966651678085327148e-01 1.000000000000000000e+00 0.000000000000000000e+00 0.000000000000000000e+00
-3.479713499546051025e-01 2.396347820758819580e-01 0.000000000000000000e+00 1.000000000000000000e+00 0.000000000000000000e+00
9.819920063018798828e-01 -8.233677148818969727e-01 1.000000000000000000e+00 0.000000000000000000e+00 0.000000000000000000e+00
6.358419656753540039e-01 -1.373801082372665405e-01 0.000000000000000000e+00 1.000000000000000000e+00 0.000000000000000000e+00
-7.355567216873168945e-01 7.246689796447753906e-01 1.000000000000000000e+00 0.000000000000000000e+00 0.000000000000000000e+00
5.296490192413330078e-01 -9.002617001533508301e-02 0.000000000000000000e+00 1.000000000000000000e+00 0.000000000000000000e+00
-6.169165372848510742e-01 7.340326309204101562e-01 1.000000000000000000e+00 0.000000000000000000e+00 0.000000000000000000e+00
5.333320498466491699e-01 -1.756552457809448242e-01 1.000000000000000000e+00 0.000000000000000000e+00 0.000000000000000000e+00
2.219352424144744873e-01 -2.051263153553009033e-01 0.000000000000000000e+00 1.000000000000000000e+00 0.000000000000000000e+00
-3.214268088340759277e-01 1.722643151879310608e-02 1.000000000000000000e+00 0.000000000000000000e+00 0.000000000000000000e+00
-5.868378281593322754e-02 1.047923564910888672e+00 1.000000000000000000e+00 0.000000000000000000e+00 0.000000000000000000e+00
5.189631879329681396e-02 1.847905814647674561e-01 1.000000000000000000e+00 0.000000000000000000e+00 0.000000000000000000e+00
7.687277346849441528e-02 1.689843833446502686e-02 1.000000000000000000e+00 0.000000000000000000e+00 0.000000000000000000e+00
2.838460803031921387e-01 -4.420454502105712891e-01 1.000000000000000000e+00 0.000000000000000000e+00 0.000000000000000000e+00
1.634779721498489380e-01 -4.746294021606445312e-01 0.000000000000000000e+00 1.000000000000000000e+00 0.000000000000000000e+00
1.116039156913757324e+00 -2.452696084976196289e+00 1.000000000000000000e+00 0.000000000000000000e+00 0.000000000000000000e+00
-7.910331338644027710e-02 4.454676434397697449e-02 1.000000000000000000e+00 0.000000000000000000e+00 0.000000000000000000e+00
-2.132186293601989746e-02 3.453494310379028320e-01 0.000000000000000000e+00 1.000000000000000000e+00 0.000000000000000000e+00
-3.667051196098327637e-01 2.939259111881256104e-01 1.000000000000000000e+00 0.000000000000000000e+00 0.000000000000000000e+00
6.152066588401794434e-01 -1.416908800601959229e-01 1.000000000000000000e+00 0.000000000000000000e+00 0.000000000000000000e+00
2.966048121452331543e-01 -1.410675942897796631e-01 0.000000000000000000e+00 1.000000000000000000e+00 0.000000000000000000e+00
-6.077259778976440430e-01 3.993787765502929688e-01 1.000000000000000000e+00 0.000000000000000000e+00 0.000000000000000000e+00
-8.150714635848999023e-02 1.075632274150848389e-01 1.000000000000000000e+00 0.000000000000000000e+00 0.000000000000000000e+00
8.114417642354965210e-02 1.116993725299835205e-01 1.000000000000000000e+00 0.000000000000000000e+00 0.000000000000000000e+00
2.085165530443191528e-01 1.206101104617118835e-02 1.000000000000000000e+00 0.000000000000000000e+00 0.000000000000000000e+00
4.932614266872406006e-01 -2.902749180793762207e-01 1.000000000000000000e+00 0.000000000000000000e+00 0.000000000000000000e+00
-1.005497574806213379e+00 7.359111309051513672e-01 1.000000000000000000e+00 0.000000000000000000e+00 0.000000000000000000e+00
-3.561439812183380127e-01 1.533715724945068359e-01 1.000000000000000000e+00 0.000000000000000000e+00 0.000000000000000000e+00
1.064912006258964539e-01 7.001476287841796875e-01 1.000000000000000000e+00 0.000000000000000000e+00 0.000000000000000000e+00
-8.215748518705368042e-02 5.632464289665222168e-01 1.000000000000000000e+00 0.000000000000000000e+00 0.000000000000000000e+00
-7.479401677846908569e-02 1.331196725368499756e-01 0.000000000000000000e+00 1.000000000000000000e+00 0.000000000000000000e+00
4.758490324020385742e-01 -1.436471462249755859e+00 1.000000000000000000e+00 0.000000000000000000e+00 0.000000000000000000e+00
9.491310119628906250e-01 -2.122098803520202637e-01 1.000000000000000000e+00 0.000000000000000000e+00 0.000000000000000000e+00
3.691856265068054199e-01 3.768282383680343628e-02 1.000000000000000000e+00 0.000000000000000000e+00 0.000000000000000000e+00
1.426603049039840698e-01 1.631814539432525635e-01 1.000000000000000000e+00 0.000000000000000000e+00 0.000000000000000000e+00
3.462636843323707581e-02 5.293062925338745117e-01 1.000000000000000000e+00 0.000000000000000000e+00 0.000000000000000000e+00
-1.268545240163803101e-01 7.407453060150146484e-01 1.000000000000000000e+00 0.000000000000000000e+00 0.000000000000000000e+00
-1.049698293209075928e-01 2.457254081964492798e-01 1.000000000000000000e+00 0.000000000000000000e+00 0.000000000000000000e+00
-1.563150882720947266e-01 1.547126322984695435e-01 0.000000000000000000e+00 1.000000000000000000e+00 0.000000000000000000e+00
-9.484957456588745117e-01 -1.202371478080749512e+00 1.000000000000000000e+00 0.000000000000000000e+00 0.000000000000000000e+00
5.678763389587402344e-01 -1.567009985446929932e-01 1.000000000000000000e+00 0.000000000000000000e+00 0.000000000000000000e+00
2.559784054756164551e-01 -1.684155017137527466e-01 0.000000000000000000e+00 1.000000000000000000e+00 0.000000000000000000e+00
-3.134985566139221191e-01 -7.810162007808685303e-02 1.000000000000000000e+00 0.000000000000000000e+00 0.000000000000000000e+00
-2.389150261878967285e-01 7.092626690864562988e-01 1.000000000000000000e+00 0.000000000000000000e+00 0.000000000000000000e+00
-1.284348815679550171e-01 1.810087412595748901e-01 0.000000000000000000e+00 1.000000000000000000e+00 0.000000000000000000e+00
-8.634040504693984985e-02 4.023816436529159546e-03 1.000000000000000000e+00 0.000000000000000000e+00 0.000000000000000000e+00
-2.855632640421390533e-02 3.570034205913543701e-01 1.000000000000000000e+00 0.000000000000000000e+00 0.000000000000000000e+00
-8.826173096895217896e-02 1.481833457946777344e-01 0.000000000000000000e+00 1.000000000000000000e+00 0.000000000000000000e+00
4.492471814155578613e-01 -5.673016309738159180e-01 1.000000000000000000e+00 0.000000000000000000e+00 0.000000000000000000e+00
2.113296091556549072e-01 2.348531782627105713e-02 1.000000000000000000e+00 0.000000000000000000e+00 0.000000000000000000e+00
-2.337012905627489090e-03 1.897309571504592896e-01 1.000000000000000000e+00 0.000000000000000000e+00 0.000000000000000000e+00
-2.357691526412963867e-01 2.806309759616851807e-01 1.000000000000000000e+00 0.000000000000000000e+00 0.000000000000000000e+00
4.205900728702545166e-01 -1.540653407573699951e-01 0.000000000000000000e+00 1.000000000000000000e+00 0.000000000000000000e+00
-1.022942066192626953e+00 -1.690660476684570312e+00 0.000000000000000000e+00 0.000000000000000000e+00 1.000000000000000000e+00
-4.402795135974884033e-01 8.285710215568542480e-01 0.000000000000000000e+00 0.000000000000000000e+00 1.000000000000000000e+00
-1.485682606697082520e+00 -4.139164090156555176e-01 0.000000000000000000e+00 0.000000000000000000e+00 1.000000000000000000e+00
-9.353004693984985352e-01 -1.283522248268127441e-01 0.000000000000000000e+00 0.000000000000000000e+00 1.000000000000000000e+00
-1.139539957046508789e+00 -4.001265168190002441e-01 0.000000000000000000e+00 0.000000000000000000e+00 1.000000000000000000e+00
-9.972560405731201172e-01 -2.915112376213073730e-01 0.000000000000000000e+00 0.000000000000000000e+00 1.000000000000000000e+00
-1.028276681900024414e+00 -3.900527358055114746e-01 0.000000000000000000e+00 0.000000000000000000e+00 1.000000000000000000e+00
-9.795907735824584961e-01 -3.684584498405456543e-01 0.000000000000000000e+00 0.000000000000000000e+00 1.000000000000000000e+00
-9.771555662155151367e-01 -3.681377768516540527e-01 0.000000000000000000e+00 0.000000000000000000e+00 1.000000000000000000e+00
-9.601974487304687500e-01 -3.616173863410949707e-01 0.000000000000000000e+00 0.000000000000000000e+00 1.000000000000000000e+00
-9.533824920654296875e-01 -3.689498305320739746e-01 0.000000000000000000e+00 0.000000000000000000e+00 1.000000000000000000e+00
-9.464299678802490234e-01 -3.567274212837219238e-01 0.000000000000000000e+00 0.000000000000000000e+00 1.000000000000000000e+00
-9.404512643814086914e-01 -3.466830849647521973e-01 0.000000000000000000e+00 0.000000000000000000e+00 1.000000000000000000e+00
-9.323045015335083008e-01 -3.326354622840881348e-01 0.000000000000000000e+00 0.000000000000000000e+00 1.000000000000000000e+00
-9.268364906311035156e-01 -3.183702826499938965e-01 0.000000000000000000e+00 0.000000000000000000e+00 1.000000000000000000e+00
-9.229491949081420898e-01 -3.012250661849975586e-01 0.000000000000000000e+00 0.000000000000000000e+00 1.000000000000000000e+00
0.000000000000000000e+00 0.000000000000000000e+00 0.000000000000000000e+00 0.000000000000000000e+00 0.000000000000000000e+00
0.000000000000000000e+00 0.000000000000000000e+00 0.000000000000000000e+00 0.000000000000000000e+00 0.000000000000000000e+00
0.000000000000000000e+00 0.000000000000000000e+00 0.000000000000000000e+00 0.000000000000000000e+00 0.000000000000000000e+00
0.000000000000000000e+00 0.000000000000000000e+00 0.000000000000000000e+00 0.000000000000000000e+00 0.000000000000000000e+00
0.000000000000000000e+00 0.000000000000000000e+00 0.000000000000000000e+00 0.000000000000000000e+00 0.000000000000000000e+00
0.000000000000000000e+00 0.000000000000000000e+00 0.000000000000000000e+00 0.000000000000000000e+00 0.000000000000000000e+00
0.000000000000000000e+00 0.000000000000000000e+00 0.000000000000000000e+00 0.000000000000000000e+00 0.000000000000000000e+00
0.000000000000000000e+00 0.000000000000000000e+00 0.000000000000000000e+00 0.000000000000000000e+00 0.000000000000000000e+00
0.000000000000000000e+00 0.000000000000000000e+00 0.000000000000000000e+00 0.000000000000000000e+00 0.000000000000000000e+00
0.000000000000000000e+00 0.000000000000000000e+00 0.000000000000000000e+00 0.000000000000000000e+00 0.000000000000000000e+00
0.000000000000000000e+00 0.000000000000000000e+00 0.000000000000000000e+00 0.000000000000000000e+00 0.000000000000000000e+00
0.000000000000000000e+00 0.000000000000000000e+00 0.000000000000000000e+00 0.000000000000000000e+00 0.000000000000000000e+00
0.000000000000000000e+00 0.000000000000000000e+00 0.000000000000000000e+00 0.000000000000000000e+00 0.000000000000000000e+00
0.000000000000000000e+00 0.000000000000000000e+00 0.000000000000000000e+00 0.000000000000000000e+00 0.000000000000000000e+00
0.000000000000000000e+00 0.000000000000000000e+00 0.000000000000000000e+00 0.000000000000000000e+00 0.000000000000000000e+00
0.000000000000000000e+00 0.000000000000000000e+00 0.000000000000000000e+00 0.000000000000000000e+00 0.000000000000000000e+00
0.000000000000000000e+00 0.000000000000000000e+00 0.000000000000000000e+00 0.000000000000000000e+00 0.000000000000000000e+00
0.000000000000000000e+00 0.000000000000000000e+00 0.000000000000000000e+00 0.000000000000000000e+00 0.000000000000000000e+00
0.000000000000000000e+00 0.000000000000000000e+00 0.000000000000000000e+00 0.000000000000000000e+00 0.000000000000000000e+00
0.000000000000000000e+00 0.000000000000000000e+00 0.000000000000000000e+00 0.000000000000000000e+00 0.000000000000000000e+00
0.000000000000000000e+00 0.000000000000000000e+00 0.000000000000000000e+00 0.000000000000000000e+00 0.000000000000000000e+00
0.000000000000000000e+00 0.000000000000000000e+00 0.000000000000000000e+00 0.000000000000000000e+00 0.000000000000000000e+00
0.000000000000000000e+00 0.000000000000000000e+00 0.000000000000000000e+00 0.000000000000000000e+00 0.000000000000000000e+00
0.000000000000000000e+00 0.000000000000000000e+00 0.000000000000000000e+00 0.000000000000000000e+00 0.000000000000000000e+00
0.000000000000000000e+00 0.000000000000000000e+00 0.000000000000000000e+00 0.000000000000000000e+00 0.000000000000000000e+00
0.000000000000000000e+00 0.000000000000000000e+00 0.000000000000000000e+00 0.000000000000000000e+00 0.000000000000000000e+00
0.000000000000000000e+00 0.000000000000000000e+00 0.000000000000000000e+00 0.000000000000000000e+00 0.000000000000000000e+00
0.000000000000000000e+00 0.000000000000000000e+00 0.000000000000000000e+00 0.000000000000000000e+00 0.000000000000000000e+00
0.000000000000000000e+00 0.000000000000000000e+00 0.000000000000000000e+00 0.000000000000000000e+00 0.000000000000000000e+00
0.000000000000000000e+00 0.000000000000000000e+00 0.000000000000000000e+00 0.000000000000000000e+00 0.000000000000000000e+00
0.000000000000000000e+00 0.000000000000000000e+00 0.000000000000000000e+00 0.000000000000000000e+00 0.000000000000000000e+00
0.000000000000000000e+00 0.000000000000000000e+00 0.000000000000000000e+00 0.000000000000000000e+00 0.000000000000000000e+00
0.000000000000000000e+00 0.000000000000000000e+00 0.000000000000000000e+00 0.000000000000000000e+00 0.000000000000000000e+00
0.000000000000000000e+00 0.000000000000000000e+00 0.000000000000000000e+00 0.000000000000000000e+00 0.000000000000000000e+00
0.000000000000000000e+00 0.000000000000000000e+00 0.000000000000000000e+00 0.000000000000000000e+00 0.000000000000000000e+00
0.000000000000000000e+00 0.000000000000000000e+00 0.000000000000000000e+00 0.000000000000000000e+00 0.000000000000000000e+00
0.000000000000000000e+00 0.000000000000000000e+00 0.000000000000000000e+00 0.000000000000000000e+00 0.000000000000000000e+00
0.000000000000000000e+00 0.000000000000000000e+00 0.000000000000000000e+00 0.000000000000000000e+00 0.000000000000000000e+00
0.000000000000000000e+00 0.000000000000000000e+00 0.000000000000000000e+00 0.000000000000000000e+00 0.000000000000000000e+00
0.000000000000000000e+00 0.000000000000000000e+00 0.000000000000000000e+00 0.000000000000000000e+00 0.000000000000000000e+00
0.000000000000000000e+00 0.000000000000000000e+00 0.000000000000000000e+00 0.000000000000000000e+00 0.000000000000000000e+00
0.000000000000000000e+00 0.000000000000000000e+00 0.000000000000000000e+00 0.000000000000000000e+00 0.000000000000000000e+00
0.000000000000000000e+00 0.000000000000000000e+00 0.000000000000000000e+00 0.000000000000000000e+00 0.000000000000000000e+00
0.000000000000000000e+00 0.000000000000000000e+00 0.000000000000000000e+00 0.000000000000000000e+00 0.000000000000000000e+00
0.000000000000000000e+00 0.000000000000000000e+00 0.000000000000000000e+00 0.000000000000000000e+00 0.000000000000000000e+00
0.000000000000000000e+00 0.000000000000000000e+00 0.000000000000000000e+00 0.000000000000000000e+00 0.000000000000000000e+00
0.000000000000000000e+00 0.000000000000000000e+00 0.000000000000000000e+00 0.000000000000000000e+00 0.000000000000000000e+00
0.000000000000000000e+00 0.000000000000000000e+00 0.000000000000000000e+00 0.000000000000000000e+00 0.000000000000000000e+00
0.000000000000000000e+00 0.000000000000000000e+00 0.000000000000000000e+00 0.000000000000000000e+00 0.000000000000000000e+00
0.000000000000000000e+00 0.000000000000000000e+00 0.000000000000000000e+00 0.000000000000000000e+00 0.000000000000000000e+00
