0.000000000000000000e+00 0.000000000000000000e+00 1.000000000000000000e+00 0.000000000000000000e+00 0.000000000000000000e+00
-5.830479264259338379e-01 9.397188425064086914e-01 1.000000000000000000e+00 0.000000000000000000e+00 0.000000000000000000e+00
-5.251069664955139160e-01 5.990933179855346680e-01 1.000000000000000000e+00 0.000000000000000000e+00 0.000000000000000000e+00
-2.884584665298461914e-01 1.885294914245605469e-01 0.000000000000000000e+00 1.000000000000000000e+00 0.000000000000000000e+00
8.259999752044677734e-01 -6.891962885856628418e-01 1.000000000000000000e+00 0.000000000000000000e+00 0.000000000000000000e+00
5.735997557640075684e-01 -1.253424882888793945e-01 1.000000000000000000e+00 0.000000000000000000e+00 0.000000000000000000e+00
-4.646299034357070923e-02 5.471677705645561218e-02 0.000000000000000000e+00 1.000000000000000000e+00 0.000000000000000000e+00
-5.598111748695373535e-01 4.904441535472869873e-01 1.000000000000000000e+00 0.000000000000000000e+00 0.000000000000000000e+00
4.393303692340850830e-01 -7.058860361576080322e-02 1.000000000000000000e+00 0.000000000000000000e+00 0.000000000000000000e+00
-4.172929376363754272e-02 6.210163608193397522e-02 0.000000000000000000e+00 1.000000000000000000e+00 0.000000000000000000e+00
-5.418248772621154785e-01 5.955538749694824219e-01 1.000000000000000000e+00 0.000000000000000000e+00 0.000000000000000000e+00
4.880453944206237793e-01 -1.500438153743743896e-01 1.000000000000000000e+00 0.000000000000000000e+00 0.000000000000000000e+00
2.034144103527069092e-01 -1.712564080953598022e-01 1.000000000000000000e+00 0.000000000000000000e+00 0.000000000000000000e+00
-1.305827870965003967e-03 -9.448523074388504028e-02 1.000000000000000000e+00 0.000000000000000000e+00 0.000000000000000000e+00
-1.152789071202278137e-01 7.022984325885772705e-03 1.000000000000000000e+00 0.000000000000000000e+00 0.000000000000000000e+00
-1.229438185691833496e-01 1.836606860160827637e-01 1.000000000000000000e+00 0.000000000000000000e+00 0.000000000000000000e+00
-3.402909636497497559e-02 5.929039716720581055e-01 1.000000000000000000e+00 0.000000000000000000e+00 0.000000000000000000e+00
9.598157554864883423e-02 2.866013348102569580e-01 1.000000000000000000e+00 0.000000000000000000e+00 0.000000000000000000e+00
7.511720806360244751e-02 1.519598066806793213e-03 1.000000000000000000e+00 0.000000000000000000e+00 0.000000000000000000e+00
2.354759126901626587e-01 -4.146580696105957031e-01 1.000000000000000000e+00 0.000000000000000000e+00 0.000000000000000000e+00
9.839965403079986572e-02 -3.884805142879486084e-01 0.000000000000000000e+00 1.000000000000000000e+00 0.000000000000000000e+00
5.815593004226684570e-01 -1.509958982467651367e+00 1.000000000000000000e+00 0.000000000000000000e+00 0.000000000000000000e+00
8.996507525444030762e-01 -1.935776174068450928e-01 1.000000000000000000e+00 0.000000000000000000e+00 0.000000000000000000e+00
3.271174430847167969e-01 -1.320522427558898926e-01 0.000000000000000000e+00 1.000000000000000000e+00 0.000000000000000000e+00
-1.065389275550842285e+00 3.691517412662506104e-01 1.000000000000000000e+00 0.000000000000000000e+00 0.000000000000000000e+00
-3.010888397693634033e-01 1.277186870574951172e+00 1.000000000000000000e+00 0.000000000000000000e+00 0.000000000000000000e+00
-4.019778370857238770e-01 9.715063571929931641e-01 1.000000000000000000e+00 0.000000000000000000e+00 0.000000000000000000e+00
-1.511120349168777466e-01 2.228464782238006592e-01 1.000000000000000000e+00 0.000000000000000000e+00 0.000000000000000000e+00
-1.155585721135139465e-01 5.863548815250396729e-02 0.000000000000000000e+00 1.000000000000000000e+00 0.000000000000000000e+00
9.649072289466857910e-01 -2.042276144027709961e+00 1.000000000000000000e+00 0.000000000000000000e+00 0.000000000000000000e+00
2.113950997591018677e-01 1.714272201061248779e-01 1.000000000000000000e+00 0.000000000000000000e+00 0.000000000000000000e+00
1.767927706241607666e-01 1.265649497509002686e-02 0.000000000000000000e+00 1.000000000000000000e+00 0.000000000000000000e+00
2.749960422515869141e-01 -2.202906608581542969e-01 1.000000000000000000e+00 0.000000000000000000e+00 0.000000000000000000e+00
-6.999455690383911133e-01 5.858272314071655273e-01 1.000000000000000000e+00 0.000000000000000000e+00 0.000000000000000000e+00
5.350260138511657715e-01 -1.012421473860740662e-01 1.000000000000000000e+00 0.000000000000000000e+00 0.000000000000000000e+00
-5.751366615295410156e-01 5.985988974571228027e-01 0.000000000000000000e+00 1.000000000000000000e+00 0.000000000000000000e+00
-1.716865301132202148e-01 1.703256070613861084e-01 1.000000000000000000e+00 0.000000000000000000e+00 0.000000000000000000e+00
6.409726738929748535e-01 -8.990742266178131104e-02 1.000000000000000000e+00 0.000000000000000000e+00 0.000000000000000000e+00
2.456097304821014404e-01 -1.161668673157691956e-01 1.000000000000000000e+00 0.000000000000000000e+00 0.000000000000000000e+00
3.065348044037818909e-02 -7.879893481731414795e-02 0.000000000000000000e+00 1.000000000000000000e+00 0.000000000000000000e+00
-3.158931434154510498e-01 -1.358628273010253906e-01 1.000000000000000000e+00 0.000000000000000000e+00 0.000000000000000000e+00
-2.031432390213012695e-01 7.906643152236938477e-01 1.000000000000000000e+00 0.000000000000000000e+00 0.000000000000000000e+00
-9.488362073898315430e-02 1.804983913898468018e-01 0.000000000000000000e+00 1.000000000000000000e+00 0.000000000000000000e+00
1.006444931030273438e+00 -1.789006948471069336e+00 1.000000000000000000e+00 0.000000000000000000e+00 0.000000000000000000e+00
-3.510994017124176025e-01 7.414083480834960938e-01 1.000000000000000000e+00 0.000000000000000000e+00 0.000000000000000000e+00
5.047941207885742188e-01 -2.924490869045257568e-01 1.000000000000000000e+00 0.000000000000000000e+00 0.000000000000000000e+00
2.645976543426513672e-01 -1.786017417907714844e-02 1.000000000000000000e+00 0.000000000000000000e+00 0.000000000000000000e+00
-4.424276053905487061e-01 5.313912630081176758e-01 1.000000000000000000e+00 0.000000000000000000e+00 0.000000000000000000e+00
-2.364076673984527588e-01 1.446887105703353882e-01 0.000000000000000000e+00 1.000000000000000000e+00 0.000000000000000000e+00
8.476352691650390625e-02 -1.737488508224487305e-01 1.000000000000000000e+00 0.000000000000000000e+00 0.000000000000000000e+00
-4.490974843502044678e-01 7.992328405380249023e-01 1.000000000000000000e+00 0.000000000000000000e+00 0.000000000000000000e+00
-1.225443780422210693e-01 1.267766654491424561e-01 1.000000000000000000e+00 0.000000000000000000e+00 0.000000000000000000e+00
-8.418431878089904785e-02 5.684223026037216187e-03 0.000000000000000000e+00 1.000000000000000000e+00 0.000000000000000000e+00
4.617619812488555908e-01 -3.307825326919555664e-01 1.000000000000000000e+00 0.000000000000000000e+00 0.000000000000000000e+00
6.261370182037353516e-01 4.770293831825256348e-01 1.000000000000000000e+00 0.000000000000000000e+00 0.000000000000000000e+00
3.720589876174926758e-01 1.317325383424758911e-01 1.000000000000000000e+00 0.000000000000000000e+00 0.000000000000000000e+00
4.473685324192047119e-01 3.593489155173301697e-02 0.000000000000000000e+00 1.000000000000000000e+00 0.000000000000000000e+00
-2.234364509582519531e+00 -2.176356315612792969e+00 0.000000000000000000e+00 0.000000000000000000e+00 1.000000000000000000e+00
-2.301430702209472656e-01 1.435120344161987305e+00 0.000000000000000000e+00 0.000000000000000000e+00 1.000000000000000000e+00
-1.703174829483032227e+00 -1.063827872276306152e-01 0.000000000000000000e+00 0.000000000000000000e+00 1.000000000000000000e+00
-1.016011118888854980e+00 -8.760911226272583008e-02 0.000000000000000000e+00 0.000000000000000000e+00 1.000000000000000000e+00
-1.320298671722412109e+00 -3.531163334846496582e-01 0.000000000000000000e+00 0.000000000000000000e+00 1.000000000000000000e+00
-1.103958010673522949e+00 -1.863217949867248535e-01 0.000000000000000000e+00 0.000000000000000000e+00 1.000000000000000000e+00
-1.203046798706054688e+00 -2.865923047065734863e-01 0.000000000000000000e+00 0.000000000000000000e+00 1.000000000000000000e+00
-1.109961152076721191e+00 -2.110021710395812988e-01 0.000000000000000000e+00 0.000000000000000000e+00 1.000000000000000000e+00
-1.133144617080688477e+00 -2.875483632087707520e-01 0.000000000000000000e+00 0.000000000000000000e+00 1.000000000000000000e+00
-1.085871219635009766e+00 -2.704231142997741699e-01 0.000000000000000000e+00 0.000000000000000000e+00 1.000000000000000000e+00
-1.087969064712524414e+00 -3.135556578636169434e-01 0.000000000000000000e+00 0.000000000000000000e+00 1.000000000000000000e+00
-1.062081217765808105e+00 -2.992551326751708984e-01 0.000000000000000000e+00 0.000000000000000000e+00 1.000000000000000000e+00
-1.057613492012023926e+00 -3.028650879859924316e-01 0.000000000000000000e+00 0.000000000000000000e+00 1.000000000000000000e+00
-1.043621301651000977e+00 -2.938002347946166992e-01 0.000000000000000000e+00 0.000000000000000000e+00 1.000000000000000000e+00
-1.037002563476562500e+00 -2.944826483726501465e-01 0.000000000000000000e+00 0.000000000000000000e+00 1.000000000000000000e+00
0.000000000000000000e+00 0.000000000000000000e+00 0.000000000000000000e+00 0.000000000000000000e+00 0.000000000000000000e+00
0.000000000000000000e+00 0.000000000000000000e+00 0.000000000000000000e+00 0.000000000000000000e+00 0.000000000000000000e+00
0.000000000000000000e+00 0.000000000000000000e+00 0.000000000000000000e+00 0.000000000000000000e+00 0.000000000000000000e+00
0.000000000000000000e+00 0.000000000000000000e+00 0.000000000000000000e+00 0.000000000000000000e+00 0.000000000000000000e+00
0.000000000000000000e+00 0.000000000000000000e+00 0.000000000000000000e+00 0.000000000000000000e+00 0.000000000000000000e+00
0.000000000000000000e+00 0.000000000000000000e+00 0.000000000000000000e+00 0.000000000000000000e+00 0.000000000000000000e+00
0.000000000000000000e+00 0.000000000000000000e+00 0.000000000000000000e+00 0.000000000000000000e+00 0.000000000000000000e+00
0.000000000000000000e+00 0.000000000000000000e+00 0.000000000000000000e+00 0.000000000000000000e+00 0.000000000000000000e+00
0.000000000000000000e+00 0.000000000000000000e+00 0.000000000000000000e+00 0.000000000000000000e+00 0.000000000000000000e+00
0.000000000000000000e+00 0.000000000000000000e+00 0.000000000000000000e+00 0.000000000000000000e+00 0.000000000000000000e+00
0.000000000000000000e+00 0.000000000000000000e+00 0.000000000000000000e+00 0.000000000000000000e+00 0.000000000000000000e+00
0.000000000000000000e+00 0.000000000000000000e+00 0.000000000000000000e+00 0.000000000000000000e+00 0.000000000000000000e+00
0.000000000000000000e+00 0.000000000000000000e+00 0.000000000000000000e+00 0.000000000000000000e+00 0.000000000000000000e+00
0.000000000000000000e+00 0.000000000000000000e+00 0.000000000000000000e+00 0.000000000000000000e+00 0.000000000000000000e+00
0.000000000000000000e+00 0.000000000000000000e+00 0.000000000000000000e+00 0.000000000000000000e+00 0.000000000000000000e+00
0.000000000000000000e+00 0.000000000000000000e+00 0.000000000000000000e+00 0.000000000000000000e+00 0.000000000000000000e+00
0.000000000000000000e+00 0.000000000000000000e+00 0.000000000000000000e+00 0.000000000000000000e+00 0.000000000000000000e+00
0.000000000000000000e+00 0.000000000000000000e+00 0.000000000000000000e+00 0.000000000000000000e+00 0.000000000000000000e+00
0.000000000000000000e+00 0.000000000000000000e+00 0.000000000000000000e+00 0.000000000000000000e+00 0.000000000000000000e+00
0.000000000000000000e+00 0.000000000000000000e+00 0.000000000000000000e+00 0.000000000000000000e+00 0.000000000000000000e+00
0.000000000000000000e+00 0.000000000000000000e+00 0.000000000000000000e+00 0.000000000000000000e+00 0.000000000000000000e+00
0.000000000000000000e+00 0.000000000000000000e+00 0.000000000000000000e+00 0.000000000000000000e+00 0.000000000000000000e+00
0.000000000000000000e+00 0.000000000000000000e+00 0.000000000000000000e+00 0.000000000000000000e+00 0.000000000000000000e+00
0.000000000000000000e+00 0.000000000000000000e+00 0.000000000000000000e+00 0.000000000000000000e+00 0.000000000000000000e+00
0.000000000000000000e+00 0.000000000000000000e+00 0.000000000000000000e+00 0.000000000000000000e+00 0.000000000000000000e+00
0.000000000000000000e+00 0.000000000000000000e+00 0.000000000000000000e+00 0.000000000000000000e+00 0.000000000000000000e+00
0.000000000000000000e+00 0.000000000000000000e+00 0.000000000000000000e+00 0.000000000000000000e+00 0.000000000000000000e+00
0.000000000000000000e+00 0.000000000000000000e+00 0.000000000000000000e+00 0.000000000000000000e+00 0.000000000000000000e+00
0.000000000000000000e+00 0.000000000000000000e+00 0.000000000000000000e+00 0.000000000000000000e+00 0.000000000000000000e+00
0.000000000000000000e+00 0.000000000000000000e+00 0.000000000000000000e+00 0.000000000000000000e+00 0.000000000000000000e+00
0.000000000000000000e+00 0.000000000000000000e+00 0.000000000000000000e+00 0.000000000000000000e+00 0.000000000000000000e+00
0.000000000000000000e+00 0.000000000000000000e+00 0.000000000000000000e+00 0.000000000000000000e+00 0.000000000000000000e+00
0.000000000000000000e+00 0.000000000000000000e+00 0.000000000000000000e+00 0.000000000000000000e+00 0.000000000000000000e+00
0.000000000000000000e+00 0.000000000000000000e+00 0.000000000000000000e+00 0.000000000000000000e+00 0.000000000000000000e+00
0.000000000000000000e+00 0.000000000000000000e+00 0.000000000000000000e+00 0.000000000000000000e+00 0.000000000000000000e+00
0.000000000000000000e+00 0.000000000000000000e+00 0.000000000000000000e+00 0.000000000000000000e+00 0.000000000000000000e+00
0.000000000000000000e+00 0.000000000000000000e+00 0.000000000000000000e+00 0.000000000000000000e+00 0.000000000000000000e+00
0.000000000000000000e+00 0.000000000000000000e+00 0.000000000000000000e+00 0.000000000000000000e+00 0.000000000000000000e+00
0.000000000000000000e+00 0.000000000000000000e+00 0.000000000000000000e+00 0.000000000000000000e+00 0.000000000000000000e+00
0.000000000000000000e+00 0.000000000000000000e+00 0.000000000000000000e+00 0.000000000000000000e+00 0.000000000000000000e+00
0.000000000000000000e+00 0.000000000000000000e+00 0.000000000000000000e+00 0.000000000000000000e+00 0.000000000000000000e+00
0.000000000000000000e+00 0.000000000000000000e+00 0.000000000000000000e+00 0.000000000000000000e+00 0.000000000000000000e+00
0.000000000000000000e+00 0.000000000000000000e+00 0.000000000000000000e+00 0.000000000000000000e+00 0.000000000000000000e+00
0.000000000000000000e+00 0.000000000000000000e+00 0.000000000000000000e+00 0.000000000000000000e+00 0.000000000000000000e+00
0.000000000000000000e+00 0.000000000000000000e+00 0.000000000000000000e+00 0.000000000000000000e+00 0.000000000000000000e+00
0.000000000000000000e+00 0.000000000000000000e+00 0.000000000000000000e+00 0.000000000000000000e+00 0.000000000000000000e+00
0.000000000000000000e+00 0.000000000000000000e+00 0.000000000000000000e+00 0.000000000000000000e+00 0.000000000000000000e+00
0.000000000000000000e+00 0.000000000000000000e+00 0.000000000000000000e+00 0.000000000000000000e+00 0.000000000000000000e+00
0.000000000000000000e+00 0.000000000000000000e+00 0.000000000000000000e+00 0.000000000000000000e+00 0.000000000000000000e+00
