0.000000000000000000e+00 0.000000000000000000e+00 1.000000000000000000e+00 0.000000000000000000e+00 0.000000000000000000e+00
-7.968256473541259766e-01 1.142458200454711914e+00 1.000000000000000000e+00 0.000000000000000000e+00 0.000000000000000000e+00
-5.828776359558105469e-01 5.946894884109497070e-01 1.000000000000000000e+00 0.000000000000000000e+00 0.000000000000000000e+00
-3.526404798030853271e-01 2.207840383052825928e-01 0.000000000000000000e+00 1.000000000000000000e+00 0.000000000000000000e+00
9.398367404937744141e-01 -7.271714806556701660e-01 1.000000000000000000e+00 0.000000000000000000e+00 0.000000000000000000e+00
6.827359199523925781e-01 -1.471473574638366699e-01 1.000000000000000000e+00 0.000000000000000000e+00 0.000000000000000000e+00
-4.247698187828063965e-02 5.688178539276123047e-02 0.000000000000000000e+00 1.000000000000000000e+00 0.000000000000000000e+00
-6.547777652740478516e-01 5.597405433654785156e-01 1.000000000000000000e+00 0.000000000000000000e+00 0.000000000000000000e+00
5.158867835998535156e-01 -7.337625324726104736e-02 1.000000000000000000e+00 0.000000000000000000e+00 0.000000000000000000e+00
-4.471526294946670532e-02 6.475497782230377197e-02 0.000000000000000000e+00 1.000000000000000000e+00 0.000000000000000000e+00
-6.654570102691650391e-01 6.608287096023559570e-01 1.000000000000000000e+00 0.000000000000000000e+00 0.000000000000000000e+00
5.646572709083557129e-01 -1.456782817840576172e-01 1.000000000000000000e+00 0.000000000000000000e+00 0.000000000000000000e+00
2.543370425701141357e-01 -1.847663819789886475e-01 1.000000000000000000e+00 0.000000000000000000e+00 0.000000000000000000e+00
2.091560326516628265e-02 -1.051835864782333374e-01 0.000000000000000000e+00 1.000000000000000000e+00 0.000000000000000000e+00
-3.262416124343872070e-01 1.078836433589458466e-02 1.000000000000000000e+00 0.000000000000000000e+00 0.000000000000000000e+00
-8.060383796691894531e-02 1.021116137504577637e+00 1.000000000000000000e+00 0.000000000000000000e+00 0.000000000000000000e+00
4.577838629484176636e-02 1.810912489891052246e-01 1.000000000000000000e+00 0.000000000000000000e+00 0.000000000000000000e+00
7.877382636070251465e-02 2.623519301414489746e-02 1.000000000000000000e+00 0.000000000000000000e+00 0.000000000000000000e+00
2.665124833583831787e-01 -3.486858606338500977e-01 1.000000000000000000e+00 0.000000000000000000e+00 0.000000000000000000e+00
1.643258482217788696e-01 -4.046811163425445557e-01 0.000000000000000000e+00 1.000000000000000000e+00 0.000000000000000000e+00
6.567267179489135742e-01 -2.000518321990966797e+00 1.000000000000000000e+00 0.000000000000000000e+00 0.000000000000000000e+00
9.466154575347900391e-01 -2.139078527688980103e-01 1.000000000000000000e+00 0.000000000000000000e+00 0.000000000000000000e+00
3.494040071964263916e-01 -1.603951454162597656e-01 0.000000000000000000e+00 1.000000000000000000e+00 0.000000000000000000e+00
-8.781070113182067871e-01 -1.580943763256072998e-01 1.000000000000000000e+00 0.000000000000000000e+00 0.000000000000000000e+00
-7.861673831939697266e-02 7.038940191268920898e-01 1.000000000000000000e+00 0.000000000000000000e+00 0.000000000000000000e+00
4.033892229199409485e-02 1.141525655984878540e-01 0.000000000000000000e+00 1.000000000000000000e+00 0.000000000000000000e+00
6.559594273567199707e-01 -7.148265242576599121e-01 1.000000000000000000e+00 0.000000000000000000e+00 0.000000000000000000e+00
-5.945793390274047852e-01 7.812973260879516602e-01 1.000000000000000000e+00 0.000000000000000000e+00 0.000000000000000000e+00
-5.946820974349975586e-01 4.937968850135803223e-01 1.000000000000000000e+00 0.000000000000000000e+00 0.000000000000000000e+00
-2.988515198230743408e-01 1.406966149806976318e-01 1.000000000000000000e+00 0.000000000000000000e+00 0.000000000000000000e+00
-7.348304986953735352e-02 -2.757214009761810303e-02 1.000000000000000000e+00 0.000000000000000000e+00 0.000000000000000000e+00
2.863369882106781006e-01 -2.189363241195678711e-01 1.000000000000000000e+00 0.000000000000000000e+00 0.000000000000000000e+00
2.933266162872314453e-01 -6.061913818120956421e-02 1.000000000000000000e+00 0.000000000000000000e+00 0.000000000000000000e+00
1.873084008693695068e-01 6.931135058403015137e-02 1.000000000000000000e+00 0.000000000000000000e+00 0.000000000000000000e+00
4.906061664223670959e-02 2.931662201881408691e-01 1.000000000000000000e+00 0.000000000000000000e+00 0.000000000000000000e+00
-1.079495623707771301e-01 4.005929231643676758e-01 1.000000000000000000e+00 0.000000000000000000e+00 0.000000000000000000e+00
-6.519038230180740356e-03 -6.059567257761955261e-02 0.000000000000000000e+00 1.000000000000000000e+00 0.000000000000000000e+00
1.035704612731933594e+00 -1.487555027008056641e+00 1.000000000000000000e+00 0.000000000000000000e+00 0.000000000000000000e+00
-2.864938080310821533e-01 5.197246670722961426e-01 1.000000000000000000e+00 0.000000000000000000e+00 0.000000000000000000e+00
-2.065854668617248535e-01 1.811267137527465820e-01 0.000000000000000000e+00 1.000000000000000000e+00 0.000000000000000000e+00
-3.898612409830093384e-02 2.148717828094959259e-02 1.000000000000000000e+00 0.000000000000000000e+00 0.000000000000000000e+00
5.719190239906311035e-01 -1.184439212083816528e-01 1.000000000000000000e+00 0.000000000000000000e+00 0.000000000000000000e+00
-6.035855039954185486e-02 5.578528344631195068e-02 0.000000000000000000e+00 1.000000000000000000e+00 0.000000000000000000e+00
-4.618214070796966553e-01 3.632709383964538574e-01 1.000000000000000000e+00 0.000000000000000000e+00 0.000000000000000000e+00
4.490315318107604980e-01 -5.940546095371246338e-02 1.000000000000000000e+00 0.000000000000000000e+00 0.000000000000000000e+00
-5.208839476108551025e-02 5.277822539210319519e-02 0.000000000000000000e+00 1.000000000000000000e+00 0.000000000000000000e+00
-3.761293888092041016e-01 2.978278398513793945e-01 1.000000000000000000e+00 0.000000000000000000e+00 0.000000000000000000e+00
4.246347844600677490e-01 -6.577363610267639160e-02 1.000000000000000000e+00 0.000000000000000000e+00 0.000000000000000000e+00
1.539514213800430298e-01 -1.128099262714385986e-01 0.000000000000000000e+00 1.000000000000000000e+00 0.000000000000000000e+00
-1.540228128433227539e-01 -2.136005014181137085e-01 1.000000000000000000e+00 0.000000000000000000e+00 0.000000000000000000e+00
-1.974034011363983154e-01 6.551839113235473633e-01 1.000000000000000000e+00 0.000000000000000000e+00 0.000000000000000000e+00
-1.522359848022460938e-01 1.814807355403900146e-01 1.000000000000000000e+00 0.000000000000000000e+00 0.000000000000000000e+00
4.902494847774505615e-01 -1.276657879352569580e-01 0.000000000000000000e+00 1.000000000000000000e+00 0.000000000000000000e+00
-1.246636033058166504e+00 5.531234741210937500e-01 1.000000000000000000e+00 0.000000000000000000e+00 0.000000000000000000e+00
8.093405365943908691e-01 -9.810061752796173096e-02 1.000000000000000000e+00 0.000000000000000000e+00 0.000000000000000000e+00
1.910105943679809570e-01 6.881128251552581787e-02 1.000000000000000000e+00 0.000000000000000000e+00 0.000000000000000000e+00
-7.806196212768554688e-01 7.607796192169189453e-01 1.000000000000000000e+00 0.000000000000000000e+00 0.000000000000000000e+00
-3.877725899219512939e-01 2.095947861671447754e-01 1.000000000000000000e+00 0.000000000000000000e+00 0.000000000000000000e+00
-3.629221916198730469e-01 3.299739584326744080e-02 0.000000000000000000e+00 1.000000000000000000e+00 0.000000000000000000e+00
4.437155425548553467e-01 -5.845884680747985840e-01 1.000000000000000000e+00 0.000000000000000000e+00 0.000000000000000000e+00
1.060346841812133789e+00 5.716416835784912109e-01 1.000000000000000000e+00 0.000000000000000000e+00 0.000000000000000000e+00
5.589215755462646484e-01 1.469807773828506470e-01 1.000000000000000000e+00 0.000000000000000000e+00 0.000000000000000000e+00
6.497691869735717773e-01 2.773146331310272217e-02 0.000000000000000000e+00 1.000000000000000000e+00 0.000000000000000000e+00
-2.393113374710083008e+00 -2.654632568359375000e+00 0.000000000000000000e+00 0.000000000000000000e+00 1.000000000000000000e+00
3.635734319686889648e-03 1.439374923706054688e+00 0.000000000000000000e+00 0.000000000000000000e+00 1.000000000000000000e+00
-1.611511468887329102e+00 7.292819023132324219e-02 0.000000000000000000e+00 0.000000000000000000e+00 1.000000000000000000e+00
-1.042993664741516113e+00 -2.664020657539367676e-01 0.000000000000000000e+00 0.000000000000000000e+00 1.000000000000000000e+00
-1.217758178710937500e+00 -2.999461889266967773e-01 0.000000000000000000e+00 0.000000000000000000e+00 1.000000000000000000e+00
-1.091410994529724121e+00 -2.260822057723999023e-01 0.000000000000000000e+00 0.000000000000000000e+00 1.000000000000000000e+00
-1.126040935516357422e+00 -2.661774754524230957e-01 0.000000000000000000e+00 0.000000000000000000e+00 1.000000000000000000e+00
0.000000000000000000e+00 0.000000000000000000e+00 0.000000000000000000e+00 0.000000000000000000e+00 0.000000000000000000e+00
0.000000000000000000e+00 0.000000000000000000e+00 0.000000000000000000e+00 0.000000000000000000e+00 0.000000000000000000e+00
0.000000000000000000e+00 0.000000000000000000e+00 0.000000000000000000e+00 0.000000000000000000e+00 0.000000000000000000e+00
0.000000000000000000e+00 0.000000000000000000e+00 0.000000000000000000e+00 0.000000000000000000e+00 0.000000000000000000e+00
0.000000000000000000e+00 0.000000000000000000e+00 0.000000000000000000e+00 0.000000000000000000e+00 0.000000000000000000e+00
0.000000000000000000e+00 0.000000000000000000e+00 0.000000000000000000e+00 0.000000000000000000e+00 0.000000000000000000e+00
0.000000000000000000e+00 0.000000000000000000e+00 0.000000000000000000e+00 0.000000000000000000e+00 0.000000000000000000e+00
0.000000000000000000e+00 0.000000000000000000e+00 0.000000000000000000e+00 0.000000000000000000e+00 0.000000000000000000e+00
0.000000000000000000e+00 0.000000000000000000e+00 0.000000000000000000e+00 0.000000000000000000e+00 0.000000000000000000e+00
0.000000000000000000e+00 0.000000000000000000e+00 0.000000000000000000e+00 0.000000000000000000e+00 0.000000000000000000e+00
0.000000000000000000e+00 0.000000000000000000e+00 0.000000000000000000e+00 0.000000000000000000e+00 0.000000000000000000e+00
0.000000000000000000e+00 0.000000000000000000e+00 0.000000000000000000e+00 0.000000000000000000e+00 0.000000000000000000e+00
0.000000000000000000e+00 0.000000000000000000e+00 0.000000000000000000e+00 0.000000000000000000e+00 0.000000000000000000e+00
0.000000000000000000e+00 0.000000000000000000e+00 0.000000000000000000e+00 0.000000000000000000e+00 0.000000000000000000e+00
0.000000000000000000e+00 0.000000000000000000e+00 0.000000000000000000e+00 0.000000000000000000e+00 0.000000000000000000e+00
0.000000000000000000e+00 0.000000000000000000e+00 0.000000000000000000e+00 0.000000000000000000e+00 0.000000000000000000e+00
0.000000000000000000e+00 0.000000000000000000e+00 0.000000000000000000e+00 0.000000000000000000e+00 0.000000000000000000e+00
0.000000000000000000e+00 0.000000000000000000e+00 0.000000000000000000e+00 0.000000000000000000e+00 0.000000000000000000e+00
0.000000000000000000e+00 0.000000000000000000e+00 0.000000000000000000e+00 0.000000000000000000e+00 0.000000000000000000e+00
0.000000000000000000e+00 0.000000000000000000e+00 0.000000000000000000e+00 0.000000000000000000e+00 0.000000000000000000e+00
0.000000000000000000e+00 0.000000000000000000e+00 0.000000000000000000e+00 0.000000000000000000e+00 0.000000000000000000e+00
0.000000000000000000e+00 0.000000000000000000e+00 0.000000000000000000e+00 0.000000000000000000e+00 0.000000000000000000e+00
0.000000000000000000e+00 0.000000000000000000e+00 0.000000000000000000e+00 0.000000000000000000e+00 0.000000000000000000e+00
0.000000000000000000e+00 0.000000000000000000e+00 0.000000000000000000e+00 0.000000000000000000e+00 0.000000000000000000e+00
0.000000000000000000e+00 0.000000000000000000e+00 0.000000000000000000e+00 0.000000000000000000e+00 0.000000000000000000e+00
0.000000000000000000e+00 0.000000000000000000e+00 0.000000000000000000e+00 0.000000000000000000e+00 0.000000000000000000e+00
0.000000000000000000e+00 0.000000000000000000e+00 0.000000000000000000e+00 0.000000000000000000e+00 0.000000000000000000e+00
0.000000000000000000e+00 0.000000000000000000e+00 0.000000000000000000e+00 0.000000000000000000e+00 0.000000000000000000e+00
0.000000000000000000e+00 0.000000000000000000e+00 0.000000000000000000e+00 0.000000000000000000e+00 0.000000000000000000e+00
0.000000000000000000e+00 0.000000000000000000e+00 0.000000000000000000e+00 0.000000000000000000e+00 0.000000000000000000e+00
0.000000000000000000e+00 0.000000000000000000e+00 0.000000000000000000e+00 0.000000000000000000e+00 0.000000000000000000e+00
0.000000000000000000e+00 0.000000000000000000e+00 0.000000000000000000e+00 0.000000000000000000e+00 0.000000000000000000e+00
0.000000000000000000e+00 0.000000000000000000e+00 0.000000000000000000e+00 0.000000000000000000e+00 0.000000000000000000e+00
0.000000000000000000e+00 0.000000000000000000e+00 0.000000000000000000e+00 0.000000000000000000e+00 0.000000000000000000e+00
0.000000000000000000e+00 0.000000000000000000e+00 0.000000000000000000e+00 0.000000000000000000e+00 0.000000000000000000e+00
0.000000000000000000e+00 0.000000000000000000e+00 0.000000000000000000e+00 0.000000000000000000e+00 0.000000000000000000e+00
0.000000000000000000e+00 0.000000000000000000e+00 0.000000000000000000e+00 0.000000000000000000e+00 0.000000000000000000e+00
0.000000000000000000e+00 0.000000000000000000e+00 0.000000000000000000e+00 0.000000000000000000e+00 0.000000000000000000e+00
0.000000000000000000e+00 0.000000000000000000e+00 0.000000000000000000e+00 0.000000000000000000e+00 0.000000000000000000e+00
0.000000000000000000e+00 0.000000000000000000e+00 0.000000000000000000e+00 0.000000000000000000e+00 0.000000000000000000e+00
0.000000000000000000e+00 0.000000000000000000e+00 0.000000000000000000e+00 0.000000000000000000e+00 0.000000000000000000e+00
0.000000000000000000e+00 0.000000000000000000e+00 0.000000000000000000e+00 0.000000000000000000e+00 0.000000000000000000e+00
0.000000000000000000e+00 0.000000000000000000e+00 0.000000000000000000e+00 0.000000000000000000e+00 0.000000000000000000e+00
0.000000000000000000e+00 0.000000000000000000e+00 0.000000000000000000e+00 0.000000000000000000e+00 0.000000000000000000e+00
0.000000000000000000e+00 0.000000000000000000e+00 0.000000000000000000e+00 0.000000000000000000e+00 0.000000000000000000e+00
0.000000000000000000e+00 0.000000000000000000e+00 0.000000000000000000e+00 0.000000000000000000e+00 0.000000000000000000e+00
0.000000000000000000e+00 0.000000000000000000e+00 0.000000000000000000e+00 0.000000000000000000e+00 0.000000000000000000e+00
0.000000000000000000e+00 0.000000000000000000e+00 0.000000000000000000e+00 0.000000000000000000e+00 0.000000000000000000e+00
0.000000000000000000e+00 0.000000000000000000e+00 0.000000000000000000e+00 0.000000000000000000e+00 0.000000000000000000e+00
0.000000000000000000e+00 0.000000000000000000e+00 0.000000000000000000e+00 0.000000000000000000e+00 0.000000000000000000e+00
0.000000000000000000e+00 0.000000000000000000e+00 0.000000000000000000e+00 0.000000000000000000e+00 0.000000000000000000e+00
