0.000000000000000000e+00 0.000000000000000000e+00 1.000000000000000000e+00 0.000000000000000000e+00 0.000000000000000000e+00
-6.491226553916931152e-01 1.045339584350585938e+00 1.000000000000000000e+00 0.000000000000000000e+00 0.000000000000000000e+00
-5.767240524291992188e-01 6.518936157226562500e-01 1.000000000000000000e+00 0.000000000000000000e+00 0.000000000000000000e+00
-3.251625597476959229e-01 2.127262055873870850e-01 0.000000000000000000e+00 1.000000000000000000e+00 0.000000000000000000e+00
9.444036483764648438e-01 -7.897943258285522461e-01 1.000000000000000000e+00 0.000000000000000000e+00 0.000000000000000000e+00
6.050373315811157227e-01 -1.212763786315917969e-01 1.000000000000000000e+00 0.000000000000000000e+00 0.000000000000000000e+00
-4.367659240961074829e-02 5.738289654254913330e-02 0.000000000000000000e+00 1.000000000000000000e+00 0.000000000000000000e+00
-6.050809025764465332e-01 5.357432365417480469e-01 1.000000000000000000e+00 0.000000000000000000e+00 0.000000000000000000e+00
4.901407659053802490e-01 -7.696206867694854736e-02 1.000000000000000000e+00 0.000000000000000000e+00 0.000000000000000000e+00
-4.516025632619857788e-02 6.719098240137100220e-02 0.000000000000000000e+00 1.000000000000000000e+00 0.000000000000000000e+00
-6.063756346702575684e-01 6.524370908737182617e-01 1.000000000000000000e+00 0.000000000000000000e+00 0.000000000000000000e+00
5.194069743156433105e-01 -1.594169735908508301e-01 1.000000000000000000e+00 0.000000000000000000e+00 0.000000000000000000e+00
2.271864414215087891e-01 -1.874609887599945068e-01 1.000000000000000000e+00 0.000000000000000000e+00 0.000000000000000000e+00
5.305884405970573425e-04 -9.787499159574508667e-02 1.000000000000000000e+00 0.000000000000000000e+00 0.000000000000000000e+00
-2.048496305942535400e-01 1.181653961539268494e-01 1.000000000000000000e+00 0.000000000000000000e+00 0.000000000000000000e+00
-8.056316524744033813e-02 1.792413592338562012e-01 1.000000000000000000e+00 0.000000000000000000e+00 0.000000000000000000e+00
-8.323833346366882324e-03 6.331318616867065430e-01 1.000000000000000000e+00 0.000000000000000000e+00 0.000000000000000000e+00
7.707710564136505127e-02 1.796091198921203613e-01 1.000000000000000000e+00 0.000000000000000000e+00 0.000000000000000000e+00
8.651152998208999634e-02 1.123128086328506470e-02 1.000000000000000000e+00 0.000000000000000000e+00 0.000000000000000000e+00
2.557634711265563965e-01 -4.061772823333740234e-01 1.000000000000000000e+00 0.000000000000000000e+00 0.000000000000000000e+00
1.373119503259658813e-01 -4.195454120635986328e-01 0.000000000000000000e+00 1.000000000000000000e+00 0.000000000000000000e+00
5.224553346633911133e-01 -1.613389968872070312e+00 1.000000000000000000e+00 0.000000000000000000e+00 0.000000000000000000e+00
-7.932905107736587524e-02 6.144036054611206055e-01 1.000000000000000000e+00 0.000000000000000000e+00 0.000000000000000000e+00
-7.209094613790512085e-02 1.527693718671798706e-01 0.000000000000000000e+00 1.000000000000000000e+00 0.000000000000000000e+00
3.408250212669372559e-01 -8.563714623451232910e-01 1.000000000000000000e+00 0.000000000000000000e+00 0.000000000000000000e+00
8.600442409515380859e-01 -1.445707827806472778e-01 1.000000000000000000e+00 0.000000000000000000e+00 0.000000000000000000e+00
3.072335124015808105e-01 4.659627377986907959e-02 1.000000000000000000e+00 0.000000000000000000e+00 0.000000000000000000e+00
-2.027139253914356232e-02 2.375409305095672607e-01 1.000000000000000000e+00 0.000000000000000000e+00 0.000000000000000000e+00
-2.643069624900817871e-01 3.784778714179992676e-01 1.000000000000000000e+00 0.000000000000000000e+00 0.000000000000000000e+00
-1.854800283908843994e-01 1.459598690271377563e-01 0.000000000000000000e+00 1.000000000000000000e+00 0.000000000000000000e+00
-3.714532554149627686e-01 -4.798644483089447021e-01 1.000000000000000000e+00 0.000000000000000000e+00 0.000000000000000000e+00
-1.062162891030311584e-01 3.655984401702880859e-01 1.000000000000000000e+00 0.000000000000000000e+00 0.000000000000000000e+00
3.626725822687149048e-02 5.818440020084381104e-02 0.000000000000000000e+00 1.000000000000000000e+00 0.000000000000000000e+00
4.318485856056213379e-01 -4.018178284168243408e-01 1.000000000000000000e+00 0.000000000000000000e+00 0.000000000000000000e+00
-5.603089332580566406e-01 6.549723744392395020e-01 1.000000000000000000e+00 0.000000000000000000e+00 0.000000000000000000e+00
5.217989683151245117e-01 -1.517416834831237793e-01 1.000000000000000000e+00 0.000000000000000000e+00 0.000000000000000000e+00
5.333213135600090027e-02 2.830923348665237427e-02 0.000000000000000000e+00 1.000000000000000000e+00 0.000000000000000000e+00
-6.730278134346008301e-01 2.471683323383331299e-01 1.000000000000000000e+00 0.000000000000000000e+00 0.000000000000000000e+00
-6.730511784553527832e-01 8.237866163253784180e-01 1.000000000000000000e+00 0.000000000000000000e+00 0.000000000000000000e+00
-2.720304429531097412e-01 2.101645469665527344e-01 1.000000000000000000e+00 0.000000000000000000e+00 0.000000000000000000e+00
-1.243347376585006714e-01 1.919822394847869873e-02 0.000000000000000000e+00 1.000000000000000000e+00 0.000000000000000000e+00
7.303323745727539062e-01 -5.822359323501586914e-01 1.000000000000000000e+00 0.000000000000000000e+00 0.000000000000000000e+00
9.141004085540771484e-01 -1.216218620538711548e-01 1.000000000000000000e+00 0.000000000000000000e+00 0.000000000000000000e+00
3.704687952995300293e-01 7.019958645105361938e-02 1.000000000000000000e+00 0.000000000000000000e+00 0.000000000000000000e+00
1.567809432744979858e-01 1.801129728555679321e-01 1.000000000000000000e+00 0.000000000000000000e+00 0.000000000000000000e+00
-9.986725635826587677e-04 4.429114460945129395e-01 1.000000000000000000e+00 0.000000000000000000e+00 0.000000000000000000e+00
-1.962966471910476685e-01 5.955555438995361328e-01 1.000000000000000000e+00 0.000000000000000000e+00 0.000000000000000000e+00
-1.509907841682434082e-01 2.386971712112426758e-01 1.000000000000000000e+00 0.000000000000000000e+00 0.000000000000000000e+00
-1.825434565544128418e-01 1.502873152494430542e-01 1.000000000000000000e+00 0.000000000000000000e+00 0.000000000000000000e+00
-2.051513344049453735e-01 4.802678897976875305e-02 0.000000000000000000e+00 1.000000000000000000e+00 0.000000000000000000e+00
-6.313437223434448242e-01 -1.047583341598510742e+00 1.000000000000000000e+00 0.000000000000000000e+00 0.000000000000000000e+00
-6.944926083087921143e-02 7.058753073215484619e-02 1.000000000000000000e+00 0.000000000000000000e+00 0.000000000000000000e+00
4.492354393005371094e-02 2.293099761009216309e-01 1.000000000000000000e+00 0.000000000000000000e+00 0.000000000000000000e+00
3.887770771980285645e-01 -2.466042339801788330e-01 0.000000000000000000e+00 1.000000000000000000e+00 0.000000000000000000e+00
2.039946615695953369e-01 -5.151585489511489868e-02 1.000000000000000000e+00 0.000000000000000000e+00 0.000000000000000000e+00
-3.979227840900421143e-01 4.208647608757019043e-01 1.000000000000000000e+00 0.000000000000000000e+00 0.000000000000000000e+00
3.150689899921417236e-01 -1.535809338092803955e-01 1.000000000000000000e+00 0.000000000000000000e+00 0.000000000000000000e+00
8.821502327919006348e-02 -1.228813976049423218e-01 0.000000000000000000e+00 1.000000000000000000e+00 0.000000000000000000e+00
-1.551660746335983276e-01 -3.573644757270812988e-01 1.000000000000000000e+00 0.000000000000000000e+00 0.000000000000000000e+00
-2.424637079238891602e-01 7.996896505355834961e-01 1.000000000000000000e+00 0.000000000000000000e+00 0.000000000000000000e+00
4.721754491329193115e-01 -1.505064070224761963e-01 1.000000000000000000e+00 0.000000000000000000e+00 0.000000000000000000e+00
1.351195871829986572e-01 5.606086552143096924e-02 1.000000000000000000e+00 0.000000000000000000e+00 0.000000000000000000e+00
2.330988179892301559e-03 2.034580111503601074e-01 0.000000000000000000e+00 1.000000000000000000e+00 0.000000000000000000e+00
-1.046337604522705078e+00 -1.709630489349365234e+00 0.000000000000000000e+00 0.000000000000000000e+00 1.000000000000000000e+00
0.000000000000000000e+00 0.000000000000000000e+00 0.000000000000000000e+00 0.000000000000000000e+00 0.000000000000000000e+00
0.000000000000000000e+00 0.000000000000000000e+00 0.000000000000000000e+00 0.000000000000000000e+00 0.000000000000000000e+00
0.000000000000000000e+00 0.000000000000000000e+00 0.000000000000000000e+00 0.000000000000000000e+00 0.000000000000000000e+00
0.000000000000000000e+00 0.000000000000000000e+00 0.000000000000000000e+00 0.000000000000000000e+00 0.000000000000000000e+00
0.000000000000000000e+00 0.000000000000000000e+00 0.000000000000000000e+00 0.000000000000000000e+00 0.000000000000000000e+00
0.000000000000000000e+00 0.000000000000000000e+00 0.000000000000000000e+00 0.000000000000000000e+00 0.000000000000000000e+00
0.000000000000000000e+00 0.000000000000000000e+00 0.000000000000000000e+00 0.000000000000000000e+00 0.000000000000000000e+00
0.000000000000000000e+00 0.000000000000000000e+00 0.000000000000000000e+00 0.000000000000000000e+00 0.000000000000000000e+00
0.000000000000000000e+00 0.000000000000000000e+00 0.000000000000000000e+00 0.000000000000000000e+00 0.000000000000000000e+00
0.000000000000000000e+00 0.000000000000000000e+00 0.000000000000000000e+00 0.000000000000000000e+00 0.000000000000000000e+00
0.000000000000000000e+00 0.000000000000000000e+00 0.000000000000000000e+00 0.000000000000000000e+00 0.000000000000000000e+00
0.000000000000000000e+00 0.000000000000000000e+00 0.000000000000000000e+00 0.000000000000000000e+00 0.000000000000000000e+00
0.000000000000000000e+00 0.000000000000000000e+00 0.000000000000000000e+00 0.000000000000000000e+00 0.000000000000000000e+00
0.000000000000000000e+00 0.000000000000000000e+00 0.000000000000000000e+00 0.000000000000000000e+00 0.000000000000000000e+00
0.000000000000000000e+00 0.000000000000000000e+00 0.000000000000000000e+00 0.000000000000000000e+00 0.000000000000000000e+00
0.000000000000000000e+00 0.000000000000000000e+00 0.000000000000000000e+00 0.000000000000000000e+00 0.000000000000000000e+00
0.000000000000000000e+00 0.000000000000000000e+00 0.000000000000000000e+00 0.000000000000000000e+00 0.000000000000000000e+00
0.000000000000000000e+00 0.000000000000000000e+00 0.000000000000000000e+00 0.000000000000000000e+00 0.000000000000000000e+00
0.000000000000000000e+00 0.000000000000000000e+00 0.000000000000000000e+00 0.000000000000000000e+00 0.000000000000000000e+00
0.000000000000000000e+00 0.000000000000000000e+00 0.000000000000000000e+00 0.000000000000000000e+00 0.000000000000000000e+00
0.000000000000000000e+00 0.000000000000000000e+00 0.000000000000000000e+00 0.000000000000000000e+00 0.000000000000000000e+00
0.000000000000000000e+00 0.000000000000000000e+00 0.000000000000000000e+00 0.000000000000000000e+00 0.000000000000000000e+00
0.000000000000000000e+00 0.000000000000000000e+00 0.000000000000000000e+00 0.000000000000000000e+00 0.000000000000000000e+00
0.000000000000000000e+00 0.000000000000000000e+00 0.000000000000000000e+00 0.000000000000000000e+00 0.000000000000000000e+00
0.000000000000000000e+00 0.000000000000000000e+00 0.000000000000000000e+00 0.000000000000000000e+00 0.000000000000000000e+00
0.000000000000000000e+00 0.000000000000000000e+00 0.000000000000000000e+00 0.000000000000000000e+00 0.000000000000000000e+00
0.000000000000000000e+00 0.000000000000000000e+00 0.000000000000000000e+00 0.000000000000000000e+00 0.000000000000000000e+00
0.000000000000000000e+00 0.000000000000000000e+00 0.000000000000000000e+00 0.000000000000000000e+00 0.000000000000000000e+00
0.000000000000000000e+00 0.000000000000000000e+00 0.000000000000000000e+00 0.000000000000000000e+00 0.000000000000000000e+00
0.000000000000000000e+00 0.000000000000000000e+00 0.000000000000000000e+00 0.000000000000000000e+00 0.000000000000000000e+00
0.000000000000000000e+00 0.000000000000000000e+00 0.000000000000000000e+00 0.000000000000000000e+00 0.000000000000000000e+00
0.000000000000000000e+00 0.000000000000000000e+00 0.000000000000000000e+00 0.000000000000000000e+00 0.000000000000000000e+00
0.000000000000000000e+00 0.000000000000000000e+00 0.000000000000000000e+00 0.000000000000000000e+00 0.000000000000000000e+00
0.000000000000000000e+00 0.000000000000000000e+00 0.000000000000000000e+00 0.000000000000000000e+00 0.000000000000000000e+00
0.000000000000000000e+00 0.000000000000000000e+00 0.000000000000000000e+00 0.000000000000000000e+00 0.000000000000000000e+00
0.000000000000000000e+00 0.000000000000000000e+00 0.000000000000000000e+00 0.000000000000000000e+00 0.000000000000000000e+00
0.000000000000000000e+00 0.000000000000000000e+00 0.000000000000000000e+00 0.000000000000000000e+00 0.000000000000000000e+00
0.000000000000000000e+00 0.000000000000000000e+00 0.000000000000000000e+00 0.000000000000000000e+00 0.000000000000000000e+00
0.000000000000000000e+00 0.000000000000000000e+00 0.000000000000000000e+00 0.000000000000000000e+00 0.000000000000000000e+00
0.000000000000000000e+00 0.000000000000000000e+00 0.000000000000000000e+00 0.000000000000000000e+00 0.000000000000000000e+00
0.000000000000000000e+00 0.000000000000000000e+00 0.000000000000000000e+00 0.000000000000000000e+00 0.000000000000000000e+00
0.000000000000000000e+00 0.000000000000000000e+00 0.000000000000000000e+00 0.000000000000000000e+00 0.000000000000000000e+00
0.000000000000000000e+00 0.000000000000000000e+00 0.000000000000000000e+00 0.000000000000000000e+00 0.000000000000000000e+00
0.000000000000000000e+00 0.000000000000000000e+00 0.000000000000000000e+00 0.000000000000000000e+00 0.000000000000000000e+00
0.000000000000000000e+00 0.000000000000000000e+00 0.000000000000000000e+00 0.000000000000000000e+00 0.000000000000000000e+00
0.000000000000000000e+00 0.000000000000000000e+00 0.000000000000000000e+00 0.000000000000000000e+00 0.000000000000000000e+00
0.000000000000000000e+00 0.000000000000000000e+00 0.000000000000000000e+00 0.000000000000000000e+00 0.000000000000000000e+00
0.000000000000000000e+00 0.000000000000000000e+00 0.000000000000000000e+00 0.000000000000000000e+00 0.000000000000000000e+00
0.000000000000000000e+00 0.000000000000000000e+00 0.000000000000000000e+00 0.000000000000000000e+00 0.000000000000000000e+00
0.000000000000000000e+00 0.000000000000000000e+00 0.000000000000000000e+00 0.000000000000000000e+00 0.000000000000000000e+00
0.000000000000000000e+00 0.000000000000000000e+00 0.000000000000000000e+00 0.000000000000000000e+00 0.000000000000000000e+00
0.000000000000000000e+00 0.000000000000000000e+00 0.000000000000000000e+00 0.000000000000000000e+00 0.000000000000000000e+00
0.000000000000000000e+00 0.000000000000000000e+00 0.000000000000000000e+00 0.000000000000000000e+00 0.000000000000000000e+00
0.000000000000000000e+00 0.000000000000000000e+00 0.000000000000000000e+00 0.000000000000000000e+00 0.000000000000000000e+00
0.000000000000000000e+00 0.000000000000000000e+00 0.000000000000000000e+00 0.000000000000000000e+00 0.000000000000000000e+00
0.000000000000000000e+00 0.000000000000000000e+00 0.000000000000000000e+00 0.000000000000000000e+00 0.000000000000000000e+00
0.000000000000000000e+00 0.000000000000000000e+00 0.000000000000000000e+00 0.000000000000000000e+00 0.000000000000000000e+00
