0.000000000000000000e+00 0.000000000000000000e+00 1.000000000000000000e+00 0.000000000000000000e+00 0.000000000000000000e+00
1.560105383396148682e-01 7.664678245782852173e-02 1.000000000000000000e+00 0.000000000000000000e+00 0.000000000000000000e+00
3.183042258024215698e-02 1.373537629842758179e-01 0.000000000000000000e+00 1.000000000000000000e+00 0.000000000000000000e+00
-4.827565848827362061e-01 7.060358524322509766e-01 1.000000000000000000e+00 0.000000000000000000e+00 0.000000000000000000e+00
-6.171512231230735779e-02 1.159332156181335449e+00 1.000000000000000000e+00 0.000000000000000000e+00 0.000000000000000000e+00
-7.616420835256576538e-02 3.286549150943756104e-01 0.000000000000000000e+00 1.000000000000000000e+00 0.000000000000000000e+00
1.738555669784545898e+00 -2.765272617340087891e+00 1.000000000000000000e+00 0.000000000000000000e+00 0.000000000000000000e+00
9.217142462730407715e-01 -1.479479819536209106e-01 1.000000000000000000e+00 0.000000000000000000e+00 0.000000000000000000e+00
3.365484476089477539e-01 9.843654930591583252e-02 1.000000000000000000e+00 0.000000000000000000e+00 0.000000000000000000e+00
1.722908318042755127e-01 2.554276585578918457e-01 1.000000000000000000e+00 0.000000000000000000e+00 0.000000000000000000e+00
1.019777581095695496e-01 8.153522014617919922e-01 1.000000000000000000e+00 0.000000000000000000e+00 0.000000000000000000e+00
-1.043936535716056824e-01 1.873413562774658203e+00 1.000000000000000000e+00 0.000000000000000000e+00 0.000000000000000000e+00
-8.127845823764801025e-02 2.860971093177795410e-01 1.000000000000000000e+00 0.000000000000000000e+00 0.000000000000000000e+00
-1.218106299638748169e-01 1.224318891763687134e-01 1.000000000000000000e+00 0.000000000000000000e+00 0.000000000000000000e+00
-1.990449875593185425e-01 3.914487361907958984e-02 1.000000000000000000e+00 0.000000000000000000e+00 0.000000000000000000e+00
-3.574771285057067871e-01 -9.675298631191253662e-02 0.000000000000000000e+00 1.000000000000000000e+00 0.000000000000000000e+00
-8.789521455764770508e-01 -2.321493148803710938e+00 1.000000000000000000e+00 0.000000000000000000e+00 0.000000000000000000e+00
-7.222770452499389648e-01 7.988404035568237305e-01 1.000000000000000000e+00 0.000000000000000000e+00 0.000000000000000000e+00
-3.396037817001342773e-01 2.522233128547668457e-01 1.000000000000000000e+00 0.000000000000000000e+00 0.000000000000000000e+00
-2.804457247257232666e-01 1.000028625130653381e-01 1.000000000000000000e+00 0.000000000000000000e+00 0.000000000000000000e+00
-6.517766416072845459e-02 -5.106266587972640991e-02 1.000000000000000000e+00 0.000000000000000000e+00 0.000000000000000000e+00
8.301983773708343506e-02 -1.204697117209434509e-01 1.000000000000000000e+00 0.000000000000000000e+00 0.000000000000000000e+00
2.690526545047760010e-01 -1.104579865932464600e-01 1.000000000000000000e+00 0.000000000000000000e+00 0.000000000000000000e+00
2.381281405687332153e-01 3.799991309642791748e-02 1.000000000000000000e+00 0.000000000000000000e+00 0.000000000000000000e+00
7.849694043397903442e-02 9.578157961368560791e-02 1.000000000000000000e+00 0.000000000000000000e+00 0.000000000000000000e+00
-1.649275049567222595e-02 3.475364446640014648e-01 1.000000000000000000e+00 0.000000000000000000e+00 0.000000000000000000e+00
-7.133305817842483521e-02 1.642720699310302734e-01 0.000000000000000000e+00 1.000000000000000000e+00 0.000000000000000000e+00
5.495451688766479492e-01 -8.607902526855468750e-01 1.000000000000000000e+00 0.000000000000000000e+00 0.000000000000000000e+00
8.604433536529541016e-01 -1.913364082574844360e-01 1.000000000000000000e+00 0.000000000000000000e+00 0.000000000000000000e+00
2.822343707084655762e-01 -1.586445271968841553e-01 1.000000000000000000e+00 0.000000000000000000e+00 0.000000000000000000e+00
2.926830574870109558e-02 -1.126858666539192200e-01 0.000000000000000000e+00 1.000000000000000000e+00 0.000000000000000000e+00
-6.012313365936279297e-01 -2.027769982814788818e-01 1.000000000000000000e+00 0.000000000000000000e+00 0.000000000000000000e+00
-5.238658934831619263e-02 8.519975841045379639e-02 1.000000000000000000e+00 0.000000000000000000e+00 0.000000000000000000e+00
1.507215499877929688e-01 7.376540303230285645e-01 1.000000000000000000e+00 0.000000000000000000e+00 0.000000000000000000e+00
2.736095190048217773e-01 5.895069837570190430e-01 1.000000000000000000e+00 0.000000000000000000e+00 0.000000000000000000e+00
2.603248357772827148e-01 2.528318762779235840e-01 1.000000000000000000e+00 0.000000000000000000e+00 0.000000000000000000e+00
1.637022048234939575e-01 3.816325217485427856e-02 1.000000000000000000e+00 0.000000000000000000e+00 0.000000000000000000e+00
1.096893101930618286e-01 -1.003387644886970520e-01 1.000000000000000000e+00 0.000000000000000000e+00 0.000000000000000000e+00
2.982504852116107941e-02 -2.267909049987792969e-01 1.000000000000000000e+00 0.000000000000000000e+00 0.000000000000000000e+00
-8.493918180465698242e-02 -2.352083623409271240e-01 1.000000000000000000e+00 0.000000000000000000e+00 0.000000000000000000e+00
-2.109158784151077271e-01 -1.235127523541450500e-01 1.000000000000000000e+00 0.000000000000000000e+00 0.000000000000000000e+00
-3.093777298927307129e-01 2.832054346799850464e-02 1.000000000000000000e+00 0.000000000000000000e+00 0.000000000000000000e+00
-9.069082736968994141e-01 5.904455780982971191e-01 1.000000000000000000e+00 0.000000000000000000e+00 0.000000000000000000e+00
-3.063454031944274902e-01 1.237592101097106934e-02 0.000000000000000000e+00 1.000000000000000000e+00 0.000000000000000000e+00
1.333770990371704102e+00 -1.856226444244384766e+00 1.000000000000000000e+00 0.000000000000000000e+00 0.000000000000000000e+00
1.583713740110397339e-01 6.671044975519180298e-02 1.000000000000000000e+00 0.000000000000000000e+00 0.000000000000000000e+00
1.179613992571830750e-01 2.616504430770874023e-01 0.000000000000000000e+00 1.000000000000000000e+00 0.000000000000000000e+00
-1.480801582336425781e+00 -1.393805146217346191e-01 0.000000000000000000e+00 0.000000000000000000e+00 1.000000000000000000e+00
-6.626487970352172852e-01 -1.462290287017822266e-01 0.000000000000000000e+00 0.000000000000000000e+00 1.000000000000000000e+00
-1.265286087989807129e+00 -4.340880513191223145e-01 0.000000000000000000e+00 0.000000000000000000e+00 1.000000000000000000e+00
-9.522517919540405273e-01 -2.003864049911499023e-01 0.000000000000000000e+00 0.000000000000000000e+00 1.000000000000000000e+00
-1.070592164993286133e+00 -3.240961432456970215e-01 0.000000000000000000e+00 0.000000000000000000e+00 1.000000000000000000e+00
-9.928964376449584961e-01 -2.333695292472839355e-01 0.000000000000000000e+00 0.000000000000000000e+00 1.000000000000000000e+00
-1.004261374473571777e+00 -2.966938614845275879e-01 0.000000000000000000e+00 0.000000000000000000e+00 1.000000000000000000e+00
-9.766548871994018555e-01 -2.990261912345886230e-01 0.000000000000000000e+00 0.000000000000000000e+00 1.000000000000000000e+00
-9.683387279510498047e-01 -3.151817917823791504e-01 0.000000000000000000e+00 0.000000000000000000e+00 1.000000000000000000e+00
-9.491816759109497070e-01 -3.259044289588928223e-01 0.000000000000000000e+00 0.000000000000000000e+00 1.000000000000000000e+00
-9.337317943572998047e-01 -3.425343632698059082e-01 0.000000000000000000e+00 0.000000000000000000e+00 1.000000000000000000e+00
-9.227939844131469727e-01 -3.426912426948547363e-01 0.000000000000000000e+00 0.000000000000000000e+00 1.000000000000000000e+00
-9.152822494506835938e-01 -3.453877568244934082e-01 0.000000000000000000e+00 0.000000000000000000e+00 1.000000000000000000e+00
-9.041945934295654297e-01 -3.440793156623840332e-01 0.000000000000000000e+00 0.000000000000000000e+00 1.000000000000000000e+00
-8.954204320907592773e-01 -3.414788842201232910e-01 0.000000000000000000e+00 0.000000000000000000e+00 1.000000000000000000e+00
-8.891235589981079102e-01 -3.310353159904479980e-01 0.000000000000000000e+00 0.000000000000000000e+00 1.000000000000000000e+00
-8.847036361694335938e-01 -3.239238858222961426e-01 0.000000000000000000e+00 0.000000000000000000e+00 1.000000000000000000e+00
-8.829734325408935547e-01 -3.178165555000305176e-01 0.000000000000000000e+00 0.000000000000000000e+00 1.000000000000000000e+00
-8.820371627807617188e-01 -3.121382594108581543e-01 0.000000000000000000e+00 0.000000000000000000e+00 1.000000000000000000e+00
-8.791337013244628906e-01 -3.073703050613403320e-01 0.000000000000000000e+00 0.000000000000000000e+00 1.000000000000000000e+00
-8.743666410446166992e-01 -3.014206290245056152e-01 0.000000000000000000e+00 0.000000000000000000e+00 1.000000000000000000e+00
-8.668621778488159180e-01 -2.946129441261291504e-01 0.000000000000000000e+00 0.000000000000000000e+00 1.000000000000000000e+00
-8.593766689300537109e-01 -2.866772413253784180e-01 0.000000000000000000e+00 0.000000000000000000e+00 1.000000000000000000e+00
-8.568115234375000000e-01 -2.786310315132141113e-01 0.000000000000000000e+00 0.000000000000000000e+00 1.000000000000000000e+00
-8.597646951675415039e-01 -2.719666361808776855e-01 0.000000000000000000e+00 0.000000000000000000e+00 1.000000000000000000e+00
-8.618932962417602539e-01 -2.691941261291503906e-01 0.000000000000000000e+00 0.000000000000000000e+00 1.000000000000000000e+00
-8.605647087097167969e-01 -2.695935368537902832e-01 0.000000000000000000e+00 0.000000000000000000e+00 1.000000000000000000e+00
-8.555129766464233398e-01 -2.698793411254882812e-01 0.000000000000000000e+00 0.000000000000000000e+00 1.000000000000000000e+00
-8.471481800079345703e-01 -2.678210735321044922e-01 0.000000000000000000e+00 0.000000000000000000e+00 1.000000000000000000e+00
-8.372652530670166016e-01 -2.633460760116577148e-01 0.000000000000000000e+00 0.000000000000000000e+00 1.000000000000000000e+00
-8.311760425567626953e-01 -2.584287524223327637e-01 0.000000000000000000e+00 0.000000000000000000e+00 1.000000000000000000e+00
0.000000000000000000e+00 0.000000000000000000e+00 0.000000000000000000e+00 0.000000000000000000e+00 0.000000000000000000e+00
0.000000000000000000e+00 0.000000000000000000e+00 0.000000000000000000e+00 0.000000000000000000e+00 0.000000000000000000e+00
0.000000000000000000e+00 0.000000000000000000e+00 0.000000000000000000e+00 0.000000000000000000e+00 0.000000000000000000e+00
0.000000000000000000e+00 0.000000000000000000e+00 0.000000000000000000e+00 0.000000000000000000e+00 0.000000000000000000e+00
0.000000000000000000e+00 0.000000000000000000e+00 0.000000000000000000e+00 0.000000000000000000e+00 0.000000000000000000e+00
0.000000000000000000e+00 0.000000000000000000e+00 0.000000000000000000e+00 0.000000000000000000e+00 0.000000000000000000e+00
0.000000000000000000e+00 0.000000000000000000e+00 0.000000000000000000e+00 0.000000000000000000e+00 0.000000000000000000e+00
0.000000000000000000e+00 0.000000000000000000e+00 0.000000000000000000e+00 0.000000000000000000e+00 0.000000000000000000e+00
0.000000000000000000e+00 0.000000000000000000e+00 0.000000000000000000e+00 0.000000000000000000e+00 0.000000000000000000e+00
0.000000000000000000e+00 0.000000000000000000e+00 0.000000000000000000e+00 0.000000000000000000e+00 0.000000000000000000e+00
0.000000000000000000e+00 0.000000000000000000e+00 0.000000000000000000e+00 0.000000000000000000e+00 0.000000000000000000e+00
0.000000000000000000e+00 0.000000000000000000e+00 0.000000000000000000e+00 0.000000000000000000e+00 0.000000000000000000e+00
0.000000000000000000e+00 0.000000000000000000e+00 0.000000000000000000e+00 0.000000000000000000e+00 0.000000000000000000e+00
0.000000000000000000e+00 0.000000000000000000e+00 0.000000000000000000e+00 0.000000000000000000e+00 0.000000000000000000e+00
0.000000000000000000e+00 0.000000000000000000e+00 0.000000000000000000e+00 0.000000000000000000e+00 0.000000000000000000e+00
0.000000000000000000e+00 0.000000000000000000e+00 0.000000000000000000e+00 0.000000000000000000e+00 0.000000000000000000e+00
0.000000000000000000e+00 0.000000000000000000e+00 0.000000000000000000e+00 0.000000000000000000e+00 0.000000000000000000e+00
0.000000000000000000e+00 0.000000000000000000e+00 0.000000000000000000e+00 0.000000000000000000e+00 0.000000000000000000e+00
0.000000000000000000e+00 0.000000000000000000e+00 0.000000000000000000e+00 0.000000000000000000e+00 0.000000000000000000e+00
0.000000000000000000e+00 0.000000000000000000e+00 0.000000000000000000e+00 0.000000000000000000e+00 0.000000000000000000e+00
0.000000000000000000e+00 0.000000000000000000e+00 0.000000000000000000e+00 0.000000000000000000e+00 0.000000000000000000e+00
0.000000000000000000e+00 0.000000000000000000e+00 0.000000000000000000e+00 0.000000000000000000e+00 0.000000000000000000e+00
0.000000000000000000e+00 0.000000000000000000e+00 0.000000000000000000e+00 0.000000000000000000e+00 0.000000000000000000e+00
0.000000000000000000e+00 0.000000000000000000e+00 0.000000000000000000e+00 0.000000000000000000e+00 0.000000000000000000e+00
0.000000000000000000e+00 0.000000000000000000e+00 0.000000000000000000e+00 0.000000000000000000e+00 0.000000000000000000e+00
0.000000000000000000e+00 0.000000000000000000e+00 0.000000000000000000e+00 0.000000000000000000e+00 0.000000000000000000e+00
0.000000000000000000e+00 0.000000000000000000e+00 0.000000000000000000e+00 0.000000000000000000e+00 0.000000000000000000e+00
0.000000000000000000e+00 0.000000000000000000e+00 0.000000000000000000e+00 0.000000000000000000e+00 0.000000000000000000e+00
0.000000000000000000e+00 0.000000000000000000e+00 0.000000000000000000e+00 0.000000000000000000e+00 0.000000000000000000e+00
0.000000000000000000e+00 0.000000000000000000e+00 0.000000000000000000e+00 0.000000000000000000e+00 0.000000000000000000e+00
0.000000000000000000e+00 0.000000000000000000e+00 0.000000000000000000e+00 0.000000000000000000e+00 0.000000000000000000e+00
0.000000000000000000e+00 0.000000000000000000e+00 0.000000000000000000e+00 0.000000000000000000e+00 0.000000000000000000e+00
0.000000000000000000e+00 0.000000000000000000e+00 0.000000000000000000e+00 0.000000000000000000e+00 0.000000000000000000e+00
0.000000000000000000e+00 0.000000000000000000e+00 0.000000000000000000e+00 0.000000000000000000e+00 0.000000000000000000e+00
0.000000000000000000e+00 0.000000000000000000e+00 0.000000000000000000e+00 0.000000000000000000e+00 0.000000000000000000e+00
0.000000000000000000e+00 0.000000000000000000e+00 0.000000000000000000e+00 0.000000000000000000e+00 0.000000000000000000e+00
0.000000000000000000e+00 0.000000000000000000e+00 0.000000000000000000e+00 0.000000000000000000e+00 0.000000000000000000e+00
0.000000000000000000e+00 0.000000000000000000e+00 0.000000000000000000e+00 0.000000000000000000e+00 0.000000000000000000e+00
0.000000000000000000e+00 0.000000000000000000e+00 0.000000000000000000e+00 0.000000000000000000e+00 0.000000000000000000e+00
0.000000000000000000e+00 0.000000000000000000e+00 0.000000000000000000e+00 0.000000000000000000e+00 0.000000000000000000e+00
0.000000000000000000e+00 0.000000000000000000e+00 0.000000000000000000e+00 0.000000000000000000e+00 0.000000000000000000e+00
0.000000000000000000e+00 0.000000000000000000e+00 0.000000000000000000e+00 0.000000000000000000e+00 0.000000000000000000e+00
0.000000000000000000e+00 0.000000000000000000e+00 0.000000000000000000e+00 0.000000000000000000e+00 0.000000000000000000e+00
