0.000000000000000000e+00 0.000000000000000000e+00 1.000000000000000000e+00 0.000000000000000000e+00 0.000000000000000000e+00
1.605349183082580566e-01 8.434161543846130371e-02 1.000000000000000000e+00 0.000000000000000000e+00 0.000000000000000000e+00
3.500080108642578125e-02 1.453191936016082764e-01 0.000000000000000000e+00 1.000000000000000000e+00 0.000000000000000000e+00
-5.159105658531188965e-01 7.629022598266601562e-01 1.000000000000000000e+00 0.000000000000000000e+00 0.000000000000000000e+00
-5.334056913852691650e-02 1.249193668365478516e+00 1.000000000000000000e+00 0.000000000000000000e+00 0.000000000000000000e+00
-8.012160658836364746e-02 3.792728781700134277e-01 0.000000000000000000e+00 1.000000000000000000e+00 0.000000000000000000e+00
1.899314880371093750e+00 -3.083952426910400391e+00 1.000000000000000000e+00 0.000000000000000000e+00 0.000000000000000000e+00
9.572400450706481934e-01 -1.560488790273666382e-01 1.000000000000000000e+00 0.000000000000000000e+00 0.000000000000000000e+00
3.509463071823120117e-01 1.003891378641128540e-01 1.000000000000000000e+00 0.000000000000000000e+00 0.000000000000000000e+00
1.792313009500503540e-01 2.633954882621765137e-01 1.000000000000000000e+00 0.000000000000000000e+00 0.000000000000000000e+00
1.157639846205711365e-01 8.605179786682128906e-01 1.000000000000000000e+00 0.000000000000000000e+00 0.000000000000000000e+00
-9.849795699119567871e-02 2.081834077835083008e+00 1.000000000000000000e+00 0.000000000000000000e+00 0.000000000000000000e+00
-8.085170388221740723e-02 3.037732839584350586e-01 1.000000000000000000e+00 0.000000000000000000e+00 0.000000000000000000e+00
-1.211189776659011841e-01 1.311642229557037354e-01 1.000000000000000000e+00 0.000000000000000000e+00 0.000000000000000000e+00
-1.851565986871719360e-01 4.200613871216773987e-02 1.000000000000000000e+00 0.000000000000000000e+00 0.000000000000000000e+00
-3.377715945243835449e-01 -9.625934064388275146e-02 0.000000000000000000e+00 1.000000000000000000e+00 0.000000000000000000e+00
-9.785102605819702148e-01 -2.712779760360717773e+00 1.000000000000000000e+00 0.000000000000000000e+00 0.000000000000000000e+00
-7.005336880683898926e-02 2.573367953300476074e-02 1.000000000000000000e+00 0.000000000000000000e+00 0.000000000000000000e+00
5.669363960623741150e-02 3.412735760211944580e-01 0.000000000000000000e+00 1.000000000000000000e+00 0.000000000000000000e+00
-3.546273708343505859e-01 1.927929073572158813e-01 1.000000000000000000e+00 0.000000000000000000e+00 0.000000000000000000e+00
7.345423698425292969e-01 -1.115333288908004761e-01 1.000000000000000000e+00 0.000000000000000000e+00 0.000000000000000000e+00
2.618114352226257324e-01 6.078078970313072205e-02 1.000000000000000000e+00 0.000000000000000000e+00 0.000000000000000000e+00
-2.089219689369201660e-01 6.578456759452819824e-01 1.000000000000000000e+00 0.000000000000000000e+00 0.000000000000000000e+00
-1.236033290624618530e-01 1.583642512559890747e-01 0.000000000000000000e+00 1.000000000000000000e+00 0.000000000000000000e+00
-4.520913660526275635e-01 -3.312916159629821777e-01 1.000000000000000000e+00 0.000000000000000000e+00 0.000000000000000000e+00
3.197245597839355469e-01 -2.583186328411102295e-02 1.000000000000000000e+00 0.000000000000000000e+00 0.000000000000000000e+00
-4.080917686223983765e-02 5.298464000225067139e-02 0.000000000000000000e+00 1.000000000000000000e+00 0.000000000000000000e+00
-2.650521397590637207e-01 2.725472450256347656e-01 1.000000000000000000e+00 0.000000000000000000e+00 0.000000000000000000e+00
3.165994286537170410e-01 -1.135420501232147217e-01 1.000000000000000000e+00 0.000000000000000000e+00 0.000000000000000000e+00
7.642078399658203125e-02 -9.695059061050415039e-02 0.000000000000000000e+00 1.000000000000000000e+00 0.000000000000000000e+00
-5.331460237503051758e-01 -1.627338826656341553e-01 1.000000000000000000e+00 0.000000000000000000e+00 0.000000000000000000e+00
-1.149491593241691589e-01 9.704137444496154785e-01 1.000000000000000000e+00 0.000000000000000000e+00 0.000000000000000000e+00
8.242423832416534424e-02 3.192583918571472168e-01 1.000000000000000000e+00 0.000000000000000000e+00 0.000000000000000000e+00
8.996950089931488037e-02 1.980365067720413208e-02 1.000000000000000000e+00 0.000000000000000000e+00 0.000000000000000000e+00
1.473335027694702148e-01 -1.094800978899002075e-01 1.000000000000000000e+00 0.000000000000000000e+00 0.000000000000000000e+00
4.121908247470855713e-01 -5.619447827339172363e-01 1.000000000000000000e+00 0.000000000000000000e+00 0.000000000000000000e+00
3.024272620677947998e-01 3.245214223861694336e-01 1.000000000000000000e+00 0.000000000000000000e+00 0.000000000000000000e+00
2.992302477359771729e-01 1.367918550968170166e-01 0.000000000000000000e+00 1.000000000000000000e+00 0.000000000000000000e+00
9.608298540115356445e-02 -6.763840913772583008e-01 0.000000000000000000e+00 0.000000000000000000e+00 1.000000000000000000e+00
-1.754019379615783691e+00 -5.160648226737976074e-01 0.000000000000000000e+00 0.000000000000000000e+00 1.000000000000000000e+00
-8.874644041061401367e-01 -4.550796747207641602e-02 0.000000000000000000e+00 0.000000000000000000e+00 1.000000000000000000e+00
-1.194096565246582031e+00 -4.622336030006408691e-01 0.000000000000000000e+00 0.000000000000000000e+00 1.000000000000000000e+00
-9.789955615997314453e-01 -2.923469543457031250e-01 0.000000000000000000e+00 0.000000000000000000e+00 1.000000000000000000e+00
-1.023115396499633789e+00 -3.694651722908020020e-01 0.000000000000000000e+00 0.000000000000000000e+00 1.000000000000000000e+00
-9.815156459808349609e-01 -3.253238797187805176e-01 0.000000000000000000e+00 0.000000000000000000e+00 1.000000000000000000e+00
-9.754627943038940430e-01 -3.151732087135314941e-01 0.000000000000000000e+00 0.000000000000000000e+00 1.000000000000000000e+00
-9.580799341201782227e-01 -3.000432848930358887e-01 0.000000000000000000e+00 0.000000000000000000e+00 1.000000000000000000e+00
-9.480249881744384766e-01 -2.953512668609619141e-01 0.000000000000000000e+00 0.000000000000000000e+00 1.000000000000000000e+00
-9.379179477691650391e-01 -2.831904292106628418e-01 0.000000000000000000e+00 0.000000000000000000e+00 1.000000000000000000e+00
-9.313750267028808594e-01 -2.713040709495544434e-01 0.000000000000000000e+00 0.000000000000000000e+00 1.000000000000000000e+00
-9.269015789031982422e-01 -2.566860914230346680e-01 0.000000000000000000e+00 0.000000000000000000e+00 1.000000000000000000e+00
-9.257000684738159180e-01 -2.466350197792053223e-01 0.000000000000000000e+00 0.000000000000000000e+00 1.000000000000000000e+00
-9.242360591888427734e-01 -2.425644397735595703e-01 0.000000000000000000e+00 0.000000000000000000e+00 1.000000000000000000e+00
-9.219633340835571289e-01 -2.449693083763122559e-01 0.000000000000000000e+00 0.000000000000000000e+00 1.000000000000000000e+00
-9.178929328918457031e-01 -2.474846243858337402e-01 0.000000000000000000e+00 0.000000000000000000e+00 1.000000000000000000e+00
-9.113001823425292969e-01 -2.470769286155700684e-01 0.000000000000000000e+00 0.000000000000000000e+00 1.000000000000000000e+00
-9.022597074508666992e-01 -2.470993399620056152e-01 0.000000000000000000e+00 0.000000000000000000e+00 1.000000000000000000e+00
-8.930308818817138672e-01 -2.452525496482849121e-01 0.000000000000000000e+00 0.000000000000000000e+00 1.000000000000000000e+00
-8.835659027099609375e-01 -2.436977624893188477e-01 0.000000000000000000e+00 0.000000000000000000e+00 1.000000000000000000e+00
-8.763861656188964844e-01 -2.433919310569763184e-01 0.000000000000000000e+00 0.000000000000000000e+00 1.000000000000000000e+00
-8.693789243698120117e-01 -2.438953518867492676e-01 0.000000000000000000e+00 0.000000000000000000e+00 1.000000000000000000e+00
-8.610386848449707031e-01 -2.444326877593994141e-01 0.000000000000000000e+00 0.000000000000000000e+00 1.000000000000000000e+00
-8.523851633071899414e-01 -2.438581585884094238e-01 0.000000000000000000e+00 0.000000000000000000e+00 1.000000000000000000e+00
-8.465354442596435547e-01 -2.410970330238342285e-01 0.000000000000000000e+00 0.000000000000000000e+00 1.000000000000000000e+00
-8.439370393753051758e-01 -2.400724291801452637e-01 0.000000000000000000e+00 0.000000000000000000e+00 1.000000000000000000e+00
-8.442358970642089844e-01 -2.388641238212585449e-01 0.000000000000000000e+00 0.000000000000000000e+00 1.000000000000000000e+00
-8.422795534133911133e-01 -2.393795847892761230e-01 0.000000000000000000e+00 0.000000000000000000e+00 1.000000000000000000e+00
-8.356829881668090820e-01 -2.414476275444030762e-01 0.000000000000000000e+00 0.000000000000000000e+00 1.000000000000000000e+00
-8.262501955032348633e-01 -2.412603497505187988e-01 0.000000000000000000e+00 0.000000000000000000e+00 1.000000000000000000e+00
-8.166339397430419922e-01 -2.375384569168090820e-01 0.000000000000000000e+00 0.000000000000000000e+00 1.000000000000000000e+00
-8.128314018249511719e-01 -2.332178950309753418e-01 0.000000000000000000e+00 0.000000000000000000e+00 1.000000000000000000e+00
-8.165111541748046875e-01 -2.295822501182556152e-01 0.000000000000000000e+00 0.000000000000000000e+00 1.000000000000000000e+00
0.000000000000000000e+00 0.000000000000000000e+00 0.000000000000000000e+00 0.000000000000000000e+00 0.000000000000000000e+00
0.000000000000000000e+00 0.000000000000000000e+00 0.000000000000000000e+00 0.000000000000000000e+00 0.000000000000000000e+00
0.000000000000000000e+00 0.000000000000000000e+00 0.000000000000000000e+00 0.000000000000000000e+00 0.000000000000000000e+00
0.000000000000000000e+00 0.000000000000000000e+00 0.000000000000000000e+00 0.000000000000000000e+00 0.000000000000000000e+00
0.000000000000000000e+00 0.000000000000000000e+00 0.000000000000000000e+00 0.000000000000000000e+00 0.000000000000000000e+00
0.000000000000000000e+00 0.000000000000000000e+00 0.000000000000000000e+00 0.000000000000000000e+00 0.000000000000000000e+00
0.000000000000000000e+00 0.000000000000000000e+00 0.000000000000000000e+00 0.000000000000000000e+00 0.000000000000000000e+00
0.000000000000000000e+00 0.000000000000000000e+00 0.000000000000000000e+00 0.000000000000000000e+00 0.000000000000000000e+00
0.000000000000000000e+00 0.000000000000000000e+00 0.000000000000000000e+00 0.000000000000000000e+00 0.000000000000000000e+00
0.000000000000000000e+00 0.000000000000000000e+00 0.000000000000000000e+00 0.000000000000000000e+00 0.000000000000000000e+00
0.000000000000000000e+00 0.000000000000000000e+00 0.000000000000000000e+00 0.000000000000000000e+00 0.000000000000000000e+00
0.000000000000000000e+00 0.000000000000000000e+00 0.000000000000000000e+00 0.000000000000000000e+00 0.000000000000000000e+00
0.000000000000000000e+00 0.000000000000000000e+00 0.000000000000000000e+00 0.000000000000000000e+00 0.000000000000000000e+00
0.000000000000000000e+00 0.000000000000000000e+00 0.000000000000000000e+00 0.000000000000000000e+00 0.000000000000000000e+00
0.000000000000000000e+00 0.000000000000000000e+00 0.000000000000000000e+00 0.000000000000000000e+00 0.000000000000000000e+00
0.000000000000000000e+00 0.000000000000000000e+00 0.000000000000000000e+00 0.000000000000000000e+00 0.000000000000000000e+00
0.000000000000000000e+00 0.000000000000000000e+00 0.000000000000000000e+00 0.000000000000000000e+00 0.000000000000000000e+00
0.000000000000000000e+00 0.000000000000000000e+00 0.000000000000000000e+00 0.000000000000000000e+00 0.000000000000000000e+00
0.000000000000000000e+00 0.000000000000000000e+00 0.000000000000000000e+00 0.000000000000000000e+00 0.000000000000000000e+00
0.000000000000000000e+00 0.000000000000000000e+00 0.000000000000000000e+00 0.000000000000000000e+00 0.000000000000000000e+00
0.000000000000000000e+00 0.000000000000000000e+00 0.000000000000000000e+00 0.000000000000000000e+00 0.000000000000000000e+00
0.000000000000000000e+00 0.000000000000000000e+00 0.000000000000000000e+00 0.000000000000000000e+00 0.000000000000000000e+00
0.000000000000000000e+00 0.000000000000000000e+00 0.000000000000000000e+00 0.000000000000000000e+00 0.000000000000000000e+00
0.000000000000000000e+00 0.000000000000000000e+00 0.000000000000000000e+00 0.000000000000000000e+00 0.000000000000000000e+00
0.000000000000000000e+00 0.000000000000000000e+00 0.000000000000000000e+00 0.000000000000000000e+00 0.000000000000000000e+00
0.000000000000000000e+00 0.000000000000000000e+00 0.000000000000000000e+00 0.000000000000000000e+00 0.000000000000000000e+00
0.000000000000000000e+00 0.000000000000000000e+00 0.000000000000000000e+00 0.000000000000000000e+00 0.000000000000000000e+00
0.000000000000000000e+00 0.000000000000000000e+00 0.000000000000000000e+00 0.000000000000000000e+00 0.000000000000000000e+00
0.000000000000000000e+00 0.000000000000000000e+00 0.000000000000000000e+00 0.000000000000000000e+00 0.000000000000000000e+00
0.000000000000000000e+00 0.000000000000000000e+00 0.000000000000000000e+00 0.000000000000000000e+00 0.000000000000000000e+00
0.000000000000000000e+00 0.000000000000000000e+00 0.000000000000000000e+00 0.000000000000000000e+00 0.000000000000000000e+00
0.000000000000000000e+00 0.000000000000000000e+00 0.000000000000000000e+00 0.000000000000000000e+00 0.000000000000000000e+00
0.000000000000000000e+00 0.000000000000000000e+00 0.000000000000000000e+00 0.000000000000000000e+00 0.000000000000000000e+00
0.000000000000000000e+00 0.000000000000000000e+00 0.000000000000000000e+00 0.000000000000000000e+00 0.000000000000000000e+00
0.000000000000000000e+00 0.000000000000000000e+00 0.000000000000000000e+00 0.000000000000000000e+00 0.000000000000000000e+00
0.000000000000000000e+00 0.000000000000000000e+00 0.000000000000000000e+00 0.000000000000000000e+00 0.000000000000000000e+00
0.000000000000000000e+00 0.000000000000000000e+00 0.000000000000000000e+00 0.000000000000000000e+00 0.000000000000000000e+00
0.000000000000000000e+00 0.000000000000000000e+00 0.000000000000000000e+00 0.000000000000000000e+00 0.000000000000000000e+00
0.000000000000000000e+00 0.000000000000000000e+00 0.000000000000000000e+00 0.000000000000000000e+00 0.000000000000000000e+00
0.000000000000000000e+00 0.000000000000000000e+00 0.000000000000000000e+00 0.000000000000000000e+00 0.000000000000000000e+00
0.000000000000000000e+00 0.000000000000000000e+00 0.000000000000000000e+00 0.000000000000000000e+00 0.000000000000000000e+00
0.000000000000000000e+00 0.000000000000000000e+00 0.000000000000000000e+00 0.000000000000000000e+00 0.000000000000000000e+00
0.000000000000000000e+00 0.000000000000000000e+00 0.000000000000000000e+00 0.000000000000000000e+00 0.000000000000000000e+00
0.000000000000000000e+00 0.000000000000000000e+00 0.000000000000000000e+00 0.000000000000000000e+00 0.000000000000000000e+00
0.000000000000000000e+00 0.000000000000000000e+00 0.000000000000000000e+00 0.000000000000000000e+00 0.000000000000000000e+00
0.000000000000000000e+00 0.000000000000000000e+00 0.000000000000000000e+00 0.000000000000000000e+00 0.000000000000000000e+00
0.000000000000000000e+00 0.000000000000000000e+00 0.000000000000000000e+00 0.000000000000000000e+00 0.000000000000000000e+00
0.000000000000000000e+00 0.000000000000000000e+00 0.000000000000000000e+00 0.000000000000000000e+00 0.000000000000000000e+00
0.000000000000000000e+00 0.000000000000000000e+00 0.000000000000000000e+00 0.000000000000000000e+00 0.000000000000000000e+00
