0.000000000000000000e+00 0.000000000000000000e+00 1.000000000000000000e+00 0.000000000000000000e+00 0.000000000000000000e+00
8.233681321144104004e-01 -1.066004931926727295e-01 1.000000000000000000e+00 0.000000000000000000e+00 0.000000000000000000e+00
2.673724889755249023e-01 9.980097413063049316e-02 1.000000000000000000e+00 0.000000000000000000e+00 0.000000000000000000e+00
-4.936243891716003418e-01 6.935702562332153320e-01 1.000000000000000000e+00 0.000000000000000000e+00 0.000000000000000000e+00
3.902416229248046875e-01 5.133887529373168945e-01 1.000000000000000000e+00 0.000000000000000000e+00 0.000000000000000000e+00
-2.144307270646095276e-02 3.483368754386901855e-01 1.000000000000000000e+00 0.000000000000000000e+00 0.000000000000000000e+00
-2.166009545326232910e-01 1.925911605358123779e-01 1.000000000000000000e+00 0.000000000000000000e+00 0.000000000000000000e+00
-3.048486113548278809e-01 1.165755093097686768e-03 1.000000000000000000e+00 0.000000000000000000e+00 0.000000000000000000e+00
-2.817123830318450928e-01 -1.672147363424301147e-01 1.000000000000000000e+00 0.000000000000000000e+00 0.000000000000000000e+00
-1.988987326622009277e-01 -3.125287890434265137e-01 1.000000000000000000e+00 0.000000000000000000e+00 0.000000000000000000e+00
-1.874874159693717957e-02 -3.775159716606140137e-01 1.000000000000000000e+00 0.000000000000000000e+00 0.000000000000000000e+00
1.372939050197601318e-01 -1.650425791740417480e-02 1.000000000000000000e+00 0.000000000000000000e+00 0.000000000000000000e+00
1.269569098949432373e-01 4.109585583209991455e-01 1.000000000000000000e+00 0.000000000000000000e+00 0.000000000000000000e+00
-8.546818047761917114e-02 1.615898370742797852e+00 1.000000000000000000e+00 0.000000000000000000e+00 0.000000000000000000e+00
4.962541908025741577e-02 2.839717864990234375e-01 0.000000000000000000e+00 1.000000000000000000e+00 0.000000000000000000e+00
1.553014874458312988e+00 -2.873324394226074219e+00 1.000000000000000000e+00 0.000000000000000000e+00 0.000000000000000000e+00
9.409857988357543945e-01 -2.686268091201782227e-01 1.000000000000000000e+00 0.000000000000000000e+00 0.000000000000000000e+00
3.781065940856933594e-01 -2.307925522327423096e-01 0.000000000000000000e+00 1.000000000000000000e+00 0.000000000000000000e+00
-4.754893183708190918e-01 -2.689039111137390137e-01 1.000000000000000000e+00 0.000000000000000000e+00 0.000000000000000000e+00
-7.757582664489746094e-01 1.357991218566894531e+00 1.000000000000000000e+00 0.000000000000000000e+00 0.000000000000000000e+00
-1.186818629503250122e-02 1.974713206291198730e-01 1.000000000000000000e+00 0.000000000000000000e+00 0.000000000000000000e+00
4.713900089263916016e-01 1.401759833097457886e-01 1.000000000000000000e+00 0.000000000000000000e+00 0.000000000000000000e+00
6.982463598251342773e-01 -1.454236954450607300e-01 1.000000000000000000e+00 0.000000000000000000e+00 0.000000000000000000e+00
1.316067129373550415e-01 -1.114359647035598755e-01 1.000000000000000000e+00 0.000000000000000000e+00 0.000000000000000000e+00
-2.020654454827308655e-02 -1.356771737337112427e-01 0.000000000000000000e+00 1.000000000000000000e+00 0.000000000000000000e+00
-4.317017793655395508e-01 -2.278065085411071777e-01 1.000000000000000000e+00 0.000000000000000000e+00 0.000000000000000000e+00
-1.590173542499542236e-01 1.739915132522583008e+00 1.000000000000000000e+00 0.000000000000000000e+00 0.000000000000000000e+00
-1.102035790681838989e-01 4.146366715431213379e-01 1.000000000000000000e+00 0.000000000000000000e+00 0.000000000000000000e+00
-1.681130826473236084e-01 2.432511746883392334e-01 0.000000000000000000e+00 1.000000000000000000e+00 0.000000000000000000e+00
-6.825518608093261719e-01 -9.318350553512573242e-01 1.000000000000000000e+00 0.000000000000000000e+00 0.000000000000000000e+00
1.182816982269287109e+00 -1.121084019541740417e-01 1.000000000000000000e+00 0.000000000000000000e+00 0.000000000000000000e+00
1.046006679534912109e+00 -2.891696691513061523e-01 0.000000000000000000e+00 1.000000000000000000e+00 0.000000000000000000e+00
-1.699619531631469727e+00 -2.213432312011718750e+00 0.000000000000000000e+00 0.000000000000000000e+00 1.000000000000000000e+00
-2.986518740653991699e-01 1.547116279602050781e+00 0.000000000000000000e+00 0.000000000000000000e+00 1.000000000000000000e+00
-1.186312198638916016e+00 2.619527280330657959e-01 0.000000000000000000e+00 0.000000000000000000e+00 1.000000000000000000e+00
-8.979108333587646484e-01 -1.812118887901306152e-01 0.000000000000000000e+00 0.000000000000000000e+00 1.000000000000000000e+00
-8.933535814285278320e-01 -1.890150308609008789e-01 0.000000000000000000e+00 0.000000000000000000e+00 1.000000000000000000e+00
-8.553688526153564453e-01 -2.145395874977111816e-01 0.000000000000000000e+00 0.000000000000000000e+00 1.000000000000000000e+00
-8.167741298675537109e-01 -2.329516410827636719e-01 0.000000000000000000e+00 0.000000000000000000e+00 1.000000000000000000e+00
-7.852042913436889648e-01 -2.493689656257629395e-01 0.000000000000000000e+00 0.000000000000000000e+00 1.000000000000000000e+00
-7.750893831253051758e-01 -2.493258118629455566e-01 0.000000000000000000e+00 0.000000000000000000e+00 1.000000000000000000e+00
-7.664864063262939453e-01 -2.520288825035095215e-01 0.000000000000000000e+00 0.000000000000000000e+00 1.000000000000000000e+00
-7.545697689056396484e-01 -2.545651793479919434e-01 0.000000000000000000e+00 0.000000000000000000e+00 1.000000000000000000e+00
-7.398065328598022461e-01 -2.560504674911499023e-01 0.000000000000000000e+00 0.000000000000000000e+00 1.000000000000000000e+00
-7.211073637008666992e-01 -2.631801366806030273e-01 0.000000000000000000e+00 0.000000000000000000e+00 1.000000000000000000e+00
-7.040241360664367676e-01 -2.738246321678161621e-01 0.000000000000000000e+00 0.000000000000000000e+00 1.000000000000000000e+00
-6.967391967773437500e-01 -2.831867933273315430e-01 0.000000000000000000e+00 0.000000000000000000e+00 1.000000000000000000e+00
-6.946188807487487793e-01 -2.882738113403320312e-01 0.000000000000000000e+00 0.000000000000000000e+00 1.000000000000000000e+00
-6.935650706291198730e-01 -2.857149243354797363e-01 0.000000000000000000e+00 0.000000000000000000e+00 1.000000000000000000e+00
-6.906927824020385742e-01 -2.820304036140441895e-01 0.000000000000000000e+00 0.000000000000000000e+00 1.000000000000000000e+00
-6.852794885635375977e-01 -2.801827192306518555e-01 0.000000000000000000e+00 0.000000000000000000e+00 1.000000000000000000e+00
-6.779704093933105469e-01 -2.792491912841796875e-01 0.000000000000000000e+00 0.000000000000000000e+00 1.000000000000000000e+00
-6.717436313629150391e-01 -2.791552543640136719e-01 0.000000000000000000e+00 0.000000000000000000e+00 1.000000000000000000e+00
-6.692491769790649414e-01 -2.818729877471923828e-01 0.000000000000000000e+00 0.000000000000000000e+00 1.000000000000000000e+00
-6.675187349319458008e-01 -2.827208638191223145e-01 0.000000000000000000e+00 0.000000000000000000e+00 1.000000000000000000e+00
-6.649474501609802246e-01 -2.821428775787353516e-01 0.000000000000000000e+00 0.000000000000000000e+00 1.000000000000000000e+00
-6.605725884437561035e-01 -2.835078835487365723e-01 0.000000000000000000e+00 0.000000000000000000e+00 1.000000000000000000e+00
-6.545280218124389648e-01 -2.855197787284851074e-01 0.000000000000000000e+00 0.000000000000000000e+00 1.000000000000000000e+00
-6.472249627113342285e-01 -2.882708311080932617e-01 0.000000000000000000e+00 0.000000000000000000e+00 1.000000000000000000e+00
-6.409999132156372070e-01 -2.901301980018615723e-01 0.000000000000000000e+00 0.000000000000000000e+00 1.000000000000000000e+00
-6.363614201545715332e-01 -2.889149188995361328e-01 0.000000000000000000e+00 0.000000000000000000e+00 1.000000000000000000e+00
-6.324581503868103027e-01 -2.830075621604919434e-01 0.000000000000000000e+00 0.000000000000000000e+00 1.000000000000000000e+00
-6.280872225761413574e-01 -2.758816480636596680e-01 0.000000000000000000e+00 0.000000000000000000e+00 1.000000000000000000e+00
-6.238421201705932617e-01 -2.707461714744567871e-01 0.000000000000000000e+00 0.000000000000000000e+00 1.000000000000000000e+00
-6.211339235305786133e-01 -2.692135572433471680e-01 0.000000000000000000e+00 0.000000000000000000e+00 1.000000000000000000e+00
-6.199280023574829102e-01 -2.709801793098449707e-01 0.000000000000000000e+00 0.000000000000000000e+00 1.000000000000000000e+00
-6.195415854454040527e-01 -2.734550833702087402e-01 0.000000000000000000e+00 0.000000000000000000e+00 1.000000000000000000e+00
-6.192035079002380371e-01 -2.729161381721496582e-01 0.000000000000000000e+00 0.000000000000000000e+00 1.000000000000000000e+00
-6.172995567321777344e-01 -2.689613699913024902e-01 0.000000000000000000e+00 0.000000000000000000e+00 1.000000000000000000e+00
-6.147382259368896484e-01 -2.632581591606140137e-01 0.000000000000000000e+00 0.000000000000000000e+00 1.000000000000000000e+00
-6.128741502761840820e-01 -2.597777247428894043e-01 0.000000000000000000e+00 0.000000000000000000e+00 1.000000000000000000e+00
-6.108398437500000000e-01 -2.624118924140930176e-01 0.000000000000000000e+00 0.000000000000000000e+00 1.000000000000000000e+00
-6.088368296623229980e-01 -2.678275108337402344e-01 0.000000000000000000e+00 0.000000000000000000e+00 1.000000000000000000e+00
0.000000000000000000e+00 0.000000000000000000e+00 0.000000000000000000e+00 0.000000000000000000e+00 0.000000000000000000e+00
0.000000000000000000e+00 0.000000000000000000e+00 0.000000000000000000e+00 0.000000000000000000e+00 0.000000000000000000e+00
0.000000000000000000e+00 0.000000000000000000e+00 0.000000000000000000e+00 0.000000000000000000e+00 0.000000000000000000e+00
0.000000000000000000e+00 0.000000000000000000e+00 0.000000000000000000e+00 0.000000000000000000e+00 0.000000000000000000e+00
0.000000000000000000e+00 0.000000000000000000e+00 0.000000000000000000e+00 0.000000000000000000e+00 0.000000000000000000e+00
0.000000000000000000e+00 0.000000000000000000e+00 0.000000000000000000e+00 0.000000000000000000e+00 0.000000000000000000e+00
0.000000000000000000e+00 0.000000000000000000e+00 0.000000000000000000e+00 0.000000000000000000e+00 0.000000000000000000e+00
0.000000000000000000e+00 0.000000000000000000e+00 0.000000000000000000e+00 0.000000000000000000e+00 0.000000000000000000e+00
0.000000000000000000e+00 0.000000000000000000e+00 0.000000000000000000e+00 0.000000000000000000e+00 0.000000000000000000e+00
0.000000000000000000e+00 0.000000000000000000e+00 0.000000000000000000e+00 0.000000000000000000e+00 0.000000000000000000e+00
0.000000000000000000e+00 0.000000000000000000e+00 0.000000000000000000e+00 0.000000000000000000e+00 0.000000000000000000e+00
0.000000000000000000e+00 0.000000000000000000e+00 0.000000000000000000e+00 0.000000000000000000e+00 0.000000000000000000e+00
0.000000000000000000e+00 0.000000000000000000e+00 0.000000000000000000e+00 0.000000000000000000e+00 0.000000000000000000e+00
0.000000000000000000e+00 0.000000000000000000e+00 0.000000000000000000e+00 0.000000000000000000e+00 0.000000000000000000e+00
0.000000000000000000e+00 0.000000000000000000e+00 0.000000000000000000e+00 0.000000000000000000e+00 0.000000000000000000e+00
0.000000000000000000e+00 0.000000000000000000e+00 0.000000000000000000e+00 0.000000000000000000e+00 0.000000000000000000e+00
0.000000000000000000e+00 0.000000000000000000e+00 0.000000000000000000e+00 0.000000000000000000e+00 0.000000000000000000e+00
0.000000000000000000e+00 0.000000000000000000e+00 0.000000000000000000e+00 0.000000000000000000e+00 0.000000000000000000e+00
0.000000000000000000e+00 0.000000000000000000e+00 0.000000000000000000e+00 0.000000000000000000e+00 0.000000000000000000e+00
0.000000000000000000e+00 0.000000000000000000e+00 0.000000000000000000e+00 0.000000000000000000e+00 0.000000000000000000e+00
0.000000000000000000e+00 0.000000000000000000e+00 0.000000000000000000e+00 0.000000000000000000e+00 0.000000000000000000e+00
0.000000000000000000e+00 0.000000000000000000e+00 0.000000000000000000e+00 0.000000000000000000e+00 0.000000000000000000e+00
0.000000000000000000e+00 0.000000000000000000e+00 0.000000000000000000e+00 0.000000000000000000e+00 0.000000000000000000e+00
0.000000000000000000e+00 0.000000000000000000e+00 0.000000000000000000e+00 0.000000000000000000e+00 0.000000000000000000e+00
0.000000000000000000e+00 0.000000000000000000e+00 0.000000000000000000e+00 0.000000000000000000e+00 0.000000000000000000e+00
0.000000000000000000e+00 0.000000000000000000e+00 0.000000000000000000e+00 0.000000000000000000e+00 0.000000000000000000e+00
0.000000000000000000e+00 0.000000000000000000e+00 0.000000000000000000e+00 0.000000000000000000e+00 0.000000000000000000e+00
0.000000000000000000e+00 0.000000000000000000e+00 0.000000000000000000e+00 0.000000000000000000e+00 0.000000000000000000e+00
0.000000000000000000e+00 0.000000000000000000e+00 0.000000000000000000e+00 0.000000000000000000e+00 0.000000000000000000e+00
0.000000000000000000e+00 0.000000000000000000e+00 0.000000000000000000e+00 0.000000000000000000e+00 0.000000000000000000e+00
0.000000000000000000e+00 0.000000000000000000e+00 0.000000000000000000e+00 0.000000000000000000e+00 0.000000000000000000e+00
0.000000000000000000e+00 0.000000000000000000e+00 0.000000000000000000e+00 0.000000000000000000e+00 0.000000000000000000e+00
0.000000000000000000e+00 0.000000000000000000e+00 0.000000000000000000e+00 0.000000000000000000e+00 0.000000000000000000e+00
0.000000000000000000e+00 0.000000000000000000e+00 0.000000000000000000e+00 0.000000000000000000e+00 0.000000000000000000e+00
0.000000000000000000e+00 0.000000000000000000e+00 0.000000000000000000e+00 0.000000000000000000e+00 0.000000000000000000e+00
0.000000000000000000e+00 0.000000000000000000e+00 0.000000000000000000e+00 0.000000000000000000e+00 0.000000000000000000e+00
0.000000000000000000e+00 0.000000000000000000e+00 0.000000000000000000e+00 0.000000000000000000e+00 0.000000000000000000e+00
0.000000000000000000e+00 0.000000000000000000e+00 0.000000000000000000e+00 0.000000000000000000e+00 0.000000000000000000e+00
0.000000000000000000e+00 0.000000000000000000e+00 0.000000000000000000e+00 0.000000000000000000e+00 0.000000000000000000e+00
0.000000000000000000e+00 0.000000000000000000e+00 0.000000000000000000e+00 0.000000000000000000e+00 0.000000000000000000e+00
0.000000000000000000e+00 0.000000000000000000e+00 0.000000000000000000e+00 0.000000000000000000e+00 0.000000000000000000e+00
0.000000000000000000e+00 0.000000000000000000e+00 0.000000000000000000e+00 0.000000000000000000e+00 0.000000000000000000e+00
0.000000000000000000e+00 0.000000000000000000e+00 0.000000000000000000e+00 0.000000000000000000e+00 0.000000000000000000e+00
0.000000000000000000e+00 0.000000000000000000e+00 0.000000000000000000e+00 0.000000000000000000e+00 0.000000000000000000e+00
0.000000000000000000e+00 0.000000000000000000e+00 0.000000000000000000e+00 0.000000000000000000e+00 0.000000000000000000e+00
0.000000000000000000e+00 0.000000000000000000e+00 0.000000000000000000e+00 0.000000000000000000e+00 0.000000000000000000e+00
0.000000000000000000e+00 0.000000000000000000e+00 0.000000000000000000e+00 0.000000000000000000e+00 0.000000000000000000e+00
0.000000000000000000e+00 0.000000000000000000e+00 0.000000000000000000e+00 0.000000000000000000e+00 0.000000000000000000e+00
