0.000000000000000000e+00 0.000000000000000000e+00 1.000000000000000000e+00 0.000000000000000000e+00 0.000000000000000000e+00
5.502756237983703613e-01 -5.031089484691619873e-02 1.000000000000000000e+00 0.000000000000000000e+00 0.000000000000000000e+00
2.058091759681701660e-01 8.753357082605361938e-02 1.000000000000000000e+00 0.000000000000000000e+00 0.000000000000000000e+00
-3.903775811195373535e-01 5.648852586746215820e-01 1.000000000000000000e+00 0.000000000000000000e+00 0.000000000000000000e+00
3.146589100360870361e-01 4.162688851356506348e-01 1.000000000000000000e+00 0.000000000000000000e+00 0.000000000000000000e+00
-1.506953872740268707e-02 2.939826548099517822e-01 1.000000000000000000e+00 0.000000000000000000e+00 0.000000000000000000e+00
-1.761647462844848633e-01 1.578246057033538818e-01 1.000000000000000000e+00 0.000000000000000000e+00 0.000000000000000000e+00
-2.461804449558258057e-01 -1.038817316293716431e-02 1.000000000000000000e+00 0.000000000000000000e+00 0.000000000000000000e+00
-2.111613154411315918e-01 -1.478342115879058838e-01 1.000000000000000000e+00 0.000000000000000000e+00 0.000000000000000000e+00
-1.419910341501235962e-01 -2.666197121143341064e-01 1.000000000000000000e+00 0.000000000000000000e+00 0.000000000000000000e+00
1.493049785494804382e-03 -3.333390653133392334e-01 1.000000000000000000e+00 0.000000000000000000e+00 0.000000000000000000e+00
1.183350682258605957e-01 -1.450685411691665649e-02 1.000000000000000000e+00 0.000000000000000000e+00 0.000000000000000000e+00
1.041553542017936707e-01 3.677297234535217285e-01 1.000000000000000000e+00 0.000000000000000000e+00 0.000000000000000000e+00
-7.967419922351837158e-02 1.419619798660278320e+00 1.000000000000000000e+00 0.000000000000000000e+00 0.000000000000000000e+00
4.423779994249343872e-02 2.238487601280212402e-01 0.000000000000000000e+00 1.000000000000000000e+00 0.000000000000000000e+00
1.812513589859008789e+00 -3.117533683776855469e+00 1.000000000000000000e+00 0.000000000000000000e+00 0.000000000000000000e+00
-5.710611492395401001e-02 5.240488424897193909e-02 1.000000000000000000e+00 0.000000000000000000e+00 0.000000000000000000e+00
1.233406588435173035e-01 2.619467675685882568e-01 1.000000000000000000e+00 0.000000000000000000e+00 0.000000000000000000e+00
2.003609836101531982e-01 1.107168793678283691e-01 0.000000000000000000e+00 1.000000000000000000e+00 0.000000000000000000e+00
6.153374314308166504e-01 -4.445767104625701904e-01 1.000000000000000000e+00 0.000000000000000000e+00 0.000000000000000000e+00
-1.028002500534057617e+00 8.071073293685913086e-01 1.000000000000000000e+00 0.000000000000000000e+00 0.000000000000000000e+00
7.733724713325500488e-01 -9.248152375221252441e-02 1.000000000000000000e+00 0.000000000000000000e+00 0.000000000000000000e+00
-9.006936550140380859e-01 8.308995366096496582e-01 1.000000000000000000e+00 0.000000000000000000e+00 0.000000000000000000e+00
5.665976405143737793e-01 -1.642055660486221313e-01 1.000000000000000000e+00 0.000000000000000000e+00 0.000000000000000000e+00
2.932627797126770020e-01 7.301604747772216797e-02 1.000000000000000000e+00 0.000000000000000000e+00 0.000000000000000000e+00
9.416035562753677368e-02 3.310121595859527588e-01 1.000000000000000000e+00 0.000000000000000000e+00 0.000000000000000000e+00
-9.451983869075775146e-02 4.430236518383026123e-01 1.000000000000000000e+00 0.000000000000000000e+00 0.000000000000000000e+00
-1.776405274868011475e-01 2.213902175426483154e-01 1.000000000000000000e+00 0.000000000000000000e+00 0.000000000000000000e+00
-2.020779550075531006e-01 3.922313079237937927e-02 1.000000000000000000e+00 0.000000000000000000e+00 0.000000000000000000e+00
-1.632418483495712280e-01 -9.253770112991333008e-02 1.000000000000000000e+00 0.000000000000000000e+00 0.000000000000000000e+00
-1.085804253816604614e-01 -2.239419519901275635e-01 1.000000000000000000e+00 0.000000000000000000e+00 0.000000000000000000e+00
3.042801283299922943e-02 -4.117197990417480469e-01 1.000000000000000000e+00 0.000000000000000000e+00 0.000000000000000000e+00
-4.284976720809936523e-01 5.574173927307128906e-01 1.000000000000000000e+00 0.000000000000000000e+00 0.000000000000000000e+00
6.583738327026367188e-01 -4.254005551338195801e-01 1.000000000000000000e+00 0.000000000000000000e+00 0.000000000000000000e+00
2.595349848270416260e-01 -6.545106321573257446e-02 1.000000000000000000e+00 0.000000000000000000e+00 0.000000000000000000e+00
-4.365951120853424072e-01 5.821019411087036133e-01 1.000000000000000000e+00 0.000000000000000000e+00 0.000000000000000000e+00
6.820057630538940430e-01 -5.546894073486328125e-01 1.000000000000000000e+00 0.000000000000000000e+00 0.000000000000000000e+00
3.447421491146087646e-01 -1.529134064912796021e-01 1.000000000000000000e+00 0.000000000000000000e+00 0.000000000000000000e+00
-7.473182678222656250e-02 4.543879628181457520e-01 1.000000000000000000e+00 0.000000000000000000e+00 0.000000000000000000e+00
1.423168480396270752e-01 2.074086368083953857e-01 1.000000000000000000e+00 0.000000000000000000e+00 0.000000000000000000e+00
2.245740443468093872e-01 5.900781974196434021e-02 1.000000000000000000e+00 0.000000000000000000e+00 0.000000000000000000e+00
1.989131569862365723e-01 -5.950897932052612305e-02 0.000000000000000000e+00 1.000000000000000000e+00 0.000000000000000000e+00
-2.570568799972534180e+00 -1.451612830162048340e+00 1.000000000000000000e+00 0.000000000000000000e+00 0.000000000000000000e+00
-9.207507967948913574e-02 5.807942897081375122e-02 1.000000000000000000e+00 0.000000000000000000e+00 0.000000000000000000e+00
8.534522354602813721e-02 3.943067491054534912e-01 1.000000000000000000e+00 0.000000000000000000e+00 0.000000000000000000e+00
-2.713830024003982544e-02 2.180096060037612915e-01 0.000000000000000000e+00 1.000000000000000000e+00 0.000000000000000000e+00
-1.367425173521041870e-01 3.220235109329223633e-01 1.000000000000000000e+00 0.000000000000000000e+00 0.000000000000000000e+00
9.601355344057083130e-02 5.977874994277954102e-01 1.000000000000000000e+00 0.000000000000000000e+00 0.000000000000000000e+00
-4.196274280548095703e-02 2.145954072475433350e-01 1.000000000000000000e+00 0.000000000000000000e+00 0.000000000000000000e+00
-3.049609661102294922e-01 4.018807113170623779e-01 1.000000000000000000e+00 0.000000000000000000e+00 0.000000000000000000e+00
-2.598960697650909424e-01 1.238713711500167847e-01 1.000000000000000000e+00 0.000000000000000000e+00 0.000000000000000000e+00
4.429334700107574463e-01 -1.121237128973007202e-01 1.000000000000000000e+00 0.000000000000000000e+00 0.000000000000000000e+00
1.986170411109924316e+00 2.246643006801605225e-01 1.000000000000000000e+00 0.000000000000000000e+00 0.000000000000000000e+00
6.980521678924560547e-01 -3.416210412979125977e-03 1.000000000000000000e+00 0.000000000000000000e+00 0.000000000000000000e+00
7.006754875183105469e-01 -1.058082133531570435e-01 0.000000000000000000e+00 1.000000000000000000e+00 0.000000000000000000e+00
-2.865948915481567383e+00 -3.007257461547851562e+00 0.000000000000000000e+00 0.000000000000000000e+00 1.000000000000000000e+00
-4.774791002273559570e-02 5.775137990713119507e-02 1.000000000000000000e+00 0.000000000000000000e+00 0.000000000000000000e+00
4.144577980041503906e-01 5.301018953323364258e-01 0.000000000000000000e+00 1.000000000000000000e+00 0.000000000000000000e+00
8.032659292221069336e-01 -4.045125842094421387e-02 0.000000000000000000e+00 0.000000000000000000e+00 1.000000000000000000e+00
-1.638027191162109375e+00 3.258712887763977051e-01 0.000000000000000000e+00 0.000000000000000000e+00 1.000000000000000000e+00
-1.047689795494079590e+00 -5.388599634170532227e-02 0.000000000000000000e+00 0.000000000000000000e+00 1.000000000000000000e+00
-1.172262549400329590e+00 -2.678611278533935547e-01 0.000000000000000000e+00 0.000000000000000000e+00 1.000000000000000000e+00
-1.073543071746826172e+00 -1.734914779663085938e-01 0.000000000000000000e+00 0.000000000000000000e+00 1.000000000000000000e+00
-1.077673792839050293e+00 -2.620533704757690430e-01 0.000000000000000000e+00 0.000000000000000000e+00 1.000000000000000000e+00
-1.031806349754333496e+00 -2.392670512199401855e-01 0.000000000000000000e+00 0.000000000000000000e+00 1.000000000000000000e+00
0.000000000000000000e+00 0.000000000000000000e+00 0.000000000000000000e+00 0.000000000000000000e+00 0.000000000000000000e+00
0.000000000000000000e+00 0.000000000000000000e+00 0.000000000000000000e+00 0.000000000000000000e+00 0.000000000000000000e+00
0.000000000000000000e+00 0.000000000000000000e+00 0.000000000000000000e+00 0.000000000000000000e+00 0.000000000000000000e+00
0.000000000000000000e+00 0.000000000000000000e+00 0.000000000000000000e+00 0.000000000000000000e+00 0.000000000000000000e+00
0.000000000000000000e+00 0.000000000000000000e+00 0.000000000000000000e+00 0.000000000000000000e+00 0.000000000000000000e+00
0.000000000000000000e+00 0.000000000000000000e+00 0.000000000000000000e+00 0.000000000000000000e+00 0.000000000000000000e+00
0.000000000000000000e+00 0.000000000000000000e+00 0.000000000000000000e+00 0.000000000000000000e+00 0.000000000000000000e+00
0.000000000000000000e+00 0.000000000000000000e+00 0.000000000000000000e+00 0.000000000000000000e+00 0.000000000000000000e+00
0.000000000000000000e+00 0.000000000000000000e+00 0.000000000000000000e+00 0.000000000000000000e+00 0.000000000000000000e+00
0.000000000000000000e+00 0.000000000000000000e+00 0.000000000000000000e+00 0.000000000000000000e+00 0.000000000000000000e+00
0.000000000000000000e+00 0.000000000000000000e+00 0.000000000000000000e+00 0.000000000000000000e+00 0.000000000000000000e+00
0.000000000000000000e+00 0.000000000000000000e+00 0.000000000000000000e+00 0.000000000000000000e+00 0.000000000000000000e+00
0.000000000000000000e+00 0.000000000000000000e+00 0.000000000000000000e+00 0.000000000000000000e+00 0.000000000000000000e+00
0.000000000000000000e+00 0.000000000000000000e+00 0.000000000000000000e+00 0.000000000000000000e+00 0.000000000000000000e+00
0.000000000000000000e+00 0.000000000000000000e+00 0.000000000000000000e+00 0.000000000000000000e+00 0.000000000000000000e+00
0.000000000000000000e+00 0.000000000000000000e+00 0.000000000000000000e+00 0.000000000000000000e+00 0.000000000000000000e+00
0.000000000000000000e+00 0.000000000000000000e+00 0.000000000000000000e+00 0.000000000000000000e+00 0.000000000000000000e+00
0.000000000000000000e+00 0.000000000000000000e+00 0.000000000000000000e+00 0.000000000000000000e+00 0.000000000000000000e+00
0.000000000000000000e+00 0.000000000000000000e+00 0.000000000000000000e+00 0.000000000000000000e+00 0.000000000000000000e+00
0.000000000000000000e+00 0.000000000000000000e+00 0.000000000000000000e+00 0.000000000000000000e+00 0.000000000000000000e+00
0.000000000000000000e+00 0.000000000000000000e+00 0.000000000000000000e+00 0.000000000000000000e+00 0.000000000000000000e+00
0.000000000000000000e+00 0.000000000000000000e+00 0.000000000000000000e+00 0.000000000000000000e+00 0.000000000000000000e+00
0.000000000000000000e+00 0.000000000000000000e+00 0.000000000000000000e+00 0.000000000000000000e+00 0.000000000000000000e+00
0.000000000000000000e+00 0.000000000000000000e+00 0.000000000000000000e+00 0.000000000000000000e+00 0.000000000000000000e+00
0.000000000000000000e+00 0.000000000000000000e+00 0.000000000000000000e+00 0.000000000000000000e+00 0.000000000000000000e+00
0.000000000000000000e+00 0.000000000000000000e+00 0.000000000000000000e+00 0.000000000000000000e+00 0.000000000000000000e+00
0.000000000000000000e+00 0.000000000000000000e+00 0.000000000000000000e+00 0.000000000000000000e+00 0.000000000000000000e+00
0.000000000000000000e+00 0.000000000000000000e+00 0.000000000000000000e+00 0.000000000000000000e+00 0.000000000000000000e+00
0.000000000000000000e+00 0.000000000000000000e+00 0.000000000000000000e+00 0.000000000000000000e+00 0.000000000000000000e+00
0.000000000000000000e+00 0.000000000000000000e+00 0.000000000000000000e+00 0.000000000000000000e+00 0.000000000000000000e+00
0.000000000000000000e+00 0.000000000000000000e+00 0.000000000000000000e+00 0.000000000000000000e+00 0.000000000000000000e+00
0.000000000000000000e+00 0.000000000000000000e+00 0.000000000000000000e+00 0.000000000000000000e+00 0.000000000000000000e+00
0.000000000000000000e+00 0.000000000000000000e+00 0.000000000000000000e+00 0.000000000000000000e+00 0.000000000000000000e+00
0.000000000000000000e+00 0.000000000000000000e+00 0.000000000000000000e+00 0.000000000000000000e+00 0.000000000000000000e+00
0.000000000000000000e+00 0.000000000000000000e+00 0.000000000000000000e+00 0.000000000000000000e+00 0.000000000000000000e+00
0.000000000000000000e+00 0.000000000000000000e+00 0.000000000000000000e+00 0.000000000000000000e+00 0.000000000000000000e+00
0.000000000000000000e+00 0.000000000000000000e+00 0.000000000000000000e+00 0.000000000000000000e+00 0.000000000000000000e+00
0.000000000000000000e+00 0.000000000000000000e+00 0.000000000000000000e+00 0.000000000000000000e+00 0.000000000000000000e+00
0.000000000000000000e+00 0.000000000000000000e+00 0.000000000000000000e+00 0.000000000000000000e+00 0.000000000000000000e+00
0.000000000000000000e+00 0.000000000000000000e+00 0.000000000000000000e+00 0.000000000000000000e+00 0.000000000000000000e+00
0.000000000000000000e+00 0.000000000000000000e+00 0.000000000000000000e+00 0.000000000000000000e+00 0.000000000000000000e+00
0.000000000000000000e+00 0.000000000000000000e+00 0.000000000000000000e+00 0.000000000000000000e+00 0.000000000000000000e+00
0.000000000000000000e+00 0.000000000000000000e+00 0.000000000000000000e+00 0.000000000000000000e+00 0.000000000000000000e+00
0.000000000000000000e+00 0.000000000000000000e+00 0.000000000000000000e+00 0.000000000000000000e+00 0.000000000000000000e+00
0.000000000000000000e+00 0.000000000000000000e+00 0.000000000000000000e+00 0.000000000000000000e+00 0.000000000000000000e+00
0.000000000000000000e+00 0.000000000000000000e+00 0.000000000000000000e+00 0.000000000000000000e+00 0.000000000000000000e+00
0.000000000000000000e+00 0.000000000000000000e+00 0.000000000000000000e+00 0.000000000000000000e+00 0.000000000000000000e+00
0.000000000000000000e+00 0.000000000000000000e+00 0.000000000000000000e+00 0.000000000000000000e+00 0.000000000000000000e+00
0.000000000000000000e+00 0.000000000000000000e+00 0.000000000000000000e+00 0.000000000000000000e+00 0.000000000000000000e+00
0.000000000000000000e+00 0.000000000000000000e+00 0.000000000000000000e+00 0.000000000000000000e+00 0.000000000000000000e+00
0.000000000000000000e+00 0.000000000000000000e+00 0.000000000000000000e+00 0.000000000000000000e+00 0.000000000000000000e+00
0.000000000000000000e+00 0.000000000000000000e+00 0.000000000000000000e+00 0.000000000000000000e+00 0.000000000000000000e+00
0.000000000000000000e+00 0.000000000000000000e+00 0.000000000000000000e+00 0.000000000000000000e+00 0.000000000000000000e+00
0.000000000000000000e+00 0.000000000000000000e+00 0.000000000000000000e+00 0.000000000000000000e+00 0.000000000000000000e+00
0.000000000000000000e+00 0.000000000000000000e+00 0.000000000000000000e+00 0.000000000000000000e+00 0.000000000000000000e+00
0.000000000000000000e+00 0.000000000000000000e+00 0.000000000000000000e+00 0.000000000000000000e+00 0.000000000000000000e+00
