0.000000000000000000e+00 0.000000000000000000e+00 1.000000000000000000e+00 0.000000000000000000e+00 0.000000000000000000e+00
1.276219964027404785e+00 -2.291204482316970825e-01 1.000000000000000000e+00 0.000000000000000000e+00 0.000000000000000000e+00
6.242010593414306641e-01 -2.333941310644149780e-01 0.000000000000000000e+00 1.000000000000000000e+00 0.000000000000000000e+00
-2.787470102310180664e+00 1.528415322303771973e+00 1.000000000000000000e+00 0.000000000000000000e+00 0.000000000000000000e+00
-1.889597475528717041e-01 2.206176519393920898e-01 1.000000000000000000e+00 0.000000000000000000e+00 0.000000000000000000e+00
-1.675851047039031982e-01 1.252809882164001465e+00 1.000000000000000000e+00 0.000000000000000000e+00 0.000000000000000000e+00
-1.281233280897140503e-01 2.561224102973937988e-01 0.000000000000000000e+00 1.000000000000000000e+00 0.000000000000000000e+00
7.986836433410644531e-01 -1.437450170516967773e+00 1.000000000000000000e+00 0.000000000000000000e+00 0.000000000000000000e+00
1.792998194694519043e+00 -3.133492767810821533e-01 1.000000000000000000e+00 0.000000000000000000e+00 0.000000000000000000e+00
1.340162158012390137e+00 4.187702760100364685e-02 1.000000000000000000e+00 0.000000000000000000e+00 0.000000000000000000e+00
7.314314693212509155e-02 3.185479342937469482e-01 1.000000000000000000e+00 0.000000000000000000e+00 0.000000000000000000e+00
-3.619795441627502441e-01 5.670442581176757812e-01 1.000000000000000000e+00 0.000000000000000000e+00 0.000000000000000000e+00
-3.173596858978271484e-01 2.659783363342285156e-01 1.000000000000000000e+00 0.000000000000000000e+00 0.000000000000000000e+00
-4.051091074943542480e-01 8.691550791263580322e-02 0.000000000000000000e+00 1.000000000000000000e+00 0.000000000000000000e+00
-5.988863706588745117e-01 -1.734683632850646973e+00 1.000000000000000000e+00 0.000000000000000000e+00 0.000000000000000000e+00
-6.076009199023246765e-02 1.341302156448364258e+00 1.000000000000000000e+00 0.000000000000000000e+00 0.000000000000000000e+00
-9.302744269371032715e-02 3.128150105476379395e-01 1.000000000000000000e+00 0.000000000000000000e+00 0.000000000000000000e+00
-1.542419493198394775e-01 1.610344648361206055e-01 0.000000000000000000e+00 1.000000000000000000e+00 0.000000000000000000e+00
-5.285753011703491211e-01 -5.815289020538330078e-01 1.000000000000000000e+00 0.000000000000000000e+00 0.000000000000000000e+00
3.180351853370666504e-01 8.770333230495452881e-02 1.000000000000000000e+00 0.000000000000000000e+00 0.000000000000000000e+00
8.176304399967193604e-03 1.375557631254196167e-01 0.000000000000000000e+00 1.000000000000000000e+00 0.000000000000000000e+00
-3.529300689697265625e-01 3.238420784473419189e-01 1.000000000000000000e+00 0.000000000000000000e+00 0.000000000000000000e+00
3.777932822704315186e-01 3.191770613193511963e-02 1.000000000000000000e+00 0.000000000000000000e+00 0.000000000000000000e+00
2.388759255409240723e-01 -1.048048809170722961e-01 0.000000000000000000e+00 1.000000000000000000e+00 0.000000000000000000e+00
1.095557808876037598e+00 -8.327999114990234375e-01 1.000000000000000000e+00 0.000000000000000000e+00 0.000000000000000000e+00
1.249341443181037903e-01 7.450787723064422607e-02 1.000000000000000000e+00 0.000000000000000000e+00 0.000000000000000000e+00
-8.340276777744293213e-03 1.041139066219329834e-01 0.000000000000000000e+00 1.000000000000000000e+00 0.000000000000000000e+00
-3.765094876289367676e-01 4.403121173381805420e-01 1.000000000000000000e+00 0.000000000000000000e+00 0.000000000000000000e+00
1.537108123302459717e-01 1.114057227969169617e-01 0.000000000000000000e+00 1.000000000000000000e+00 0.000000000000000000e+00
-1.774579763412475586e+00 1.042135238647460938e+00 1.000000000000000000e+00 0.000000000000000000e+00 0.000000000000000000e+00
1.280349135398864746e+00 -1.880812197923660278e-01 1.000000000000000000e+00 0.000000000000000000e+00 0.000000000000000000e+00
8.305094242095947266e-01 1.065484434366226196e-01 1.000000000000000000e+00 0.000000000000000000e+00 0.000000000000000000e+00
-2.186562716960906982e-01 1.227356791496276855e+00 1.000000000000000000e+00 0.000000000000000000e+00 0.000000000000000000e+00
-1.319973617792129517e-01 2.390977442264556885e-01 1.000000000000000000e+00 0.000000000000000000e+00 0.000000000000000000e+00
-2.180776447057723999e-01 1.447026133537292480e-01 0.000000000000000000e+00 1.000000000000000000e+00 0.000000000000000000e+00
-8.767281770706176758e-01 -7.617590427398681641e-01 1.000000000000000000e+00 0.000000000000000000e+00 0.000000000000000000e+00
5.443849563598632812e-01 -9.328052401542663574e-03 0.000000000000000000e+00 1.000000000000000000e+00 0.000000000000000000e+00
-5.844764113426208496e-01 5.993037819862365723e-01 1.000000000000000000e+00 0.000000000000000000e+00 0.000000000000000000e+00
8.242919445037841797e-01 -5.605037510395050049e-02 1.000000000000000000e+00 0.000000000000000000e+00 0.000000000000000000e+00
5.665010213851928711e-01 -1.802790015935897827e-01 0.000000000000000000e+00 1.000000000000000000e+00 0.000000000000000000e+00
-1.576182365417480469e+00 -2.552683830261230469e+00 0.000000000000000000e+00 0.000000000000000000e+00 1.000000000000000000e+00
-4.030870199203491211e-01 1.453264713287353516e+00 0.000000000000000000e+00 0.000000000000000000e+00 1.000000000000000000e+00
-1.693523049354553223e+00 -2.967398166656494141e-01 0.000000000000000000e+00 0.000000000000000000e+00 1.000000000000000000e+00
-9.618362188339233398e-01 -2.345615029335021973e-01 0.000000000000000000e+00 0.000000000000000000e+00 1.000000000000000000e+00
-1.241997957229614258e+00 -4.330434203147888184e-01 0.000000000000000000e+00 0.000000000000000000e+00 1.000000000000000000e+00
-1.050459861755371094e+00 -2.756212353706359863e-01 0.000000000000000000e+00 0.000000000000000000e+00 1.000000000000000000e+00
-1.123567104339599609e+00 -3.187279105186462402e-01 0.000000000000000000e+00 0.000000000000000000e+00 1.000000000000000000e+00
-1.068837642669677734e+00 -2.529602646827697754e-01 0.000000000000000000e+00 0.000000000000000000e+00 1.000000000000000000e+00
-1.085290312767028809e+00 -2.319259047508239746e-01 0.000000000000000000e+00 0.000000000000000000e+00 1.000000000000000000e+00
-1.069684982299804688e+00 -1.902055144309997559e-01 0.000000000000000000e+00 0.000000000000000000e+00 1.000000000000000000e+00
-1.063404440879821777e+00 -2.060722112655639648e-01 0.000000000000000000e+00 0.000000000000000000e+00 1.000000000000000000e+00
-1.048674345016479492e+00 -2.008088231086730957e-01 0.000000000000000000e+00 0.000000000000000000e+00 1.000000000000000000e+00
-1.046818017959594727e+00 -2.055196166038513184e-01 0.000000000000000000e+00 0.000000000000000000e+00 1.000000000000000000e+00
-1.045360207557678223e+00 -2.079621553421020508e-01 0.000000000000000000e+00 0.000000000000000000e+00 1.000000000000000000e+00
-1.041073679924011230e+00 -2.163883447647094727e-01 0.000000000000000000e+00 0.000000000000000000e+00 1.000000000000000000e+00
-1.034273743629455566e+00 -2.192492485046386719e-01 0.000000000000000000e+00 0.000000000000000000e+00 1.000000000000000000e+00
-1.022156834602355957e+00 -2.296791672706604004e-01 0.000000000000000000e+00 0.000000000000000000e+00 1.000000000000000000e+00
-1.005573153495788574e+00 -2.490357160568237305e-01 0.000000000000000000e+00 0.000000000000000000e+00 1.000000000000000000e+00
-9.929823875427246094e-01 -2.499613165855407715e-01 0.000000000000000000e+00 0.000000000000000000e+00 1.000000000000000000e+00
-9.864339828491210938e-01 -2.449774146080017090e-01 0.000000000000000000e+00 0.000000000000000000e+00 1.000000000000000000e+00
-9.800102710723876953e-01 -2.433528304100036621e-01 0.000000000000000000e+00 0.000000000000000000e+00 1.000000000000000000e+00
-9.729658365249633789e-01 -2.441185712814331055e-01 0.000000000000000000e+00 0.000000000000000000e+00 1.000000000000000000e+00
-9.680210351943969727e-01 -2.411015033721923828e-01 0.000000000000000000e+00 0.000000000000000000e+00 1.000000000000000000e+00
-9.595729112625122070e-01 -2.463309168815612793e-01 0.000000000000000000e+00 0.000000000000000000e+00 1.000000000000000000e+00
-9.478569030761718750e-01 -2.598401308059692383e-01 0.000000000000000000e+00 0.000000000000000000e+00 1.000000000000000000e+00
-9.390925168991088867e-01 -2.690932154655456543e-01 0.000000000000000000e+00 0.000000000000000000e+00 1.000000000000000000e+00
-9.317299127578735352e-01 -2.758313417434692383e-01 0.000000000000000000e+00 0.000000000000000000e+00 1.000000000000000000e+00
-9.269077777862548828e-01 -2.781744599342346191e-01 0.000000000000000000e+00 0.000000000000000000e+00 1.000000000000000000e+00
-9.259551763534545898e-01 -2.746245861053466797e-01 0.000000000000000000e+00 0.000000000000000000e+00 1.000000000000000000e+00
-9.241338968276977539e-01 -2.689018845558166504e-01 0.000000000000000000e+00 0.000000000000000000e+00 1.000000000000000000e+00
-9.199498891830444336e-01 -2.661371231079101562e-01 0.000000000000000000e+00 0.000000000000000000e+00 1.000000000000000000e+00
-9.180911779403686523e-01 -2.630884647369384766e-01 0.000000000000000000e+00 0.000000000000000000e+00 1.000000000000000000e+00
-9.170686006546020508e-01 -2.625376582145690918e-01 0.000000000000000000e+00 0.000000000000000000e+00 1.000000000000000000e+00
-9.106611013412475586e-01 -2.693808674812316895e-01 0.000000000000000000e+00 0.000000000000000000e+00 1.000000000000000000e+00
-9.013524055480957031e-01 -2.775962948799133301e-01 0.000000000000000000e+00 0.000000000000000000e+00 1.000000000000000000e+00
-8.967759609222412109e-01 -2.792970538139343262e-01 0.000000000000000000e+00 0.000000000000000000e+00 1.000000000000000000e+00
-8.893246650695800781e-01 -2.823166847229003906e-01 0.000000000000000000e+00 0.000000000000000000e+00 1.000000000000000000e+00
0.000000000000000000e+00 0.000000000000000000e+00 0.000000000000000000e+00 0.000000000000000000e+00 0.000000000000000000e+00
0.000000000000000000e+00 0.000000000000000000e+00 0.000000000000000000e+00 0.000000000000000000e+00 0.000000000000000000e+00
0.000000000000000000e+00 0.000000000000000000e+00 0.000000000000000000e+00 0.000000000000000000e+00 0.000000000000000000e+00
0.000000000000000000e+00 0.000000000000000000e+00 0.000000000000000000e+00 0.000000000000000000e+00 0.000000000000000000e+00
0.000000000000000000e+00 0.000000000000000000e+00 0.000000000000000000e+00 0.000000000000000000e+00 0.000000000000000000e+00
0.000000000000000000e+00 0.000000000000000000e+00 0.000000000000000000e+00 0.000000000000000000e+00 0.000000000000000000e+00
0.000000000000000000e+00 0.000000000000000000e+00 0.000000000000000000e+00 0.000000000000000000e+00 0.000000000000000000e+00
0.000000000000000000e+00 0.000000000000000000e+00 0.000000000000000000e+00 0.000000000000000000e+00 0.000000000000000000e+00
0.000000000000000000e+00 0.000000000000000000e+00 0.000000000000000000e+00 0.000000000000000000e+00 0.000000000000000000e+00
0.000000000000000000e+00 0.000000000000000000e+00 0.000000000000000000e+00 0.000000000000000000e+00 0.000000000000000000e+00
0.000000000000000000e+00 0.000000000000000000e+00 0.000000000000000000e+00 0.000000000000000000e+00 0.000000000000000000e+00
0.000000000000000000e+00 0.000000000000000000e+00 0.000000000000000000e+00 0.000000000000000000e+00 0.000000000000000000e+00
0.000000000000000000e+00 0.000000000000000000e+00 0.000000000000000000e+00 0.000000000000000000e+00 0.000000000000000000e+00
0.000000000000000000e+00 0.000000000000000000e+00 0.000000000000000000e+00 0.000000000000000000e+00 0.000000000000000000e+00
0.000000000000000000e+00 0.000000000000000000e+00 0.000000000000000000e+00 0.000000000000000000e+00 0.000000000000000000e+00
0.000000000000000000e+00 0.000000000000000000e+00 0.000000000000000000e+00 0.000000000000000000e+00 0.000000000000000000e+00
0.000000000000000000e+00 0.000000000000000000e+00 0.000000000000000000e+00 0.000000000000000000e+00 0.000000000000000000e+00
0.000000000000000000e+00 0.000000000000000000e+00 0.000000000000000000e+00 0.000000000000000000e+00 0.000000000000000000e+00
0.000000000000000000e+00 0.000000000000000000e+00 0.000000000000000000e+00 0.000000000000000000e+00 0.000000000000000000e+00
0.000000000000000000e+00 0.000000000000000000e+00 0.000000000000000000e+00 0.000000000000000000e+00 0.000000000000000000e+00
0.000000000000000000e+00 0.000000000000000000e+00 0.000000000000000000e+00 0.000000000000000000e+00 0.000000000000000000e+00
0.000000000000000000e+00 0.000000000000000000e+00 0.000000000000000000e+00 0.000000000000000000e+00 0.000000000000000000e+00
0.000000000000000000e+00 0.000000000000000000e+00 0.000000000000000000e+00 0.000000000000000000e+00 0.000000000000000000e+00
0.000000000000000000e+00 0.000000000000000000e+00 0.000000000000000000e+00 0.000000000000000000e+00 0.000000000000000000e+00
0.000000000000000000e+00 0.000000000000000000e+00 0.000000000000000000e+00 0.000000000000000000e+00 0.000000000000000000e+00
0.000000000000000000e+00 0.000000000000000000e+00 0.000000000000000000e+00 0.000000000000000000e+00 0.000000000000000000e+00
0.000000000000000000e+00 0.000000000000000000e+00 0.000000000000000000e+00 0.000000000000000000e+00 0.000000000000000000e+00
0.000000000000000000e+00 0.000000000000000000e+00 0.000000000000000000e+00 0.000000000000000000e+00 0.000000000000000000e+00
0.000000000000000000e+00 0.000000000000000000e+00 0.000000000000000000e+00 0.000000000000000000e+00 0.000000000000000000e+00
0.000000000000000000e+00 0.000000000000000000e+00 0.000000000000000000e+00 0.000000000000000000e+00 0.000000000000000000e+00
0.000000000000000000e+00 0.000000000000000000e+00 0.000000000000000000e+00 0.000000000000000000e+00 0.000000000000000000e+00
0.000000000000000000e+00 0.000000000000000000e+00 0.000000000000000000e+00 0.000000000000000000e+00 0.000000000000000000e+00
0.000000000000000000e+00 0.000000000000000000e+00 0.000000000000000000e+00 0.000000000000000000e+00 0.000000000000000000e+00
0.000000000000000000e+00 0.000000000000000000e+00 0.000000000000000000e+00 0.000000000000000000e+00 0.000000000000000000e+00
0.000000000000000000e+00 0.000000000000000000e+00 0.000000000000000000e+00 0.000000000000000000e+00 0.000000000000000000e+00
0.000000000000000000e+00 0.000000000000000000e+00 0.000000000000000000e+00 0.000000000000000000e+00 0.000000000000000000e+00
0.000000000000000000e+00 0.000000000000000000e+00 0.000000000000000000e+00 0.000000000000000000e+00 0.000000000000000000e+00
0.000000000000000000e+00 0.000000000000000000e+00 0.000000000000000000e+00 0.000000000000000000e+00 0.000000000000000000e+00
0.000000000000000000e+00 0.000000000000000000e+00 0.000000000000000000e+00 0.000000000000000000e+00 0.000000000000000000e+00
0.000000000000000000e+00 0.000000000000000000e+00 0.000000000000000000e+00 0.000000000000000000e+00 0.000000000000000000e+00
0.000000000000000000e+00 0.000000000000000000e+00 0.000000000000000000e+00 0.000000000000000000e+00 0.000000000000000000e+00
0.000000000000000000e+00 0.000000000000000000e+00 0.000000000000000000e+00 0.000000000000000000e+00 0.000000000000000000e+00
0.000000000000000000e+00 0.000000000000000000e+00 0.000000000000000000e+00 0.000000000000000000e+00 0.000000000000000000e+00
0.000000000000000000e+00 0.000000000000000000e+00 0.000000000000000000e+00 0.000000000000000000e+00 0.000000000000000000e+00
