0.000000000000000000e+00 0.000000000000000000e+00 1.000000000000000000e+00 0.000000000000000000e+00 0.000000000000000000e+00
1.147845506668090820e+00 -2.270652800798416138e-01 1.000000000000000000e+00 0.000000000000000000e+00 0.000000000000000000e+00
5.820291638374328613e-01 -2.297105193138122559e-01 0.000000000000000000e+00 1.000000000000000000e+00 0.000000000000000000e+00
-2.547879219055175781e+00 1.435191750526428223e+00 1.000000000000000000e+00 0.000000000000000000e+00 0.000000000000000000e+00
-1.729166507720947266e-01 2.075762450695037842e-01 1.000000000000000000e+00 0.000000000000000000e+00 0.000000000000000000e+00
-1.197282075881958008e-01 1.084207057952880859e+00 0.000000000000000000e+00 1.000000000000000000e+00 0.000000000000000000e+00
6.716307401657104492e-01 -1.161662817001342773e+00 1.000000000000000000e+00 0.000000000000000000e+00 0.000000000000000000e+00
1.637619972229003906e+00 -2.934429645538330078e-01 1.000000000000000000e+00 0.000000000000000000e+00 0.000000000000000000e+00
1.236457228660583496e+00 3.129281103610992432e-02 1.000000000000000000e+00 0.000000000000000000e+00 0.000000000000000000e+00
2.383635789155960083e-01 1.495815813541412354e-01 1.000000000000000000e+00 0.000000000000000000e+00 0.000000000000000000e+00
-5.660745128989219666e-02 3.239489197731018066e-01 1.000000000000000000e+00 0.000000000000000000e+00 0.000000000000000000e+00
-4.769948124885559082e-01 5.016996860504150391e-01 1.000000000000000000e+00 0.000000000000000000e+00 0.000000000000000000e+00
-3.401290774345397949e-01 1.730389595031738281e-01 1.000000000000000000e+00 0.000000000000000000e+00 0.000000000000000000e+00
-3.754254579544067383e-01 -3.301620483398437500e-02 0.000000000000000000e+00 1.000000000000000000e+00 0.000000000000000000e+00
-4.437188506126403809e-01 -1.578081250190734863e+00 1.000000000000000000e+00 0.000000000000000000e+00 0.000000000000000000e+00
-8.137695491313934326e-02 1.240099549293518066e+00 1.000000000000000000e+00 0.000000000000000000e+00 0.000000000000000000e+00
-9.337431937456130981e-02 2.868999540805816650e-01 1.000000000000000000e+00 0.000000000000000000e+00 0.000000000000000000e+00
-1.475134789943695068e-01 1.350905001163482666e-01 0.000000000000000000e+00 1.000000000000000000e+00 0.000000000000000000e+00
-4.559314548969268799e-01 -5.085631608963012695e-01 1.000000000000000000e+00 0.000000000000000000e+00 0.000000000000000000e+00
4.493057727813720703e-01 -1.996649801731109619e-02 1.000000000000000000e+00 0.000000000000000000e+00 0.000000000000000000e+00
5.002415180206298828e-02 6.689700484275817871e-02 0.000000000000000000e+00 1.000000000000000000e+00 0.000000000000000000e+00
-4.016754627227783203e-01 3.598691523075103760e-01 1.000000000000000000e+00 0.000000000000000000e+00 0.000000000000000000e+00
6.031386852264404297e-01 -1.783602386713027954e-01 1.000000000000000000e+00 0.000000000000000000e+00 0.000000000000000000e+00
4.377360343933105469e-01 -3.095119595527648926e-01 0.000000000000000000e+00 1.000000000000000000e+00 0.000000000000000000e+00
6.271717548370361328e-01 -3.987189233303070068e-01 1.000000000000000000e+00 0.000000000000000000e+00 0.000000000000000000e+00
-3.683852255344390869e-01 5.611271262168884277e-01 1.000000000000000000e+00 0.000000000000000000e+00 0.000000000000000000e+00
1.061532795429229736e-01 1.256692707538604736e-01 0.000000000000000000e+00 1.000000000000000000e+00 0.000000000000000000e+00
-1.494044661521911621e+00 7.626591324806213379e-01 1.000000000000000000e+00 0.000000000000000000e+00 0.000000000000000000e+00
1.011927127838134766e+00 -1.513339430093765259e-01 1.000000000000000000e+00 0.000000000000000000e+00 0.000000000000000000e+00
-1.244254708290100098e+00 9.153179526329040527e-01 1.000000000000000000e+00 0.000000000000000000e+00 0.000000000000000000e+00
-4.976364076137542725e-01 2.124711871147155762e-01 1.000000000000000000e+00 0.000000000000000000e+00 0.000000000000000000e+00
1.997301876544952393e-01 6.888172626495361328e-01 1.000000000000000000e+00 0.000000000000000000e+00 0.000000000000000000e+00
-4.617462307214736938e-02 2.506073117256164551e-01 0.000000000000000000e+00 1.000000000000000000e+00 0.000000000000000000e+00
5.059899091720581055e-01 -1.125205993652343750e+00 1.000000000000000000e+00 0.000000000000000000e+00 0.000000000000000000e+00
1.482259273529052734e+00 -2.346238791942596436e-01 1.000000000000000000e+00 0.000000000000000000e+00 0.000000000000000000e+00
1.075103998184204102e+00 8.931039273738861084e-02 1.000000000000000000e+00 0.000000000000000000e+00 0.000000000000000000e+00
6.688049435615539551e-02 2.887457013130187988e-01 1.000000000000000000e+00 0.000000000000000000e+00 0.000000000000000000e+00
-3.281141817569732666e-01 4.890624284744262695e-01 1.000000000000000000e+00 0.000000000000000000e+00 0.000000000000000000e+00
-2.934052348136901855e-01 2.315920144319534302e-01 1.000000000000000000e+00 0.000000000000000000e+00 0.000000000000000000e+00
-3.385183811187744141e-01 9.551499783992767334e-02 0.000000000000000000e+00 1.000000000000000000e+00 0.000000000000000000e+00
-7.827365398406982422e-01 -7.443073987960815430e-01 1.000000000000000000e+00 0.000000000000000000e+00 0.000000000000000000e+00
-1.769817173480987549e-01 7.287418246269226074e-01 1.000000000000000000e+00 0.000000000000000000e+00 0.000000000000000000e+00
3.875287622213363647e-02 8.801778405904769897e-02 0.000000000000000000e+00 1.000000000000000000e+00 0.000000000000000000e+00
7.938498258590698242e-01 -7.850181460380554199e-01 1.000000000000000000e+00 0.000000000000000000e+00 0.000000000000000000e+00
-1.327111423015594482e-01 1.200355410575866699e+00 1.000000000000000000e+00 0.000000000000000000e+00 0.000000000000000000e+00
-1.879338026046752930e-01 5.831749439239501953e-01 0.000000000000000000e+00 1.000000000000000000e+00 0.000000000000000000e+00
-8.815513849258422852e-01 -4.219135761260986328e+00 0.000000000000000000e+00 0.000000000000000000e+00 1.000000000000000000e+00
-4.466941952705383301e-01 1.081967353820800781e+00 0.000000000000000000e+00 0.000000000000000000e+00 1.000000000000000000e+00
-1.509126424789428711e+00 -7.223418354988098145e-01 0.000000000000000000e+00 0.000000000000000000e+00 1.000000000000000000e+00
-1.031492114067077637e+00 -4.463198781013488770e-01 0.000000000000000000e+00 0.000000000000000000e+00 1.000000000000000000e+00
-1.174649834632873535e+00 -5.529156327247619629e-01 0.000000000000000000e+00 0.000000000000000000e+00 1.000000000000000000e+00
-1.086934566497802734e+00 -4.064013361930847168e-01 0.000000000000000000e+00 0.000000000000000000e+00 1.000000000000000000e+00
-1.112292647361755371e+00 -3.724146485328674316e-01 0.000000000000000000e+00 0.000000000000000000e+00 1.000000000000000000e+00
-1.085254907608032227e+00 -3.427732586860656738e-01 0.000000000000000000e+00 0.000000000000000000e+00 1.000000000000000000e+00
-1.081258416175842285e+00 -3.254774212837219238e-01 0.000000000000000000e+00 0.000000000000000000e+00 1.000000000000000000e+00
-1.065266966819763184e+00 -3.205099701881408691e-01 0.000000000000000000e+00 0.000000000000000000e+00 1.000000000000000000e+00
-1.049424886703491211e+00 -3.196225762367248535e-01 0.000000000000000000e+00 0.000000000000000000e+00 1.000000000000000000e+00
-1.034839987754821777e+00 -3.172916769981384277e-01 0.000000000000000000e+00 0.000000000000000000e+00 1.000000000000000000e+00
-1.031175374984741211e+00 -3.131170272827148438e-01 0.000000000000000000e+00 0.000000000000000000e+00 1.000000000000000000e+00
-1.024524688720703125e+00 -3.087317943572998047e-01 0.000000000000000000e+00 0.000000000000000000e+00 1.000000000000000000e+00
0.000000000000000000e+00 0.000000000000000000e+00 0.000000000000000000e+00 0.000000000000000000e+00 0.000000000000000000e+00
0.000000000000000000e+00 0.000000000000000000e+00 0.000000000000000000e+00 0.000000000000000000e+00 0.000000000000000000e+00
0.000000000000000000e+00 0.000000000000000000e+00 0.000000000000000000e+00 0.000000000000000000e+00 0.000000000000000000e+00
0.000000000000000000e+00 0.000000000000000000e+00 0.000000000000000000e+00 0.000000000000000000e+00 0.000000000000000000e+00
0.000000000000000000e+00 0.000000000000000000e+00 0.000000000000000000e+00 0.000000000000000000e+00 0.000000000000000000e+00
0.000000000000000000e+00 0.000000000000000000e+00 0.000000000000000000e+00 0.000000000000000000e+00 0.000000000000000000e+00
0.000000000000000000e+00 0.000000000000000000e+00 0.000000000000000000e+00 0.000000000000000000e+00 0.000000000000000000e+00
0.000000000000000000e+00 0.000000000000000000e+00 0.000000000000000000e+00 0.000000000000000000e+00 0.000000000000000000e+00
0.000000000000000000e+00 0.000000000000000000e+00 0.000000000000000000e+00 0.000000000000000000e+00 0.000000000000000000e+00
0.000000000000000000e+00 0.000000000000000000e+00 0.000000000000000000e+00 0.000000000000000000e+00 0.000000000000000000e+00
0.000000000000000000e+00 0.000000000000000000e+00 0.000000000000000000e+00 0.000000000000000000e+00 0.000000000000000000e+00
0.000000000000000000e+00 0.000000000000000000e+00 0.000000000000000000e+00 0.000000000000000000e+00 0.000000000000000000e+00
0.000000000000000000e+00 0.000000000000000000e+00 0.000000000000000000e+00 0.000000000000000000e+00 0.000000000000000000e+00
0.000000000000000000e+00 0.000000000000000000e+00 0.000000000000000000e+00 0.000000000000000000e+00 0.000000000000000000e+00
0.000000000000000000e+00 0.000000000000000000e+00 0.000000000000000000e+00 0.000000000000000000e+00 0.000000000000000000e+00
0.000000000000000000e+00 0.000000000000000000e+00 0.000000000000000000e+00 0.000000000000000000e+00 0.000000000000000000e+00
0.000000000000000000e+00 0.000000000000000000e+00 0.000000000000000000e+00 0.000000000000000000e+00 0.000000000000000000e+00
0.000000000000000000e+00 0.000000000000000000e+00 0.000000000000000000e+00 0.000000000000000000e+00 0.000000000000000000e+00
0.000000000000000000e+00 0.000000000000000000e+00 0.000000000000000000e+00 0.000000000000000000e+00 0.000000000000000000e+00
0.000000000000000000e+00 0.000000000000000000e+00 0.000000000000000000e+00 0.000000000000000000e+00 0.000000000000000000e+00
0.000000000000000000e+00 0.000000000000000000e+00 0.000000000000000000e+00 0.000000000000000000e+00 0.000000000000000000e+00
0.000000000000000000e+00 0.000000000000000000e+00 0.000000000000000000e+00 0.000000000000000000e+00 0.000000000000000000e+00
0.000000000000000000e+00 0.000000000000000000e+00 0.000000000000000000e+00 0.000000000000000000e+00 0.000000000000000000e+00
0.000000000000000000e+00 0.000000000000000000e+00 0.000000000000000000e+00 0.000000000000000000e+00 0.000000000000000000e+00
0.000000000000000000e+00 0.000000000000000000e+00 0.000000000000000000e+00 0.000000000000000000e+00 0.000000000000000000e+00
0.000000000000000000e+00 0.000000000000000000e+00 0.000000000000000000e+00 0.000000000000000000e+00 0.000000000000000000e+00
0.000000000000000000e+00 0.000000000000000000e+00 0.000000000000000000e+00 0.000000000000000000e+00 0.000000000000000000e+00
0.000000000000000000e+00 0.000000000000000000e+00 0.000000000000000000e+00 0.000000000000000000e+00 0.000000000000000000e+00
0.000000000000000000e+00 0.000000000000000000e+00 0.000000000000000000e+00 0.000000000000000000e+00 0.000000000000000000e+00
0.000000000000000000e+00 0.000000000000000000e+00 0.000000000000000000e+00 0.000000000000000000e+00 0.000000000000000000e+00
0.000000000000000000e+00 0.000000000000000000e+00 0.000000000000000000e+00 0.000000000000000000e+00 0.000000000000000000e+00
0.000000000000000000e+00 0.000000000000000000e+00 0.000000000000000000e+00 0.000000000000000000e+00 0.000000000000000000e+00
0.000000000000000000e+00 0.000000000000000000e+00 0.000000000000000000e+00 0.000000000000000000e+00 0.000000000000000000e+00
0.000000000000000000e+00 0.000000000000000000e+00 0.000000000000000000e+00 0.000000000000000000e+00 0.000000000000000000e+00
0.000000000000000000e+00 0.000000000000000000e+00 0.000000000000000000e+00 0.000000000000000000e+00 0.000000000000000000e+00
0.000000000000000000e+00 0.000000000000000000e+00 0.000000000000000000e+00 0.000000000000000000e+00 0.000000000000000000e+00
0.000000000000000000e+00 0.000000000000000000e+00 0.000000000000000000e+00 0.000000000000000000e+00 0.000000000000000000e+00
0.000000000000000000e+00 0.000000000000000000e+00 0.000000000000000000e+00 0.000000000000000000e+00 0.000000000000000000e+00
0.000000000000000000e+00 0.000000000000000000e+00 0.000000000000000000e+00 0.000000000000000000e+00 0.000000000000000000e+00
0.000000000000000000e+00 0.000000000000000000e+00 0.000000000000000000e+00 0.000000000000000000e+00 0.000000000000000000e+00
0.000000000000000000e+00 0.000000000000000000e+00 0.000000000000000000e+00 0.000000000000000000e+00 0.000000000000000000e+00
0.000000000000000000e+00 0.000000000000000000e+00 0.000000000000000000e+00 0.000000000000000000e+00 0.000000000000000000e+00
0.000000000000000000e+00 0.000000000000000000e+00 0.000000000000000000e+00 0.000000000000000000e+00 0.000000000000000000e+00
0.000000000000000000e+00 0.000000000000000000e+00 0.000000000000000000e+00 0.000000000000000000e+00 0.000000000000000000e+00
0.000000000000000000e+00 0.000000000000000000e+00 0.000000000000000000e+00 0.000000000000000000e+00 0.000000000000000000e+00
0.000000000000000000e+00 0.000000000000000000e+00 0.000000000000000000e+00 0.000000000000000000e+00 0.000000000000000000e+00
0.000000000000000000e+00 0.000000000000000000e+00 0.000000000000000000e+00 0.000000000000000000e+00 0.000000000000000000e+00
0.000000000000000000e+00 0.000000000000000000e+00 0.000000000000000000e+00 0.000000000000000000e+00 0.000000000000000000e+00
0.000000000000000000e+00 0.000000000000000000e+00 0.000000000000000000e+00 0.000000000000000000e+00 0.000000000000000000e+00
0.000000000000000000e+00 0.000000000000000000e+00 0.000000000000000000e+00 0.000000000000000000e+00 0.000000000000000000e+00
0.000000000000000000e+00 0.000000000000000000e+00 0.000000000000000000e+00 0.000000000000000000e+00 0.000000000000000000e+00
0.000000000000000000e+00 0.000000000000000000e+00 0.000000000000000000e+00 0.000000000000000000e+00 0.000000000000000000e+00
0.000000000000000000e+00 0.000000000000000000e+00 0.000000000000000000e+00 0.000000000000000000e+00 0.000000000000000000e+00
0.000000000000000000e+00 0.000000000000000000e+00 0.000000000000000000e+00 0.000000000000000000e+00 0.000000000000000000e+00
0.000000000000000000e+00 0.000000000000000000e+00 0.000000000000000000e+00 0.000000000000000000e+00 0.000000000000000000e+00
0.000000000000000000e+00 0.000000000000000000e+00 0.000000000000000000e+00 0.000000000000000000e+00 0.000000000000000000e+00
0.000000000000000000e+00 0.000000000000000000e+00 0.000000000000000000e+00 0.000000000000000000e+00 0.000000000000000000e+00
0.000000000000000000e+00 0.000000000000000000e+00 0.000000000000000000e+00 0.000000000000000000e+00 0.000000000000000000e+00
0.000000000000000000e+00 0.000000000000000000e+00 0.000000000000000000e+00 0.000000000000000000e+00 0.000000000000000000e+00
0.000000000000000000e+00 0.000000000000000000e+00 0.000000000000000000e+00 0.000000000000000000e+00 0.000000000000000000e+00
0.000000000000000000e+00 0.000000000000000000e+00 0.000000000000000000e+00 0.000000000000000000e+00 0.000000000000000000e+00
