0.000000000000000000e+00 0.000000000000000000e+00 1.000000000000000000e+00 0.000000000000000000e+00 0.000000000000000000e+00
9.368141889572143555e-01 -1.813064813613891602e-01 1.000000000000000000e+00 0.000000000000000000e+00 0.000000000000000000e+00
4.371634125709533691e-01 -1.697949022054672241e-01 0.000000000000000000e+00 1.000000000000000000e+00 0.000000000000000000e+00
-8.824925422668457031e-01 -3.103878200054168701e-01 1.000000000000000000e+00 0.000000000000000000e+00 0.000000000000000000e+00
-1.091348007321357727e-01 9.103330373764038086e-01 1.000000000000000000e+00 0.000000000000000000e+00 0.000000000000000000e+00
3.204469010233879089e-02 1.620341241359710693e-01 0.000000000000000000e+00 1.000000000000000000e+00 0.000000000000000000e+00
7.265446782112121582e-01 -9.966294765472412109e-01 1.000000000000000000e+00 0.000000000000000000e+00 0.000000000000000000e+00
-5.237039923667907715e-01 9.030053019523620605e-01 1.000000000000000000e+00 0.000000000000000000e+00 0.000000000000000000e+00
-2.539539039134979248e-01 2.474631667137145996e-01 1.000000000000000000e+00 0.000000000000000000e+00 0.000000000000000000e+00
5.364835262298583984e-01 -1.749378591775894165e-01 1.000000000000000000e+00 0.000000000000000000e+00 0.000000000000000000e+00
1.491034924983978271e-01 2.440946921706199646e-02 0.000000000000000000e+00 1.000000000000000000e+00 0.000000000000000000e+00
-1.042388439178466797e+00 6.728129982948303223e-01 1.000000000000000000e+00 0.000000000000000000e+00 0.000000000000000000e+00
2.191665768623352051e-02 4.610830545425415039e-01 1.000000000000000000e+00 0.000000000000000000e+00 0.000000000000000000e+00
-6.522698700428009033e-02 1.643878370523452759e-01 0.000000000000000000e+00 1.000000000000000000e+00 0.000000000000000000e+00
4.413357377052307129e-01 -6.461865305900573730e-01 1.000000000000000000e+00 0.000000000000000000e+00 0.000000000000000000e+00
6.258443593978881836e-01 -4.771606624126434326e-02 1.000000000000000000e+00 0.000000000000000000e+00 0.000000000000000000e+00
-5.696475505828857422e-01 5.273710489273071289e-01 1.000000000000000000e+00 0.000000000000000000e+00 0.000000000000000000e+00
3.309078812599182129e-01 -1.211113780736923218e-01 1.000000000000000000e+00 0.000000000000000000e+00 0.000000000000000000e+00
-4.998341202735900879e-02 4.972344636917114258e-02 0.000000000000000000e+00 1.000000000000000000e+00 0.000000000000000000e+00
-9.161943197250366211e-01 6.313613653182983398e-01 1.000000000000000000e+00 0.000000000000000000e+00 0.000000000000000000e+00
9.206139445304870605e-01 -1.813956648111343384e-01 1.000000000000000000e+00 0.000000000000000000e+00 0.000000000000000000e+00
4.312092959880828857e-01 -1.898010820150375366e-01 1.000000000000000000e+00 0.000000000000000000e+00 0.000000000000000000e+00
6.495502591133117676e-02 -1.063786894083023071e-01 0.000000000000000000e+00 1.000000000000000000e+00 0.000000000000000000e+00
-6.342301368713378906e-01 -6.768766641616821289e-01 1.000000000000000000e+00 0.000000000000000000e+00 0.000000000000000000e+00
-9.003654122352600098e-02 1.449443101882934570e+00 1.000000000000000000e+00 0.000000000000000000e+00 0.000000000000000000e+00
3.533464297652244568e-02 3.725110590457916260e-01 0.000000000000000000e+00 1.000000000000000000e+00 0.000000000000000000e+00
1.168030977249145508e+00 -2.891599655151367188e+00 1.000000000000000000e+00 0.000000000000000000e+00 0.000000000000000000e+00
9.018288254737854004e-01 -2.205089330673217773e-01 1.000000000000000000e+00 0.000000000000000000e+00 0.000000000000000000e+00
3.490597605705261230e-01 -1.575441062450408936e-01 0.000000000000000000e+00 1.000000000000000000e+00 0.000000000000000000e+00
-7.702493071556091309e-01 -2.218295633792877197e-01 1.000000000000000000e+00 0.000000000000000000e+00 0.000000000000000000e+00
-1.729937195777893066e-01 9.908599257469177246e-01 1.000000000000000000e+00 0.000000000000000000e+00 0.000000000000000000e+00
1.982339471578598022e-02 1.494284868240356445e-01 0.000000000000000000e+00 1.000000000000000000e+00 0.000000000000000000e+00
7.025573253631591797e-01 -1.159147500991821289e+00 1.000000000000000000e+00 0.000000000000000000e+00 0.000000000000000000e+00
-3.342964053153991699e-01 1.003539085388183594e+00 1.000000000000000000e+00 0.000000000000000000e+00 0.000000000000000000e+00
-1.657906323671340942e-01 2.544004321098327637e-01 0.000000000000000000e+00 1.000000000000000000e+00 0.000000000000000000e+00
-2.542642354965209961e-01 -3.628714382648468018e-01 1.000000000000000000e+00 0.000000000000000000e+00 0.000000000000000000e+00
5.228152871131896973e-01 -7.707868516445159912e-02 1.000000000000000000e+00 0.000000000000000000e+00 0.000000000000000000e+00
-3.488976508378982544e-02 5.616814643144607544e-02 0.000000000000000000e+00 1.000000000000000000e+00 0.000000000000000000e+00
-7.318742275238037109e-01 4.378245174884796143e-01 1.000000000000000000e+00 0.000000000000000000e+00 0.000000000000000000e+00
8.149666786193847656e-01 -1.240934133529663086e-01 1.000000000000000000e+00 0.000000000000000000e+00 0.000000000000000000e+00
2.463570088148117065e-01 2.119094878435134888e-02 0.000000000000000000e+00 1.000000000000000000e+00 0.000000000000000000e+00
-1.284080624580383301e+00 6.001232266426086426e-01 1.000000000000000000e+00 0.000000000000000000e+00 0.000000000000000000e+00
-9.319755434989929199e-02 1.036032080650329590e+00 1.000000000000000000e+00 0.000000000000000000e+00 0.000000000000000000e+00
-6.430254131555557251e-02 1.874625831842422485e-01 0.000000000000000000e+00 1.000000000000000000e+00 0.000000000000000000e+00
4.514205753803253174e-01 -1.260916948318481445e+00 1.000000000000000000e+00 0.000000000000000000e+00 0.000000000000000000e+00
8.152561783790588379e-01 -1.223030760884284973e-01 1.000000000000000000e+00 0.000000000000000000e+00 0.000000000000000000e+00
2.846249043941497803e-01 7.034081220626831055e-02 1.000000000000000000e+00 0.000000000000000000e+00 0.000000000000000000e+00
4.718744009733200073e-02 3.565633296966552734e-01 1.000000000000000000e+00 0.000000000000000000e+00 0.000000000000000000e+00
-1.842096447944641113e-01 1.053057432174682617e+00 1.000000000000000000e+00 0.000000000000000000e+00 0.000000000000000000e+00
-8.431698381900787354e-02 1.454495042562484741e-01 1.000000000000000000e+00 0.000000000000000000e+00 0.000000000000000000e+00
-1.231101900339126587e-01 3.861998394131660461e-02 0.000000000000000000e+00 1.000000000000000000e+00 0.000000000000000000e+00
-7.875770330429077148e-01 -1.197763800621032715e+00 1.000000000000000000e+00 0.000000000000000000e+00 0.000000000000000000e+00
5.588450431823730469e-01 -9.226064383983612061e-02 1.000000000000000000e+00 0.000000000000000000e+00 0.000000000000000000e+00
2.675994038581848145e-01 -1.510747969150543213e-01 0.000000000000000000e+00 1.000000000000000000e+00 0.000000000000000000e+00
-1.896020323038101196e-01 -4.080393910408020020e-01 1.000000000000000000e+00 0.000000000000000000e+00 0.000000000000000000e+00
-2.420699596405029297e-01 7.757435441017150879e-01 1.000000000000000000e+00 0.000000000000000000e+00 0.000000000000000000e+00
-1.460834890604019165e-01 2.227978706359863281e-01 0.000000000000000000e+00 1.000000000000000000e+00 0.000000000000000000e+00
-5.254050493240356445e-01 3.072035312652587891e-02 1.000000000000000000e+00 0.000000000000000000e+00 0.000000000000000000e+00
1.156997442245483398e+00 -7.994063943624496460e-02 1.000000000000000000e+00 0.000000000000000000e+00 0.000000000000000000e+00
7.457739114761352539e-01 8.510132879018783569e-02 0.000000000000000000e+00 1.000000000000000000e+00 0.000000000000000000e+00
-2.158187627792358398e+00 -2.149106979370117188e+00 0.000000000000000000e+00 0.000000000000000000e+00 1.000000000000000000e+00
0.000000000000000000e+00 0.000000000000000000e+00 0.000000000000000000e+00 0.000000000000000000e+00 0.000000000000000000e+00
0.000000000000000000e+00 0.000000000000000000e+00 0.000000000000000000e+00 0.000000000000000000e+00 0.000000000000000000e+00
0.000000000000000000e+00 0.000000000000000000e+00 0.000000000000000000e+00 0.000000000000000000e+00 0.000000000000000000e+00
0.000000000000000000e+00 0.000000000000000000e+00 0.000000000000000000e+00 0.000000000000000000e+00 0.000000000000000000e+00
0.000000000000000000e+00 0.000000000000000000e+00 0.000000000000000000e+00 0.000000000000000000e+00 0.000000000000000000e+00
0.000000000000000000e+00 0.000000000000000000e+00 0.000000000000000000e+00 0.000000000000000000e+00 0.000000000000000000e+00
0.000000000000000000e+00 0.000000000000000000e+00 0.000000000000000000e+00 0.000000000000000000e+00 0.000000000000000000e+00
0.000000000000000000e+00 0.000000000000000000e+00 0.000000000000000000e+00 0.000000000000000000e+00 0.000000000000000000e+00
0.000000000000000000e+00 0.000000000000000000e+00 0.000000000000000000e+00 0.000000000000000000e+00 0.000000000000000000e+00
0.000000000000000000e+00 0.000000000000000000e+00 0.000000000000000000e+00 0.000000000000000000e+00 0.000000000000000000e+00
0.000000000000000000e+00 0.000000000000000000e+00 0.000000000000000000e+00 0.000000000000000000e+00 0.000000000000000000e+00
0.000000000000000000e+00 0.000000000000000000e+00 0.000000000000000000e+00 0.000000000000000000e+00 0.000000000000000000e+00
0.000000000000000000e+00 0.000000000000000000e+00 0.000000000000000000e+00 0.000000000000000000e+00 0.000000000000000000e+00
0.000000000000000000e+00 0.000000000000000000e+00 0.000000000000000000e+00 0.000000000000000000e+00 0.000000000000000000e+00
0.000000000000000000e+00 0.000000000000000000e+00 0.000000000000000000e+00 0.000000000000000000e+00 0.000000000000000000e+00
0.000000000000000000e+00 0.000000000000000000e+00 0.000000000000000000e+00 0.000000000000000000e+00 0.000000000000000000e+00
0.000000000000000000e+00 0.000000000000000000e+00 0.000000000000000000e+00 0.000000000000000000e+00 0.000000000000000000e+00
0.000000000000000000e+00 0.000000000000000000e+00 0.000000000000000000e+00 0.000000000000000000e+00 0.000000000000000000e+00
0.000000000000000000e+00 0.000000000000000000e+00 0.000000000000000000e+00 0.000000000000000000e+00 0.000000000000000000e+00
0.000000000000000000e+00 0.000000000000000000e+00 0.000000000000000000e+00 0.000000000000000000e+00 0.000000000000000000e+00
0.000000000000000000e+00 0.000000000000000000e+00 0.000000000000000000e+00 0.000000000000000000e+00 0.000000000000000000e+00
0.000000000000000000e+00 0.000000000000000000e+00 0.000000000000000000e+00 0.000000000000000000e+00 0.000000000000000000e+00
0.000000000000000000e+00 0.000000000000000000e+00 0.000000000000000000e+00 0.000000000000000000e+00 0.000000000000000000e+00
0.000000000000000000e+00 0.000000000000000000e+00 0.000000000000000000e+00 0.000000000000000000e+00 0.000000000000000000e+00
0.000000000000000000e+00 0.000000000000000000e+00 0.000000000000000000e+00 0.000000000000000000e+00 0.000000000000000000e+00
0.000000000000000000e+00 0.000000000000000000e+00 0.000000000000000000e+00 0.000000000000000000e+00 0.000000000000000000e+00
0.000000000000000000e+00 0.000000000000000000e+00 0.000000000000000000e+00 0.000000000000000000e+00 0.000000000000000000e+00
0.000000000000000000e+00 0.000000000000000000e+00 0.000000000000000000e+00 0.000000000000000000e+00 0.000000000000000000e+00
0.000000000000000000e+00 0.000000000000000000e+00 0.000000000000000000e+00 0.000000000000000000e+00 0.000000000000000000e+00
0.000000000000000000e+00 0.000000000000000000e+00 0.000000000000000000e+00 0.000000000000000000e+00 0.000000000000000000e+00
0.000000000000000000e+00 0.000000000000000000e+00 0.000000000000000000e+00 0.000000000000000000e+00 0.000000000000000000e+00
0.000000000000000000e+00 0.000000000000000000e+00 0.000000000000000000e+00 0.000000000000000000e+00 0.000000000000000000e+00
0.000000000000000000e+00 0.000000000000000000e+00 0.000000000000000000e+00 0.000000000000000000e+00 0.000000000000000000e+00
0.000000000000000000e+00 0.000000000000000000e+00 0.000000000000000000e+00 0.000000000000000000e+00 0.000000000000000000e+00
0.000000000000000000e+00 0.000000000000000000e+00 0.000000000000000000e+00 0.000000000000000000e+00 0.000000000000000000e+00
0.000000000000000000e+00 0.000000000000000000e+00 0.000000000000000000e+00 0.000000000000000000e+00 0.000000000000000000e+00
0.000000000000000000e+00 0.000000000000000000e+00 0.000000000000000000e+00 0.000000000000000000e+00 0.000000000000000000e+00
0.000000000000000000e+00 0.000000000000000000e+00 0.000000000000000000e+00 0.000000000000000000e+00 0.000000000000000000e+00
0.000000000000000000e+00 0.000000000000000000e+00 0.000000000000000000e+00 0.000000000000000000e+00 0.000000000000000000e+00
0.000000000000000000e+00 0.000000000000000000e+00 0.000000000000000000e+00 0.000000000000000000e+00 0.000000000000000000e+00
0.000000000000000000e+00 0.000000000000000000e+00 0.000000000000000000e+00 0.000000000000000000e+00 0.000000000000000000e+00
0.000000000000000000e+00 0.000000000000000000e+00 0.000000000000000000e+00 0.000000000000000000e+00 0.000000000000000000e+00
0.000000000000000000e+00 0.000000000000000000e+00 0.000000000000000000e+00 0.000000000000000000e+00 0.000000000000000000e+00
0.000000000000000000e+00 0.000000000000000000e+00 0.000000000000000000e+00 0.000000000000000000e+00 0.000000000000000000e+00
0.000000000000000000e+00 0.000000000000000000e+00 0.000000000000000000e+00 0.000000000000000000e+00 0.000000000000000000e+00
0.000000000000000000e+00 0.000000000000000000e+00 0.000000000000000000e+00 0.000000000000000000e+00 0.000000000000000000e+00
0.000000000000000000e+00 0.000000000000000000e+00 0.000000000000000000e+00 0.000000000000000000e+00 0.000000000000000000e+00
0.000000000000000000e+00 0.000000000000000000e+00 0.000000000000000000e+00 0.000000000000000000e+00 0.000000000000000000e+00
0.000000000000000000e+00 0.000000000000000000e+00 0.000000000000000000e+00 0.000000000000000000e+00 0.000000000000000000e+00
0.000000000000000000e+00 0.000000000000000000e+00 0.000000000000000000e+00 0.000000000000000000e+00 0.000000000000000000e+00
0.000000000000000000e+00 0.000000000000000000e+00 0.000000000000000000e+00 0.000000000000000000e+00 0.000000000000000000e+00
0.000000000000000000e+00 0.000000000000000000e+00 0.000000000000000000e+00 0.000000000000000000e+00 0.000000000000000000e+00
0.000000000000000000e+00 0.000000000000000000e+00 0.000000000000000000e+00 0.000000000000000000e+00 0.000000000000000000e+00
0.000000000000000000e+00 0.000000000000000000e+00 0.000000000000000000e+00 0.000000000000000000e+00 0.000000000000000000e+00
0.000000000000000000e+00 0.000000000000000000e+00 0.000000000000000000e+00 0.000000000000000000e+00 0.000000000000000000e+00
0.000000000000000000e+00 0.000000000000000000e+00 0.000000000000000000e+00 0.000000000000000000e+00 0.000000000000000000e+00
0.000000000000000000e+00 0.000000000000000000e+00 0.000000000000000000e+00 0.000000000000000000e+00 0.000000000000000000e+00
0.000000000000000000e+00 0.000000000000000000e+00 0.000000000000000000e+00 0.000000000000000000e+00 0.000000000000000000e+00
0.000000000000000000e+00 0.000000000000000000e+00 0.000000000000000000e+00 0.000000000000000000e+00 0.000000000000000000e+00
0.000000000000000000e+00 0.000000000000000000e+00 0.000000000000000000e+00 0.000000000000000000e+00 0.000000000000000000e+00
