0.000000000000000000e+00 0.000000000000000000e+00 1.000000000000000000e+00 0.000000000000000000e+00 0.000000000000000000e+00
9.483631849288940430e-01 -2.100666761398315430e-01 1.000000000000000000e+00 0.000000000000000000e+00 0.000000000000000000e+00
4.270411729812622070e-01 -1.819587349891662598e-01 0.000000000000000000e+00 1.000000000000000000e+00 0.000000000000000000e+00
-8.680062294006347656e-01 -2.927104830741882324e-01 1.000000000000000000e+00 0.000000000000000000e+00 0.000000000000000000e+00
-1.073529645800590515e-01 8.933680057525634766e-01 1.000000000000000000e+00 0.000000000000000000e+00 0.000000000000000000e+00
3.287574648857116699e-02 1.596629917621612549e-01 0.000000000000000000e+00 1.000000000000000000e+00 0.000000000000000000e+00
7.334864735603332520e-01 -9.902364015579223633e-01 1.000000000000000000e+00 0.000000000000000000e+00 0.000000000000000000e+00
-5.354474782943725586e-01 9.092713594436645508e-01 1.000000000000000000e+00 0.000000000000000000e+00 0.000000000000000000e+00
3.841495215892791748e-01 -5.752459168434143066e-02 1.000000000000000000e+00 0.000000000000000000e+00 0.000000000000000000e+00
-2.322199195623397827e-02 4.927124083042144775e-02 0.000000000000000000e+00 1.000000000000000000e+00 0.000000000000000000e+00
-9.225466251373291016e-01 6.686844825744628906e-01 1.000000000000000000e+00 0.000000000000000000e+00 0.000000000000000000e+00
5.224241316318511963e-02 3.990134000778198242e-01 1.000000000000000000e+00 0.000000000000000000e+00 0.000000000000000000e+00
-5.394052714109420776e-02 1.524908840656280518e-01 0.000000000000000000e+00 1.000000000000000000e+00 0.000000000000000000e+00
4.499927759170532227e-01 -5.884147882461547852e-01 1.000000000000000000e+00 0.000000000000000000e+00 0.000000000000000000e+00
3.962830901145935059e-01 1.439808309078216553e-02 1.000000000000000000e+00 0.000000000000000000e+00 0.000000000000000000e+00
-4.750372171401977539e-01 4.743630588054656982e-01 1.000000000000000000e+00 0.000000000000000000e+00 0.000000000000000000e+00
3.655111789703369141e-01 -1.100956648588180542e-01 1.000000000000000000e+00 0.000000000000000000e+00 0.000000000000000000e+00
-5.335306376218795776e-02 5.679540336132049561e-02 0.000000000000000000e+00 1.000000000000000000e+00 0.000000000000000000e+00
-9.160405397415161133e-01 6.500284671783447266e-01 1.000000000000000000e+00 0.000000000000000000e+00 0.000000000000000000e+00
9.270105361938476562e-01 -1.842722892761230469e-01 1.000000000000000000e+00 0.000000000000000000e+00 0.000000000000000000e+00
4.155761897563934326e-01 -1.864374876022338867e-01 1.000000000000000000e+00 0.000000000000000000e+00 0.000000000000000000e+00
5.451525002717971802e-02 -1.025442630052566528e-01 0.000000000000000000e+00 1.000000000000000000e+00 0.000000000000000000e+00
-6.194825172424316406e-01 -6.886035203933715820e-01 1.000000000000000000e+00 0.000000000000000000e+00 0.000000000000000000e+00
-7.525122165679931641e-02 1.421292304992675781e+00 1.000000000000000000e+00 0.000000000000000000e+00 0.000000000000000000e+00
3.969006985425949097e-02 3.638188540935516357e-01 0.000000000000000000e+00 1.000000000000000000e+00 0.000000000000000000e+00
1.150291085243225098e+00 -2.821869134902954102e+00 1.000000000000000000e+00 0.000000000000000000e+00 0.000000000000000000e+00
8.968866467475891113e-01 -2.331943213939666748e-01 1.000000000000000000e+00 0.000000000000000000e+00 0.000000000000000000e+00
3.463626503944396973e-01 -1.689853072166442871e-01 0.000000000000000000e+00 1.000000000000000000e+00 0.000000000000000000e+00
-7.742506861686706543e-01 -2.083094716072082520e-01 1.000000000000000000e+00 0.000000000000000000e+00 0.000000000000000000e+00
-1.277951747179031372e-01 7.815414071083068848e-01 1.000000000000000000e+00 0.000000000000000000e+00 0.000000000000000000e+00
2.751720696687698364e-02 1.339338123798370361e-01 0.000000000000000000e+00 1.000000000000000000e+00 0.000000000000000000e+00
6.854940056800842285e-01 -9.155292510986328125e-01 1.000000000000000000e+00 0.000000000000000000e+00 0.000000000000000000e+00
-5.835332870483398438e-01 8.858844041824340820e-01 1.000000000000000000e+00 0.000000000000000000e+00 0.000000000000000000e+00
-2.540674805641174316e-01 2.578863203525543213e-01 0.000000000000000000e+00 1.000000000000000000e+00 0.000000000000000000e+00
-2.805621325969696045e-01 6.507237255573272705e-02 1.000000000000000000e+00 0.000000000000000000e+00 0.000000000000000000e+00
9.425320625305175781e-01 -2.221556752920150757e-01 1.000000000000000000e+00 0.000000000000000000e+00 0.000000000000000000e+00
3.908776938915252686e-01 -1.687781363725662231e-01 0.000000000000000000e+00 1.000000000000000000e+00 0.000000000000000000e+00
-6.542065143585205078e-01 2.900739908218383789e-01 1.000000000000000000e+00 0.000000000000000000e+00 0.000000000000000000e+00
-9.417388439178466797e-01 9.635412096977233887e-01 1.000000000000000000e+00 0.000000000000000000e+00 0.000000000000000000e+00
-2.988287210464477539e-01 1.948182880878448486e-01 1.000000000000000000e+00 0.000000000000000000e+00 0.000000000000000000e+00
-9.694392979145050049e-02 -7.977589964866638184e-03 1.000000000000000000e+00 0.000000000000000000e+00 0.000000000000000000e+00
2.440570853650569916e-02 -9.243857860565185547e-02 1.000000000000000000e+00 0.000000000000000000e+00 0.000000000000000000e+00
3.783963918685913086e-01 -2.696823775768280029e-01 1.000000000000000000e+00 0.000000000000000000e+00 0.000000000000000000e+00
2.566413879394531250e-01 -2.883598208427429199e-02 1.000000000000000000e+00 0.000000000000000000e+00 0.000000000000000000e+00
1.004066467285156250e-01 7.570415735244750977e-02 1.000000000000000000e+00 0.000000000000000000e+00 0.000000000000000000e+00
2.100995182991027832e-02 3.599640130996704102e-01 1.000000000000000000e+00 0.000000000000000000e+00 0.000000000000000000e+00
-1.409659981727600098e-01 4.616001546382904053e-01 1.000000000000000000e+00 0.000000000000000000e+00 0.000000000000000000e+00
-8.472613990306854248e-02 8.666546642780303955e-02 0.000000000000000000e+00 1.000000000000000000e+00 0.000000000000000000e+00
5.386722087860107422e-01 -1.234627485275268555e+00 1.000000000000000000e+00 0.000000000000000000e+00 0.000000000000000000e+00
7.930513620376586914e-01 -1.578312814235687256e-01 1.000000000000000000e+00 0.000000000000000000e+00 0.000000000000000000e+00
2.705366909503936768e-01 5.642310157418251038e-02 1.000000000000000000e+00 0.000000000000000000e+00 0.000000000000000000e+00
-7.218991219997406006e-02 1.361243963241577148e+00 1.000000000000000000e+00 0.000000000000000000e+00 0.000000000000000000e+00
-7.193956524133682251e-02 1.953690201044082642e-01 1.000000000000000000e+00 0.000000000000000000e+00 0.000000000000000000e+00
-1.206221729516983032e-01 9.365066140890121460e-02 0.000000000000000000e+00 1.000000000000000000e+00 0.000000000000000000e+00
-7.069886922836303711e-01 -1.150483369827270508e+00 1.000000000000000000e+00 0.000000000000000000e+00 0.000000000000000000e+00
4.401014745235443115e-01 -6.977000832557678223e-02 1.000000000000000000e+00 0.000000000000000000e+00 0.000000000000000000e+00
-5.126475542783737183e-02 5.581237375736236572e-02 0.000000000000000000e+00 1.000000000000000000e+00 0.000000000000000000e+00
-3.501622080802917480e-01 2.828247249126434326e-01 1.000000000000000000e+00 0.000000000000000000e+00 0.000000000000000000e+00
5.061069130897521973e-01 -5.695171654224395752e-02 1.000000000000000000e+00 0.000000000000000000e+00 0.000000000000000000e+00
1.171756535768508911e-01 -7.624126970767974854e-02 0.000000000000000000e+00 1.000000000000000000e+00 0.000000000000000000e+00
-2.815237641334533691e-01 -5.494941473007202148e-01 1.000000000000000000e+00 0.000000000000000000e+00 0.000000000000000000e+00
-1.431755423545837402e-01 1.190694808959960938e+00 1.000000000000000000e+00 0.000000000000000000e+00 0.000000000000000000e+00
-1.099434942007064819e-01 3.853493630886077881e-01 0.000000000000000000e+00 1.000000000000000000e+00 0.000000000000000000e+00
-5.513216853141784668e-01 -3.039831638336181641e+00 0.000000000000000000e+00 0.000000000000000000e+00 1.000000000000000000e+00
0.000000000000000000e+00 0.000000000000000000e+00 0.000000000000000000e+00 0.000000000000000000e+00 0.000000000000000000e+00
0.000000000000000000e+00 0.000000000000000000e+00 0.000000000000000000e+00 0.000000000000000000e+00 0.000000000000000000e+00
0.000000000000000000e+00 0.000000000000000000e+00 0.000000000000000000e+00 0.000000000000000000e+00 0.000000000000000000e+00
0.000000000000000000e+00 0.000000000000000000e+00 0.000000000000000000e+00 0.000000000000000000e+00 0.000000000000000000e+00
0.000000000000000000e+00 0.000000000000000000e+00 0.000000000000000000e+00 0.000000000000000000e+00 0.000000000000000000e+00
0.000000000000000000e+00 0.000000000000000000e+00 0.000000000000000000e+00 0.000000000000000000e+00 0.000000000000000000e+00
0.000000000000000000e+00 0.000000000000000000e+00 0.000000000000000000e+00 0.000000000000000000e+00 0.000000000000000000e+00
0.000000000000000000e+00 0.000000000000000000e+00 0.000000000000000000e+00 0.000000000000000000e+00 0.000000000000000000e+00
0.000000000000000000e+00 0.000000000000000000e+00 0.000000000000000000e+00 0.000000000000000000e+00 0.000000000000000000e+00
0.000000000000000000e+00 0.000000000000000000e+00 0.000000000000000000e+00 0.000000000000000000e+00 0.000000000000000000e+00
0.000000000000000000e+00 0.000000000000000000e+00 0.000000000000000000e+00 0.000000000000000000e+00 0.000000000000000000e+00
0.000000000000000000e+00 0.000000000000000000e+00 0.000000000000000000e+00 0.000000000000000000e+00 0.000000000000000000e+00
0.000000000000000000e+00 0.000000000000000000e+00 0.000000000000000000e+00 0.000000000000000000e+00 0.000000000000000000e+00
0.000000000000000000e+00 0.000000000000000000e+00 0.000000000000000000e+00 0.000000000000000000e+00 0.000000000000000000e+00
0.000000000000000000e+00 0.000000000000000000e+00 0.000000000000000000e+00 0.000000000000000000e+00 0.000000000000000000e+00
0.000000000000000000e+00 0.000000000000000000e+00 0.000000000000000000e+00 0.000000000000000000e+00 0.000000000000000000e+00
0.000000000000000000e+00 0.000000000000000000e+00 0.000000000000000000e+00 0.000000000000000000e+00 0.000000000000000000e+00
0.000000000000000000e+00 0.000000000000000000e+00 0.000000000000000000e+00 0.000000000000000000e+00 0.000000000000000000e+00
0.000000000000000000e+00 0.000000000000000000e+00 0.000000000000000000e+00 0.000000000000000000e+00 0.000000000000000000e+00
0.000000000000000000e+00 0.000000000000000000e+00 0.000000000000000000e+00 0.000000000000000000e+00 0.000000000000000000e+00
0.000000000000000000e+00 0.000000000000000000e+00 0.000000000000000000e+00 0.000000000000000000e+00 0.000000000000000000e+00
0.000000000000000000e+00 0.000000000000000000e+00 0.000000000000000000e+00 0.000000000000000000e+00 0.000000000000000000e+00
0.000000000000000000e+00 0.000000000000000000e+00 0.000000000000000000e+00 0.000000000000000000e+00 0.000000000000000000e+00
0.000000000000000000e+00 0.000000000000000000e+00 0.000000000000000000e+00 0.000000000000000000e+00 0.000000000000000000e+00
0.000000000000000000e+00 0.000000000000000000e+00 0.000000000000000000e+00 0.000000000000000000e+00 0.000000000000000000e+00
0.000000000000000000e+00 0.000000000000000000e+00 0.000000000000000000e+00 0.000000000000000000e+00 0.000000000000000000e+00
0.000000000000000000e+00 0.000000000000000000e+00 0.000000000000000000e+00 0.000000000000000000e+00 0.000000000000000000e+00
0.000000000000000000e+00 0.000000000000000000e+00 0.000000000000000000e+00 0.000000000000000000e+00 0.000000000000000000e+00
0.000000000000000000e+00 0.000000000000000000e+00 0.000000000000000000e+00 0.000000000000000000e+00 0.000000000000000000e+00
0.000000000000000000e+00 0.000000000000000000e+00 0.000000000000000000e+00 0.000000000000000000e+00 0.000000000000000000e+00
0.000000000000000000e+00 0.000000000000000000e+00 0.000000000000000000e+00 0.000000000000000000e+00 0.000000000000000000e+00
0.000000000000000000e+00 0.000000000000000000e+00 0.000000000000000000e+00 0.000000000000000000e+00 0.000000000000000000e+00
0.000000000000000000e+00 0.000000000000000000e+00 0.000000000000000000e+00 0.000000000000000000e+00 0.000000000000000000e+00
0.000000000000000000e+00 0.000000000000000000e+00 0.000000000000000000e+00 0.000000000000000000e+00 0.000000000000000000e+00
0.000000000000000000e+00 0.000000000000000000e+00 0.000000000000000000e+00 0.000000000000000000e+00 0.000000000000000000e+00
0.000000000000000000e+00 0.000000000000000000e+00 0.000000000000000000e+00 0.000000000000000000e+00 0.000000000000000000e+00
0.000000000000000000e+00 0.000000000000000000e+00 0.000000000000000000e+00 0.000000000000000000e+00 0.000000000000000000e+00
0.000000000000000000e+00 0.000000000000000000e+00 0.000000000000000000e+00 0.000000000000000000e+00 0.000000000000000000e+00
0.000000000000000000e+00 0.000000000000000000e+00 0.000000000000000000e+00 0.000000000000000000e+00 0.000000000000000000e+00
0.000000000000000000e+00 0.000000000000000000e+00 0.000000000000000000e+00 0.000000000000000000e+00 0.000000000000000000e+00
0.000000000000000000e+00 0.000000000000000000e+00 0.000000000000000000e+00 0.000000000000000000e+00 0.000000000000000000e+00
0.000000000000000000e+00 0.000000000000000000e+00 0.000000000000000000e+00 0.000000000000000000e+00 0.000000000000000000e+00
0.000000000000000000e+00 0.000000000000000000e+00 0.000000000000000000e+00 0.000000000000000000e+00 0.000000000000000000e+00
0.000000000000000000e+00 0.000000000000000000e+00 0.000000000000000000e+00 0.000000000000000000e+00 0.000000000000000000e+00
0.000000000000000000e+00 0.000000000000000000e+00 0.000000000000000000e+00 0.000000000000000000e+00 0.000000000000000000e+00
0.000000000000000000e+00 0.000000000000000000e+00 0.000000000000000000e+00 0.000000000000000000e+00 0.000000000000000000e+00
0.000000000000000000e+00 0.000000000000000000e+00 0.000000000000000000e+00 0.000000000000000000e+00 0.000000000000000000e+00
0.000000000000000000e+00 0.000000000000000000e+00 0.000000000000000000e+00 0.000000000000000000e+00 0.000000000000000000e+00
0.000000000000000000e+00 0.000000000000000000e+00 0.000000000000000000e+00 0.000000000000000000e+00 0.000000000000000000e+00
0.000000000000000000e+00 0.000000000000000000e+00 0.000000000000000000e+00 0.000000000000000000e+00 0.000000000000000000e+00
0.000000000000000000e+00 0.000000000000000000e+00 0.000000000000000000e+00 0.000000000000000000e+00 0.000000000000000000e+00
0.000000000000000000e+00 0.000000000000000000e+00 0.000000000000000000e+00 0.000000000000000000e+00 0.000000000000000000e+00
0.000000000000000000e+00 0.000000000000000000e+00 0.000000000000000000e+00 0.000000000000000000e+00 0.000000000000000000e+00
0.000000000000000000e+00 0.000000000000000000e+00 0.000000000000000000e+00 0.000000000000000000e+00 0.000000000000000000e+00
0.000000000000000000e+00 0.000000000000000000e+00 0.000000000000000000e+00 0.000000000000000000e+00 0.000000000000000000e+00
0.000000000000000000e+00 0.000000000000000000e+00 0.000000000000000000e+00 0.000000000000000000e+00 0.000000000000000000e+00
0.000000000000000000e+00 0.000000000000000000e+00 0.000000000000000000e+00 0.000000000000000000e+00 0.000000000000000000e+00
