0.000000000000000000e+00 0.000000000000000000e+00 1.000000000000000000e+00 0.000000000000000000e+00 0.000000000000000000e+00
7.430342435836791992e-01 -1.421788036823272705e-01 1.000000000000000000e+00 0.000000000000000000e+00 0.000000000000000000e+00
-4.290585219860076904e-02 5.495973676443099976e-02 0.000000000000000000e+00 1.000000000000000000e+00 0.000000000000000000e+00
-5.998138189315795898e-01 5.100222826004028320e-01 1.000000000000000000e+00 0.000000000000000000e+00 0.000000000000000000e+00
5.369712710380554199e-01 -4.038496315479278564e-02 1.000000000000000000e+00 0.000000000000000000e+00 0.000000000000000000e+00
-3.748097270727157593e-02 6.148105487227439880e-02 0.000000000000000000e+00 1.000000000000000000e+00 0.000000000000000000e+00
-8.518891334533691406e-01 5.907007455825805664e-01 1.000000000000000000e+00 0.000000000000000000e+00 0.000000000000000000e+00
9.157992005348205566e-01 -1.251743435859680176e-01 1.000000000000000000e+00 0.000000000000000000e+00 0.000000000000000000e+00
3.524342775344848633e-01 6.073280423879623413e-02 1.000000000000000000e+00 0.000000000000000000e+00 0.000000000000000000e+00
3.564283624291419983e-02 2.361987084150314331e-01 1.000000000000000000e+00 0.000000000000000000e+00 0.000000000000000000e+00
-2.233674824237823486e-01 3.399817347526550293e-01 1.000000000000000000e+00 0.000000000000000000e+00 0.000000000000000000e+00
-1.418286561965942383e-01 7.738782465457916260e-02 1.000000000000000000e+00 0.000000000000000000e+00 0.000000000000000000e+00
-1.838543564081192017e-01 -4.892417788505554199e-02 1.000000000000000000e+00 0.000000000000000000e+00 0.000000000000000000e+00
-2.111106365919113159e-01 -2.381145060062408447e-01 0.000000000000000000e+00 1.000000000000000000e+00 0.000000000000000000e+00
1.829682290554046631e-02 -2.089337587356567383e+00 1.000000000000000000e+00 0.000000000000000000e+00 0.000000000000000000e+00
8.068887144327163696e-02 6.750648021697998047e-01 1.000000000000000000e+00 0.000000000000000000e+00 0.000000000000000000e+00
-1.923901140689849854e-01 1.944624662399291992e+00 1.000000000000000000e+00 0.000000000000000000e+00 0.000000000000000000e+00
2.169776707887649536e-02 2.965879440307617188e-01 0.000000000000000000e+00 1.000000000000000000e+00 0.000000000000000000e+00
1.396353840827941895e+00 -2.201240062713623047e+00 1.000000000000000000e+00 0.000000000000000000e+00 0.000000000000000000e+00
8.043047189712524414e-01 -1.630633622407913208e-01 1.000000000000000000e+00 0.000000000000000000e+00 0.000000000000000000e+00
2.957393527030944824e-01 7.174563407897949219e-02 1.000000000000000000e+00 0.000000000000000000e+00 0.000000000000000000e+00
8.588476479053497314e-02 1.267283558845520020e-01 1.000000000000000000e+00 0.000000000000000000e+00 0.000000000000000000e+00
3.975355532020330429e-03 5.736308097839355469e-01 1.000000000000000000e+00 0.000000000000000000e+00 0.000000000000000000e+00
-1.796299219131469727e-01 8.264378309249877930e-01 1.000000000000000000e+00 0.000000000000000000e+00 0.000000000000000000e+00
-1.908184289932250977e-01 4.236797690391540527e-01 1.000000000000000000e+00 0.000000000000000000e+00 0.000000000000000000e+00
-1.137468665838241577e-01 8.852960169315338135e-02 1.000000000000000000e+00 0.000000000000000000e+00 0.000000000000000000e+00
-1.378469020128250122e-01 -6.071119755506515503e-02 1.000000000000000000e+00 0.000000000000000000e+00 0.000000000000000000e+00
-1.635319739580154419e-01 -2.742710709571838379e-01 0.000000000000000000e+00 1.000000000000000000e+00 0.000000000000000000e+00
1.639356315135955811e-01 -1.336954712867736816e+00 1.000000000000000000e+00 0.000000000000000000e+00 0.000000000000000000e+00
-4.870668351650238037e-01 1.074720263481140137e+00 1.000000000000000000e+00 0.000000000000000000e+00 0.000000000000000000e+00
-1.938669830560684204e-01 2.628878355026245117e-01 1.000000000000000000e+00 0.000000000000000000e+00 0.000000000000000000e+00
-1.843357831239700317e-01 1.124992668628692627e-01 0.000000000000000000e+00 1.000000000000000000e+00 0.000000000000000000e+00
1.936409175395965576e-01 -9.078707695007324219e-01 1.000000000000000000e+00 0.000000000000000000e+00 0.000000000000000000e+00
-5.760293006896972656e-01 7.032657861709594727e-01 1.000000000000000000e+00 0.000000000000000000e+00 0.000000000000000000e+00
-3.735552430152893066e-01 2.455230355262756348e-01 0.000000000000000000e+00 1.000000000000000000e+00 0.000000000000000000e+00
1.561336159706115723e+00 -4.986634254455566406e-01 0.000000000000000000e+00 0.000000000000000000e+00 1.000000000000000000e+00
-1.415943145751953125e+00 -6.883419156074523926e-01 0.000000000000000000e+00 0.000000000000000000e+00 1.000000000000000000e+00
-7.964130640029907227e-01 -1.436840295791625977e-01 0.000000000000000000e+00 0.000000000000000000e+00 1.000000000000000000e+00
-9.461034536361694336e-01 -4.038239121437072754e-01 0.000000000000000000e+00 0.000000000000000000e+00 1.000000000000000000e+00
-8.428777456283569336e-01 -3.235512375831604004e-01 0.000000000000000000e+00 0.000000000000000000e+00 1.000000000000000000e+00
-8.428530693054199219e-01 -3.259115815162658691e-01 0.000000000000000000e+00 0.000000000000000000e+00 1.000000000000000000e+00
-8.238900899887084961e-01 -2.981883287429809570e-01 0.000000000000000000e+00 0.000000000000000000e+00 1.000000000000000000e+00
-8.133057355880737305e-01 -2.820041179656982422e-01 0.000000000000000000e+00 0.000000000000000000e+00 1.000000000000000000e+00
-8.003149032592773438e-01 -2.655162215232849121e-01 0.000000000000000000e+00 0.000000000000000000e+00 1.000000000000000000e+00
-7.867248058319091797e-01 -2.528871297836303711e-01 0.000000000000000000e+00 0.000000000000000000e+00 1.000000000000000000e+00
-7.778910398483276367e-01 -2.474006414413452148e-01 0.000000000000000000e+00 0.000000000000000000e+00 1.000000000000000000e+00
-7.740135192871093750e-01 -2.432597875595092773e-01 0.000000000000000000e+00 0.000000000000000000e+00 1.000000000000000000e+00
-7.695589065551757812e-01 -2.369362711906433105e-01 0.000000000000000000e+00 0.000000000000000000e+00 1.000000000000000000e+00
-7.643717527389526367e-01 -2.301993370056152344e-01 0.000000000000000000e+00 0.000000000000000000e+00 1.000000000000000000e+00
-7.572895288467407227e-01 -2.250284552574157715e-01 0.000000000000000000e+00 0.000000000000000000e+00 1.000000000000000000e+00
-7.509388923645019531e-01 -2.189900875091552734e-01 0.000000000000000000e+00 0.000000000000000000e+00 1.000000000000000000e+00
-7.460763454437255859e-01 -2.137442827224731445e-01 0.000000000000000000e+00 0.000000000000000000e+00 1.000000000000000000e+00
-7.453821897506713867e-01 -2.136883139610290527e-01 0.000000000000000000e+00 0.000000000000000000e+00 1.000000000000000000e+00
-7.445200681686401367e-01 -2.172549962997436523e-01 0.000000000000000000e+00 0.000000000000000000e+00 1.000000000000000000e+00
-7.378016710281372070e-01 -2.189306616783142090e-01 0.000000000000000000e+00 0.000000000000000000e+00 1.000000000000000000e+00
-7.338143587112426758e-01 -2.233889698982238770e-01 0.000000000000000000e+00 0.000000000000000000e+00 1.000000000000000000e+00
-7.268952131271362305e-01 -2.264462709426879883e-01 0.000000000000000000e+00 0.000000000000000000e+00 1.000000000000000000e+00
-7.187941074371337891e-01 -2.298082709312438965e-01 0.000000000000000000e+00 0.000000000000000000e+00 1.000000000000000000e+00
-7.137281894683837891e-01 -2.310329079627990723e-01 0.000000000000000000e+00 0.000000000000000000e+00 1.000000000000000000e+00
-7.112182378768920898e-01 -2.326970696449279785e-01 0.000000000000000000e+00 0.000000000000000000e+00 1.000000000000000000e+00
-7.095382213592529297e-01 -2.342867255210876465e-01 0.000000000000000000e+00 0.000000000000000000e+00 1.000000000000000000e+00
-7.019232511520385742e-01 -2.339673638343811035e-01 0.000000000000000000e+00 0.000000000000000000e+00 1.000000000000000000e+00
-6.964199542999267578e-01 -2.322722077369689941e-01 0.000000000000000000e+00 0.000000000000000000e+00 1.000000000000000000e+00
-6.915602684020996094e-01 -2.304675579071044922e-01 0.000000000000000000e+00 0.000000000000000000e+00 1.000000000000000000e+00
-6.887874603271484375e-01 -2.294424772262573242e-01 0.000000000000000000e+00 0.000000000000000000e+00 1.000000000000000000e+00
-6.879367828369140625e-01 -2.295158505439758301e-01 0.000000000000000000e+00 0.000000000000000000e+00 1.000000000000000000e+00
-6.857746839523315430e-01 -2.317836284637451172e-01 0.000000000000000000e+00 0.000000000000000000e+00 1.000000000000000000e+00
-6.824423670768737793e-01 -2.335746288299560547e-01 0.000000000000000000e+00 0.000000000000000000e+00 1.000000000000000000e+00
-6.801820993423461914e-01 -2.318602204322814941e-01 0.000000000000000000e+00 0.000000000000000000e+00 1.000000000000000000e+00
-6.774122714996337891e-01 -2.287023067474365234e-01 0.000000000000000000e+00 0.000000000000000000e+00 1.000000000000000000e+00
-6.741501092910766602e-01 -2.263095974922180176e-01 0.000000000000000000e+00 0.000000000000000000e+00 1.000000000000000000e+00
-6.734127998352050781e-01 -2.241991162300109863e-01 0.000000000000000000e+00 0.000000000000000000e+00 1.000000000000000000e+00
-6.725080609321594238e-01 -2.263379096984863281e-01 0.000000000000000000e+00 0.000000000000000000e+00 1.000000000000000000e+00
-6.670570969581604004e-01 -2.327143549919128418e-01 0.000000000000000000e+00 0.000000000000000000e+00 1.000000000000000000e+00
-6.588678956031799316e-01 -2.391617894172668457e-01 0.000000000000000000e+00 0.000000000000000000e+00 1.000000000000000000e+00
-6.521400213241577148e-01 -2.407222986221313477e-01 0.000000000000000000e+00 0.000000000000000000e+00 1.000000000000000000e+00
0.000000000000000000e+00 0.000000000000000000e+00 0.000000000000000000e+00 0.000000000000000000e+00 0.000000000000000000e+00
0.000000000000000000e+00 0.000000000000000000e+00 0.000000000000000000e+00 0.000000000000000000e+00 0.000000000000000000e+00
0.000000000000000000e+00 0.000000000000000000e+00 0.000000000000000000e+00 0.000000000000000000e+00 0.000000000000000000e+00
0.000000000000000000e+00 0.000000000000000000e+00 0.000000000000000000e+00 0.000000000000000000e+00 0.000000000000000000e+00
0.000000000000000000e+00 0.000000000000000000e+00 0.000000000000000000e+00 0.000000000000000000e+00 0.000000000000000000e+00
0.000000000000000000e+00 0.000000000000000000e+00 0.000000000000000000e+00 0.000000000000000000e+00 0.000000000000000000e+00
0.000000000000000000e+00 0.000000000000000000e+00 0.000000000000000000e+00 0.000000000000000000e+00 0.000000000000000000e+00
0.000000000000000000e+00 0.000000000000000000e+00 0.000000000000000000e+00 0.000000000000000000e+00 0.000000000000000000e+00
0.000000000000000000e+00 0.000000000000000000e+00 0.000000000000000000e+00 0.000000000000000000e+00 0.000000000000000000e+00
0.000000000000000000e+00 0.000000000000000000e+00 0.000000000000000000e+00 0.000000000000000000e+00 0.000000000000000000e+00
0.000000000000000000e+00 0.000000000000000000e+00 0.000000000000000000e+00 0.000000000000000000e+00 0.000000000000000000e+00
0.000000000000000000e+00 0.000000000000000000e+00 0.000000000000000000e+00 0.000000000000000000e+00 0.000000000000000000e+00
0.000000000000000000e+00 0.000000000000000000e+00 0.000000000000000000e+00 0.000000000000000000e+00 0.000000000000000000e+00
0.000000000000000000e+00 0.000000000000000000e+00 0.000000000000000000e+00 0.000000000000000000e+00 0.000000000000000000e+00
0.000000000000000000e+00 0.000000000000000000e+00 0.000000000000000000e+00 0.000000000000000000e+00 0.000000000000000000e+00
0.000000000000000000e+00 0.000000000000000000e+00 0.000000000000000000e+00 0.000000000000000000e+00 0.000000000000000000e+00
0.000000000000000000e+00 0.000000000000000000e+00 0.000000000000000000e+00 0.000000000000000000e+00 0.000000000000000000e+00
0.000000000000000000e+00 0.000000000000000000e+00 0.000000000000000000e+00 0.000000000000000000e+00 0.000000000000000000e+00
0.000000000000000000e+00 0.000000000000000000e+00 0.000000000000000000e+00 0.000000000000000000e+00 0.000000000000000000e+00
0.000000000000000000e+00 0.000000000000000000e+00 0.000000000000000000e+00 0.000000000000000000e+00 0.000000000000000000e+00
0.000000000000000000e+00 0.000000000000000000e+00 0.000000000000000000e+00 0.000000000000000000e+00 0.000000000000000000e+00
0.000000000000000000e+00 0.000000000000000000e+00 0.000000000000000000e+00 0.000000000000000000e+00 0.000000000000000000e+00
0.000000000000000000e+00 0.000000000000000000e+00 0.000000000000000000e+00 0.000000000000000000e+00 0.000000000000000000e+00
0.000000000000000000e+00 0.000000000000000000e+00 0.000000000000000000e+00 0.000000000000000000e+00 0.000000000000000000e+00
0.000000000000000000e+00 0.000000000000000000e+00 0.000000000000000000e+00 0.000000000000000000e+00 0.000000000000000000e+00
0.000000000000000000e+00 0.000000000000000000e+00 0.000000000000000000e+00 0.000000000000000000e+00 0.000000000000000000e+00
0.000000000000000000e+00 0.000000000000000000e+00 0.000000000000000000e+00 0.000000000000000000e+00 0.000000000000000000e+00
0.000000000000000000e+00 0.000000000000000000e+00 0.000000000000000000e+00 0.000000000000000000e+00 0.000000000000000000e+00
0.000000000000000000e+00 0.000000000000000000e+00 0.000000000000000000e+00 0.000000000000000000e+00 0.000000000000000000e+00
0.000000000000000000e+00 0.000000000000000000e+00 0.000000000000000000e+00 0.000000000000000000e+00 0.000000000000000000e+00
0.000000000000000000e+00 0.000000000000000000e+00 0.000000000000000000e+00 0.000000000000000000e+00 0.000000000000000000e+00
0.000000000000000000e+00 0.000000000000000000e+00 0.000000000000000000e+00 0.000000000000000000e+00 0.000000000000000000e+00
0.000000000000000000e+00 0.000000000000000000e+00 0.000000000000000000e+00 0.000000000000000000e+00 0.000000000000000000e+00
0.000000000000000000e+00 0.000000000000000000e+00 0.000000000000000000e+00 0.000000000000000000e+00 0.000000000000000000e+00
0.000000000000000000e+00 0.000000000000000000e+00 0.000000000000000000e+00 0.000000000000000000e+00 0.000000000000000000e+00
0.000000000000000000e+00 0.000000000000000000e+00 0.000000000000000000e+00 0.000000000000000000e+00 0.000000000000000000e+00
0.000000000000000000e+00 0.000000000000000000e+00 0.000000000000000000e+00 0.000000000000000000e+00 0.000000000000000000e+00
0.000000000000000000e+00 0.000000000000000000e+00 0.000000000000000000e+00 0.000000000000000000e+00 0.000000000000000000e+00
0.000000000000000000e+00 0.000000000000000000e+00 0.000000000000000000e+00 0.000000000000000000e+00 0.000000000000000000e+00
0.000000000000000000e+00 0.000000000000000000e+00 0.000000000000000000e+00 0.000000000000000000e+00 0.000000000000000000e+00
0.000000000000000000e+00 0.000000000000000000e+00 0.000000000000000000e+00 0.000000000000000000e+00 0.000000000000000000e+00
0.000000000000000000e+00 0.000000000000000000e+00 0.000000000000000000e+00 0.000000000000000000e+00 0.000000000000000000e+00
0.000000000000000000e+00 0.000000000000000000e+00 0.000000000000000000e+00 0.000000000000000000e+00 0.000000000000000000e+00
0.000000000000000000e+00 0.000000000000000000e+00 0.000000000000000000e+00 0.000000000000000000e+00 0.000000000000000000e+00
0.000000000000000000e+00 0.000000000000000000e+00 0.000000000000000000e+00 0.000000000000000000e+00 0.000000000000000000e+00
