0.000000000000000000e+00 0.000000000000000000e+00 1.000000000000000000e+00 0.000000000000000000e+00 0.000000000000000000e+00
9.091151952743530273e-01 -1.916961371898651123e-01 1.000000000000000000e+00 0.000000000000000000e+00 0.000000000000000000e+00
4.373108446598052979e-01 -1.810166984796524048e-01 0.000000000000000000e+00 1.000000000000000000e+00 0.000000000000000000e+00
-8.629952669143676758e-01 -2.125352323055267334e-01 1.000000000000000000e+00 0.000000000000000000e+00 0.000000000000000000e+00
-1.174014806747436523e-01 8.204817771911621094e-01 1.000000000000000000e+00 0.000000000000000000e+00 0.000000000000000000e+00
2.896653860807418823e-02 1.481652855873107910e-01 0.000000000000000000e+00 1.000000000000000000e+00 0.000000000000000000e+00
6.904131770133972168e-01 -9.110450148582458496e-01 1.000000000000000000e+00 0.000000000000000000e+00 0.000000000000000000e+00
-5.303174853324890137e-01 8.955522775650024414e-01 1.000000000000000000e+00 0.000000000000000000e+00 0.000000000000000000e+00
-2.324853092432022095e-01 2.540170252323150635e-01 0.000000000000000000e+00 1.000000000000000000e+00 0.000000000000000000e+00
-2.771127223968505859e-01 4.685693979263305664e-02 1.000000000000000000e+00 0.000000000000000000e+00 0.000000000000000000e+00
7.645407915115356445e-01 -1.734454631805419922e-01 1.000000000000000000e+00 0.000000000000000000e+00 0.000000000000000000e+00
1.988523304462432861e-01 1.375476270914077759e-02 0.000000000000000000e+00 1.000000000000000000e+00 0.000000000000000000e+00
-1.273117661476135254e+00 7.514224648475646973e-01 1.000000000000000000e+00 0.000000000000000000e+00 0.000000000000000000e+00
-5.803439766168594360e-02 8.797376751899719238e-01 1.000000000000000000e+00 0.000000000000000000e+00 0.000000000000000000e+00
-6.113794445991516113e-02 1.798868030309677124e-01 0.000000000000000000e+00 1.000000000000000000e+00 0.000000000000000000e+00
3.682671785354614258e-01 -1.025311231613159180e+00 1.000000000000000000e+00 0.000000000000000000e+00 0.000000000000000000e+00
8.735743165016174316e-01 -1.636092513799667358e-01 1.000000000000000000e+00 0.000000000000000000e+00 0.000000000000000000e+00
3.479444086551666260e-01 4.540143162012100220e-02 1.000000000000000000e+00 0.000000000000000000e+00 0.000000000000000000e+00
4.686509817838668823e-02 2.867531776428222656e-01 1.000000000000000000e+00 0.000000000000000000e+00 0.000000000000000000e+00
-1.273345351219177246e-01 4.676043391227722168e-01 1.000000000000000000e+00 0.000000000000000000e+00 0.000000000000000000e+00
-1.187931001186370850e-01 1.963920891284942627e-01 1.000000000000000000e+00 0.000000000000000000e+00 0.000000000000000000e+00
-1.546655297279357910e-01 1.032552570104598999e-01 0.000000000000000000e+00 1.000000000000000000e+00 0.000000000000000000e+00
-4.490867257118225098e-01 -1.346379756927490234e+00 1.000000000000000000e+00 0.000000000000000000e+00 0.000000000000000000e+00
-3.934204280376434326e-01 7.308731675148010254e-01 1.000000000000000000e+00 0.000000000000000000e+00 0.000000000000000000e+00
4.463000297546386719e-01 -1.135097891092300415e-01 1.000000000000000000e+00 0.000000000000000000e+00 0.000000000000000000e+00
1.924539506435394287e-01 5.312107130885124207e-02 0.000000000000000000e+00 1.000000000000000000e+00 0.000000000000000000e+00
4.745064079761505127e-01 -1.019517421722412109e+00 1.000000000000000000e+00 0.000000000000000000e+00 0.000000000000000000e+00
-4.230704307556152344e-01 7.691330909729003906e-01 1.000000000000000000e+00 0.000000000000000000e+00 0.000000000000000000e+00
4.276607632637023926e-01 -4.970438778400421143e-02 1.000000000000000000e+00 0.000000000000000000e+00 0.000000000000000000e+00
1.998988986015319824e-01 7.737912237644195557e-02 0.000000000000000000e+00 1.000000000000000000e+00 0.000000000000000000e+00
8.593813180923461914e-01 -1.739201784133911133e+00 1.000000000000000000e+00 0.000000000000000000e+00 0.000000000000000000e+00
5.460442304611206055e-01 -9.134137630462646484e-02 1.000000000000000000e+00 0.000000000000000000e+00 0.000000000000000000e+00
-6.934825181961059570e-01 7.441878318786621094e-01 1.000000000000000000e+00 0.000000000000000000e+00 0.000000000000000000e+00
-1.256199479103088379e-01 7.952268123626708984e-01 1.000000000000000000e+00 0.000000000000000000e+00 0.000000000000000000e+00
-7.272742688655853271e-02 1.503979265689849854e-01 0.000000000000000000e+00 1.000000000000000000e+00 0.000000000000000000e+00
3.958641886711120605e-01 -8.755182027816772461e-01 1.000000000000000000e+00 0.000000000000000000e+00 0.000000000000000000e+00
6.505903601646423340e-01 -8.080954849720001221e-02 1.000000000000000000e+00 0.000000000000000000e+00 0.000000000000000000e+00
2.079891562461853027e-01 7.407818734645843506e-02 1.000000000000000000e+00 0.000000000000000000e+00 0.000000000000000000e+00
-3.294946998357772827e-02 2.693603038787841797e-01 1.000000000000000000e+00 0.000000000000000000e+00 0.000000000000000000e+00
-1.194181442260742188e-01 2.227206826210021973e-01 1.000000000000000000e+00 0.000000000000000000e+00 0.000000000000000000e+00
-1.848042756319046021e-01 2.114709913730621338e-01 0.000000000000000000e+00 1.000000000000000000e+00 0.000000000000000000e+00
-1.332970112562179565e-01 -3.254966735839843750e-01 1.000000000000000000e+00 0.000000000000000000e+00 0.000000000000000000e+00
-5.623499155044555664e-01 8.707723021507263184e-01 1.000000000000000000e+00 0.000000000000000000e+00 0.000000000000000000e+00
-1.401370316743850708e-01 1.281829774379730225e-01 1.000000000000000000e+00 0.000000000000000000e+00 0.000000000000000000e+00
-8.320164680480957031e-02 -1.718247681856155396e-02 0.000000000000000000e+00 1.000000000000000000e+00 0.000000000000000000e+00
4.976296126842498779e-01 -3.116418719291687012e-01 1.000000000000000000e+00 0.000000000000000000e+00 0.000000000000000000e+00
7.209748625755310059e-01 5.066218376159667969e-01 1.000000000000000000e+00 0.000000000000000000e+00 0.000000000000000000e+00
4.142927527427673340e-01 1.375188529491424561e-01 0.000000000000000000e+00 1.000000000000000000e+00 0.000000000000000000e+00
-2.043916463851928711e+00 -2.414973735809326172e+00 0.000000000000000000e+00 0.000000000000000000e+00 1.000000000000000000e+00
-3.848609030246734619e-01 1.298616886138916016e+00 0.000000000000000000e+00 0.000000000000000000e+00 1.000000000000000000e+00
-1.571603536605834961e+00 -4.815644621849060059e-01 0.000000000000000000e+00 0.000000000000000000e+00 1.000000000000000000e+00
-1.013171315193176270e+00 -1.661442518234252930e-01 0.000000000000000000e+00 0.000000000000000000e+00 1.000000000000000000e+00
-1.232156157493591309e+00 -4.427276253700256348e-01 0.000000000000000000e+00 0.000000000000000000e+00 1.000000000000000000e+00
-1.078708052635192871e+00 -2.866317629814147949e-01 0.000000000000000000e+00 0.000000000000000000e+00 1.000000000000000000e+00
-1.128547668457031250e+00 -3.507952094078063965e-01 0.000000000000000000e+00 0.000000000000000000e+00 1.000000000000000000e+00
-1.074122548103332520e+00 -3.217181563377380371e-01 0.000000000000000000e+00 0.000000000000000000e+00 1.000000000000000000e+00
-1.065221309661865234e+00 -3.479366898536682129e-01 0.000000000000000000e+00 0.000000000000000000e+00 1.000000000000000000e+00
-1.037364721298217773e+00 -3.465579152107238770e-01 0.000000000000000000e+00 0.000000000000000000e+00 1.000000000000000000e+00
-1.024338364601135254e+00 -3.593420386314392090e-01 0.000000000000000000e+00 0.000000000000000000e+00 1.000000000000000000e+00
-1.008805990219116211e+00 -3.476915955543518066e-01 0.000000000000000000e+00 0.000000000000000000e+00 1.000000000000000000e+00
-9.998596906661987305e-01 -3.412347435951232910e-01 0.000000000000000000e+00 0.000000000000000000e+00 1.000000000000000000e+00
-9.882453680038452148e-01 -3.330852389335632324e-01 0.000000000000000000e+00 0.000000000000000000e+00 1.000000000000000000e+00
-9.773749113082885742e-01 -3.258928656578063965e-01 0.000000000000000000e+00 0.000000000000000000e+00 1.000000000000000000e+00
-9.672118425369262695e-01 -3.199629187583923340e-01 0.000000000000000000e+00 0.000000000000000000e+00 1.000000000000000000e+00
-9.562436342239379883e-01 -3.218627572059631348e-01 0.000000000000000000e+00 0.000000000000000000e+00 1.000000000000000000e+00
-9.448603391647338867e-01 -3.285270333290100098e-01 0.000000000000000000e+00 0.000000000000000000e+00 1.000000000000000000e+00
-9.358122348785400391e-01 -3.306757807731628418e-01 0.000000000000000000e+00 0.000000000000000000e+00 1.000000000000000000e+00
-9.293816089630126953e-01 -3.260805010795593262e-01 0.000000000000000000e+00 0.000000000000000000e+00 1.000000000000000000e+00
-9.235966205596923828e-01 -3.160430788993835449e-01 0.000000000000000000e+00 0.000000000000000000e+00 1.000000000000000000e+00
0.000000000000000000e+00 0.000000000000000000e+00 0.000000000000000000e+00 0.000000000000000000e+00 0.000000000000000000e+00
0.000000000000000000e+00 0.000000000000000000e+00 0.000000000000000000e+00 0.000000000000000000e+00 0.000000000000000000e+00
0.000000000000000000e+00 0.000000000000000000e+00 0.000000000000000000e+00 0.000000000000000000e+00 0.000000000000000000e+00
0.000000000000000000e+00 0.000000000000000000e+00 0.000000000000000000e+00 0.000000000000000000e+00 0.000000000000000000e+00
0.000000000000000000e+00 0.000000000000000000e+00 0.000000000000000000e+00 0.000000000000000000e+00 0.000000000000000000e+00
0.000000000000000000e+00 0.000000000000000000e+00 0.000000000000000000e+00 0.000000000000000000e+00 0.000000000000000000e+00
0.000000000000000000e+00 0.000000000000000000e+00 0.000000000000000000e+00 0.000000000000000000e+00 0.000000000000000000e+00
0.000000000000000000e+00 0.000000000000000000e+00 0.000000000000000000e+00 0.000000000000000000e+00 0.000000000000000000e+00
0.000000000000000000e+00 0.000000000000000000e+00 0.000000000000000000e+00 0.000000000000000000e+00 0.000000000000000000e+00
0.000000000000000000e+00 0.000000000000000000e+00 0.000000000000000000e+00 0.000000000000000000e+00 0.000000000000000000e+00
0.000000000000000000e+00 0.000000000000000000e+00 0.000000000000000000e+00 0.000000000000000000e+00 0.000000000000000000e+00
0.000000000000000000e+00 0.000000000000000000e+00 0.000000000000000000e+00 0.000000000000000000e+00 0.000000000000000000e+00
0.000000000000000000e+00 0.000000000000000000e+00 0.000000000000000000e+00 0.000000000000000000e+00 0.000000000000000000e+00
0.000000000000000000e+00 0.000000000000000000e+00 0.000000000000000000e+00 0.000000000000000000e+00 0.000000000000000000e+00
0.000000000000000000e+00 0.000000000000000000e+00 0.000000000000000000e+00 0.000000000000000000e+00 0.000000000000000000e+00
0.000000000000000000e+00 0.000000000000000000e+00 0.000000000000000000e+00 0.000000000000000000e+00 0.000000000000000000e+00
0.000000000000000000e+00 0.000000000000000000e+00 0.000000000000000000e+00 0.000000000000000000e+00 0.000000000000000000e+00
0.000000000000000000e+00 0.000000000000000000e+00 0.000000000000000000e+00 0.000000000000000000e+00 0.000000000000000000e+00
0.000000000000000000e+00 0.000000000000000000e+00 0.000000000000000000e+00 0.000000000000000000e+00 0.000000000000000000e+00
0.000000000000000000e+00 0.000000000000000000e+00 0.000000000000000000e+00 0.000000000000000000e+00 0.000000000000000000e+00
0.000000000000000000e+00 0.000000000000000000e+00 0.000000000000000000e+00 0.000000000000000000e+00 0.000000000000000000e+00
0.000000000000000000e+00 0.000000000000000000e+00 0.000000000000000000e+00 0.000000000000000000e+00 0.000000000000000000e+00
0.000000000000000000e+00 0.000000000000000000e+00 0.000000000000000000e+00 0.000000000000000000e+00 0.000000000000000000e+00
0.000000000000000000e+00 0.000000000000000000e+00 0.000000000000000000e+00 0.000000000000000000e+00 0.000000000000000000e+00
0.000000000000000000e+00 0.000000000000000000e+00 0.000000000000000000e+00 0.000000000000000000e+00 0.000000000000000000e+00
0.000000000000000000e+00 0.000000000000000000e+00 0.000000000000000000e+00 0.000000000000000000e+00 0.000000000000000000e+00
0.000000000000000000e+00 0.000000000000000000e+00 0.000000000000000000e+00 0.000000000000000000e+00 0.000000000000000000e+00
0.000000000000000000e+00 0.000000000000000000e+00 0.000000000000000000e+00 0.000000000000000000e+00 0.000000000000000000e+00
0.000000000000000000e+00 0.000000000000000000e+00 0.000000000000000000e+00 0.000000000000000000e+00 0.000000000000000000e+00
0.000000000000000000e+00 0.000000000000000000e+00 0.000000000000000000e+00 0.000000000000000000e+00 0.000000000000000000e+00
0.000000000000000000e+00 0.000000000000000000e+00 0.000000000000000000e+00 0.000000000000000000e+00 0.000000000000000000e+00
0.000000000000000000e+00 0.000000000000000000e+00 0.000000000000000000e+00 0.000000000000000000e+00 0.000000000000000000e+00
0.000000000000000000e+00 0.000000000000000000e+00 0.000000000000000000e+00 0.000000000000000000e+00 0.000000000000000000e+00
0.000000000000000000e+00 0.000000000000000000e+00 0.000000000000000000e+00 0.000000000000000000e+00 0.000000000000000000e+00
0.000000000000000000e+00 0.000000000000000000e+00 0.000000000000000000e+00 0.000000000000000000e+00 0.000000000000000000e+00
0.000000000000000000e+00 0.000000000000000000e+00 0.000000000000000000e+00 0.000000000000000000e+00 0.000000000000000000e+00
0.000000000000000000e+00 0.000000000000000000e+00 0.000000000000000000e+00 0.000000000000000000e+00 0.000000000000000000e+00
0.000000000000000000e+00 0.000000000000000000e+00 0.000000000000000000e+00 0.000000000000000000e+00 0.000000000000000000e+00
0.000000000000000000e+00 0.000000000000000000e+00 0.000000000000000000e+00 0.000000000000000000e+00 0.000000000000000000e+00
0.000000000000000000e+00 0.000000000000000000e+00 0.000000000000000000e+00 0.000000000000000000e+00 0.000000000000000000e+00
0.000000000000000000e+00 0.000000000000000000e+00 0.000000000000000000e+00 0.000000000000000000e+00 0.000000000000000000e+00
0.000000000000000000e+00 0.000000000000000000e+00 0.000000000000000000e+00 0.000000000000000000e+00 0.000000000000000000e+00
0.000000000000000000e+00 0.000000000000000000e+00 0.000000000000000000e+00 0.000000000000000000e+00 0.000000000000000000e+00
0.000000000000000000e+00 0.000000000000000000e+00 0.000000000000000000e+00 0.000000000000000000e+00 0.000000000000000000e+00
0.000000000000000000e+00 0.000000000000000000e+00 0.000000000000000000e+00 0.000000000000000000e+00 0.000000000000000000e+00
0.000000000000000000e+00 0.000000000000000000e+00 0.000000000000000000e+00 0.000000000000000000e+00 0.000000000000000000e+00
0.000000000000000000e+00 0.000000000000000000e+00 0.000000000000000000e+00 0.000000000000000000e+00 0.000000000000000000e+00
0.000000000000000000e+00 0.000000000000000000e+00 0.000000000000000000e+00 0.000000000000000000e+00 0.000000000000000000e+00
0.000000000000000000e+00 0.000000000000000000e+00 0.000000000000000000e+00 0.000000000000000000e+00 0.000000000000000000e+00
0.000000000000000000e+00 0.000000000000000000e+00 0.000000000000000000e+00 0.000000000000000000e+00 0.000000000000000000e+00
0.000000000000000000e+00 0.000000000000000000e+00 0.000000000000000000e+00 0.000000000000000000e+00 0.000000000000000000e+00
0.000000000000000000e+00 0.000000000000000000e+00 0.000000000000000000e+00 0.000000000000000000e+00 0.000000000000000000e+00
