0.000000000000000000e+00 0.000000000000000000e+00 1.000000000000000000e+00 0.000000000000000000e+00 0.000000000000000000e+00
-7.161611318588256836e-01 1.086172342300415039e+00 1.000000000000000000e+00 0.000000000000000000e+00 0.000000000000000000e+00
-5.676834583282470703e-01 6.067008972167968750e-01 1.000000000000000000e+00 0.000000000000000000e+00 0.000000000000000000e+00
-3.172909915447235107e-01 1.947768628597259521e-01 0.000000000000000000e+00 1.000000000000000000e+00 0.000000000000000000e+00
9.150457382202148438e-01 -7.092939019203186035e-01 1.000000000000000000e+00 0.000000000000000000e+00 0.000000000000000000e+00
7.215344905853271484e-01 -1.295727193355560303e-01 1.000000000000000000e+00 0.000000000000000000e+00 0.000000000000000000e+00
2.161989808082580566e-01 6.175433099269866943e-02 1.000000000000000000e+00 0.000000000000000000e+00 0.000000000000000000e+00
-6.109961271286010742e-01 6.207313537597656250e-01 1.000000000000000000e+00 0.000000000000000000e+00 0.000000000000000000e+00
-3.402411043643951416e-01 1.693611145019531250e-01 1.000000000000000000e+00 0.000000000000000000e+00 0.000000000000000000e+00
-1.280411481857299805e-01 -2.217010781168937683e-02 1.000000000000000000e+00 0.000000000000000000e+00 0.000000000000000000e+00
4.803944751620292664e-02 -1.326679140329360962e-01 1.000000000000000000e+00 0.000000000000000000e+00 0.000000000000000000e+00
1.285256892442703247e-01 -1.046702265739440918e-02 1.000000000000000000e+00 0.000000000000000000e+00 0.000000000000000000e+00
7.409490644931793213e-03 1.125089168548583984e+00 1.000000000000000000e+00 0.000000000000000000e+00 0.000000000000000000e+00
7.040724158287048340e-02 1.119637116789817810e-01 1.000000000000000000e+00 0.000000000000000000e+00 0.000000000000000000e+00
9.256219863891601562e-02 -2.593234926462173462e-02 1.000000000000000000e+00 0.000000000000000000e+00 0.000000000000000000e+00
3.420779705047607422e-01 -5.590801239013671875e-01 1.000000000000000000e+00 0.000000000000000000e+00 0.000000000000000000e+00
1.552077531814575195e-01 -4.694724678993225098e-01 0.000000000000000000e+00 1.000000000000000000e+00 0.000000000000000000e+00
9.531227350234985352e-01 -1.547026634216308594e+00 1.000000000000000000e+00 0.000000000000000000e+00 0.000000000000000000e+00
5.530527830123901367e-01 -3.664971888065338135e-02 1.000000000000000000e+00 0.000000000000000000e+00 0.000000000000000000e+00
-7.822822332382202148e-01 9.293611049652099609e-01 1.000000000000000000e+00 0.000000000000000000e+00 0.000000000000000000e+00
7.651593089103698730e-01 -4.911035299301147461e-03 1.000000000000000000e+00 0.000000000000000000e+00 0.000000000000000000e+00
3.355271518230438232e-01 1.436963081359863281e-01 1.000000000000000000e+00 0.000000000000000000e+00 0.000000000000000000e+00
1.045887917280197144e-01 1.588509976863861084e-01 1.000000000000000000e+00 0.000000000000000000e+00 0.000000000000000000e+00
6.237964611500501633e-03 5.170235633850097656e-01 1.000000000000000000e+00 0.000000000000000000e+00 0.000000000000000000e+00
-2.030626237392425537e-01 5.698105096817016602e-01 1.000000000000000000e+00 0.000000000000000000e+00 0.000000000000000000e+00
-1.532949358224868774e-01 1.928026974201202393e-01 1.000000000000000000e+00 0.000000000000000000e+00 0.000000000000000000e+00
-1.669228672981262207e-01 8.667182922363281250e-02 1.000000000000000000e+00 0.000000000000000000e+00 0.000000000000000000e+00
-2.126188427209854126e-01 -3.522653877735137939e-02 1.000000000000000000e+00 0.000000000000000000e+00 0.000000000000000000e+00
-2.445845752954483032e-01 -2.108303606510162354e-01 0.000000000000000000e+00 1.000000000000000000e+00 0.000000000000000000e+00
-5.953681096434593201e-02 -9.190505743026733398e-01 1.000000000000000000e+00 0.000000000000000000e+00 0.000000000000000000e+00
-5.078591704368591309e-01 6.816132068634033203e-01 1.000000000000000000e+00 0.000000000000000000e+00 0.000000000000000000e+00
5.857484936714172363e-01 -3.458018898963928223e-01 0.000000000000000000e+00 1.000000000000000000e+00 0.000000000000000000e+00
5.850599408149719238e-01 -1.443920731544494629e-01 1.000000000000000000e+00 0.000000000000000000e+00 0.000000000000000000e+00
-8.406981229782104492e-01 9.846152067184448242e-01 1.000000000000000000e+00 0.000000000000000000e+00 0.000000000000000000e+00
-4.399646818637847900e-01 3.058695197105407715e-01 0.000000000000000000e+00 1.000000000000000000e+00 0.000000000000000000e+00
2.308042347431182861e-01 -2.585088729858398438e+00 0.000000000000000000e+00 0.000000000000000000e+00 1.000000000000000000e+00
-9.609749317169189453e-01 6.272823810577392578e-01 0.000000000000000000e+00 0.000000000000000000e+00 1.000000000000000000e+00
-1.293587207794189453e+00 -7.124586701393127441e-01 0.000000000000000000e+00 0.000000000000000000e+00 1.000000000000000000e+00
-9.376769065856933594e-01 -1.092951297760009766e-01 0.000000000000000000e+00 0.000000000000000000e+00 1.000000000000000000e+00
-1.073270916938781738e+00 -3.685098290443420410e-01 0.000000000000000000e+00 0.000000000000000000e+00 1.000000000000000000e+00
-9.901565313339233398e-01 -3.000019788742065430e-01 0.000000000000000000e+00 0.000000000000000000e+00 1.000000000000000000e+00
-9.994162321090698242e-01 -3.030317425727844238e-01 0.000000000000000000e+00 0.000000000000000000e+00 1.000000000000000000e+00
-9.775652885437011719e-01 -2.803562283515930176e-01 0.000000000000000000e+00 0.000000000000000000e+00 1.000000000000000000e+00
-9.730499982833862305e-01 -2.524380087852478027e-01 0.000000000000000000e+00 0.000000000000000000e+00 1.000000000000000000e+00
-9.633737802505493164e-01 -2.328255772590637207e-01 0.000000000000000000e+00 0.000000000000000000e+00 1.000000000000000000e+00
-9.466798305511474609e-01 -2.322898507118225098e-01 0.000000000000000000e+00 0.000000000000000000e+00 1.000000000000000000e+00
-9.355474710464477539e-01 -2.334259748458862305e-01 0.000000000000000000e+00 0.000000000000000000e+00 1.000000000000000000e+00
-9.323188066482543945e-01 -2.300521731376647949e-01 0.000000000000000000e+00 0.000000000000000000e+00 1.000000000000000000e+00
-9.300925731658935547e-01 -2.252626419067382812e-01 0.000000000000000000e+00 0.000000000000000000e+00 1.000000000000000000e+00
-9.260041713714599609e-01 -2.171906828880310059e-01 0.000000000000000000e+00 0.000000000000000000e+00 1.000000000000000000e+00
-9.219776391983032227e-01 -2.064595818519592285e-01 0.000000000000000000e+00 0.000000000000000000e+00 1.000000000000000000e+00
-9.163950681686401367e-01 -2.004382014274597168e-01 0.000000000000000000e+00 0.000000000000000000e+00 1.000000000000000000e+00
-9.090571403503417969e-01 -2.024332284927368164e-01 0.000000000000000000e+00 0.000000000000000000e+00 1.000000000000000000e+00
-9.012328386306762695e-01 -2.105705142021179199e-01 0.000000000000000000e+00 0.000000000000000000e+00 1.000000000000000000e+00
-8.910450935363769531e-01 -2.231277823448181152e-01 0.000000000000000000e+00 0.000000000000000000e+00 1.000000000000000000e+00
-8.834860324859619141e-01 -2.286398410797119141e-01 0.000000000000000000e+00 0.000000000000000000e+00 1.000000000000000000e+00
-8.775664567947387695e-01 -2.272183895111083984e-01 0.000000000000000000e+00 0.000000000000000000e+00 1.000000000000000000e+00
-8.701001405715942383e-01 -2.238745093345642090e-01 0.000000000000000000e+00 0.000000000000000000e+00 1.000000000000000000e+00
-8.612941503524780273e-01 -2.234367132186889648e-01 0.000000000000000000e+00 0.000000000000000000e+00 1.000000000000000000e+00
-8.531999588012695312e-01 -2.259819507598876953e-01 0.000000000000000000e+00 0.000000000000000000e+00 1.000000000000000000e+00
-8.444352149963378906e-01 -2.309955954551696777e-01 0.000000000000000000e+00 0.000000000000000000e+00 1.000000000000000000e+00
-8.355702161788940430e-01 -2.355940937995910645e-01 0.000000000000000000e+00 0.000000000000000000e+00 1.000000000000000000e+00
-8.277606964111328125e-01 -2.372542023658752441e-01 0.000000000000000000e+00 0.000000000000000000e+00 1.000000000000000000e+00
-8.225402832031250000e-01 -2.356886267662048340e-01 0.000000000000000000e+00 0.000000000000000000e+00 1.000000000000000000e+00
-8.193874359130859375e-01 -2.341800332069396973e-01 0.000000000000000000e+00 0.000000000000000000e+00 1.000000000000000000e+00
0.000000000000000000e+00 0.000000000000000000e+00 0.000000000000000000e+00 0.000000000000000000e+00 0.000000000000000000e+00
0.000000000000000000e+00 0.000000000000000000e+00 0.000000000000000000e+00 0.000000000000000000e+00 0.000000000000000000e+00
0.000000000000000000e+00 0.000000000000000000e+00 0.000000000000000000e+00 0.000000000000000000e+00 0.000000000000000000e+00
0.000000000000000000e+00 0.000000000000000000e+00 0.000000000000000000e+00 0.000000000000000000e+00 0.000000000000000000e+00
0.000000000000000000e+00 0.000000000000000000e+00 0.000000000000000000e+00 0.000000000000000000e+00 0.000000000000000000e+00
0.000000000000000000e+00 0.000000000000000000e+00 0.000000000000000000e+00 0.000000000000000000e+00 0.000000000000000000e+00
0.000000000000000000e+00 0.000000000000000000e+00 0.000000000000000000e+00 0.000000000000000000e+00 0.000000000000000000e+00
0.000000000000000000e+00 0.000000000000000000e+00 0.000000000000000000e+00 0.000000000000000000e+00 0.000000000000000000e+00
0.000000000000000000e+00 0.000000000000000000e+00 0.000000000000000000e+00 0.000000000000000000e+00 0.000000000000000000e+00
0.000000000000000000e+00 0.000000000000000000e+00 0.000000000000000000e+00 0.000000000000000000e+00 0.000000000000000000e+00
0.000000000000000000e+00 0.000000000000000000e+00 0.000000000000000000e+00 0.000000000000000000e+00 0.000000000000000000e+00
0.000000000000000000e+00 0.000000000000000000e+00 0.000000000000000000e+00 0.000000000000000000e+00 0.000000000000000000e+00
0.000000000000000000e+00 0.000000000000000000e+00 0.000000000000000000e+00 0.000000000000000000e+00 0.000000000000000000e+00
0.000000000000000000e+00 0.000000000000000000e+00 0.000000000000000000e+00 0.000000000000000000e+00 0.000000000000000000e+00
0.000000000000000000e+00 0.000000000000000000e+00 0.000000000000000000e+00 0.000000000000000000e+00 0.000000000000000000e+00
0.000000000000000000e+00 0.000000000000000000e+00 0.000000000000000000e+00 0.000000000000000000e+00 0.000000000000000000e+00
0.000000000000000000e+00 0.000000000000000000e+00 0.000000000000000000e+00 0.000000000000000000e+00 0.000000000000000000e+00
0.000000000000000000e+00 0.000000000000000000e+00 0.000000000000000000e+00 0.000000000000000000e+00 0.000000000000000000e+00
0.000000000000000000e+00 0.000000000000000000e+00 0.000000000000000000e+00 0.000000000000000000e+00 0.000000000000000000e+00
0.000000000000000000e+00 0.000000000000000000e+00 0.000000000000000000e+00 0.000000000000000000e+00 0.000000000000000000e+00
0.000000000000000000e+00 0.000000000000000000e+00 0.000000000000000000e+00 0.000000000000000000e+00 0.000000000000000000e+00
0.000000000000000000e+00 0.000000000000000000e+00 0.000000000000000000e+00 0.000000000000000000e+00 0.000000000000000000e+00
0.000000000000000000e+00 0.000000000000000000e+00 0.000000000000000000e+00 0.000000000000000000e+00 0.000000000000000000e+00
0.000000000000000000e+00 0.000000000000000000e+00 0.000000000000000000e+00 0.000000000000000000e+00 0.000000000000000000e+00
0.000000000000000000e+00 0.000000000000000000e+00 0.000000000000000000e+00 0.000000000000000000e+00 0.000000000000000000e+00
0.000000000000000000e+00 0.000000000000000000e+00 0.000000000000000000e+00 0.000000000000000000e+00 0.000000000000000000e+00
0.000000000000000000e+00 0.000000000000000000e+00 0.000000000000000000e+00 0.000000000000000000e+00 0.000000000000000000e+00
0.000000000000000000e+00 0.000000000000000000e+00 0.000000000000000000e+00 0.000000000000000000e+00 0.000000000000000000e+00
0.000000000000000000e+00 0.000000000000000000e+00 0.000000000000000000e+00 0.000000000000000000e+00 0.000000000000000000e+00
0.000000000000000000e+00 0.000000000000000000e+00 0.000000000000000000e+00 0.000000000000000000e+00 0.000000000000000000e+00
0.000000000000000000e+00 0.000000000000000000e+00 0.000000000000000000e+00 0.000000000000000000e+00 0.000000000000000000e+00
0.000000000000000000e+00 0.000000000000000000e+00 0.000000000000000000e+00 0.000000000000000000e+00 0.000000000000000000e+00
0.000000000000000000e+00 0.000000000000000000e+00 0.000000000000000000e+00 0.000000000000000000e+00 0.000000000000000000e+00
0.000000000000000000e+00 0.000000000000000000e+00 0.000000000000000000e+00 0.000000000000000000e+00 0.000000000000000000e+00
0.000000000000000000e+00 0.000000000000000000e+00 0.000000000000000000e+00 0.000000000000000000e+00 0.000000000000000000e+00
0.000000000000000000e+00 0.000000000000000000e+00 0.000000000000000000e+00 0.000000000000000000e+00 0.000000000000000000e+00
0.000000000000000000e+00 0.000000000000000000e+00 0.000000000000000000e+00 0.000000000000000000e+00 0.000000000000000000e+00
0.000000000000000000e+00 0.000000000000000000e+00 0.000000000000000000e+00 0.000000000000000000e+00 0.000000000000000000e+00
0.000000000000000000e+00 0.000000000000000000e+00 0.000000000000000000e+00 0.000000000000000000e+00 0.000000000000000000e+00
0.000000000000000000e+00 0.000000000000000000e+00 0.000000000000000000e+00 0.000000000000000000e+00 0.000000000000000000e+00
0.000000000000000000e+00 0.000000000000000000e+00 0.000000000000000000e+00 0.000000000000000000e+00 0.000000000000000000e+00
0.000000000000000000e+00 0.000000000000000000e+00 0.000000000000000000e+00 0.000000000000000000e+00 0.000000000000000000e+00
0.000000000000000000e+00 0.000000000000000000e+00 0.000000000000000000e+00 0.000000000000000000e+00 0.000000000000000000e+00
0.000000000000000000e+00 0.000000000000000000e+00 0.000000000000000000e+00 0.000000000000000000e+00 0.000000000000000000e+00
0.000000000000000000e+00 0.000000000000000000e+00 0.000000000000000000e+00 0.000000000000000000e+00 0.000000000000000000e+00
0.000000000000000000e+00 0.000000000000000000e+00 0.000000000000000000e+00 0.000000000000000000e+00 0.000000000000000000e+00
0.000000000000000000e+00 0.000000000000000000e+00 0.000000000000000000e+00 0.000000000000000000e+00 0.000000000000000000e+00
0.000000000000000000e+00 0.000000000000000000e+00 0.000000000000000000e+00 0.000000000000000000e+00 0.000000000000000000e+00
0.000000000000000000e+00 0.000000000000000000e+00 0.000000000000000000e+00 0.000000000000000000e+00 0.000000000000000000e+00
0.000000000000000000e+00 0.000000000000000000e+00 0.000000000000000000e+00 0.000000000000000000e+00 0.000000000000000000e+00
0.000000000000000000e+00 0.000000000000000000e+00 0.000000000000000000e+00 0.000000000000000000e+00 0.000000000000000000e+00
0.000000000000000000e+00 0.000000000000000000e+00 0.000000000000000000e+00 0.000000000000000000e+00 0.000000000000000000e+00
0.000000000000000000e+00 0.000000000000000000e+00 0.000000000000000000e+00 0.000000000000000000e+00 0.000000000000000000e+00
0.000000000000000000e+00 0.000000000000000000e+00 0.000000000000000000e+00 0.000000000000000000e+00 0.000000000000000000e+00
0.000000000000000000e+00 0.000000000000000000e+00 0.000000000000000000e+00 0.000000000000000000e+00 0.000000000000000000e+00
0.000000000000000000e+00 0.000000000000000000e+00 0.000000000000000000e+00 0.000000000000000000e+00 0.000000000000000000e+00
