0.000000000000000000e+00 0.000000000000000000e+00 1.000000000000000000e+00 0.000000000000000000e+00 0.000000000000000000e+00
8.363320827484130859e-01 -1.566424071788787842e-01 1.000000000000000000e+00 0.000000000000000000e+00 0.000000000000000000e+00
3.085901737213134766e-01 7.716385275125503540e-02 1.000000000000000000e+00 0.000000000000000000e+00 0.000000000000000000e+00
-6.534175574779510498e-02 3.084777593612670898e-01 1.000000000000000000e+00 0.000000000000000000e+00 0.000000000000000000e+00
-4.162869453430175781e-01 5.447539687156677246e-01 1.000000000000000000e+00 0.000000000000000000e+00 0.000000000000000000e+00
-2.396931499242782593e-01 1.671863049268722534e-01 1.000000000000000000e+00 0.000000000000000000e+00 0.000000000000000000e+00
-2.134284526109695435e-01 -9.182482957839965820e-03 0.000000000000000000e+00 1.000000000000000000e+00 0.000000000000000000e+00
-3.714909031987190247e-02 -3.468626141548156738e-01 1.000000000000000000e+00 0.000000000000000000e+00 0.000000000000000000e+00
-3.337512016296386719e-01 6.874902248382568359e-01 1.000000000000000000e+00 0.000000000000000000e+00 0.000000000000000000e+00
7.946594357490539551e-01 -8.797615021467208862e-02 1.000000000000000000e+00 0.000000000000000000e+00 0.000000000000000000e+00
2.898311018943786621e-01 1.233407407999038696e-01 1.000000000000000000e+00 0.000000000000000000e+00 0.000000000000000000e+00
7.276790589094161987e-02 4.214170277118682861e-01 1.000000000000000000e+00 0.000000000000000000e+00 0.000000000000000000e+00
-1.416440606117248535e-01 5.561962127685546875e-01 1.000000000000000000e+00 0.000000000000000000e+00 0.000000000000000000e+00
-1.432908475399017334e-01 2.163564562797546387e-01 1.000000000000000000e+00 0.000000000000000000e+00 0.000000000000000000e+00
-1.773906350135803223e-01 1.184553131461143494e-01 1.000000000000000000e+00 0.000000000000000000e+00 0.000000000000000000e+00
-2.534558176994323730e-01 6.690457463264465332e-03 1.000000000000000000e+00 0.000000000000000000e+00 0.000000000000000000e+00
-2.961264848709106445e-01 -1.310252547264099121e-01 1.000000000000000000e+00 0.000000000000000000e+00 0.000000000000000000e+00
-2.116653621196746826e-01 -2.419843226671218872e-01 1.000000000000000000e+00 0.000000000000000000e+00 0.000000000000000000e+00
-2.736565470695495605e-02 -1.995468735694885254e-01 1.000000000000000000e+00 0.000000000000000000e+00 0.000000000000000000e+00
6.805590987205505371e-01 -2.934300303459167480e-01 1.000000000000000000e+00 0.000000000000000000e+00 0.000000000000000000e+00
2.579670548439025879e-01 -2.211340814828872681e-01 0.000000000000000000e+00 1.000000000000000000e+00 0.000000000000000000e+00
8.801555633544921875e-01 -7.529808282852172852e-01 1.000000000000000000e+00 0.000000000000000000e+00 0.000000000000000000e+00
9.565158486366271973e-01 -2.423015236854553223e-01 1.000000000000000000e+00 0.000000000000000000e+00 0.000000000000000000e+00
3.848572373390197754e-01 -2.102295607328414917e-01 1.000000000000000000e+00 0.000000000000000000e+00 0.000000000000000000e+00
7.643544673919677734e-02 -1.554084122180938721e-01 0.000000000000000000e+00 1.000000000000000000e+00 0.000000000000000000e+00
-4.866413176059722900e-01 -3.480981886386871338e-01 1.000000000000000000e+00 0.000000000000000000e+00 0.000000000000000000e+00
-1.323945522308349609e-01 6.923673152923583984e-01 1.000000000000000000e+00 0.000000000000000000e+00 0.000000000000000000e+00
-4.787512123584747314e-01 1.060248255729675293e+00 1.000000000000000000e+00 0.000000000000000000e+00 0.000000000000000000e+00
-5.073758959770202637e-01 6.835613250732421875e-01 1.000000000000000000e+00 0.000000000000000000e+00 0.000000000000000000e+00
-2.799682021141052246e-01 1.416810154914855957e-01 0.000000000000000000e+00 1.000000000000000000e+00 0.000000000000000000e+00
1.153176069259643555e+00 -8.332891464233398438e-01 1.000000000000000000e+00 0.000000000000000000e+00 0.000000000000000000e+00
8.089741468429565430e-01 6.996498107910156250e-01 1.000000000000000000e+00 0.000000000000000000e+00 0.000000000000000000e+00
4.281825423240661621e-01 1.848174780607223511e-01 0.000000000000000000e+00 1.000000000000000000e+00 0.000000000000000000e+00
4.507117718458175659e-02 -2.991082668304443359e+00 0.000000000000000000e+00 0.000000000000000000e+00 1.000000000000000000e+00
-6.862332820892333984e-01 3.140337169170379639e-01 0.000000000000000000e+00 0.000000000000000000e+00 1.000000000000000000e+00
-9.555051326751708984e-01 -8.390355706214904785e-01 0.000000000000000000e+00 0.000000000000000000e+00 1.000000000000000000e+00
-6.530639529228210449e-01 -4.742417931556701660e-01 0.000000000000000000e+00 0.000000000000000000e+00 1.000000000000000000e+00
-7.151628732681274414e-01 -5.126138329505920410e-01 0.000000000000000000e+00 0.000000000000000000e+00 1.000000000000000000e+00
-6.725814342498779297e-01 -4.454941153526306152e-01 0.000000000000000000e+00 0.000000000000000000e+00 1.000000000000000000e+00
-6.744776964187622070e-01 -3.909354805946350098e-01 0.000000000000000000e+00 0.000000000000000000e+00 1.000000000000000000e+00
-6.669209599494934082e-01 -3.591589331626892090e-01 0.000000000000000000e+00 0.000000000000000000e+00 1.000000000000000000e+00
-6.648588180541992188e-01 -3.383253216743469238e-01 0.000000000000000000e+00 0.000000000000000000e+00 1.000000000000000000e+00
-6.575663089752197266e-01 -3.215621113777160645e-01 0.000000000000000000e+00 0.000000000000000000e+00 1.000000000000000000e+00
-6.476779580116271973e-01 -3.151418566703796387e-01 0.000000000000000000e+00 0.000000000000000000e+00 1.000000000000000000e+00
-6.391451358795166016e-01 -3.068266510963439941e-01 0.000000000000000000e+00 0.000000000000000000e+00 1.000000000000000000e+00
-6.335795521736145020e-01 -3.001179099082946777e-01 0.000000000000000000e+00 0.000000000000000000e+00 1.000000000000000000e+00
-6.306820511817932129e-01 -2.935360074043273926e-01 0.000000000000000000e+00 0.000000000000000000e+00 1.000000000000000000e+00
-6.289252042770385742e-01 -2.888730764389038086e-01 0.000000000000000000e+00 0.000000000000000000e+00 1.000000000000000000e+00
-6.275074481964111328e-01 -2.812869548797607422e-01 0.000000000000000000e+00 0.000000000000000000e+00 1.000000000000000000e+00
-6.257698535919189453e-01 -2.720214724540710449e-01 0.000000000000000000e+00 0.000000000000000000e+00 1.000000000000000000e+00
-6.229097843170166016e-01 -2.674555778503417969e-01 0.000000000000000000e+00 0.000000000000000000e+00 1.000000000000000000e+00
-6.189875602722167969e-01 -2.646647095680236816e-01 0.000000000000000000e+00 0.000000000000000000e+00 1.000000000000000000e+00
-6.155022382736206055e-01 -2.618063092231750488e-01 0.000000000000000000e+00 0.000000000000000000e+00 1.000000000000000000e+00
-6.127254962921142578e-01 -2.591407895088195801e-01 0.000000000000000000e+00 0.000000000000000000e+00 1.000000000000000000e+00
-6.098183393478393555e-01 -2.601812481880187988e-01 0.000000000000000000e+00 0.000000000000000000e+00 1.000000000000000000e+00
-6.050581336021423340e-01 -2.604950070381164551e-01 0.000000000000000000e+00 0.000000000000000000e+00 1.000000000000000000e+00
-5.998901128768920898e-01 -2.598834633827209473e-01 0.000000000000000000e+00 0.000000000000000000e+00 1.000000000000000000e+00
-5.954416990280151367e-01 -2.594339847564697266e-01 0.000000000000000000e+00 0.000000000000000000e+00 1.000000000000000000e+00
-5.898428559303283691e-01 -2.608807682991027832e-01 0.000000000000000000e+00 0.000000000000000000e+00 1.000000000000000000e+00
-5.836592316627502441e-01 -2.619529366493225098e-01 0.000000000000000000e+00 0.000000000000000000e+00 1.000000000000000000e+00
-5.787732005119323730e-01 -2.611896991729736328e-01 0.000000000000000000e+00 0.000000000000000000e+00 1.000000000000000000e+00
-5.751771926879882812e-01 -2.567637562751770020e-01 0.000000000000000000e+00 0.000000000000000000e+00 1.000000000000000000e+00
-5.712281465530395508e-01 -2.489708065986633301e-01 0.000000000000000000e+00 0.000000000000000000e+00 1.000000000000000000e+00
-5.673890113830566406e-01 -2.426350712776184082e-01 0.000000000000000000e+00 0.000000000000000000e+00 1.000000000000000000e+00
0.000000000000000000e+00 0.000000000000000000e+00 0.000000000000000000e+00 0.000000000000000000e+00 0.000000000000000000e+00
0.000000000000000000e+00 0.000000000000000000e+00 0.000000000000000000e+00 0.000000000000000000e+00 0.000000000000000000e+00
0.000000000000000000e+00 0.000000000000000000e+00 0.000000000000000000e+00 0.000000000000000000e+00 0.000000000000000000e+00
0.000000000000000000e+00 0.000000000000000000e+00 0.000000000000000000e+00 0.000000000000000000e+00 0.000000000000000000e+00
0.000000000000000000e+00 0.000000000000000000e+00 0.000000000000000000e+00 0.000000000000000000e+00 0.000000000000000000e+00
0.000000000000000000e+00 0.000000000000000000e+00 0.000000000000000000e+00 0.000000000000000000e+00 0.000000000000000000e+00
0.000000000000000000e+00 0.000000000000000000e+00 0.000000000000000000e+00 0.000000000000000000e+00 0.000000000000000000e+00
0.000000000000000000e+00 0.000000000000000000e+00 0.000000000000000000e+00 0.000000000000000000e+00 0.000000000000000000e+00
0.000000000000000000e+00 0.000000000000000000e+00 0.000000000000000000e+00 0.000000000000000000e+00 0.000000000000000000e+00
0.000000000000000000e+00 0.000000000000000000e+00 0.000000000000000000e+00 0.000000000000000000e+00 0.000000000000000000e+00
0.000000000000000000e+00 0.000000000000000000e+00 0.000000000000000000e+00 0.000000000000000000e+00 0.000000000000000000e+00
0.000000000000000000e+00 0.000000000000000000e+00 0.000000000000000000e+00 0.000000000000000000e+00 0.000000000000000000e+00
0.000000000000000000e+00 0.000000000000000000e+00 0.000000000000000000e+00 0.000000000000000000e+00 0.000000000000000000e+00
0.000000000000000000e+00 0.000000000000000000e+00 0.000000000000000000e+00 0.000000000000000000e+00 0.000000000000000000e+00
0.000000000000000000e+00 0.000000000000000000e+00 0.000000000000000000e+00 0.000000000000000000e+00 0.000000000000000000e+00
0.000000000000000000e+00 0.000000000000000000e+00 0.000000000000000000e+00 0.000000000000000000e+00 0.000000000000000000e+00
0.000000000000000000e+00 0.000000000000000000e+00 0.000000000000000000e+00 0.000000000000000000e+00 0.000000000000000000e+00
0.000000000000000000e+00 0.000000000000000000e+00 0.000000000000000000e+00 0.000000000000000000e+00 0.000000000000000000e+00
0.000000000000000000e+00 0.000000000000000000e+00 0.000000000000000000e+00 0.000000000000000000e+00 0.000000000000000000e+00
0.000000000000000000e+00 0.000000000000000000e+00 0.000000000000000000e+00 0.000000000000000000e+00 0.000000000000000000e+00
0.000000000000000000e+00 0.000000000000000000e+00 0.000000000000000000e+00 0.000000000000000000e+00 0.000000000000000000e+00
0.000000000000000000e+00 0.000000000000000000e+00 0.000000000000000000e+00 0.000000000000000000e+00 0.000000000000000000e+00
0.000000000000000000e+00 0.000000000000000000e+00 0.000000000000000000e+00 0.000000000000000000e+00 0.000000000000000000e+00
0.000000000000000000e+00 0.000000000000000000e+00 0.000000000000000000e+00 0.000000000000000000e+00 0.000000000000000000e+00
0.000000000000000000e+00 0.000000000000000000e+00 0.000000000000000000e+00 0.000000000000000000e+00 0.000000000000000000e+00
0.000000000000000000e+00 0.000000000000000000e+00 0.000000000000000000e+00 0.000000000000000000e+00 0.000000000000000000e+00
0.000000000000000000e+00 0.000000000000000000e+00 0.000000000000000000e+00 0.000000000000000000e+00 0.000000000000000000e+00
0.000000000000000000e+00 0.000000000000000000e+00 0.000000000000000000e+00 0.000000000000000000e+00 0.000000000000000000e+00
0.000000000000000000e+00 0.000000000000000000e+00 0.000000000000000000e+00 0.000000000000000000e+00 0.000000000000000000e+00
0.000000000000000000e+00 0.000000000000000000e+00 0.000000000000000000e+00 0.000000000000000000e+00 0.000000000000000000e+00
0.000000000000000000e+00 0.000000000000000000e+00 0.000000000000000000e+00 0.000000000000000000e+00 0.000000000000000000e+00
0.000000000000000000e+00 0.000000000000000000e+00 0.000000000000000000e+00 0.000000000000000000e+00 0.000000000000000000e+00
0.000000000000000000e+00 0.000000000000000000e+00 0.000000000000000000e+00 0.000000000000000000e+00 0.000000000000000000e+00
0.000000000000000000e+00 0.000000000000000000e+00 0.000000000000000000e+00 0.000000000000000000e+00 0.000000000000000000e+00
0.000000000000000000e+00 0.000000000000000000e+00 0.000000000000000000e+00 0.000000000000000000e+00 0.000000000000000000e+00
0.000000000000000000e+00 0.000000000000000000e+00 0.000000000000000000e+00 0.000000000000000000e+00 0.000000000000000000e+00
0.000000000000000000e+00 0.000000000000000000e+00 0.000000000000000000e+00 0.000000000000000000e+00 0.000000000000000000e+00
0.000000000000000000e+00 0.000000000000000000e+00 0.000000000000000000e+00 0.000000000000000000e+00 0.000000000000000000e+00
0.000000000000000000e+00 0.000000000000000000e+00 0.000000000000000000e+00 0.000000000000000000e+00 0.000000000000000000e+00
0.000000000000000000e+00 0.000000000000000000e+00 0.000000000000000000e+00 0.000000000000000000e+00 0.000000000000000000e+00
0.000000000000000000e+00 0.000000000000000000e+00 0.000000000000000000e+00 0.000000000000000000e+00 0.000000000000000000e+00
0.000000000000000000e+00 0.000000000000000000e+00 0.000000000000000000e+00 0.000000000000000000e+00 0.000000000000000000e+00
0.000000000000000000e+00 0.000000000000000000e+00 0.000000000000000000e+00 0.000000000000000000e+00 0.000000000000000000e+00
0.000000000000000000e+00 0.000000000000000000e+00 0.000000000000000000e+00 0.000000000000000000e+00 0.000000000000000000e+00
0.000000000000000000e+00 0.000000000000000000e+00 0.000000000000000000e+00 0.000000000000000000e+00 0.000000000000000000e+00
0.000000000000000000e+00 0.000000000000000000e+00 0.000000000000000000e+00 0.000000000000000000e+00 0.000000000000000000e+00
0.000000000000000000e+00 0.000000000000000000e+00 0.000000000000000000e+00 0.000000000000000000e+00 0.000000000000000000e+00
0.000000000000000000e+00 0.000000000000000000e+00 0.000000000000000000e+00 0.000000000000000000e+00 0.000000000000000000e+00
0.000000000000000000e+00 0.000000000000000000e+00 0.000000000000000000e+00 0.000000000000000000e+00 0.000000000000000000e+00
0.000000000000000000e+00 0.000000000000000000e+00 0.000000000000000000e+00 0.000000000000000000e+00 0.000000000000000000e+00
0.000000000000000000e+00 0.000000000000000000e+00 0.000000000000000000e+00 0.000000000000000000e+00 0.000000000000000000e+00
0.000000000000000000e+00 0.000000000000000000e+00 0.000000000000000000e+00 0.000000000000000000e+00 0.000000000000000000e+00
0.000000000000000000e+00 0.000000000000000000e+00 0.000000000000000000e+00 0.000000000000000000e+00 0.000000000000000000e+00
0.000000000000000000e+00 0.000000000000000000e+00 0.000000000000000000e+00 0.000000000000000000e+00 0.000000000000000000e+00
0.000000000000000000e+00 0.000000000000000000e+00 0.000000000000000000e+00 0.000000000000000000e+00 0.000000000000000000e+00
0.000000000000000000e+00 0.000000000000000000e+00 0.000000000000000000e+00 0.000000000000000000e+00 0.000000000000000000e+00
0.000000000000000000e+00 0.000000000000000000e+00 0.000000000000000000e+00 0.000000000000000000e+00 0.000000000000000000e+00
