0.000000000000000000e+00 0.000000000000000000e+00 1.000000000000000000e+00 0.000000000000000000e+00 0.000000000000000000e+00
-5.726714432239532471e-02 7.928851246833801270e-01 1.000000000000000000e+00 0.000000000000000000e+00 0.000000000000000000e+00
-8.026960492134094238e-02 2.341146469116210938e-01 0.000000000000000000e+00 1.000000000000000000e+00 0.000000000000000000e+00
4.093610346317291260e-01 -1.173042297363281250e+00 1.000000000000000000e+00 0.000000000000000000e+00 0.000000000000000000e+00
7.691625356674194336e-01 -1.611845195293426514e-01 1.000000000000000000e+00 0.000000000000000000e+00 0.000000000000000000e+00
2.747318148612976074e-01 5.090307071805000305e-02 1.000000000000000000e+00 0.000000000000000000e+00 0.000000000000000000e+00
-2.009535133838653564e-01 8.255519270896911621e-01 1.000000000000000000e+00 0.000000000000000000e+00 0.000000000000000000e+00
-1.304373145103454590e-01 2.287959903478622437e-01 0.000000000000000000e+00 1.000000000000000000e+00 0.000000000000000000e+00
-6.034957170486450195e-01 -3.985615372657775879e-01 1.000000000000000000e+00 0.000000000000000000e+00 0.000000000000000000e+00
3.560919761657714844e-01 -6.741449236869812012e-03 1.000000000000000000e+00 0.000000000000000000e+00 0.000000000000000000e+00
-4.864277839660644531e-01 5.924901366233825684e-01 1.000000000000000000e+00 0.000000000000000000e+00 0.000000000000000000e+00
-2.446956932544708252e-01 1.900703907012939453e-01 0.000000000000000000e+00 1.000000000000000000e+00 0.000000000000000000e+00
-5.397467613220214844e-01 1.176081821322441101e-01 1.000000000000000000e+00 0.000000000000000000e+00 0.000000000000000000e+00
-1.565181091427803040e-02 5.999396443367004395e-01 1.000000000000000000e+00 0.000000000000000000e+00 0.000000000000000000e+00
-6.192344054579734802e-02 1.669719815254211426e-01 0.000000000000000000e+00 1.000000000000000000e+00 0.000000000000000000e+00
5.428305864334106445e-01 -8.116521239280700684e-01 1.000000000000000000e+00 0.000000000000000000e+00 0.000000000000000000e+00
1.061083555221557617e+00 -2.004409879446029663e-01 1.000000000000000000e+00 0.000000000000000000e+00 0.000000000000000000e+00
3.120620846748352051e-01 4.758928716182708740e-02 1.000000000000000000e+00 0.000000000000000000e+00 0.000000000000000000e+00
-6.226174831390380859e-01 5.791987776756286621e-01 1.000000000000000000e+00 0.000000000000000000e+00 0.000000000000000000e+00
-3.566877245903015137e-01 2.108072787523269653e-01 0.000000000000000000e+00 1.000000000000000000e+00 0.000000000000000000e+00
-4.045898020267486572e-01 2.145234495401382446e-02 1.000000000000000000e+00 0.000000000000000000e+00 0.000000000000000000e+00
-7.771664857864379883e-02 8.644576668739318848e-01 1.000000000000000000e+00 0.000000000000000000e+00 0.000000000000000000e+00
-7.089187204837799072e-02 2.124211043119430542e-01 0.000000000000000000e+00 1.000000000000000000e+00 0.000000000000000000e+00
4.577881097793579102e-01 -1.172244310379028320e+00 1.000000000000000000e+00 0.000000000000000000e+00 0.000000000000000000e+00
6.139019727706909180e-01 -1.377053558826446533e-01 1.000000000000000000e+00 0.000000000000000000e+00 0.000000000000000000e+00
2.047737985849380493e-01 9.068351984024047852e-02 1.000000000000000000e+00 0.000000000000000000e+00 0.000000000000000000e+00
-4.897971823811531067e-02 1.185158371925354004e+00 1.000000000000000000e+00 0.000000000000000000e+00 0.000000000000000000e+00
-7.119934260845184326e-02 1.801897436380386353e-01 1.000000000000000000e+00 0.000000000000000000e+00 0.000000000000000000e+00
-1.233949363231658936e-01 7.654203474521636963e-02 0.000000000000000000e+00 1.000000000000000000e+00 0.000000000000000000e+00
-3.696590960025787354e-01 -9.653043746948242188e-01 1.000000000000000000e+00 0.000000000000000000e+00 0.000000000000000000e+00
2.359306812286376953e-01 -4.653663933277130127e-02 1.000000000000000000e+00 0.000000000000000000e+00 0.000000000000000000e+00
3.689960762858390808e-02 4.935587942600250244e-02 0.000000000000000000e+00 1.000000000000000000e+00 0.000000000000000000e+00
-1.779116243124008179e-01 3.117857575416564941e-01 1.000000000000000000e+00 0.000000000000000000e+00 0.000000000000000000e+00
3.837494254112243652e-01 -2.226966917514801025e-01 1.000000000000000000e+00 0.000000000000000000e+00 0.000000000000000000e+00
2.100496590137481689e-01 -2.490004599094390869e-01 0.000000000000000000e+00 1.000000000000000000e+00 0.000000000000000000e+00
9.697807431221008301e-01 -1.813928127288818359e+00 1.000000000000000000e+00 0.000000000000000000e+00 0.000000000000000000e+00
-2.572242915630340576e-01 8.676350116729736328e-01 1.000000000000000000e+00 0.000000000000000000e+00 0.000000000000000000e+00
-1.021541804075241089e-01 1.683383285999298096e-01 0.000000000000000000e+00 1.000000000000000000e+00 0.000000000000000000e+00
5.242293477058410645e-01 -1.053570270538330078e+00 1.000000000000000000e+00 0.000000000000000000e+00 0.000000000000000000e+00
1.862735897302627563e-01 -5.512244999408721924e-03 1.000000000000000000e+00 0.000000000000000000e+00 0.000000000000000000e+00
9.592161327600479126e-02 6.258164048194885254e-01 1.000000000000000000e+00 0.000000000000000000e+00 0.000000000000000000e+00
1.726966053247451782e-01 1.680977344512939453e-01 0.000000000000000000e+00 1.000000000000000000e+00 0.000000000000000000e+00
-7.497158050537109375e-01 6.022843122482299805e-01 1.000000000000000000e+00 0.000000000000000000e+00 0.000000000000000000e+00
6.076003909111022949e-01 -3.858779370784759521e-02 1.000000000000000000e+00 0.000000000000000000e+00 0.000000000000000000e+00
1.419749706983566284e-01 9.977110475301742554e-02 1.000000000000000000e+00 0.000000000000000000e+00 0.000000000000000000e+00
-7.096439003944396973e-01 9.215142726898193359e-01 1.000000000000000000e+00 0.000000000000000000e+00 0.000000000000000000e+00
-2.590140700340270996e-01 1.943909525871276855e-01 1.000000000000000000e+00 0.000000000000000000e+00 0.000000000000000000e+00
-2.015754878520965576e-01 4.470836743712425232e-02 0.000000000000000000e+00 1.000000000000000000e+00 0.000000000000000000e+00
2.833636999130249023e-01 -6.918948888778686523e-01 1.000000000000000000e+00 0.000000000000000000e+00 0.000000000000000000e+00
9.044164419174194336e-01 6.153006553649902344e-01 1.000000000000000000e+00 0.000000000000000000e+00 0.000000000000000000e+00
5.129331946372985840e-01 1.795001327991485596e-01 1.000000000000000000e+00 0.000000000000000000e+00 0.000000000000000000e+00
5.776820182800292969e-01 4.969317093491554260e-02 0.000000000000000000e+00 1.000000000000000000e+00 0.000000000000000000e+00
-2.389070749282836914e+00 -2.503033399581909180e+00 0.000000000000000000e+00 0.000000000000000000e+00 1.000000000000000000e+00
-2.421673834323883057e-01 1.362272262573242188e+00 0.000000000000000000e+00 0.000000000000000000e+00 1.000000000000000000e+00
-1.609243392944335938e+00 -3.299165368080139160e-01 0.000000000000000000e+00 0.000000000000000000e+00 1.000000000000000000e+00
-1.041313290596008301e+00 -2.696919441223144531e-01 0.000000000000000000e+00 0.000000000000000000e+00 1.000000000000000000e+00
-1.213997721672058105e+00 -3.990595936775207520e-01 0.000000000000000000e+00 0.000000000000000000e+00 1.000000000000000000e+00
-1.092232227325439453e+00 -2.823232412338256836e-01 0.000000000000000000e+00 0.000000000000000000e+00 1.000000000000000000e+00
-1.111734628677368164e+00 -3.505805134773254395e-01 0.000000000000000000e+00 0.000000000000000000e+00 1.000000000000000000e+00
-1.068620443344116211e+00 -3.152888417243957520e-01 0.000000000000000000e+00 0.000000000000000000e+00 1.000000000000000000e+00
-1.062025547027587891e+00 -3.236566185951232910e-01 0.000000000000000000e+00 0.000000000000000000e+00 1.000000000000000000e+00
-1.040116548538208008e+00 -3.195386528968811035e-01 0.000000000000000000e+00 0.000000000000000000e+00 1.000000000000000000e+00
-1.024448275566101074e+00 -3.234053254127502441e-01 0.000000000000000000e+00 0.000000000000000000e+00 1.000000000000000000e+00
-1.011508226394653320e+00 -3.104572892189025879e-01 0.000000000000000000e+00 0.000000000000000000e+00 1.000000000000000000e+00
-1.004888772964477539e+00 -3.072014451026916504e-01 0.000000000000000000e+00 0.000000000000000000e+00 1.000000000000000000e+00
-1.000359654426574707e+00 -3.045132756233215332e-01 0.000000000000000000e+00 0.000000000000000000e+00 1.000000000000000000e+00
-9.962477684020996094e-01 -3.022740483283996582e-01 0.000000000000000000e+00 0.000000000000000000e+00 1.000000000000000000e+00
0.000000000000000000e+00 0.000000000000000000e+00 0.000000000000000000e+00 0.000000000000000000e+00 0.000000000000000000e+00
0.000000000000000000e+00 0.000000000000000000e+00 0.000000000000000000e+00 0.000000000000000000e+00 0.000000000000000000e+00
0.000000000000000000e+00 0.000000000000000000e+00 0.000000000000000000e+00 0.000000000000000000e+00 0.000000000000000000e+00
0.000000000000000000e+00 0.000000000000000000e+00 0.000000000000000000e+00 0.000000000000000000e+00 0.000000000000000000e+00
0.000000000000000000e+00 0.000000000000000000e+00 0.000000000000000000e+00 0.000000000000000000e+00 0.000000000000000000e+00
0.000000000000000000e+00 0.000000000000000000e+00 0.000000000000000000e+00 0.000000000000000000e+00 0.000000000000000000e+00
0.000000000000000000e+00 0.000000000000000000e+00 0.000000000000000000e+00 0.000000000000000000e+00 0.000000000000000000e+00
0.000000000000000000e+00 0.000000000000000000e+00 0.000000000000000000e+00 0.000000000000000000e+00 0.000000000000000000e+00
0.000000000000000000e+00 0.000000000000000000e+00 0.000000000000000000e+00 0.000000000000000000e+00 0.000000000000000000e+00
0.000000000000000000e+00 0.000000000000000000e+00 0.000000000000000000e+00 0.000000000000000000e+00 0.000000000000000000e+00
0.000000000000000000e+00 0.000000000000000000e+00 0.000000000000000000e+00 0.000000000000000000e+00 0.000000000000000000e+00
0.000000000000000000e+00 0.000000000000000000e+00 0.000000000000000000e+00 0.000000000000000000e+00 0.000000000000000000e+00
0.000000000000000000e+00 0.000000000000000000e+00 0.000000000000000000e+00 0.000000000000000000e+00 0.000000000000000000e+00
0.000000000000000000e+00 0.000000000000000000e+00 0.000000000000000000e+00 0.000000000000000000e+00 0.000000000000000000e+00
0.000000000000000000e+00 0.000000000000000000e+00 0.000000000000000000e+00 0.000000000000000000e+00 0.000000000000000000e+00
0.000000000000000000e+00 0.000000000000000000e+00 0.000000000000000000e+00 0.000000000000000000e+00 0.000000000000000000e+00
0.000000000000000000e+00 0.000000000000000000e+00 0.000000000000000000e+00 0.000000000000000000e+00 0.000000000000000000e+00
0.000000000000000000e+00 0.000000000000000000e+00 0.000000000000000000e+00 0.000000000000000000e+00 0.000000000000000000e+00
0.000000000000000000e+00 0.000000000000000000e+00 0.000000000000000000e+00 0.000000000000000000e+00 0.000000000000000000e+00
0.000000000000000000e+00 0.000000000000000000e+00 0.000000000000000000e+00 0.000000000000000000e+00 0.000000000000000000e+00
0.000000000000000000e+00 0.000000000000000000e+00 0.000000000000000000e+00 0.000000000000000000e+00 0.000000000000000000e+00
0.000000000000000000e+00 0.000000000000000000e+00 0.000000000000000000e+00 0.000000000000000000e+00 0.000000000000000000e+00
0.000000000000000000e+00 0.000000000000000000e+00 0.000000000000000000e+00 0.000000000000000000e+00 0.000000000000000000e+00
0.000000000000000000e+00 0.000000000000000000e+00 0.000000000000000000e+00 0.000000000000000000e+00 0.000000000000000000e+00
0.000000000000000000e+00 0.000000000000000000e+00 0.000000000000000000e+00 0.000000000000000000e+00 0.000000000000000000e+00
0.000000000000000000e+00 0.000000000000000000e+00 0.000000000000000000e+00 0.000000000000000000e+00 0.000000000000000000e+00
0.000000000000000000e+00 0.000000000000000000e+00 0.000000000000000000e+00 0.000000000000000000e+00 0.000000000000000000e+00
0.000000000000000000e+00 0.000000000000000000e+00 0.000000000000000000e+00 0.000000000000000000e+00 0.000000000000000000e+00
0.000000000000000000e+00 0.000000000000000000e+00 0.000000000000000000e+00 0.000000000000000000e+00 0.000000000000000000e+00
0.000000000000000000e+00 0.000000000000000000e+00 0.000000000000000000e+00 0.000000000000000000e+00 0.000000000000000000e+00
0.000000000000000000e+00 0.000000000000000000e+00 0.000000000000000000e+00 0.000000000000000000e+00 0.000000000000000000e+00
0.000000000000000000e+00 0.000000000000000000e+00 0.000000000000000000e+00 0.000000000000000000e+00 0.000000000000000000e+00
0.000000000000000000e+00 0.000000000000000000e+00 0.000000000000000000e+00 0.000000000000000000e+00 0.000000000000000000e+00
0.000000000000000000e+00 0.000000000000000000e+00 0.000000000000000000e+00 0.000000000000000000e+00 0.000000000000000000e+00
0.000000000000000000e+00 0.000000000000000000e+00 0.000000000000000000e+00 0.000000000000000000e+00 0.000000000000000000e+00
0.000000000000000000e+00 0.000000000000000000e+00 0.000000000000000000e+00 0.000000000000000000e+00 0.000000000000000000e+00
0.000000000000000000e+00 0.000000000000000000e+00 0.000000000000000000e+00 0.000000000000000000e+00 0.000000000000000000e+00
0.000000000000000000e+00 0.000000000000000000e+00 0.000000000000000000e+00 0.000000000000000000e+00 0.000000000000000000e+00
0.000000000000000000e+00 0.000000000000000000e+00 0.000000000000000000e+00 0.000000000000000000e+00 0.000000000000000000e+00
0.000000000000000000e+00 0.000000000000000000e+00 0.000000000000000000e+00 0.000000000000000000e+00 0.000000000000000000e+00
0.000000000000000000e+00 0.000000000000000000e+00 0.000000000000000000e+00 0.000000000000000000e+00 0.000000000000000000e+00
0.000000000000000000e+00 0.000000000000000000e+00 0.000000000000000000e+00 0.000000000000000000e+00 0.000000000000000000e+00
0.000000000000000000e+00 0.000000000000000000e+00 0.000000000000000000e+00 0.000000000000000000e+00 0.000000000000000000e+00
0.000000000000000000e+00 0.000000000000000000e+00 0.000000000000000000e+00 0.000000000000000000e+00 0.000000000000000000e+00
0.000000000000000000e+00 0.000000000000000000e+00 0.000000000000000000e+00 0.000000000000000000e+00 0.000000000000000000e+00
0.000000000000000000e+00 0.000000000000000000e+00 0.000000000000000000e+00 0.000000000000000000e+00 0.000000000000000000e+00
0.000000000000000000e+00 0.000000000000000000e+00 0.000000000000000000e+00 0.000000000000000000e+00 0.000000000000000000e+00
0.000000000000000000e+00 0.000000000000000000e+00 0.000000000000000000e+00 0.000000000000000000e+00 0.000000000000000000e+00
0.000000000000000000e+00 0.000000000000000000e+00 0.000000000000000000e+00 0.000000000000000000e+00 0.000000000000000000e+00
0.000000000000000000e+00 0.000000000000000000e+00 0.000000000000000000e+00 0.000000000000000000e+00 0.000000000000000000e+00
0.000000000000000000e+00 0.000000000000000000e+00 0.000000000000000000e+00 0.000000000000000000e+00 0.000000000000000000e+00
0.000000000000000000e+00 0.000000000000000000e+00 0.000000000000000000e+00 0.000000000000000000e+00 0.000000000000000000e+00
0.000000000000000000e+00 0.000000000000000000e+00 0.000000000000000000e+00 0.000000000000000000e+00 0.000000000000000000e+00
0.000000000000000000e+00 0.000000000000000000e+00 0.000000000000000000e+00 0.000000000000000000e+00 0.000000000000000000e+00
