0.000000000000000000e+00 0.000000000000000000e+00 1.000000000000000000e+00 0.000000000000000000e+00 0.000000000000000000e+00
-6.659161299467086792e-02 8.263974189758300781e-01 1.000000000000000000e+00 0.000000000000000000e+00 0.000000000000000000e+00
-7.779074460268020630e-02 2.205835431814193726e-01 0.000000000000000000e+00 1.000000000000000000e+00 0.000000000000000000e+00
4.207430481910705566e-01 -1.165955662727355957e+00 1.000000000000000000e+00 0.000000000000000000e+00 0.000000000000000000e+00
7.611446976661682129e-01 -1.583652794361114502e-01 1.000000000000000000e+00 0.000000000000000000e+00 0.000000000000000000e+00
2.708724141120910645e-01 5.124397948384284973e-02 1.000000000000000000e+00 0.000000000000000000e+00 0.000000000000000000e+00
-2.056158483028411865e-01 8.042098283767700195e-01 1.000000000000000000e+00 0.000000000000000000e+00 0.000000000000000000e+00
-1.307558119297027588e-01 2.244364321231842041e-01 0.000000000000000000e+00 1.000000000000000000e+00 0.000000000000000000e+00
-6.018471717834472656e-01 -4.091661572456359863e-01 1.000000000000000000e+00 0.000000000000000000e+00 0.000000000000000000e+00
3.553212285041809082e-01 -2.326458692550659180e-03 1.000000000000000000e+00 0.000000000000000000e+00 0.000000000000000000e+00
-4.800803065299987793e-01 5.685203075408935547e-01 1.000000000000000000e+00 0.000000000000000000e+00 0.000000000000000000e+00
-2.405651956796646118e-01 1.769009828567504883e-01 0.000000000000000000e+00 1.000000000000000000e+00 0.000000000000000000e+00
-5.305342078208923340e-01 1.028679087758064270e-01 1.000000000000000000e+00 0.000000000000000000e+00 0.000000000000000000e+00
-2.044939249753952026e-02 5.836528539657592773e-01 1.000000000000000000e+00 0.000000000000000000e+00 0.000000000000000000e+00
-6.093676388263702393e-02 1.544162929058074951e-01 0.000000000000000000e+00 1.000000000000000000e+00 0.000000000000000000e+00
5.369086265563964844e-01 -7.920006513595581055e-01 1.000000000000000000e+00 0.000000000000000000e+00 0.000000000000000000e+00
1.035827279090881348e+00 -1.922627538442611694e-01 1.000000000000000000e+00 0.000000000000000000e+00 0.000000000000000000e+00
3.150283992290496826e-01 4.803594946861267090e-02 1.000000000000000000e+00 0.000000000000000000e+00 0.000000000000000000e+00
-6.326622366905212402e-01 5.581718087196350098e-01 1.000000000000000000e+00 0.000000000000000000e+00 0.000000000000000000e+00
-3.401434421539306641e-01 1.879837065935134888e-01 0.000000000000000000e+00 1.000000000000000000e+00 0.000000000000000000e+00
-3.940277993679046631e-01 3.116364032030105591e-02 1.000000000000000000e+00 0.000000000000000000e+00 0.000000000000000000e+00
-8.625861257314682007e-02 8.482083082199096680e-01 1.000000000000000000e+00 0.000000000000000000e+00 0.000000000000000000e+00
-7.160408049821853638e-02 2.019630968570709229e-01 0.000000000000000000e+00 1.000000000000000000e+00 0.000000000000000000e+00
4.514804184436798096e-01 -1.153597354888916016e+00 1.000000000000000000e+00 0.000000000000000000e+00 0.000000000000000000e+00
6.006298065185546875e-01 -1.273209601640701294e-01 1.000000000000000000e+00 0.000000000000000000e+00 0.000000000000000000e+00
2.009889781475067139e-01 9.330675005912780762e-02 1.000000000000000000e+00 0.000000000000000000e+00 0.000000000000000000e+00
-4.881497099995613098e-02 1.178464889526367188e+00 1.000000000000000000e+00 0.000000000000000000e+00 0.000000000000000000e+00
-6.800031661987304688e-02 1.618228554725646973e-01 1.000000000000000000e+00 0.000000000000000000e+00 0.000000000000000000e+00
-1.164651513099670410e-01 6.008223444223403931e-02 0.000000000000000000e+00 1.000000000000000000e+00 0.000000000000000000e+00
-3.724274933338165283e-01 -9.730062484741210938e-01 1.000000000000000000e+00 0.000000000000000000e+00 0.000000000000000000e+00
2.419055104255676270e-01 -4.051549732685089111e-02 1.000000000000000000e+00 0.000000000000000000e+00 0.000000000000000000e+00
3.630831837654113770e-02 5.005323141813278198e-02 0.000000000000000000e+00 1.000000000000000000e+00 0.000000000000000000e+00
-1.921420246362686157e-01 3.055208325386047363e-01 1.000000000000000000e+00 0.000000000000000000e+00 0.000000000000000000e+00
4.104661643505096436e-01 -2.124799489974975586e-01 1.000000000000000000e+00 0.000000000000000000e+00 0.000000000000000000e+00
2.380244284868240356e-01 -2.485483288764953613e-01 0.000000000000000000e+00 1.000000000000000000e+00 0.000000000000000000e+00
1.330704092979431152e+00 -1.845317125320434570e+00 1.000000000000000000e+00 0.000000000000000000e+00 0.000000000000000000e+00
-6.617926359176635742e-01 6.431932449340820312e-01 1.000000000000000000e+00 0.000000000000000000e+00 0.000000000000000000e+00
-3.238882869482040405e-03 8.402187824249267578e-01 1.000000000000000000e+00 0.000000000000000000e+00 0.000000000000000000e+00
-1.619584113359451294e-01 8.631460666656494141e-01 1.000000000000000000e+00 0.000000000000000000e+00 0.000000000000000000e+00
4.395266771316528320e-01 -5.737382769584655762e-01 1.000000000000000000e+00 0.000000000000000000e+00 0.000000000000000000e+00
8.870466053485870361e-02 -2.434755414724349976e-01 0.000000000000000000e+00 1.000000000000000000e+00 0.000000000000000000e+00
-1.267702579498291016e-01 -2.528240978717803955e-01 1.000000000000000000e+00 0.000000000000000000e+00 0.000000000000000000e+00
7.162618637084960938e-01 -2.313884496688842773e-01 1.000000000000000000e+00 0.000000000000000000e+00 0.000000000000000000e+00
2.599197328090667725e-01 -2.085781544446945190e-01 1.000000000000000000e+00 0.000000000000000000e+00 0.000000000000000000e+00
4.927641712129116058e-03 -1.298967003822326660e-01 0.000000000000000000e+00 1.000000000000000000e+00 0.000000000000000000e+00
-4.238910079002380371e-01 -1.568093895912170410e-01 1.000000000000000000e+00 0.000000000000000000e+00 0.000000000000000000e+00
2.608634531497955322e-01 1.253974437713623047e+00 1.000000000000000000e+00 0.000000000000000000e+00 0.000000000000000000e+00
2.603707611560821533e-01 5.290451049804687500e-01 1.000000000000000000e+00 0.000000000000000000e+00 0.000000000000000000e+00
2.269513905048370361e-01 1.915229409933090210e-01 1.000000000000000000e+00 0.000000000000000000e+00 0.000000000000000000e+00
2.151825577020645142e-01 4.276173561811447144e-02 0.000000000000000000e+00 1.000000000000000000e+00 0.000000000000000000e+00
-1.132167816162109375e+00 -2.522338926792144775e-01 1.000000000000000000e+00 0.000000000000000000e+00 0.000000000000000000e+00
-5.660349503159523010e-02 9.408689290285110474e-02 1.000000000000000000e+00 0.000000000000000000e+00 0.000000000000000000e+00
1.056060865521430969e-01 1.882217973470687866e-01 0.000000000000000000e+00 1.000000000000000000e+00 0.000000000000000000e+00
-6.676009893417358398e-01 -1.179937362670898438e+00 0.000000000000000000e+00 0.000000000000000000e+00 1.000000000000000000e+00
-1.048846006393432617e+00 1.755039095878601074e-01 0.000000000000000000e+00 0.000000000000000000e+00 1.000000000000000000e+00
-1.146271944046020508e+00 -4.894853234291076660e-01 0.000000000000000000e+00 0.000000000000000000e+00 1.000000000000000000e+00
-9.657555818557739258e-01 -2.206193804740905762e-01 0.000000000000000000e+00 0.000000000000000000e+00 1.000000000000000000e+00
-1.025426745414733887e+00 -4.424340128898620605e-01 0.000000000000000000e+00 0.000000000000000000e+00 1.000000000000000000e+00
-9.607608318328857422e-01 -3.290691971778869629e-01 0.000000000000000000e+00 0.000000000000000000e+00 1.000000000000000000e+00
-9.673482179641723633e-01 -3.960190415382385254e-01 0.000000000000000000e+00 0.000000000000000000e+00 1.000000000000000000e+00
-9.413570165634155273e-01 -3.703158497810363770e-01 0.000000000000000000e+00 0.000000000000000000e+00 1.000000000000000000e+00
-9.425102472305297852e-01 -3.630133271217346191e-01 0.000000000000000000e+00 0.000000000000000000e+00 1.000000000000000000e+00
-9.335523843765258789e-01 -3.516886830329895020e-01 0.000000000000000000e+00 0.000000000000000000e+00 1.000000000000000000e+00
-9.216592311859130859e-01 -3.569590449333190918e-01 0.000000000000000000e+00 0.000000000000000000e+00 1.000000000000000000e+00
-9.124363660812377930e-01 -3.501833081245422363e-01 0.000000000000000000e+00 0.000000000000000000e+00 1.000000000000000000e+00
-9.085433483123779297e-01 -3.473473191261291504e-01 0.000000000000000000e+00 0.000000000000000000e+00 1.000000000000000000e+00
-9.056290388107299805e-01 -3.449164032936096191e-01 0.000000000000000000e+00 0.000000000000000000e+00 1.000000000000000000e+00
-9.037026166915893555e-01 -3.386183381080627441e-01 0.000000000000000000e+00 0.000000000000000000e+00 1.000000000000000000e+00
-9.037628173828125000e-01 -3.234806656837463379e-01 0.000000000000000000e+00 0.000000000000000000e+00 1.000000000000000000e+00
-9.013720750808715820e-01 -3.097731471061706543e-01 0.000000000000000000e+00 0.000000000000000000e+00 1.000000000000000000e+00
-8.948110342025756836e-01 -3.042508363723754883e-01 0.000000000000000000e+00 0.000000000000000000e+00 1.000000000000000000e+00
-8.886026144027709961e-01 -3.034738302230834961e-01 0.000000000000000000e+00 0.000000000000000000e+00 1.000000000000000000e+00
-8.850426673889160156e-01 -3.099415302276611328e-01 0.000000000000000000e+00 0.000000000000000000e+00 1.000000000000000000e+00
-8.813644647598266602e-01 -3.134861588478088379e-01 0.000000000000000000e+00 0.000000000000000000e+00 1.000000000000000000e+00
-8.783563375473022461e-01 -3.100886940956115723e-01 0.000000000000000000e+00 0.000000000000000000e+00 1.000000000000000000e+00
-8.724902868270874023e-01 -3.052731752395629883e-01 0.000000000000000000e+00 0.000000000000000000e+00 1.000000000000000000e+00
-8.649048805236816406e-01 -2.998704314231872559e-01 0.000000000000000000e+00 0.000000000000000000e+00 1.000000000000000000e+00
-8.591076135635375977e-01 -2.937013506889343262e-01 0.000000000000000000e+00 0.000000000000000000e+00 1.000000000000000000e+00
0.000000000000000000e+00 0.000000000000000000e+00 0.000000000000000000e+00 0.000000000000000000e+00 0.000000000000000000e+00
0.000000000000000000e+00 0.000000000000000000e+00 0.000000000000000000e+00 0.000000000000000000e+00 0.000000000000000000e+00
0.000000000000000000e+00 0.000000000000000000e+00 0.000000000000000000e+00 0.000000000000000000e+00 0.000000000000000000e+00
0.000000000000000000e+00 0.000000000000000000e+00 0.000000000000000000e+00 0.000000000000000000e+00 0.000000000000000000e+00
0.000000000000000000e+00 0.000000000000000000e+00 0.000000000000000000e+00 0.000000000000000000e+00 0.000000000000000000e+00
0.000000000000000000e+00 0.000000000000000000e+00 0.000000000000000000e+00 0.000000000000000000e+00 0.000000000000000000e+00
0.000000000000000000e+00 0.000000000000000000e+00 0.000000000000000000e+00 0.000000000000000000e+00 0.000000000000000000e+00
0.000000000000000000e+00 0.000000000000000000e+00 0.000000000000000000e+00 0.000000000000000000e+00 0.000000000000000000e+00
0.000000000000000000e+00 0.000000000000000000e+00 0.000000000000000000e+00 0.000000000000000000e+00 0.000000000000000000e+00
0.000000000000000000e+00 0.000000000000000000e+00 0.000000000000000000e+00 0.000000000000000000e+00 0.000000000000000000e+00
0.000000000000000000e+00 0.000000000000000000e+00 0.000000000000000000e+00 0.000000000000000000e+00 0.000000000000000000e+00
0.000000000000000000e+00 0.000000000000000000e+00 0.000000000000000000e+00 0.000000000000000000e+00 0.000000000000000000e+00
0.000000000000000000e+00 0.000000000000000000e+00 0.000000000000000000e+00 0.000000000000000000e+00 0.000000000000000000e+00
0.000000000000000000e+00 0.000000000000000000e+00 0.000000000000000000e+00 0.000000000000000000e+00 0.000000000000000000e+00
0.000000000000000000e+00 0.000000000000000000e+00 0.000000000000000000e+00 0.000000000000000000e+00 0.000000000000000000e+00
0.000000000000000000e+00 0.000000000000000000e+00 0.000000000000000000e+00 0.000000000000000000e+00 0.000000000000000000e+00
0.000000000000000000e+00 0.000000000000000000e+00 0.000000000000000000e+00 0.000000000000000000e+00 0.000000000000000000e+00
0.000000000000000000e+00 0.000000000000000000e+00 0.000000000000000000e+00 0.000000000000000000e+00 0.000000000000000000e+00
0.000000000000000000e+00 0.000000000000000000e+00 0.000000000000000000e+00 0.000000000000000000e+00 0.000000000000000000e+00
0.000000000000000000e+00 0.000000000000000000e+00 0.000000000000000000e+00 0.000000000000000000e+00 0.000000000000000000e+00
0.000000000000000000e+00 0.000000000000000000e+00 0.000000000000000000e+00 0.000000000000000000e+00 0.000000000000000000e+00
0.000000000000000000e+00 0.000000000000000000e+00 0.000000000000000000e+00 0.000000000000000000e+00 0.000000000000000000e+00
0.000000000000000000e+00 0.000000000000000000e+00 0.000000000000000000e+00 0.000000000000000000e+00 0.000000000000000000e+00
0.000000000000000000e+00 0.000000000000000000e+00 0.000000000000000000e+00 0.000000000000000000e+00 0.000000000000000000e+00
0.000000000000000000e+00 0.000000000000000000e+00 0.000000000000000000e+00 0.000000000000000000e+00 0.000000000000000000e+00
0.000000000000000000e+00 0.000000000000000000e+00 0.000000000000000000e+00 0.000000000000000000e+00 0.000000000000000000e+00
0.000000000000000000e+00 0.000000000000000000e+00 0.000000000000000000e+00 0.000000000000000000e+00 0.000000000000000000e+00
0.000000000000000000e+00 0.000000000000000000e+00 0.000000000000000000e+00 0.000000000000000000e+00 0.000000000000000000e+00
0.000000000000000000e+00 0.000000000000000000e+00 0.000000000000000000e+00 0.000000000000000000e+00 0.000000000000000000e+00
0.000000000000000000e+00 0.000000000000000000e+00 0.000000000000000000e+00 0.000000000000000000e+00 0.000000000000000000e+00
0.000000000000000000e+00 0.000000000000000000e+00 0.000000000000000000e+00 0.000000000000000000e+00 0.000000000000000000e+00
0.000000000000000000e+00 0.000000000000000000e+00 0.000000000000000000e+00 0.000000000000000000e+00 0.000000000000000000e+00
0.000000000000000000e+00 0.000000000000000000e+00 0.000000000000000000e+00 0.000000000000000000e+00 0.000000000000000000e+00
0.000000000000000000e+00 0.000000000000000000e+00 0.000000000000000000e+00 0.000000000000000000e+00 0.000000000000000000e+00
0.000000000000000000e+00 0.000000000000000000e+00 0.000000000000000000e+00 0.000000000000000000e+00 0.000000000000000000e+00
0.000000000000000000e+00 0.000000000000000000e+00 0.000000000000000000e+00 0.000000000000000000e+00 0.000000000000000000e+00
0.000000000000000000e+00 0.000000000000000000e+00 0.000000000000000000e+00 0.000000000000000000e+00 0.000000000000000000e+00
0.000000000000000000e+00 0.000000000000000000e+00 0.000000000000000000e+00 0.000000000000000000e+00 0.000000000000000000e+00
0.000000000000000000e+00 0.000000000000000000e+00 0.000000000000000000e+00 0.000000000000000000e+00 0.000000000000000000e+00
0.000000000000000000e+00 0.000000000000000000e+00 0.000000000000000000e+00 0.000000000000000000e+00 0.000000000000000000e+00
0.000000000000000000e+00 0.000000000000000000e+00 0.000000000000000000e+00 0.000000000000000000e+00 0.000000000000000000e+00
0.000000000000000000e+00 0.000000000000000000e+00 0.000000000000000000e+00 0.000000000000000000e+00 0.000000000000000000e+00
0.000000000000000000e+00 0.000000000000000000e+00 0.000000000000000000e+00 0.000000000000000000e+00 0.000000000000000000e+00
