0.000000000000000000e+00 0.000000000000000000e+00 1.000000000000000000e+00 0.000000000000000000e+00 0.000000000000000000e+00
9.661977291107177734e-01 -2.183994799852371216e-01 1.000000000000000000e+00 0.000000000000000000e+00 0.000000000000000000e+00
4.144317507743835449e-01 -1.991188079118728638e-01 0.000000000000000000e+00 1.000000000000000000e+00 0.000000000000000000e+00
-8.687255382537841797e-01 4.041126072406768799e-01 1.000000000000000000e+00 0.000000000000000000e+00 0.000000000000000000e+00
-2.259457111358642578e-01 1.398956537246704102e+00 1.000000000000000000e+00 0.000000000000000000e+00 0.000000000000000000e+00
-1.105916574597358704e-01 2.742884159088134766e-01 0.000000000000000000e+00 1.000000000000000000e+00 0.000000000000000000e+00
5.238843560218811035e-01 -9.899932742118835449e-01 1.000000000000000000e+00 0.000000000000000000e+00 0.000000000000000000e+00
4.492251873016357422e-01 -1.014556214213371277e-01 0.000000000000000000e+00 1.000000000000000000e+00 0.000000000000000000e+00
-4.260174334049224854e-01 4.579438269138336182e-01 1.000000000000000000e+00 0.000000000000000000e+00 0.000000000000000000e+00
4.276435971260070801e-01 -6.646870076656341553e-02 0.000000000000000000e+00 1.000000000000000000e+00 0.000000000000000000e+00
-1.165181636810302734e+00 7.718634605407714844e-01 1.000000000000000000e+00 0.000000000000000000e+00 0.000000000000000000e+00
9.734867811203002930e-01 -1.901548951864242554e-01 1.000000000000000000e+00 0.000000000000000000e+00 0.000000000000000000e+00
-7.847082614898681641e-01 8.512759208679199219e-01 1.000000000000000000e+00 0.000000000000000000e+00 0.000000000000000000e+00
8.248435258865356445e-01 -2.361502200365066528e-01 1.000000000000000000e+00 0.000000000000000000e+00 0.000000000000000000e+00
2.208187580108642578e-01 6.410326808691024780e-02 1.000000000000000000e+00 0.000000000000000000e+00 0.000000000000000000e+00
4.317212384194135666e-03 2.400441765785217285e-01 0.000000000000000000e+00 1.000000000000000000e+00 0.000000000000000000e+00
1.688310980796813965e+00 -2.837081670761108398e+00 1.000000000000000000e+00 0.000000000000000000e+00 0.000000000000000000e+00
-7.197605967521667480e-01 9.331898689270019531e-01 1.000000000000000000e+00 0.000000000000000000e+00 0.000000000000000000e+00
5.837267637252807617e-01 -1.154608726501464844e-01 1.000000000000000000e+00 0.000000000000000000e+00 0.000000000000000000e+00
-5.113948583602905273e-01 7.279247045516967773e-01 1.000000000000000000e+00 0.000000000000000000e+00 0.000000000000000000e+00
6.334025859832763672e-01 -9.144499897956848145e-03 1.000000000000000000e+00 0.000000000000000000e+00 0.000000000000000000e+00
-6.827989220619201660e-01 7.551681995391845703e-01 1.000000000000000000e+00 0.000000000000000000e+00 0.000000000000000000e+00
-4.172229468822479248e-01 2.941079139709472656e-01 0.000000000000000000e+00 1.000000000000000000e+00 0.000000000000000000e+00
-5.048401355743408203e-01 3.026344776153564453e-01 1.000000000000000000e+00 0.000000000000000000e+00 0.000000000000000000e+00
-1.232634425163269043e+00 1.060588836669921875e+00 1.000000000000000000e+00 0.000000000000000000e+00 0.000000000000000000e+00
-4.095138311386108398e-01 2.251413464546203613e-01 1.000000000000000000e+00 0.000000000000000000e+00 0.000000000000000000e+00
3.334846496582031250e-01 -1.892315298318862915e-01 1.000000000000000000e+00 0.000000000000000000e+00 0.000000000000000000e+00
2.692837119102478027e-01 2.410358935594558716e-02 1.000000000000000000e+00 0.000000000000000000e+00 0.000000000000000000e+00
4.325357824563980103e-02 8.594736456871032715e-01 1.000000000000000000e+00 0.000000000000000000e+00 0.000000000000000000e+00
-8.310485631227493286e-03 -3.878628462553024292e-02 0.000000000000000000e+00 1.000000000000000000e+00 0.000000000000000000e+00
7.876228094100952148e-01 -1.126313447952270508e+00 1.000000000000000000e+00 0.000000000000000000e+00 0.000000000000000000e+00
1.241839051246643066e+00 -3.201673626899719238e-01 1.000000000000000000e+00 0.000000000000000000e+00 0.000000000000000000e+00
5.317232608795166016e-01 -2.536480426788330078e-01 1.000000000000000000e+00 0.000000000000000000e+00 0.000000000000000000e+00
7.873649895191192627e-02 -1.227007508277893066e-01 0.000000000000000000e+00 1.000000000000000000e+00 0.000000000000000000e+00
-6.902686357498168945e-01 -2.189884483814239502e-01 1.000000000000000000e+00 0.000000000000000000e+00 0.000000000000000000e+00
-3.472924232482910156e-02 1.568265914916992188e+00 1.000000000000000000e+00 0.000000000000000000e+00 0.000000000000000000e+00
-7.141420990228652954e-02 3.414088785648345947e-01 1.000000000000000000e+00 0.000000000000000000e+00 0.000000000000000000e+00
-1.002180576324462891e-01 1.328080892562866211e-01 0.000000000000000000e+00 1.000000000000000000e+00 0.000000000000000000e+00
-1.416338384151458740e-01 -8.799474239349365234e-01 1.000000000000000000e+00 0.000000000000000000e+00 0.000000000000000000e+00
-9.153441190719604492e-01 7.441961765289306641e-01 1.000000000000000000e+00 0.000000000000000000e+00 0.000000000000000000e+00
-2.950410246849060059e-01 1.240228936076164246e-01 0.000000000000000000e+00 1.000000000000000000e+00 0.000000000000000000e+00
1.557675719261169434e+00 -6.686346530914306641e-01 1.000000000000000000e+00 0.000000000000000000e+00 0.000000000000000000e+00
8.180059194564819336e-01 5.649873614311218262e-01 1.000000000000000000e+00 0.000000000000000000e+00 0.000000000000000000e+00
4.663516581058502197e-01 1.425346136093139648e-01 0.000000000000000000e+00 1.000000000000000000e+00 0.000000000000000000e+00
-2.000753164291381836e+00 -2.687442541122436523e+00 0.000000000000000000e+00 0.000000000000000000e+00 1.000000000000000000e+00
3.562948107719421387e-01 6.903835535049438477e-01 0.000000000000000000e+00 0.000000000000000000e+00 1.000000000000000000e+00
-1.778834939002990723e+00 2.322465181350708008e-02 0.000000000000000000e+00 0.000000000000000000e+00 1.000000000000000000e+00
-1.026536583900451660e+00 -1.771413683891296387e-01 0.000000000000000000e+00 0.000000000000000000e+00 1.000000000000000000e+00
-1.210570812225341797e+00 -3.601563572883605957e-01 0.000000000000000000e+00 0.000000000000000000e+00 1.000000000000000000e+00
-1.069474339485168457e+00 -2.740814685821533203e-01 0.000000000000000000e+00 0.000000000000000000e+00 1.000000000000000000e+00
-1.088422894477844238e+00 -2.755931019783020020e-01 0.000000000000000000e+00 0.000000000000000000e+00 1.000000000000000000e+00
-1.052794933319091797e+00 -2.314737439155578613e-01 0.000000000000000000e+00 0.000000000000000000e+00 1.000000000000000000e+00
-1.057690501213073730e+00 -1.959957480430603027e-01 0.000000000000000000e+00 0.000000000000000000e+00 1.000000000000000000e+00
-1.048671007156372070e+00 -1.827521324157714844e-01 0.000000000000000000e+00 0.000000000000000000e+00 1.000000000000000000e+00
-1.026237130165100098e+00 -2.316541075706481934e-01 0.000000000000000000e+00 0.000000000000000000e+00 1.000000000000000000e+00
-1.010002732276916504e+00 -2.539842128753662109e-01 0.000000000000000000e+00 0.000000000000000000e+00 1.000000000000000000e+00
-9.959458112716674805e-01 -2.627640962600708008e-01 0.000000000000000000e+00 0.000000000000000000e+00 1.000000000000000000e+00
-9.771790504455566406e-01 -2.787800431251525879e-01 0.000000000000000000e+00 0.000000000000000000e+00 1.000000000000000000e+00
-9.626263380050659180e-01 -2.867422103881835938e-01 0.000000000000000000e+00 0.000000000000000000e+00 1.000000000000000000e+00
-9.535646438598632812e-01 -2.850530743598937988e-01 0.000000000000000000e+00 0.000000000000000000e+00 1.000000000000000000e+00
-9.429279565811157227e-01 -2.877158522605895996e-01 0.000000000000000000e+00 0.000000000000000000e+00 1.000000000000000000e+00
-9.316084384918212891e-01 -2.955324649810791016e-01 0.000000000000000000e+00 0.000000000000000000e+00 1.000000000000000000e+00
-9.230738878250122070e-01 -2.964028120040893555e-01 0.000000000000000000e+00 0.000000000000000000e+00 1.000000000000000000e+00
-9.149405956268310547e-01 -2.963622808456420898e-01 0.000000000000000000e+00 0.000000000000000000e+00 1.000000000000000000e+00
-9.068400859832763672e-01 -3.008796572685241699e-01 0.000000000000000000e+00 0.000000000000000000e+00 1.000000000000000000e+00
-9.019745588302612305e-01 -3.066549301147460938e-01 0.000000000000000000e+00 0.000000000000000000e+00 1.000000000000000000e+00
-8.983347415924072266e-01 -3.100961446762084961e-01 0.000000000000000000e+00 0.000000000000000000e+00 1.000000000000000000e+00
-8.936790227890014648e-01 -3.108872175216674805e-01 0.000000000000000000e+00 0.000000000000000000e+00 1.000000000000000000e+00
-8.896081447601318359e-01 -3.084037899971008301e-01 0.000000000000000000e+00 0.000000000000000000e+00 1.000000000000000000e+00
-8.848698139190673828e-01 -3.038601875305175781e-01 0.000000000000000000e+00 0.000000000000000000e+00 1.000000000000000000e+00
-8.787399530410766602e-01 -3.013792634010314941e-01 0.000000000000000000e+00 0.000000000000000000e+00 1.000000000000000000e+00
-8.738867044448852539e-01 -3.023629188537597656e-01 0.000000000000000000e+00 0.000000000000000000e+00 1.000000000000000000e+00
-8.685612678527832031e-01 -3.078250288963317871e-01 0.000000000000000000e+00 0.000000000000000000e+00 1.000000000000000000e+00
-8.624447584152221680e-01 -3.146982789039611816e-01 0.000000000000000000e+00 0.000000000000000000e+00 1.000000000000000000e+00
-8.557362556457519531e-01 -3.191049695014953613e-01 0.000000000000000000e+00 0.000000000000000000e+00 1.000000000000000000e+00
-8.515894412994384766e-01 -3.166883587837219238e-01 0.000000000000000000e+00 0.000000000000000000e+00 1.000000000000000000e+00
-8.455467224121093750e-01 -3.145098090171813965e-01 0.000000000000000000e+00 0.000000000000000000e+00 1.000000000000000000e+00
-8.367992639541625977e-01 -3.170478940010070801e-01 0.000000000000000000e+00 0.000000000000000000e+00 1.000000000000000000e+00
-8.291140794754028320e-01 -3.212897181510925293e-01 0.000000000000000000e+00 0.000000000000000000e+00 1.000000000000000000e+00
-8.253962993621826172e-01 -3.239344954490661621e-01 0.000000000000000000e+00 0.000000000000000000e+00 1.000000000000000000e+00
-8.238444328308105469e-01 -3.269587159156799316e-01 0.000000000000000000e+00 0.000000000000000000e+00 1.000000000000000000e+00
-8.227099180221557617e-01 -3.297728896141052246e-01 0.000000000000000000e+00 0.000000000000000000e+00 1.000000000000000000e+00
-8.241040706634521484e-01 -3.282693028450012207e-01 0.000000000000000000e+00 0.000000000000000000e+00 1.000000000000000000e+00
-8.233170509338378906e-01 -3.261240124702453613e-01 0.000000000000000000e+00 0.000000000000000000e+00 1.000000000000000000e+00
-8.156578540802001953e-01 -3.274623751640319824e-01 0.000000000000000000e+00 0.000000000000000000e+00 1.000000000000000000e+00
-8.075504302978515625e-01 -3.267051577568054199e-01 0.000000000000000000e+00 0.000000000000000000e+00 1.000000000000000000e+00
0.000000000000000000e+00 0.000000000000000000e+00 0.000000000000000000e+00 0.000000000000000000e+00 0.000000000000000000e+00
0.000000000000000000e+00 0.000000000000000000e+00 0.000000000000000000e+00 0.000000000000000000e+00 0.000000000000000000e+00
0.000000000000000000e+00 0.000000000000000000e+00 0.000000000000000000e+00 0.000000000000000000e+00 0.000000000000000000e+00
0.000000000000000000e+00 0.000000000000000000e+00 0.000000000000000000e+00 0.000000000000000000e+00 0.000000000000000000e+00
0.000000000000000000e+00 0.000000000000000000e+00 0.000000000000000000e+00 0.000000000000000000e+00 0.000000000000000000e+00
0.000000000000000000e+00 0.000000000000000000e+00 0.000000000000000000e+00 0.000000000000000000e+00 0.000000000000000000e+00
0.000000000000000000e+00 0.000000000000000000e+00 0.000000000000000000e+00 0.000000000000000000e+00 0.000000000000000000e+00
0.000000000000000000e+00 0.000000000000000000e+00 0.000000000000000000e+00 0.000000000000000000e+00 0.000000000000000000e+00
0.000000000000000000e+00 0.000000000000000000e+00 0.000000000000000000e+00 0.000000000000000000e+00 0.000000000000000000e+00
0.000000000000000000e+00 0.000000000000000000e+00 0.000000000000000000e+00 0.000000000000000000e+00 0.000000000000000000e+00
0.000000000000000000e+00 0.000000000000000000e+00 0.000000000000000000e+00 0.000000000000000000e+00 0.000000000000000000e+00
0.000000000000000000e+00 0.000000000000000000e+00 0.000000000000000000e+00 0.000000000000000000e+00 0.000000000000000000e+00
0.000000000000000000e+00 0.000000000000000000e+00 0.000000000000000000e+00 0.000000000000000000e+00 0.000000000000000000e+00
0.000000000000000000e+00 0.000000000000000000e+00 0.000000000000000000e+00 0.000000000000000000e+00 0.000000000000000000e+00
0.000000000000000000e+00 0.000000000000000000e+00 0.000000000000000000e+00 0.000000000000000000e+00 0.000000000000000000e+00
0.000000000000000000e+00 0.000000000000000000e+00 0.000000000000000000e+00 0.000000000000000000e+00 0.000000000000000000e+00
0.000000000000000000e+00 0.000000000000000000e+00 0.000000000000000000e+00 0.000000000000000000e+00 0.000000000000000000e+00
0.000000000000000000e+00 0.000000000000000000e+00 0.000000000000000000e+00 0.000000000000000000e+00 0.000000000000000000e+00
0.000000000000000000e+00 0.000000000000000000e+00 0.000000000000000000e+00 0.000000000000000000e+00 0.000000000000000000e+00
0.000000000000000000e+00 0.000000000000000000e+00 0.000000000000000000e+00 0.000000000000000000e+00 0.000000000000000000e+00
0.000000000000000000e+00 0.000000000000000000e+00 0.000000000000000000e+00 0.000000000000000000e+00 0.000000000000000000e+00
0.000000000000000000e+00 0.000000000000000000e+00 0.000000000000000000e+00 0.000000000000000000e+00 0.000000000000000000e+00
0.000000000000000000e+00 0.000000000000000000e+00 0.000000000000000000e+00 0.000000000000000000e+00 0.000000000000000000e+00
0.000000000000000000e+00 0.000000000000000000e+00 0.000000000000000000e+00 0.000000000000000000e+00 0.000000000000000000e+00
0.000000000000000000e+00 0.000000000000000000e+00 0.000000000000000000e+00 0.000000000000000000e+00 0.000000000000000000e+00
0.000000000000000000e+00 0.000000000000000000e+00 0.000000000000000000e+00 0.000000000000000000e+00 0.000000000000000000e+00
0.000000000000000000e+00 0.000000000000000000e+00 0.000000000000000000e+00 0.000000000000000000e+00 0.000000000000000000e+00
0.000000000000000000e+00 0.000000000000000000e+00 0.000000000000000000e+00 0.000000000000000000e+00 0.000000000000000000e+00
0.000000000000000000e+00 0.000000000000000000e+00 0.000000000000000000e+00 0.000000000000000000e+00 0.000000000000000000e+00
0.000000000000000000e+00 0.000000000000000000e+00 0.000000000000000000e+00 0.000000000000000000e+00 0.000000000000000000e+00
0.000000000000000000e+00 0.000000000000000000e+00 0.000000000000000000e+00 0.000000000000000000e+00 0.000000000000000000e+00
0.000000000000000000e+00 0.000000000000000000e+00 0.000000000000000000e+00 0.000000000000000000e+00 0.000000000000000000e+00
0.000000000000000000e+00 0.000000000000000000e+00 0.000000000000000000e+00 0.000000000000000000e+00 0.000000000000000000e+00
0.000000000000000000e+00 0.000000000000000000e+00 0.000000000000000000e+00 0.000000000000000000e+00 0.000000000000000000e+00
0.000000000000000000e+00 0.000000000000000000e+00 0.000000000000000000e+00 0.000000000000000000e+00 0.000000000000000000e+00
