0.000000000000000000e+00 0.000000000000000000e+00 1.000000000000000000e+00 0.000000000000000000e+00 0.000000000000000000e+00
-8.179612159729003906e-01 1.015690922737121582e+00 1.000000000000000000e+00 0.000000000000000000e+00 0.000000000000000000e+00
-5.485184192657470703e-01 4.741853177547454834e-01 1.000000000000000000e+00 0.000000000000000000e+00 0.000000000000000000e+00
-3.420214056968688965e-01 1.652584075927734375e-01 0.000000000000000000e+00 1.000000000000000000e+00 0.000000000000000000e+00
1.115362763404846191e+00 -7.610276341438293457e-01 1.000000000000000000e+00 0.000000000000000000e+00 0.000000000000000000e+00
3.061023354530334473e-01 -4.995577037334442139e-03 1.000000000000000000e+00 0.000000000000000000e+00 0.000000000000000000e+00
1.241515427827835083e-01 1.052593141794204712e-01 1.000000000000000000e+00 0.000000000000000000e+00 0.000000000000000000e+00
-7.002784013748168945e-01 6.625323891639709473e-01 1.000000000000000000e+00 0.000000000000000000e+00 0.000000000000000000e+00
-4.514999687671661377e-01 2.605228424072265625e-01 0.000000000000000000e+00 1.000000000000000000e+00 0.000000000000000000e+00
-1.599189192056655884e-01 5.277933925390243530e-02 1.000000000000000000e+00 0.000000000000000000e+00 0.000000000000000000e+00
7.248788326978683472e-02 6.388012170791625977e-01 1.000000000000000000e+00 0.000000000000000000e+00 0.000000000000000000e+00
-4.295000433921813965e-02 1.796809583902359009e-01 0.000000000000000000e+00 1.000000000000000000e+00 0.000000000000000000e+00
4.126394689083099365e-01 -9.548830389976501465e-01 1.000000000000000000e+00 0.000000000000000000e+00 0.000000000000000000e+00
8.371868729591369629e-01 -1.815696060657501221e-01 1.000000000000000000e+00 0.000000000000000000e+00 0.000000000000000000e+00
2.767756879329681396e-01 4.404911771416664124e-02 1.000000000000000000e+00 0.000000000000000000e+00 0.000000000000000000e+00
-2.273069918155670166e-01 7.768160104751586914e-01 1.000000000000000000e+00 0.000000000000000000e+00 0.000000000000000000e+00
-1.347720026969909668e-01 2.158527672290802002e-01 1.000000000000000000e+00 0.000000000000000000e+00 0.000000000000000000e+00
-1.922993063926696777e-01 1.376246660947799683e-01 0.000000000000000000e+00 1.000000000000000000e+00 0.000000000000000000e+00
-3.851361274719238281e-01 -4.583631157875061035e-01 1.000000000000000000e+00 0.000000000000000000e+00 0.000000000000000000e+00
3.910423219203948975e-01 -1.257388293743133545e-01 1.000000000000000000e+00 0.000000000000000000e+00 0.000000000000000000e+00
1.772997379302978516e-01 -1.615945249795913696e-01 0.000000000000000000e+00 1.000000000000000000e+00 0.000000000000000000e+00
-2.848916649818420410e-01 -1.591749116778373718e-02 1.000000000000000000e+00 0.000000000000000000e+00 0.000000000000000000e+00
-1.113948076963424683e-01 1.036640256643295288e-01 1.000000000000000000e+00 0.000000000000000000e+00 0.000000000000000000e+00
-8.180967718362808228e-02 4.622814059257507324e-01 1.000000000000000000e+00 0.000000000000000000e+00 0.000000000000000000e+00
3.363113999366760254e-01 -3.879345953464508057e-02 1.000000000000000000e+00 0.000000000000000000e+00 0.000000000000000000e+00
-3.600732982158660889e-02 5.817443877458572388e-02 0.000000000000000000e+00 1.000000000000000000e+00 0.000000000000000000e+00
-7.777583599090576172e-01 7.845250368118286133e-01 1.000000000000000000e+00 0.000000000000000000e+00 0.000000000000000000e+00
8.450686931610107422e-01 -3.034313321113586426e-01 1.000000000000000000e+00 0.000000000000000000e+00 0.000000000000000000e+00
5.289764404296875000e-01 -3.288147449493408203e-01 0.000000000000000000e+00 1.000000000000000000e+00 0.000000000000000000e+00
7.715730071067810059e-01 -2.162711381912231445e+00 1.000000000000000000e+00 0.000000000000000000e+00 0.000000000000000000e+00
6.660156846046447754e-01 -1.444955319166183472e-01 1.000000000000000000e+00 0.000000000000000000e+00 0.000000000000000000e+00
2.132692337036132812e-01 5.539047718048095703e-02 1.000000000000000000e+00 0.000000000000000000e+00 0.000000000000000000e+00
-2.832078337669372559e-01 8.255965113639831543e-01 1.000000000000000000e+00 0.000000000000000000e+00 0.000000000000000000e+00
-1.440257430076599121e-01 2.130934596061706543e-01 0.000000000000000000e+00 1.000000000000000000e+00 0.000000000000000000e+00
-3.089466691017150879e-01 -4.034017622470855713e-01 1.000000000000000000e+00 0.000000000000000000e+00 0.000000000000000000e+00
3.363450765609741211e-01 -3.869161009788513184e-03 1.000000000000000000e+00 0.000000000000000000e+00 0.000000000000000000e+00
-4.723321646451950073e-02 6.684319674968719482e-02 0.000000000000000000e+00 1.000000000000000000e+00 0.000000000000000000e+00
-4.050509929656982422e-01 3.466103672981262207e-01 1.000000000000000000e+00 0.000000000000000000e+00 0.000000000000000000e+00
4.559018611907958984e-01 -3.056769073009490967e-02 1.000000000000000000e+00 0.000000000000000000e+00 0.000000000000000000e+00
3.672117367386817932e-02 4.592349380254745483e-02 0.000000000000000000e+00 1.000000000000000000e+00 0.000000000000000000e+00
-9.811776876449584961e-01 6.720360517501831055e-01 1.000000000000000000e+00 0.000000000000000000e+00 0.000000000000000000e+00
9.995437860488891602e-01 -1.214990913867950439e-01 1.000000000000000000e+00 0.000000000000000000e+00 0.000000000000000000e+00
3.677660822868347168e-01 -1.268846988677978516e-01 0.000000000000000000e+00 1.000000000000000000e+00 0.000000000000000000e+00
-4.162566363811492920e-01 -1.714482307434082031e-01 1.000000000000000000e+00 0.000000000000000000e+00 0.000000000000000000e+00
1.151938736438751221e-02 1.264155149459838867e+00 1.000000000000000000e+00 0.000000000000000000e+00 0.000000000000000000e+00
-5.480812489986419678e-02 2.494348287582397461e-01 1.000000000000000000e+00 0.000000000000000000e+00 0.000000000000000000e+00
-1.089359223842620850e-01 1.454664617776870728e-01 1.000000000000000000e+00 0.000000000000000000e+00 0.000000000000000000e+00
-1.560491174459457397e-01 5.990581586956977844e-02 1.000000000000000000e+00 0.000000000000000000e+00 0.000000000000000000e+00
-2.195973247289657593e-01 -4.405554011464118958e-02 1.000000000000000000e+00 0.000000000000000000e+00 0.000000000000000000e+00
-2.179993540048599243e-01 -1.783384680747985840e-01 1.000000000000000000e+00 0.000000000000000000e+00 0.000000000000000000e+00
-8.867602050304412842e-02 -2.431111037731170654e-01 1.000000000000000000e+00 0.000000000000000000e+00 0.000000000000000000e+00
5.831566825509071350e-02 -1.633389294147491455e-01 1.000000000000000000e+00 0.000000000000000000e+00 0.000000000000000000e+00
5.346978306770324707e-01 -1.561709344387054443e-01 0.000000000000000000e+00 1.000000000000000000e+00 0.000000000000000000e+00
-9.270979166030883789e-01 -1.576083421707153320e+00 0.000000000000000000e+00 0.000000000000000000e+00 1.000000000000000000e+00
-5.727839469909667969e-01 7.427299618721008301e-01 0.000000000000000000e+00 0.000000000000000000e+00 1.000000000000000000e+00
-1.296183705329895020e+00 -4.964185357093811035e-01 0.000000000000000000e+00 0.000000000000000000e+00 1.000000000000000000e+00
-9.259096384048461914e-01 -1.245752573013305664e-01 0.000000000000000000e+00 0.000000000000000000e+00 1.000000000000000000e+00
-1.044646143913269043e+00 -3.374568819999694824e-01 0.000000000000000000e+00 0.000000000000000000e+00 1.000000000000000000e+00
-9.651318788528442383e-01 -2.448449134826660156e-01 0.000000000000000000e+00 0.000000000000000000e+00 1.000000000000000000e+00
-9.675805568695068359e-01 -3.339563012123107910e-01 0.000000000000000000e+00 0.000000000000000000e+00 1.000000000000000000e+00
-9.391227960586547852e-01 -3.228889107704162598e-01 0.000000000000000000e+00 0.000000000000000000e+00 1.000000000000000000e+00
-9.400774240493774414e-01 -3.269876837730407715e-01 0.000000000000000000e+00 0.000000000000000000e+00 1.000000000000000000e+00
-9.296094179153442383e-01 -3.323207497596740723e-01 0.000000000000000000e+00 0.000000000000000000e+00 1.000000000000000000e+00
-9.147692918777465820e-01 -3.538308739662170410e-01 0.000000000000000000e+00 0.000000000000000000e+00 1.000000000000000000e+00
-9.076446294784545898e-01 -3.599198460578918457e-01 0.000000000000000000e+00 0.000000000000000000e+00 1.000000000000000000e+00
-9.057792425155639648e-01 -3.619871735572814941e-01 0.000000000000000000e+00 0.000000000000000000e+00 1.000000000000000000e+00
-9.045654535293579102e-01 -3.612964749336242676e-01 0.000000000000000000e+00 0.000000000000000000e+00 1.000000000000000000e+00
-9.027634859085083008e-01 -3.586378693580627441e-01 0.000000000000000000e+00 0.000000000000000000e+00 1.000000000000000000e+00
-8.999576568603515625e-01 -3.456817269325256348e-01 0.000000000000000000e+00 0.000000000000000000e+00 1.000000000000000000e+00
0.000000000000000000e+00 0.000000000000000000e+00 0.000000000000000000e+00 0.000000000000000000e+00 0.000000000000000000e+00
0.000000000000000000e+00 0.000000000000000000e+00 0.000000000000000000e+00 0.000000000000000000e+00 0.000000000000000000e+00
0.000000000000000000e+00 0.000000000000000000e+00 0.000000000000000000e+00 0.000000000000000000e+00 0.000000000000000000e+00
0.000000000000000000e+00 0.000000000000000000e+00 0.000000000000000000e+00 0.000000000000000000e+00 0.000000000000000000e+00
0.000000000000000000e+00 0.000000000000000000e+00 0.000000000000000000e+00 0.000000000000000000e+00 0.000000000000000000e+00
0.000000000000000000e+00 0.000000000000000000e+00 0.000000000000000000e+00 0.000000000000000000e+00 0.000000000000000000e+00
0.000000000000000000e+00 0.000000000000000000e+00 0.000000000000000000e+00 0.000000000000000000e+00 0.000000000000000000e+00
0.000000000000000000e+00 0.000000000000000000e+00 0.000000000000000000e+00 0.000000000000000000e+00 0.000000000000000000e+00
0.000000000000000000e+00 0.000000000000000000e+00 0.000000000000000000e+00 0.000000000000000000e+00 0.000000000000000000e+00
0.000000000000000000e+00 0.000000000000000000e+00 0.000000000000000000e+00 0.000000000000000000e+00 0.000000000000000000e+00
0.000000000000000000e+00 0.000000000000000000e+00 0.000000000000000000e+00 0.000000000000000000e+00 0.000000000000000000e+00
0.000000000000000000e+00 0.000000000000000000e+00 0.000000000000000000e+00 0.000000000000000000e+00 0.000000000000000000e+00
0.000000000000000000e+00 0.000000000000000000e+00 0.000000000000000000e+00 0.000000000000000000e+00 0.000000000000000000e+00
0.000000000000000000e+00 0.000000000000000000e+00 0.000000000000000000e+00 0.000000000000000000e+00 0.000000000000000000e+00
0.000000000000000000e+00 0.000000000000000000e+00 0.000000000000000000e+00 0.000000000000000000e+00 0.000000000000000000e+00
0.000000000000000000e+00 0.000000000000000000e+00 0.000000000000000000e+00 0.000000000000000000e+00 0.000000000000000000e+00
0.000000000000000000e+00 0.000000000000000000e+00 0.000000000000000000e+00 0.000000000000000000e+00 0.000000000000000000e+00
0.000000000000000000e+00 0.000000000000000000e+00 0.000000000000000000e+00 0.000000000000000000e+00 0.000000000000000000e+00
0.000000000000000000e+00 0.000000000000000000e+00 0.000000000000000000e+00 0.000000000000000000e+00 0.000000000000000000e+00
0.000000000000000000e+00 0.000000000000000000e+00 0.000000000000000000e+00 0.000000000000000000e+00 0.000000000000000000e+00
0.000000000000000000e+00 0.000000000000000000e+00 0.000000000000000000e+00 0.000000000000000000e+00 0.000000000000000000e+00
0.000000000000000000e+00 0.000000000000000000e+00 0.000000000000000000e+00 0.000000000000000000e+00 0.000000000000000000e+00
0.000000000000000000e+00 0.000000000000000000e+00 0.000000000000000000e+00 0.000000000000000000e+00 0.000000000000000000e+00
0.000000000000000000e+00 0.000000000000000000e+00 0.000000000000000000e+00 0.000000000000000000e+00 0.000000000000000000e+00
0.000000000000000000e+00 0.000000000000000000e+00 0.000000000000000000e+00 0.000000000000000000e+00 0.000000000000000000e+00
0.000000000000000000e+00 0.000000000000000000e+00 0.000000000000000000e+00 0.000000000000000000e+00 0.000000000000000000e+00
0.000000000000000000e+00 0.000000000000000000e+00 0.000000000000000000e+00 0.000000000000000000e+00 0.000000000000000000e+00
0.000000000000000000e+00 0.000000000000000000e+00 0.000000000000000000e+00 0.000000000000000000e+00 0.000000000000000000e+00
0.000000000000000000e+00 0.000000000000000000e+00 0.000000000000000000e+00 0.000000000000000000e+00 0.000000000000000000e+00
0.000000000000000000e+00 0.000000000000000000e+00 0.000000000000000000e+00 0.000000000000000000e+00 0.000000000000000000e+00
0.000000000000000000e+00 0.000000000000000000e+00 0.000000000000000000e+00 0.000000000000000000e+00 0.000000000000000000e+00
0.000000000000000000e+00 0.000000000000000000e+00 0.000000000000000000e+00 0.000000000000000000e+00 0.000000000000000000e+00
0.000000000000000000e+00 0.000000000000000000e+00 0.000000000000000000e+00 0.000000000000000000e+00 0.000000000000000000e+00
0.000000000000000000e+00 0.000000000000000000e+00 0.000000000000000000e+00 0.000000000000000000e+00 0.000000000000000000e+00
0.000000000000000000e+00 0.000000000000000000e+00 0.000000000000000000e+00 0.000000000000000000e+00 0.000000000000000000e+00
0.000000000000000000e+00 0.000000000000000000e+00 0.000000000000000000e+00 0.000000000000000000e+00 0.000000000000000000e+00
0.000000000000000000e+00 0.000000000000000000e+00 0.000000000000000000e+00 0.000000000000000000e+00 0.000000000000000000e+00
0.000000000000000000e+00 0.000000000000000000e+00 0.000000000000000000e+00 0.000000000000000000e+00 0.000000000000000000e+00
0.000000000000000000e+00 0.000000000000000000e+00 0.000000000000000000e+00 0.000000000000000000e+00 0.000000000000000000e+00
0.000000000000000000e+00 0.000000000000000000e+00 0.000000000000000000e+00 0.000000000000000000e+00 0.000000000000000000e+00
0.000000000000000000e+00 0.000000000000000000e+00 0.000000000000000000e+00 0.000000000000000000e+00 0.000000000000000000e+00
0.000000000000000000e+00 0.000000000000000000e+00 0.000000000000000000e+00 0.000000000000000000e+00 0.000000000000000000e+00
0.000000000000000000e+00 0.000000000000000000e+00 0.000000000000000000e+00 0.000000000000000000e+00 0.000000000000000000e+00
0.000000000000000000e+00 0.000000000000000000e+00 0.000000000000000000e+00 0.000000000000000000e+00 0.000000000000000000e+00
0.000000000000000000e+00 0.000000000000000000e+00 0.000000000000000000e+00 0.000000000000000000e+00 0.000000000000000000e+00
0.000000000000000000e+00 0.000000000000000000e+00 0.000000000000000000e+00 0.000000000000000000e+00 0.000000000000000000e+00
0.000000000000000000e+00 0.000000000000000000e+00 0.000000000000000000e+00 0.000000000000000000e+00 0.000000000000000000e+00
0.000000000000000000e+00 0.000000000000000000e+00 0.000000000000000000e+00 0.000000000000000000e+00 0.000000000000000000e+00
0.000000000000000000e+00 0.000000000000000000e+00 0.000000000000000000e+00 0.000000000000000000e+00 0.000000000000000000e+00
0.000000000000000000e+00 0.000000000000000000e+00 0.000000000000000000e+00 0.000000000000000000e+00 0.000000000000000000e+00
0.000000000000000000e+00 0.000000000000000000e+00 0.000000000000000000e+00 0.000000000000000000e+00 0.000000000000000000e+00
0.000000000000000000e+00 0.000000000000000000e+00 0.000000000000000000e+00 0.000000000000000000e+00 0.000000000000000000e+00
