0.000000000000000000e+00 0.000000000000000000e+00 1.000000000000000000e+00 0.000000000000000000e+00 0.000000000000000000e+00
-8.548215627670288086e-01 1.082872629165649414e+00 1.000000000000000000e+00 0.000000000000000000e+00 0.000000000000000000e+00
-5.733792185783386230e-01 5.114337205886840820e-01 1.000000000000000000e+00 0.000000000000000000e+00 0.000000000000000000e+00
-3.606334626674652100e-01 1.805546283721923828e-01 0.000000000000000000e+00 1.000000000000000000e+00 0.000000000000000000e+00
1.189700722694396973e+00 -8.322214484214782715e-01 1.000000000000000000e+00 0.000000000000000000e+00 0.000000000000000000e+00
3.171127736568450928e-01 -6.981164216995239258e-03 1.000000000000000000e+00 0.000000000000000000e+00 0.000000000000000000e+00
1.338438242673873901e-01 1.104991585016250610e-01 1.000000000000000000e+00 0.000000000000000000e+00 0.000000000000000000e+00
-7.177507877349853516e-01 7.094843387603759766e-01 1.000000000000000000e+00 0.000000000000000000e+00 0.000000000000000000e+00
-3.706444501876831055e-01 2.526091933250427246e-01 0.000000000000000000e+00 1.000000000000000000e+00 0.000000000000000000e+00
-1.857866346836090088e-01 5.987770110368728638e-02 1.000000000000000000e+00 0.000000000000000000e+00 0.000000000000000000e+00
5.175232142210006714e-02 6.680095195770263672e-01 1.000000000000000000e+00 0.000000000000000000e+00 0.000000000000000000e+00
-5.074061453342437744e-02 1.960037797689437866e-01 0.000000000000000000e+00 1.000000000000000000e+00 0.000000000000000000e+00
4.372085928916931152e-01 -1.027057290077209473e+00 1.000000000000000000e+00 0.000000000000000000e+00 0.000000000000000000e+00
8.293079137802124023e-01 -1.868429630994796753e-01 1.000000000000000000e+00 0.000000000000000000e+00 0.000000000000000000e+00
2.827886343002319336e-01 4.730380699038505554e-02 1.000000000000000000e+00 0.000000000000000000e+00 0.000000000000000000e+00
-2.238823473453521729e-01 8.237149715423583984e-01 1.000000000000000000e+00 0.000000000000000000e+00 0.000000000000000000e+00
-1.363143622875213623e-01 2.288510501384735107e-01 1.000000000000000000e+00 0.000000000000000000e+00 0.000000000000000000e+00
-1.959673762321472168e-01 1.467600762844085693e-01 0.000000000000000000e+00 1.000000000000000000e+00 0.000000000000000000e+00
-3.904752433300018311e-01 -4.882842302322387695e-01 1.000000000000000000e+00 0.000000000000000000e+00 0.000000000000000000e+00
3.985281586647033691e-01 -1.431636214256286621e-01 1.000000000000000000e+00 0.000000000000000000e+00 0.000000000000000000e+00
1.801115274429321289e-01 -1.796002984046936035e-01 0.000000000000000000e+00 1.000000000000000000e+00 0.000000000000000000e+00
-2.851481735706329346e-01 -1.226054131984710693e-02 1.000000000000000000e+00 0.000000000000000000e+00 0.000000000000000000e+00
-2.188199460506439209e-01 7.031333446502685547e-01 1.000000000000000000e+00 0.000000000000000000e+00 0.000000000000000000e+00
3.679922223091125488e-01 -8.797573298215866089e-02 1.000000000000000000e+00 0.000000000000000000e+00 0.000000000000000000e+00
-4.267358034849166870e-02 6.046972423791885376e-02 0.000000000000000000e+00 1.000000000000000000e+00 0.000000000000000000e+00
-7.927567362785339355e-01 8.282116651535034180e-01 1.000000000000000000e+00 0.000000000000000000e+00 0.000000000000000000e+00
8.294833302497863770e-01 -3.094433844089508057e-01 1.000000000000000000e+00 0.000000000000000000e+00 0.000000000000000000e+00
5.569641590118408203e-01 -3.612118959426879883e-01 0.000000000000000000e+00 1.000000000000000000e+00 0.000000000000000000e+00
1.303755402565002441e+00 -2.785751581192016602e+00 1.000000000000000000e+00 0.000000000000000000e+00 0.000000000000000000e+00
-6.506452560424804688e-01 8.492940664291381836e-01 1.000000000000000000e+00 0.000000000000000000e+00 0.000000000000000000e+00
-5.235633850097656250e-01 4.698854684829711914e-01 1.000000000000000000e+00 0.000000000000000000e+00 0.000000000000000000e+00
5.018464922904968262e-01 -3.670459985733032227e-01 1.000000000000000000e+00 0.000000000000000000e+00 0.000000000000000000e+00
4.339167177677154541e-01 -1.356857270002365112e-01 1.000000000000000000e+00 0.000000000000000000e+00 0.000000000000000000e+00
2.345085442066192627e-01 4.372014105319976807e-02 1.000000000000000000e+00 0.000000000000000000e+00 0.000000000000000000e+00
1.506604999303817749e-02 9.166263788938522339e-02 1.000000000000000000e+00 0.000000000000000000e+00 0.000000000000000000e+00
-4.602413773536682129e-01 5.894341468811035156e-01 1.000000000000000000e+00 0.000000000000000000e+00 0.000000000000000000e+00
-8.138871192932128906e-01 6.573740839958190918e-01 1.000000000000000000e+00 0.000000000000000000e+00 0.000000000000000000e+00
-3.832081556320190430e-01 2.026917040348052979e-01 1.000000000000000000e+00 0.000000000000000000e+00 0.000000000000000000e+00
-2.652094066143035889e-01 -2.156198024749755859e-04 0.000000000000000000e+00 1.000000000000000000e+00 0.000000000000000000e+00
8.113158941268920898e-01 -7.880676388740539551e-01 1.000000000000000000e+00 0.000000000000000000e+00 0.000000000000000000e+00
4.401023685932159424e-01 6.138942763209342957e-02 1.000000000000000000e+00 0.000000000000000000e+00 0.000000000000000000e+00
7.857869863510131836e-01 4.457808136940002441e-01 1.000000000000000000e+00 0.000000000000000000e+00 0.000000000000000000e+00
4.845743626356124878e-02 1.252889335155487061e-01 0.000000000000000000e+00 1.000000000000000000e+00 0.000000000000000000e+00
-1.467644572257995605e+00 4.107445478439331055e-01 1.000000000000000000e+00 0.000000000000000000e+00 0.000000000000000000e+00
7.919238805770874023e-01 -1.252990663051605225e-01 1.000000000000000000e+00 0.000000000000000000e+00 0.000000000000000000e+00
3.940593004226684570e-01 -1.681202352046966553e-01 0.000000000000000000e+00 1.000000000000000000e+00 0.000000000000000000e+00
-4.166061282157897949e-01 -1.438162624835968018e-01 1.000000000000000000e+00 0.000000000000000000e+00 0.000000000000000000e+00
-4.413734748959541321e-02 1.163845062255859375e+00 1.000000000000000000e+00 0.000000000000000000e+00 0.000000000000000000e+00
-6.242692470550537109e-02 1.930277645587921143e-01 1.000000000000000000e+00 0.000000000000000000e+00 0.000000000000000000e+00
-9.906420111656188965e-02 7.294407486915588379e-02 1.000000000000000000e+00 0.000000000000000000e+00 0.000000000000000000e+00
-1.403584927320480347e-01 -4.388017952442169189e-02 1.000000000000000000e+00 0.000000000000000000e+00 0.000000000000000000e+00
-1.610347032546997070e-01 -1.808383017778396606e-01 1.000000000000000000e+00 0.000000000000000000e+00 0.000000000000000000e+00
-1.450894027948379517e-01 -3.993057608604431152e-01 1.000000000000000000e+00 0.000000000000000000e+00 0.000000000000000000e+00
-4.398417472839355469e-01 5.231746435165405273e-01 1.000000000000000000e+00 0.000000000000000000e+00 0.000000000000000000e+00
-4.012458026409149170e-03 1.000300496816635132e-01 0.000000000000000000e+00 1.000000000000000000e+00 0.000000000000000000e+00
1.546584367752075195e+00 -5.136106014251708984e-01 1.000000000000000000e+00 0.000000000000000000e+00 0.000000000000000000e+00
2.054466903209686279e-01 1.093163415789604187e-01 1.000000000000000000e+00 0.000000000000000000e+00 0.000000000000000000e+00
1.407854259014129639e-01 2.792097032070159912e-01 0.000000000000000000e+00 1.000000000000000000e+00 0.000000000000000000e+00
-1.771727204322814941e+00 -2.175907850265502930e+00 0.000000000000000000e+00 0.000000000000000000e+00 1.000000000000000000e+00
-3.021493256092071533e-01 1.243528842926025391e+00 0.000000000000000000e+00 0.000000000000000000e+00 1.000000000000000000e+00
-1.646513104438781738e+00 -1.658980846405029297e-01 0.000000000000000000e+00 0.000000000000000000e+00 1.000000000000000000e+00
-1.047260522842407227e+00 -2.317410111427307129e-01 0.000000000000000000e+00 0.000000000000000000e+00 1.000000000000000000e+00
-1.241429924964904785e+00 -3.827856183052062988e-01 0.000000000000000000e+00 0.000000000000000000e+00 1.000000000000000000e+00
-1.097528576850891113e+00 -2.647991180419921875e-01 0.000000000000000000e+00 0.000000000000000000e+00 1.000000000000000000e+00
-1.142219305038452148e+00 -2.893620133399963379e-01 0.000000000000000000e+00 0.000000000000000000e+00 1.000000000000000000e+00
-1.099018454551696777e+00 -2.357894182205200195e-01 0.000000000000000000e+00 0.000000000000000000e+00 1.000000000000000000e+00
-1.107666850090026855e+00 -2.325510382652282715e-01 0.000000000000000000e+00 0.000000000000000000e+00 1.000000000000000000e+00
-1.090171813964843750e+00 -2.160513401031494141e-01 0.000000000000000000e+00 0.000000000000000000e+00 1.000000000000000000e+00
0.000000000000000000e+00 0.000000000000000000e+00 0.000000000000000000e+00 0.000000000000000000e+00 0.000000000000000000e+00
0.000000000000000000e+00 0.000000000000000000e+00 0.000000000000000000e+00 0.000000000000000000e+00 0.000000000000000000e+00
0.000000000000000000e+00 0.000000000000000000e+00 0.000000000000000000e+00 0.000000000000000000e+00 0.000000000000000000e+00
0.000000000000000000e+00 0.000000000000000000e+00 0.000000000000000000e+00 0.000000000000000000e+00 0.000000000000000000e+00
0.000000000000000000e+00 0.000000000000000000e+00 0.000000000000000000e+00 0.000000000000000000e+00 0.000000000000000000e+00
0.000000000000000000e+00 0.000000000000000000e+00 0.000000000000000000e+00 0.000000000000000000e+00 0.000000000000000000e+00
0.000000000000000000e+00 0.000000000000000000e+00 0.000000000000000000e+00 0.000000000000000000e+00 0.000000000000000000e+00
0.000000000000000000e+00 0.000000000000000000e+00 0.000000000000000000e+00 0.000000000000000000e+00 0.000000000000000000e+00
0.000000000000000000e+00 0.000000000000000000e+00 0.000000000000000000e+00 0.000000000000000000e+00 0.000000000000000000e+00
0.000000000000000000e+00 0.000000000000000000e+00 0.000000000000000000e+00 0.000000000000000000e+00 0.000000000000000000e+00
0.000000000000000000e+00 0.000000000000000000e+00 0.000000000000000000e+00 0.000000000000000000e+00 0.000000000000000000e+00
0.000000000000000000e+00 0.000000000000000000e+00 0.000000000000000000e+00 0.000000000000000000e+00 0.000000000000000000e+00
0.000000000000000000e+00 0.000000000000000000e+00 0.000000000000000000e+00 0.000000000000000000e+00 0.000000000000000000e+00
0.000000000000000000e+00 0.000000000000000000e+00 0.000000000000000000e+00 0.000000000000000000e+00 0.000000000000000000e+00
0.000000000000000000e+00 0.000000000000000000e+00 0.000000000000000000e+00 0.000000000000000000e+00 0.000000000000000000e+00
0.000000000000000000e+00 0.000000000000000000e+00 0.000000000000000000e+00 0.000000000000000000e+00 0.000000000000000000e+00
0.000000000000000000e+00 0.000000000000000000e+00 0.000000000000000000e+00 0.000000000000000000e+00 0.000000000000000000e+00
0.000000000000000000e+00 0.000000000000000000e+00 0.000000000000000000e+00 0.000000000000000000e+00 0.000000000000000000e+00
0.000000000000000000e+00 0.000000000000000000e+00 0.000000000000000000e+00 0.000000000000000000e+00 0.000000000000000000e+00
0.000000000000000000e+00 0.000000000000000000e+00 0.000000000000000000e+00 0.000000000000000000e+00 0.000000000000000000e+00
0.000000000000000000e+00 0.000000000000000000e+00 0.000000000000000000e+00 0.000000000000000000e+00 0.000000000000000000e+00
0.000000000000000000e+00 0.000000000000000000e+00 0.000000000000000000e+00 0.000000000000000000e+00 0.000000000000000000e+00
0.000000000000000000e+00 0.000000000000000000e+00 0.000000000000000000e+00 0.000000000000000000e+00 0.000000000000000000e+00
0.000000000000000000e+00 0.000000000000000000e+00 0.000000000000000000e+00 0.000000000000000000e+00 0.000000000000000000e+00
0.000000000000000000e+00 0.000000000000000000e+00 0.000000000000000000e+00 0.000000000000000000e+00 0.000000000000000000e+00
0.000000000000000000e+00 0.000000000000000000e+00 0.000000000000000000e+00 0.000000000000000000e+00 0.000000000000000000e+00
0.000000000000000000e+00 0.000000000000000000e+00 0.000000000000000000e+00 0.000000000000000000e+00 0.000000000000000000e+00
0.000000000000000000e+00 0.000000000000000000e+00 0.000000000000000000e+00 0.000000000000000000e+00 0.000000000000000000e+00
0.000000000000000000e+00 0.000000000000000000e+00 0.000000000000000000e+00 0.000000000000000000e+00 0.000000000000000000e+00
0.000000000000000000e+00 0.000000000000000000e+00 0.000000000000000000e+00 0.000000000000000000e+00 0.000000000000000000e+00
0.000000000000000000e+00 0.000000000000000000e+00 0.000000000000000000e+00 0.000000000000000000e+00 0.000000000000000000e+00
0.000000000000000000e+00 0.000000000000000000e+00 0.000000000000000000e+00 0.000000000000000000e+00 0.000000000000000000e+00
0.000000000000000000e+00 0.000000000000000000e+00 0.000000000000000000e+00 0.000000000000000000e+00 0.000000000000000000e+00
0.000000000000000000e+00 0.000000000000000000e+00 0.000000000000000000e+00 0.000000000000000000e+00 0.000000000000000000e+00
0.000000000000000000e+00 0.000000000000000000e+00 0.000000000000000000e+00 0.000000000000000000e+00 0.000000000000000000e+00
0.000000000000000000e+00 0.000000000000000000e+00 0.000000000000000000e+00 0.000000000000000000e+00 0.000000000000000000e+00
0.000000000000000000e+00 0.000000000000000000e+00 0.000000000000000000e+00 0.000000000000000000e+00 0.000000000000000000e+00
0.000000000000000000e+00 0.000000000000000000e+00 0.000000000000000000e+00 0.000000000000000000e+00 0.000000000000000000e+00
0.000000000000000000e+00 0.000000000000000000e+00 0.000000000000000000e+00 0.000000000000000000e+00 0.000000000000000000e+00
0.000000000000000000e+00 0.000000000000000000e+00 0.000000000000000000e+00 0.000000000000000000e+00 0.000000000000000000e+00
0.000000000000000000e+00 0.000000000000000000e+00 0.000000000000000000e+00 0.000000000000000000e+00 0.000000000000000000e+00
0.000000000000000000e+00 0.000000000000000000e+00 0.000000000000000000e+00 0.000000000000000000e+00 0.000000000000000000e+00
0.000000000000000000e+00 0.000000000000000000e+00 0.000000000000000000e+00 0.000000000000000000e+00 0.000000000000000000e+00
0.000000000000000000e+00 0.000000000000000000e+00 0.000000000000000000e+00 0.000000000000000000e+00 0.000000000000000000e+00
0.000000000000000000e+00 0.000000000000000000e+00 0.000000000000000000e+00 0.000000000000000000e+00 0.000000000000000000e+00
0.000000000000000000e+00 0.000000000000000000e+00 0.000000000000000000e+00 0.000000000000000000e+00 0.000000000000000000e+00
0.000000000000000000e+00 0.000000000000000000e+00 0.000000000000000000e+00 0.000000000000000000e+00 0.000000000000000000e+00
0.000000000000000000e+00 0.000000000000000000e+00 0.000000000000000000e+00 0.000000000000000000e+00 0.000000000000000000e+00
0.000000000000000000e+00 0.000000000000000000e+00 0.000000000000000000e+00 0.000000000000000000e+00 0.000000000000000000e+00
0.000000000000000000e+00 0.000000000000000000e+00 0.000000000000000000e+00 0.000000000000000000e+00 0.000000000000000000e+00
0.000000000000000000e+00 0.000000000000000000e+00 0.000000000000000000e+00 0.000000000000000000e+00 0.000000000000000000e+00
0.000000000000000000e+00 0.000000000000000000e+00 0.000000000000000000e+00 0.000000000000000000e+00 0.000000000000000000e+00
0.000000000000000000e+00 0.000000000000000000e+00 0.000000000000000000e+00 0.000000000000000000e+00 0.000000000000000000e+00
