0.000000000000000000e+00 0.000000000000000000e+00 1.000000000000000000e+00 0.000000000000000000e+00 0.000000000000000000e+00
-7.564493417739868164e-01 9.386142492294311523e-01 1.000000000000000000e+00 0.000000000000000000e+00 0.000000000000000000e+00
-3.574719727039337158e-01 2.962253391742706299e-01 1.000000000000000000e+00 0.000000000000000000e+00 0.000000000000000000e+00
-2.942261695861816406e-01 1.148441582918167114e-01 0.000000000000000000e+00 1.000000000000000000e+00 0.000000000000000000e+00
7.849797010421752930e-01 -5.277981162071228027e-01 1.000000000000000000e+00 0.000000000000000000e+00 0.000000000000000000e+00
3.055113852024078369e-01 -1.869153976440429688e-02 1.000000000000000000e+00 0.000000000000000000e+00 0.000000000000000000e+00
1.428799331188201904e-01 8.743694424629211426e-02 1.000000000000000000e+00 0.000000000000000000e+00 0.000000000000000000e+00
-6.463999748229980469e-01 6.078416109085083008e-01 1.000000000000000000e+00 0.000000000000000000e+00 0.000000000000000000e+00
-4.030524194240570068e-01 2.259796857833862305e-01 0.000000000000000000e+00 1.000000000000000000e+00 0.000000000000000000e+00
-1.294154524803161621e-01 4.587150365114212036e-02 1.000000000000000000e+00 0.000000000000000000e+00 0.000000000000000000e+00
6.346013396978378296e-02 6.080424785614013672e-01 1.000000000000000000e+00 0.000000000000000000e+00 0.000000000000000000e+00
-4.026050120592117310e-02 1.620059311389923096e-01 0.000000000000000000e+00 1.000000000000000000e+00 0.000000000000000000e+00
3.752112984657287598e-01 -9.120072126388549805e-01 1.000000000000000000e+00 0.000000000000000000e+00 0.000000000000000000e+00
7.956401705741882324e-01 -1.608847379684448242e-01 1.000000000000000000e+00 0.000000000000000000e+00 0.000000000000000000e+00
2.599619925022125244e-01 4.123133048415184021e-02 1.000000000000000000e+00 0.000000000000000000e+00 0.000000000000000000e+00
-2.104687094688415527e-01 7.432342767715454102e-01 1.000000000000000000e+00 0.000000000000000000e+00 0.000000000000000000e+00
-1.205367520451545715e-01 1.946139335632324219e-01 1.000000000000000000e+00 0.000000000000000000e+00 0.000000000000000000e+00
-1.728017330169677734e-01 1.203917264938354492e-01 0.000000000000000000e+00 1.000000000000000000e+00 0.000000000000000000e+00
-3.797033727169036865e-01 -4.422099590301513672e-01 1.000000000000000000e+00 0.000000000000000000e+00 0.000000000000000000e+00
3.762442767620086670e-01 -1.196164190769195557e-01 1.000000000000000000e+00 0.000000000000000000e+00 0.000000000000000000e+00
1.691271662712097168e-01 -1.532466262578964233e-01 0.000000000000000000e+00 1.000000000000000000e+00 0.000000000000000000e+00
-2.711238265037536621e-01 -2.007981017231941223e-02 1.000000000000000000e+00 0.000000000000000000e+00 0.000000000000000000e+00
-1.041234731674194336e-01 9.720664471387863159e-02 1.000000000000000000e+00 0.000000000000000000e+00 0.000000000000000000e+00
-7.396831363439559937e-02 4.359214305877685547e-01 1.000000000000000000e+00 0.000000000000000000e+00 0.000000000000000000e+00
3.249836266040802002e-01 -3.791107237339019775e-02 1.000000000000000000e+00 0.000000000000000000e+00 0.000000000000000000e+00
-2.886935323476791382e-02 5.357029661536216736e-02 0.000000000000000000e+00 1.000000000000000000e+00 0.000000000000000000e+00
-7.221841812133789062e-01 7.036063671112060547e-01 1.000000000000000000e+00 0.000000000000000000e+00 0.000000000000000000e+00
8.082286119461059570e-01 -2.459304630756378174e-01 1.000000000000000000e+00 0.000000000000000000e+00 0.000000000000000000e+00
4.949540495872497559e-01 -2.673786282539367676e-01 0.000000000000000000e+00 1.000000000000000000e+00 0.000000000000000000e+00
1.075555086135864258e+00 -2.504367351531982422e+00 1.000000000000000000e+00 0.000000000000000000e+00 0.000000000000000000e+00
-7.501403987407684326e-02 2.539924718439579010e-02 1.000000000000000000e+00 0.000000000000000000e+00 0.000000000000000000e+00
-9.458057582378387451e-03 3.320080041885375977e-01 0.000000000000000000e+00 1.000000000000000000e+00 0.000000000000000000e+00
-3.052832484245300293e-01 2.800059318542480469e-01 1.000000000000000000e+00 0.000000000000000000e+00 0.000000000000000000e+00
6.662625670433044434e-01 -7.151859998703002930e-02 1.000000000000000000e+00 0.000000000000000000e+00 0.000000000000000000e+00
-6.405181884765625000e-01 5.914230346679687500e-01 1.000000000000000000e+00 0.000000000000000000e+00 0.000000000000000000e+00
4.265665113925933838e-01 -1.012254059314727783e-01 1.000000000000000000e+00 0.000000000000000000e+00 0.000000000000000000e+00
1.943966001272201538e-01 -1.443245112895965576e-01 0.000000000000000000e+00 1.000000000000000000e+00 0.000000000000000000e+00
-6.577049493789672852e-01 -3.904389590024948120e-02 1.000000000000000000e+00 0.000000000000000000e+00 0.000000000000000000e+00
-1.431808769702911377e-01 1.278544962406158447e-01 1.000000000000000000e+00 0.000000000000000000e+00 0.000000000000000000e+00
-7.846249341964721680e-01 1.314388871192932129e+00 1.000000000000000000e+00 0.000000000000000000e+00 0.000000000000000000e+00
-4.842630028724670410e-01 5.488334894180297852e-01 1.000000000000000000e+00 0.000000000000000000e+00 0.000000000000000000e+00
-2.667650878429412842e-01 1.825579106807708740e-01 0.000000000000000000e+00 1.000000000000000000e+00 0.000000000000000000e+00
7.876191139221191406e-01 -7.413693070411682129e-01 1.000000000000000000e+00 0.000000000000000000e+00 0.000000000000000000e+00
-1.257253438234329224e-02 6.921711564064025879e-01 1.000000000000000000e+00 0.000000000000000000e+00 0.000000000000000000e+00
-5.376093462109565735e-02 1.363196372985839844e-01 0.000000000000000000e+00 1.000000000000000000e+00 0.000000000000000000e+00
4.164571166038513184e-01 -1.065981626510620117e+00 1.000000000000000000e+00 0.000000000000000000e+00 0.000000000000000000e+00
9.767704010009765625e-01 -1.891570985317230225e-01 1.000000000000000000e+00 0.000000000000000000e+00 0.000000000000000000e+00
3.945563435554504395e-01 3.699627518653869629e-02 1.000000000000000000e+00 0.000000000000000000e+00 0.000000000000000000e+00
5.086776241660118103e-02 2.956610023975372314e-01 1.000000000000000000e+00 0.000000000000000000e+00 0.000000000000000000e+00
-1.078803464770317078e-01 5.187471508979797363e-01 1.000000000000000000e+00 0.000000000000000000e+00 0.000000000000000000e+00
-1.100097522139549255e-01 2.360098659992218018e-01 1.000000000000000000e+00 0.000000000000000000e+00 0.000000000000000000e+00
-1.731590926647186279e-01 1.848225295543670654e-01 0.000000000000000000e+00 1.000000000000000000e+00 0.000000000000000000e+00
-9.365530014038085938e-01 -6.380251646041870117e-01 1.000000000000000000e+00 0.000000000000000000e+00 0.000000000000000000e+00
5.833061933517456055e-01 -1.072204262018203735e-01 1.000000000000000000e+00 0.000000000000000000e+00 0.000000000000000000e+00
2.976542413234710693e-01 -1.450940072536468506e-01 0.000000000000000000e+00 1.000000000000000000e+00 0.000000000000000000e+00
-5.663498640060424805e-01 -5.776217952370643616e-02 1.000000000000000000e+00 0.000000000000000000e+00 0.000000000000000000e+00
-1.068706586956977844e-01 1.205191463232040405e-01 1.000000000000000000e+00 0.000000000000000000e+00 0.000000000000000000e+00
-4.597067832946777344e-02 4.933145642280578613e-01 1.000000000000000000e+00 0.000000000000000000e+00 0.000000000000000000e+00
4.245321452617645264e-02 7.364863157272338867e-02 0.000000000000000000e+00 1.000000000000000000e+00 0.000000000000000000e+00
5.452712178230285645e-01 -7.923083305358886719e-01 1.000000000000000000e+00 0.000000000000000000e+00 0.000000000000000000e+00
-1.715695708990097046e-01 1.106211543083190918e+00 1.000000000000000000e+00 0.000000000000000000e+00 0.000000000000000000e+00
-1.869200766086578369e-01 4.847295284271240234e-01 0.000000000000000000e+00 1.000000000000000000e+00 0.000000000000000000e+00
-8.255412578582763672e-01 -3.380593776702880859e+00 0.000000000000000000e+00 0.000000000000000000e+00 1.000000000000000000e+00
9.107887744903564453e-04 3.311909437179565430e-01 0.000000000000000000e+00 0.000000000000000000e+00 1.000000000000000000e+00
-1.699887990951538086e+00 -2.705729007720947266e-01 0.000000000000000000e+00 0.000000000000000000e+00 1.000000000000000000e+00
-9.426420927047729492e-01 -2.304794788360595703e-01 0.000000000000000000e+00 0.000000000000000000e+00 1.000000000000000000e+00
-1.257926344871520996e+00 -3.552578091621398926e-01 0.000000000000000000e+00 0.000000000000000000e+00 1.000000000000000000e+00
-1.081537485122680664e+00 -2.887015938758850098e-01 0.000000000000000000e+00 0.000000000000000000e+00 1.000000000000000000e+00
-1.145882606506347656e+00 -3.205912709236145020e-01 0.000000000000000000e+00 0.000000000000000000e+00 1.000000000000000000e+00
-1.097739458084106445e+00 -2.989470362663269043e-01 0.000000000000000000e+00 0.000000000000000000e+00 1.000000000000000000e+00
-1.100851655006408691e+00 -3.211699128150939941e-01 0.000000000000000000e+00 0.000000000000000000e+00 1.000000000000000000e+00
-1.081001400947570801e+00 -3.234396576881408691e-01 0.000000000000000000e+00 0.000000000000000000e+00 1.000000000000000000e+00
-1.070932507514953613e+00 -3.433683514595031738e-01 0.000000000000000000e+00 0.000000000000000000e+00 1.000000000000000000e+00
-1.057239055633544922e+00 -3.529592156410217285e-01 0.000000000000000000e+00 0.000000000000000000e+00 1.000000000000000000e+00
-1.043476819992065430e+00 -3.610900044441223145e-01 0.000000000000000000e+00 0.000000000000000000e+00 1.000000000000000000e+00
-1.025368690490722656e+00 -3.732667565345764160e-01 0.000000000000000000e+00 0.000000000000000000e+00 1.000000000000000000e+00
-1.011547923088073730e+00 -3.707471489906311035e-01 0.000000000000000000e+00 0.000000000000000000e+00 1.000000000000000000e+00
-1.004790663719177246e+00 -3.620401024818420410e-01 0.000000000000000000e+00 0.000000000000000000e+00 1.000000000000000000e+00
-1.001853704452514648e+00 -3.525765538215637207e-01 0.000000000000000000e+00 0.000000000000000000e+00 1.000000000000000000e+00
-1.000001668930053711e+00 -3.439574837684631348e-01 0.000000000000000000e+00 0.000000000000000000e+00 1.000000000000000000e+00
-9.985125064849853516e-01 -3.354567885398864746e-01 0.000000000000000000e+00 0.000000000000000000e+00 1.000000000000000000e+00
-9.943871498107910156e-01 -3.249846100807189941e-01 0.000000000000000000e+00 0.000000000000000000e+00 1.000000000000000000e+00
-9.850683212280273438e-01 -3.258236050605773926e-01 0.000000000000000000e+00 0.000000000000000000e+00 1.000000000000000000e+00
-9.723967313766479492e-01 -3.321016430854797363e-01 0.000000000000000000e+00 0.000000000000000000e+00 1.000000000000000000e+00
-9.644606113433837891e-01 -3.308420777320861816e-01 0.000000000000000000e+00 0.000000000000000000e+00 1.000000000000000000e+00
-9.602419137954711914e-01 -3.256768584251403809e-01 0.000000000000000000e+00 0.000000000000000000e+00 1.000000000000000000e+00
0.000000000000000000e+00 0.000000000000000000e+00 0.000000000000000000e+00 0.000000000000000000e+00 0.000000000000000000e+00
0.000000000000000000e+00 0.000000000000000000e+00 0.000000000000000000e+00 0.000000000000000000e+00 0.000000000000000000e+00
0.000000000000000000e+00 0.000000000000000000e+00 0.000000000000000000e+00 0.000000000000000000e+00 0.000000000000000000e+00
0.000000000000000000e+00 0.000000000000000000e+00 0.000000000000000000e+00 0.000000000000000000e+00 0.000000000000000000e+00
0.000000000000000000e+00 0.000000000000000000e+00 0.000000000000000000e+00 0.000000000000000000e+00 0.000000000000000000e+00
0.000000000000000000e+00 0.000000000000000000e+00 0.000000000000000000e+00 0.000000000000000000e+00 0.000000000000000000e+00
0.000000000000000000e+00 0.000000000000000000e+00 0.000000000000000000e+00 0.000000000000000000e+00 0.000000000000000000e+00
0.000000000000000000e+00 0.000000000000000000e+00 0.000000000000000000e+00 0.000000000000000000e+00 0.000000000000000000e+00
0.000000000000000000e+00 0.000000000000000000e+00 0.000000000000000000e+00 0.000000000000000000e+00 0.000000000000000000e+00
0.000000000000000000e+00 0.000000000000000000e+00 0.000000000000000000e+00 0.000000000000000000e+00 0.000000000000000000e+00
0.000000000000000000e+00 0.000000000000000000e+00 0.000000000000000000e+00 0.000000000000000000e+00 0.000000000000000000e+00
0.000000000000000000e+00 0.000000000000000000e+00 0.000000000000000000e+00 0.000000000000000000e+00 0.000000000000000000e+00
0.000000000000000000e+00 0.000000000000000000e+00 0.000000000000000000e+00 0.000000000000000000e+00 0.000000000000000000e+00
0.000000000000000000e+00 0.000000000000000000e+00 0.000000000000000000e+00 0.000000000000000000e+00 0.000000000000000000e+00
0.000000000000000000e+00 0.000000000000000000e+00 0.000000000000000000e+00 0.000000000000000000e+00 0.000000000000000000e+00
0.000000000000000000e+00 0.000000000000000000e+00 0.000000000000000000e+00 0.000000000000000000e+00 0.000000000000000000e+00
0.000000000000000000e+00 0.000000000000000000e+00 0.000000000000000000e+00 0.000000000000000000e+00 0.000000000000000000e+00
0.000000000000000000e+00 0.000000000000000000e+00 0.000000000000000000e+00 0.000000000000000000e+00 0.000000000000000000e+00
0.000000000000000000e+00 0.000000000000000000e+00 0.000000000000000000e+00 0.000000000000000000e+00 0.000000000000000000e+00
0.000000000000000000e+00 0.000000000000000000e+00 0.000000000000000000e+00 0.000000000000000000e+00 0.000000000000000000e+00
0.000000000000000000e+00 0.000000000000000000e+00 0.000000000000000000e+00 0.000000000000000000e+00 0.000000000000000000e+00
0.000000000000000000e+00 0.000000000000000000e+00 0.000000000000000000e+00 0.000000000000000000e+00 0.000000000000000000e+00
0.000000000000000000e+00 0.000000000000000000e+00 0.000000000000000000e+00 0.000000000000000000e+00 0.000000000000000000e+00
0.000000000000000000e+00 0.000000000000000000e+00 0.000000000000000000e+00 0.000000000000000000e+00 0.000000000000000000e+00
0.000000000000000000e+00 0.000000000000000000e+00 0.000000000000000000e+00 0.000000000000000000e+00 0.000000000000000000e+00
0.000000000000000000e+00 0.000000000000000000e+00 0.000000000000000000e+00 0.000000000000000000e+00 0.000000000000000000e+00
0.000000000000000000e+00 0.000000000000000000e+00 0.000000000000000000e+00 0.000000000000000000e+00 0.000000000000000000e+00
0.000000000000000000e+00 0.000000000000000000e+00 0.000000000000000000e+00 0.000000000000000000e+00 0.000000000000000000e+00
0.000000000000000000e+00 0.000000000000000000e+00 0.000000000000000000e+00 0.000000000000000000e+00 0.000000000000000000e+00
0.000000000000000000e+00 0.000000000000000000e+00 0.000000000000000000e+00 0.000000000000000000e+00 0.000000000000000000e+00
0.000000000000000000e+00 0.000000000000000000e+00 0.000000000000000000e+00 0.000000000000000000e+00 0.000000000000000000e+00
0.000000000000000000e+00 0.000000000000000000e+00 0.000000000000000000e+00 0.000000000000000000e+00 0.000000000000000000e+00
0.000000000000000000e+00 0.000000000000000000e+00 0.000000000000000000e+00 0.000000000000000000e+00 0.000000000000000000e+00
0.000000000000000000e+00 0.000000000000000000e+00 0.000000000000000000e+00 0.000000000000000000e+00 0.000000000000000000e+00
0.000000000000000000e+00 0.000000000000000000e+00 0.000000000000000000e+00 0.000000000000000000e+00 0.000000000000000000e+00
