0.000000000000000000e+00 0.000000000000000000e+00 1.000000000000000000e+00 0.000000000000000000e+00 0.000000000000000000e+00
5.447990894317626953e-01 4.077214300632476807e-01 1.000000000000000000e+00 0.000000000000000000e+00 0.000000000000000000e+00
1.250365078449249268e-01 4.505694806575775146e-01 0.000000000000000000e+00 1.000000000000000000e+00 0.000000000000000000e+00
5.879235267639160156e-01 -1.146467089653015137e+00 1.000000000000000000e+00 0.000000000000000000e+00 0.000000000000000000e+00
1.266616940498352051e+00 -1.152246296405792236e-01 1.000000000000000000e+00 0.000000000000000000e+00 0.000000000000000000e+00
3.790320754051208496e-01 1.264367103576660156e-01 1.000000000000000000e+00 0.000000000000000000e+00 0.000000000000000000e+00
-1.247767210006713867e+00 1.070517659187316895e+00 1.000000000000000000e+00 0.000000000000000000e+00 0.000000000000000000e+00
-7.698078155517578125e-01 3.933650553226470947e-01 1.000000000000000000e+00 0.000000000000000000e+00 0.000000000000000000e+00
-7.371664047241210938e-01 1.437709331512451172e-01 1.000000000000000000e+00 0.000000000000000000e+00 0.000000000000000000e+00
1.701685190200805664e+00 -3.702229261398315430e-01 1.000000000000000000e+00 0.000000000000000000e+00 0.000000000000000000e+00
7.889145612716674805e-01 -3.354355692863464355e-01 0.000000000000000000e+00 1.000000000000000000e+00 0.000000000000000000e+00
-7.730202674865722656e-01 -1.820194363594055176e+00 1.000000000000000000e+00 0.000000000000000000e+00 0.000000000000000000e+00
-7.441115379333496094e-02 6.216102838516235352e-01 1.000000000000000000e+00 0.000000000000000000e+00 0.000000000000000000e+00
-7.147129774093627930e-01 1.447229623794555664e+00 1.000000000000000000e+00 0.000000000000000000e+00 0.000000000000000000e+00
-1.099585056304931641e+00 1.401441097259521484e+00 1.000000000000000000e+00 0.000000000000000000e+00 0.000000000000000000e+00
-6.188378930091857910e-01 5.160870552062988281e-01 1.000000000000000000e+00 0.000000000000000000e+00 0.000000000000000000e+00
-5.066320300102233887e-01 1.520472466945648193e-01 0.000000000000000000e+00 1.000000000000000000e+00 0.000000000000000000e+00
2.448900222778320312e+00 -1.442986845970153809e+00 1.000000000000000000e+00 0.000000000000000000e+00 0.000000000000000000e+00
1.002758026123046875e+00 2.599010169506072998e-01 1.000000000000000000e+00 0.000000000000000000e+00 0.000000000000000000e+00
1.102651834487915039e+00 6.224224567413330078e-01 1.000000000000000000e+00 0.000000000000000000e+00 0.000000000000000000e+00
6.478331238031387329e-02 1.618764102458953857e-01 0.000000000000000000e+00 1.000000000000000000e+00 0.000000000000000000e+00
-2.299307584762573242e+00 -4.637437462806701660e-01 1.000000000000000000e+00 0.000000000000000000e+00 0.000000000000000000e+00
-8.591092824935913086e-01 9.766261577606201172e-01 1.000000000000000000e+00 0.000000000000000000e+00 0.000000000000000000e+00
1.109120845794677734e+00 -2.167607098817825317e-01 1.000000000000000000e+00 0.000000000000000000e+00 0.000000000000000000e+00
4.907310307025909424e-01 7.553683221340179443e-02 1.000000000000000000e+00 0.000000000000000000e+00 0.000000000000000000e+00
2.718782052397727966e-02 3.023061454296112061e-01 1.000000000000000000e+00 0.000000000000000000e+00 0.000000000000000000e+00
-3.839248120784759521e-01 4.404726028442382812e-01 1.000000000000000000e+00 0.000000000000000000e+00 0.000000000000000000e+00
-4.053614437580108643e-01 1.589017212390899658e-01 1.000000000000000000e+00 0.000000000000000000e+00 0.000000000000000000e+00
-3.402537107467651367e-01 -3.735557198524475098e-02 0.000000000000000000e+00 1.000000000000000000e+00 0.000000000000000000e+00
-2.377418801188468933e-02 -3.738265633583068848e-01 1.000000000000000000e+00 0.000000000000000000e+00 0.000000000000000000e+00
3.417377769947052002e-01 1.651781499385833740e-01 1.000000000000000000e+00 0.000000000000000000e+00 0.000000000000000000e+00
2.410229891538619995e-01 -2.433831989765167236e-02 0.000000000000000000e+00 1.000000000000000000e+00 0.000000000000000000e+00
-7.471760511398315430e-01 -1.400832533836364746e-01 1.000000000000000000e+00 0.000000000000000000e+00 0.000000000000000000e+00
-1.952852904796600342e-01 1.964291036128997803e-01 1.000000000000000000e+00 0.000000000000000000e+00 0.000000000000000000e+00
-1.030470356345176697e-01 5.343751907348632812e-01 1.000000000000000000e+00 0.000000000000000000e+00 0.000000000000000000e+00
1.096992865204811096e-01 1.386253982782363892e-01 1.000000000000000000e+00 0.000000000000000000e+00 0.000000000000000000e+00
1.304381489753723145e+00 -1.013528108596801758e-01 1.000000000000000000e+00 0.000000000000000000e+00 0.000000000000000000e+00
4.790228903293609619e-01 1.581506729125976562e-01 1.000000000000000000e+00 0.000000000000000000e+00 0.000000000000000000e+00
1.884692907333374023e-01 5.081804394721984863e-01 1.000000000000000000e+00 0.000000000000000000e+00 0.000000000000000000e+00
-1.306059360504150391e-01 6.256601810455322266e-01 1.000000000000000000e+00 0.000000000000000000e+00 0.000000000000000000e+00
-4.953087270259857178e-01 4.627322554588317871e-01 1.000000000000000000e+00 0.000000000000000000e+00 0.000000000000000000e+00
-5.529077649116516113e-01 1.162747517228126526e-01 1.000000000000000000e+00 0.000000000000000000e+00 0.000000000000000000e+00
-5.874289274215698242e-01 -7.869270443916320801e-02 1.000000000000000000e+00 0.000000000000000000e+00 0.000000000000000000e+00
-5.017921924591064453e-01 -2.774897813796997070e-01 1.000000000000000000e+00 0.000000000000000000e+00 0.000000000000000000e+00
-2.221073806285858154e-01 -4.094183444976806641e-01 1.000000000000000000e+00 0.000000000000000000e+00 0.000000000000000000e+00
6.467053294181823730e-02 -2.136776298284530640e-01 1.000000000000000000e+00 0.000000000000000000e+00 0.000000000000000000e+00
1.193256139755249023e+00 -2.687854766845703125e-01 1.000000000000000000e+00 0.000000000000000000e+00 0.000000000000000000e+00
7.180764675140380859e-01 -3.177676796913146973e-01 0.000000000000000000e+00 1.000000000000000000e+00 0.000000000000000000e+00
-1.266878008842468262e+00 -2.708245277404785156e+00 0.000000000000000000e+00 0.000000000000000000e+00 1.000000000000000000e+00
-6.516106128692626953e-01 1.612859249114990234e+00 0.000000000000000000e+00 0.000000000000000000e+00 1.000000000000000000e+00
-1.410161018371582031e+00 -6.659867167472839355e-01 0.000000000000000000e+00 0.000000000000000000e+00 1.000000000000000000e+00
-9.478852748870849609e-01 -2.696340680122375488e-01 0.000000000000000000e+00 0.000000000000000000e+00 1.000000000000000000e+00
-1.185460090637207031e+00 -5.724524855613708496e-01 0.000000000000000000e+00 0.000000000000000000e+00 1.000000000000000000e+00
-1.031409382820129395e+00 -3.107687830924987793e-01 0.000000000000000000e+00 0.000000000000000000e+00 1.000000000000000000e+00
-1.106807470321655273e+00 -4.015328288078308105e-01 0.000000000000000000e+00 0.000000000000000000e+00 1.000000000000000000e+00
-1.054068684577941895e+00 -2.770710587501525879e-01 0.000000000000000000e+00 0.000000000000000000e+00 1.000000000000000000e+00
-1.065771698951721191e+00 -2.819225788116455078e-01 0.000000000000000000e+00 0.000000000000000000e+00 1.000000000000000000e+00
-1.039644718170166016e+00 -2.574221491813659668e-01 0.000000000000000000e+00 0.000000000000000000e+00 1.000000000000000000e+00
-1.030295968055725098e+00 -2.460136413574218750e-01 0.000000000000000000e+00 0.000000000000000000e+00 1.000000000000000000e+00
-1.018614053726196289e+00 -2.421892285346984863e-01 0.000000000000000000e+00 0.000000000000000000e+00 1.000000000000000000e+00
-1.009630322456359863e+00 -2.370828986167907715e-01 0.000000000000000000e+00 0.000000000000000000e+00 1.000000000000000000e+00
-1.001910448074340820e+00 -2.278237342834472656e-01 0.000000000000000000e+00 0.000000000000000000e+00 1.000000000000000000e+00
-9.953383207321166992e-01 -2.181931734085083008e-01 0.000000000000000000e+00 0.000000000000000000e+00 1.000000000000000000e+00
-9.868742227554321289e-01 -2.154867649078369141e-01 0.000000000000000000e+00 0.000000000000000000e+00 1.000000000000000000e+00
-9.750877618789672852e-01 -2.289729714393615723e-01 0.000000000000000000e+00 0.000000000000000000e+00 1.000000000000000000e+00
-9.676156044006347656e-01 -2.367245554924011230e-01 0.000000000000000000e+00 0.000000000000000000e+00 1.000000000000000000e+00
-9.645347595214843750e-01 -2.375831007957458496e-01 0.000000000000000000e+00 0.000000000000000000e+00 1.000000000000000000e+00
-9.619629383087158203e-01 -2.325245738029479980e-01 0.000000000000000000e+00 0.000000000000000000e+00 1.000000000000000000e+00
0.000000000000000000e+00 0.000000000000000000e+00 0.000000000000000000e+00 0.000000000000000000e+00 0.000000000000000000e+00
0.000000000000000000e+00 0.000000000000000000e+00 0.000000000000000000e+00 0.000000000000000000e+00 0.000000000000000000e+00
0.000000000000000000e+00 0.000000000000000000e+00 0.000000000000000000e+00 0.000000000000000000e+00 0.000000000000000000e+00
0.000000000000000000e+00 0.000000000000000000e+00 0.000000000000000000e+00 0.000000000000000000e+00 0.000000000000000000e+00
0.000000000000000000e+00 0.000000000000000000e+00 0.000000000000000000e+00 0.000000000000000000e+00 0.000000000000000000e+00
0.000000000000000000e+00 0.000000000000000000e+00 0.000000000000000000e+00 0.000000000000000000e+00 0.000000000000000000e+00
0.000000000000000000e+00 0.000000000000000000e+00 0.000000000000000000e+00 0.000000000000000000e+00 0.000000000000000000e+00
0.000000000000000000e+00 0.000000000000000000e+00 0.000000000000000000e+00 0.000000000000000000e+00 0.000000000000000000e+00
0.000000000000000000e+00 0.000000000000000000e+00 0.000000000000000000e+00 0.000000000000000000e+00 0.000000000000000000e+00
0.000000000000000000e+00 0.000000000000000000e+00 0.000000000000000000e+00 0.000000000000000000e+00 0.000000000000000000e+00
0.000000000000000000e+00 0.000000000000000000e+00 0.000000000000000000e+00 0.000000000000000000e+00 0.000000000000000000e+00
0.000000000000000000e+00 0.000000000000000000e+00 0.000000000000000000e+00 0.000000000000000000e+00 0.000000000000000000e+00
0.000000000000000000e+00 0.000000000000000000e+00 0.000000000000000000e+00 0.000000000000000000e+00 0.000000000000000000e+00
0.000000000000000000e+00 0.000000000000000000e+00 0.000000000000000000e+00 0.000000000000000000e+00 0.000000000000000000e+00
0.000000000000000000e+00 0.000000000000000000e+00 0.000000000000000000e+00 0.000000000000000000e+00 0.000000000000000000e+00
0.000000000000000000e+00 0.000000000000000000e+00 0.000000000000000000e+00 0.000000000000000000e+00 0.000000000000000000e+00
0.000000000000000000e+00 0.000000000000000000e+00 0.000000000000000000e+00 0.000000000000000000e+00 0.000000000000000000e+00
0.000000000000000000e+00 0.000000000000000000e+00 0.000000000000000000e+00 0.000000000000000000e+00 0.000000000000000000e+00
0.000000000000000000e+00 0.000000000000000000e+00 0.000000000000000000e+00 0.000000000000000000e+00 0.000000000000000000e+00
0.000000000000000000e+00 0.000000000000000000e+00 0.000000000000000000e+00 0.000000000000000000e+00 0.000000000000000000e+00
0.000000000000000000e+00 0.000000000000000000e+00 0.000000000000000000e+00 0.000000000000000000e+00 0.000000000000000000e+00
0.000000000000000000e+00 0.000000000000000000e+00 0.000000000000000000e+00 0.000000000000000000e+00 0.000000000000000000e+00
0.000000000000000000e+00 0.000000000000000000e+00 0.000000000000000000e+00 0.000000000000000000e+00 0.000000000000000000e+00
0.000000000000000000e+00 0.000000000000000000e+00 0.000000000000000000e+00 0.000000000000000000e+00 0.000000000000000000e+00
0.000000000000000000e+00 0.000000000000000000e+00 0.000000000000000000e+00 0.000000000000000000e+00 0.000000000000000000e+00
0.000000000000000000e+00 0.000000000000000000e+00 0.000000000000000000e+00 0.000000000000000000e+00 0.000000000000000000e+00
0.000000000000000000e+00 0.000000000000000000e+00 0.000000000000000000e+00 0.000000000000000000e+00 0.000000000000000000e+00
0.000000000000000000e+00 0.000000000000000000e+00 0.000000000000000000e+00 0.000000000000000000e+00 0.000000000000000000e+00
0.000000000000000000e+00 0.000000000000000000e+00 0.000000000000000000e+00 0.000000000000000000e+00 0.000000000000000000e+00
0.000000000000000000e+00 0.000000000000000000e+00 0.000000000000000000e+00 0.000000000000000000e+00 0.000000000000000000e+00
0.000000000000000000e+00 0.000000000000000000e+00 0.000000000000000000e+00 0.000000000000000000e+00 0.000000000000000000e+00
0.000000000000000000e+00 0.000000000000000000e+00 0.000000000000000000e+00 0.000000000000000000e+00 0.000000000000000000e+00
0.000000000000000000e+00 0.000000000000000000e+00 0.000000000000000000e+00 0.000000000000000000e+00 0.000000000000000000e+00
0.000000000000000000e+00 0.000000000000000000e+00 0.000000000000000000e+00 0.000000000000000000e+00 0.000000000000000000e+00
0.000000000000000000e+00 0.000000000000000000e+00 0.000000000000000000e+00 0.000000000000000000e+00 0.000000000000000000e+00
0.000000000000000000e+00 0.000000000000000000e+00 0.000000000000000000e+00 0.000000000000000000e+00 0.000000000000000000e+00
0.000000000000000000e+00 0.000000000000000000e+00 0.000000000000000000e+00 0.000000000000000000e+00 0.000000000000000000e+00
0.000000000000000000e+00 0.000000000000000000e+00 0.000000000000000000e+00 0.000000000000000000e+00 0.000000000000000000e+00
0.000000000000000000e+00 0.000000000000000000e+00 0.000000000000000000e+00 0.000000000000000000e+00 0.000000000000000000e+00
0.000000000000000000e+00 0.000000000000000000e+00 0.000000000000000000e+00 0.000000000000000000e+00 0.000000000000000000e+00
0.000000000000000000e+00 0.000000000000000000e+00 0.000000000000000000e+00 0.000000000000000000e+00 0.000000000000000000e+00
0.000000000000000000e+00 0.000000000000000000e+00 0.000000000000000000e+00 0.000000000000000000e+00 0.000000000000000000e+00
0.000000000000000000e+00 0.000000000000000000e+00 0.000000000000000000e+00 0.000000000000000000e+00 0.000000000000000000e+00
0.000000000000000000e+00 0.000000000000000000e+00 0.000000000000000000e+00 0.000000000000000000e+00 0.000000000000000000e+00
0.000000000000000000e+00 0.000000000000000000e+00 0.000000000000000000e+00 0.000000000000000000e+00 0.000000000000000000e+00
0.000000000000000000e+00 0.000000000000000000e+00 0.000000000000000000e+00 0.000000000000000000e+00 0.000000000000000000e+00
0.000000000000000000e+00 0.000000000000000000e+00 0.000000000000000000e+00 0.000000000000000000e+00 0.000000000000000000e+00
0.000000000000000000e+00 0.000000000000000000e+00 0.000000000000000000e+00 0.000000000000000000e+00 0.000000000000000000e+00
0.000000000000000000e+00 0.000000000000000000e+00 0.000000000000000000e+00 0.000000000000000000e+00 0.000000000000000000e+00
0.000000000000000000e+00 0.000000000000000000e+00 0.000000000000000000e+00 0.000000000000000000e+00 0.000000000000000000e+00
0.000000000000000000e+00 0.000000000000000000e+00 0.000000000000000000e+00 0.000000000000000000e+00 0.000000000000000000e+00
0.000000000000000000e+00 0.000000000000000000e+00 0.000000000000000000e+00 0.000000000000000000e+00 0.000000000000000000e+00
0.000000000000000000e+00 0.000000000000000000e+00 0.000000000000000000e+00 0.000000000000000000e+00 0.000000000000000000e+00
