0.000000000000000000e+00 0.000000000000000000e+00 1.000000000000000000e+00 0.000000000000000000e+00 0.000000000000000000e+00
-5.971641838550567627e-02 5.001065135002136230e-02 1.000000000000000000e+00 0.000000000000000000e+00 0.000000000000000000e+00
1.636212170124053955e-01 2.927236855030059814e-01 0.000000000000000000e+00 1.000000000000000000e+00 0.000000000000000000e+00
-2.699357867240905762e-01 5.342816114425659180e-01 1.000000000000000000e+00 0.000000000000000000e+00 0.000000000000000000e+00
-5.809784680604934692e-02 8.176806569099426270e-02 1.000000000000000000e+00 0.000000000000000000e+00 0.000000000000000000e+00
2.000958472490310669e-01 3.151859045028686523e-01 1.000000000000000000e+00 0.000000000000000000e+00 0.000000000000000000e+00
7.186889648437500000e-03 2.209930121898651123e-01 0.000000000000000000e+00 1.000000000000000000e+00 0.000000000000000000e+00
-1.622153818607330322e-01 5.936264991760253906e-01 1.000000000000000000e+00 0.000000000000000000e+00 0.000000000000000000e+00
-3.982226178050041199e-02 2.925335615873336792e-02 1.000000000000000000e+00 0.000000000000000000e+00 0.000000000000000000e+00
4.658610820770263672e-01 -6.193645596504211426e-01 1.000000000000000000e+00 0.000000000000000000e+00 0.000000000000000000e+00
1.298577487468719482e-01 -3.093040585517883301e-01 0.000000000000000000e+00 1.000000000000000000e+00 0.000000000000000000e+00
4.702042639255523682e-01 -8.247923851013183594e-01 1.000000000000000000e+00 0.000000000000000000e+00 0.000000000000000000e+00
4.839728772640228271e-01 -9.398772567510604858e-02 1.000000000000000000e+00 0.000000000000000000e+00 0.000000000000000000e+00
-2.940564453601837158e-01 9.070183038711547852e-01 1.000000000000000000e+00 0.000000000000000000e+00 0.000000000000000000e+00
8.931282907724380493e-03 4.234533309936523438e-01 1.000000000000000000e+00 0.000000000000000000e+00 0.000000000000000000e+00
3.597196340560913086e-01 -5.918517708778381348e-01 1.000000000000000000e+00 0.000000000000000000e+00 0.000000000000000000e+00
9.718160331249237061e-02 -3.457098603248596191e-01 0.000000000000000000e+00 1.000000000000000000e+00 0.000000000000000000e+00
8.857867121696472168e-01 -1.552136540412902832e+00 1.000000000000000000e+00 0.000000000000000000e+00 0.000000000000000000e+00
-4.192117750644683838e-01 7.324398756027221680e-01 1.000000000000000000e+00 0.000000000000000000e+00 0.000000000000000000e+00
5.810694694519042969e-01 -1.511022448539733887e-01 1.000000000000000000e+00 0.000000000000000000e+00 0.000000000000000000e+00
2.620739638805389404e-01 5.271297693252563477e-02 1.000000000000000000e+00 0.000000000000000000e+00 0.000000000000000000e+00
1.748462021350860596e-02 2.548483312129974365e-01 1.000000000000000000e+00 0.000000000000000000e+00 0.000000000000000000e+00
-2.246977686882019043e-01 4.190180897712707520e-01 1.000000000000000000e+00 0.000000000000000000e+00 0.000000000000000000e+00
-1.601001918315887451e-01 1.445156484842300415e-01 1.000000000000000000e+00 0.000000000000000000e+00 0.000000000000000000e+00
-1.898647546768188477e-01 3.456914424896240234e-02 0.000000000000000000e+00 1.000000000000000000e+00 0.000000000000000000e+00
-3.603934124112129211e-02 -3.476077914237976074e-01 1.000000000000000000e+00 0.000000000000000000e+00 0.000000000000000000e+00
1.054655760526657104e-01 4.145768657326698303e-02 1.000000000000000000e+00 0.000000000000000000e+00 0.000000000000000000e+00
-2.282539755105972290e-02 7.123207300901412964e-02 0.000000000000000000e+00 1.000000000000000000e+00 0.000000000000000000e+00
-3.070024251937866211e-01 -1.793803647160530090e-02 1.000000000000000000e+00 0.000000000000000000e+00 0.000000000000000000e+00
-2.836898863315582275e-01 5.936915874481201172e-01 1.000000000000000000e+00 0.000000000000000000e+00 0.000000000000000000e+00
7.827000021934509277e-01 -7.719625532627105713e-02 1.000000000000000000e+00 0.000000000000000000e+00 0.000000000000000000e+00
3.094644248485565186e-01 1.017696112394332886e-01 1.000000000000000000e+00 0.000000000000000000e+00 0.000000000000000000e+00
1.057026907801628113e-01 3.681085407733917236e-01 1.000000000000000000e+00 0.000000000000000000e+00 0.000000000000000000e+00
-7.767835259437561035e-02 5.120640993118286133e-01 1.000000000000000000e+00 0.000000000000000000e+00 0.000000000000000000e+00
-1.055004298686981201e-01 2.044186592102050781e-01 1.000000000000000000e+00 0.000000000000000000e+00 0.000000000000000000e+00
-1.519076228141784668e-01 1.276782602071762085e-01 1.000000000000000000e+00 0.000000000000000000e+00 0.000000000000000000e+00
-1.898736357688903809e-01 4.156779870390892029e-02 1.000000000000000000e+00 0.000000000000000000e+00 0.000000000000000000e+00
-2.473187595605850220e-01 -7.047428935766220093e-02 1.000000000000000000e+00 0.000000000000000000e+00 0.000000000000000000e+00
-2.399141490459442139e-01 -1.962462663650512695e-01 1.000000000000000000e+00 0.000000000000000000e+00 0.000000000000000000e+00
-1.073176711797714233e-01 -2.346705198287963867e-01 1.000000000000000000e+00 0.000000000000000000e+00 0.000000000000000000e+00
4.148979485034942627e-02 -1.356126964092254639e-01 1.000000000000000000e+00 0.000000000000000000e+00 0.000000000000000000e+00
5.898755192756652832e-01 -1.801170855760574341e-01 0.000000000000000000e+00 1.000000000000000000e+00 0.000000000000000000e+00
-1.004065394401550293e+00 -1.555093050003051758e+00 0.000000000000000000e+00 0.000000000000000000e+00 1.000000000000000000e+00
-5.882393121719360352e-01 9.865329861640930176e-01 0.000000000000000000e+00 0.000000000000000000e+00 1.000000000000000000e+00
-1.356775164604187012e+00 -4.153211712837219238e-01 0.000000000000000000e+00 0.000000000000000000e+00 1.000000000000000000e+00
-9.103116989135742188e-01 3.701448440551757812e-04 0.000000000000000000e+00 0.000000000000000000e+00 1.000000000000000000e+00
-1.049967408180236816e+00 -3.796585202217102051e-01 0.000000000000000000e+00 0.000000000000000000e+00 1.000000000000000000e+00
-9.557158946990966797e-01 -2.200260162353515625e-01 0.000000000000000000e+00 0.000000000000000000e+00 1.000000000000000000e+00
-9.653393030166625977e-01 -3.244573473930358887e-01 0.000000000000000000e+00 0.000000000000000000e+00 1.000000000000000000e+00
-9.439383745193481445e-01 -2.692353725433349609e-01 0.000000000000000000e+00 0.000000000000000000e+00 1.000000000000000000e+00
-9.580364227294921875e-01 -2.633105516433715820e-01 0.000000000000000000e+00 0.000000000000000000e+00 1.000000000000000000e+00
-9.414497613906860352e-01 -2.749133110046386719e-01 0.000000000000000000e+00 0.000000000000000000e+00 1.000000000000000000e+00
-9.142299890518188477e-01 -3.177686333656311035e-01 0.000000000000000000e+00 0.000000000000000000e+00 1.000000000000000000e+00
-9.044867753982543945e-01 -3.173667788505554199e-01 0.000000000000000000e+00 0.000000000000000000e+00 1.000000000000000000e+00
-9.006811380386352539e-01 -3.111875057220458984e-01 0.000000000000000000e+00 0.000000000000000000e+00 1.000000000000000000e+00
-9.000003337860107422e-01 -2.957096695899963379e-01 0.000000000000000000e+00 0.000000000000000000e+00 1.000000000000000000e+00
-8.976259231567382812e-01 -2.816293239593505859e-01 0.000000000000000000e+00 0.000000000000000000e+00 1.000000000000000000e+00
-8.919477462768554688e-01 -2.728180289268493652e-01 0.000000000000000000e+00 0.000000000000000000e+00 1.000000000000000000e+00
-8.834407329559326172e-01 -2.679551243782043457e-01 0.000000000000000000e+00 0.000000000000000000e+00 1.000000000000000000e+00
-8.731834888458251953e-01 -2.674325704574584961e-01 0.000000000000000000e+00 0.000000000000000000e+00 1.000000000000000000e+00
-8.668377399444580078e-01 -2.624588012695312500e-01 0.000000000000000000e+00 0.000000000000000000e+00 1.000000000000000000e+00
-8.623505830764770508e-01 -2.549093365669250488e-01 0.000000000000000000e+00 0.000000000000000000e+00 1.000000000000000000e+00
-8.598405122756958008e-01 -2.458613514900207520e-01 0.000000000000000000e+00 0.000000000000000000e+00 1.000000000000000000e+00
-8.571554422378540039e-01 -2.382650971412658691e-01 0.000000000000000000e+00 0.000000000000000000e+00 1.000000000000000000e+00
-8.536814451217651367e-01 -2.353965044021606445e-01 0.000000000000000000e+00 0.000000000000000000e+00 1.000000000000000000e+00
-8.518897294998168945e-01 -2.355337142944335938e-01 0.000000000000000000e+00 0.000000000000000000e+00 1.000000000000000000e+00
-8.496944904327392578e-01 -2.354012727737426758e-01 0.000000000000000000e+00 0.000000000000000000e+00 1.000000000000000000e+00
-8.454138040542602539e-01 -2.343299388885498047e-01 0.000000000000000000e+00 0.000000000000000000e+00 1.000000000000000000e+00
-8.406057357788085938e-01 -2.297896146774291992e-01 0.000000000000000000e+00 0.000000000000000000e+00 1.000000000000000000e+00
-8.349784612655639648e-01 -2.263683080673217773e-01 0.000000000000000000e+00 0.000000000000000000e+00 1.000000000000000000e+00
-8.268362283706665039e-01 -2.278961539268493652e-01 0.000000000000000000e+00 0.000000000000000000e+00 1.000000000000000000e+00
-8.214749097824096680e-01 -2.306242585182189941e-01 0.000000000000000000e+00 0.000000000000000000e+00 1.000000000000000000e+00
-8.183778524398803711e-01 -2.348086237907409668e-01 0.000000000000000000e+00 0.000000000000000000e+00 1.000000000000000000e+00
0.000000000000000000e+00 0.000000000000000000e+00 0.000000000000000000e+00 0.000000000000000000e+00 0.000000000000000000e+00
0.000000000000000000e+00 0.000000000000000000e+00 0.000000000000000000e+00 0.000000000000000000e+00 0.000000000000000000e+00
0.000000000000000000e+00 0.000000000000000000e+00 0.000000000000000000e+00 0.000000000000000000e+00 0.000000000000000000e+00
0.000000000000000000e+00 0.000000000000000000e+00 0.000000000000000000e+00 0.000000000000000000e+00 0.000000000000000000e+00
0.000000000000000000e+00 0.000000000000000000e+00 0.000000000000000000e+00 0.000000000000000000e+00 0.000000000000000000e+00
0.000000000000000000e+00 0.000000000000000000e+00 0.000000000000000000e+00 0.000000000000000000e+00 0.000000000000000000e+00
0.000000000000000000e+00 0.000000000000000000e+00 0.000000000000000000e+00 0.000000000000000000e+00 0.000000000000000000e+00
0.000000000000000000e+00 0.000000000000000000e+00 0.000000000000000000e+00 0.000000000000000000e+00 0.000000000000000000e+00
0.000000000000000000e+00 0.000000000000000000e+00 0.000000000000000000e+00 0.000000000000000000e+00 0.000000000000000000e+00
0.000000000000000000e+00 0.000000000000000000e+00 0.000000000000000000e+00 0.000000000000000000e+00 0.000000000000000000e+00
0.000000000000000000e+00 0.000000000000000000e+00 0.000000000000000000e+00 0.000000000000000000e+00 0.000000000000000000e+00
0.000000000000000000e+00 0.000000000000000000e+00 0.000000000000000000e+00 0.000000000000000000e+00 0.000000000000000000e+00
0.000000000000000000e+00 0.000000000000000000e+00 0.000000000000000000e+00 0.000000000000000000e+00 0.000000000000000000e+00
0.000000000000000000e+00 0.000000000000000000e+00 0.000000000000000000e+00 0.000000000000000000e+00 0.000000000000000000e+00
0.000000000000000000e+00 0.000000000000000000e+00 0.000000000000000000e+00 0.000000000000000000e+00 0.000000000000000000e+00
0.000000000000000000e+00 0.000000000000000000e+00 0.000000000000000000e+00 0.000000000000000000e+00 0.000000000000000000e+00
0.000000000000000000e+00 0.000000000000000000e+00 0.000000000000000000e+00 0.000000000000000000e+00 0.000000000000000000e+00
0.000000000000000000e+00 0.000000000000000000e+00 0.000000000000000000e+00 0.000000000000000000e+00 0.000000000000000000e+00
0.000000000000000000e+00 0.000000000000000000e+00 0.000000000000000000e+00 0.000000000000000000e+00 0.000000000000000000e+00
0.000000000000000000e+00 0.000000000000000000e+00 0.000000000000000000e+00 0.000000000000000000e+00 0.000000000000000000e+00
0.000000000000000000e+00 0.000000000000000000e+00 0.000000000000000000e+00 0.000000000000000000e+00 0.000000000000000000e+00
0.000000000000000000e+00 0.000000000000000000e+00 0.000000000000000000e+00 0.000000000000000000e+00 0.000000000000000000e+00
0.000000000000000000e+00 0.000000000000000000e+00 0.000000000000000000e+00 0.000000000000000000e+00 0.000000000000000000e+00
0.000000000000000000e+00 0.000000000000000000e+00 0.000000000000000000e+00 0.000000000000000000e+00 0.000000000000000000e+00
0.000000000000000000e+00 0.000000000000000000e+00 0.000000000000000000e+00 0.000000000000000000e+00 0.000000000000000000e+00
0.000000000000000000e+00 0.000000000000000000e+00 0.000000000000000000e+00 0.000000000000000000e+00 0.000000000000000000e+00
0.000000000000000000e+00 0.000000000000000000e+00 0.000000000000000000e+00 0.000000000000000000e+00 0.000000000000000000e+00
0.000000000000000000e+00 0.000000000000000000e+00 0.000000000000000000e+00 0.000000000000000000e+00 0.000000000000000000e+00
0.000000000000000000e+00 0.000000000000000000e+00 0.000000000000000000e+00 0.000000000000000000e+00 0.000000000000000000e+00
0.000000000000000000e+00 0.000000000000000000e+00 0.000000000000000000e+00 0.000000000000000000e+00 0.000000000000000000e+00
0.000000000000000000e+00 0.000000000000000000e+00 0.000000000000000000e+00 0.000000000000000000e+00 0.000000000000000000e+00
0.000000000000000000e+00 0.000000000000000000e+00 0.000000000000000000e+00 0.000000000000000000e+00 0.000000000000000000e+00
0.000000000000000000e+00 0.000000000000000000e+00 0.000000000000000000e+00 0.000000000000000000e+00 0.000000000000000000e+00
0.000000000000000000e+00 0.000000000000000000e+00 0.000000000000000000e+00 0.000000000000000000e+00 0.000000000000000000e+00
0.000000000000000000e+00 0.000000000000000000e+00 0.000000000000000000e+00 0.000000000000000000e+00 0.000000000000000000e+00
0.000000000000000000e+00 0.000000000000000000e+00 0.000000000000000000e+00 0.000000000000000000e+00 0.000000000000000000e+00
0.000000000000000000e+00 0.000000000000000000e+00 0.000000000000000000e+00 0.000000000000000000e+00 0.000000000000000000e+00
0.000000000000000000e+00 0.000000000000000000e+00 0.000000000000000000e+00 0.000000000000000000e+00 0.000000000000000000e+00
0.000000000000000000e+00 0.000000000000000000e+00 0.000000000000000000e+00 0.000000000000000000e+00 0.000000000000000000e+00
0.000000000000000000e+00 0.000000000000000000e+00 0.000000000000000000e+00 0.000000000000000000e+00 0.000000000000000000e+00
0.000000000000000000e+00 0.000000000000000000e+00 0.000000000000000000e+00 0.000000000000000000e+00 0.000000000000000000e+00
0.000000000000000000e+00 0.000000000000000000e+00 0.000000000000000000e+00 0.000000000000000000e+00 0.000000000000000000e+00
0.000000000000000000e+00 0.000000000000000000e+00 0.000000000000000000e+00 0.000000000000000000e+00 0.000000000000000000e+00
0.000000000000000000e+00 0.000000000000000000e+00 0.000000000000000000e+00 0.000000000000000000e+00 0.000000000000000000e+00
0.000000000000000000e+00 0.000000000000000000e+00 0.000000000000000000e+00 0.000000000000000000e+00 0.000000000000000000e+00
0.000000000000000000e+00 0.000000000000000000e+00 0.000000000000000000e+00 0.000000000000000000e+00 0.000000000000000000e+00
0.000000000000000000e+00 0.000000000000000000e+00 0.000000000000000000e+00 0.000000000000000000e+00 0.000000000000000000e+00
0.000000000000000000e+00 0.000000000000000000e+00 0.000000000000000000e+00 0.000000000000000000e+00 0.000000000000000000e+00
