0.000000000000000000e+00 0.000000000000000000e+00 1.000000000000000000e+00 0.000000000000000000e+00 0.000000000000000000e+00
9.214996695518493652e-01 -2.155685275793075562e-01 1.000000000000000000e+00 0.000000000000000000e+00 0.000000000000000000e+00
4.069159328937530518e-01 -1.930198967456817627e-01 0.000000000000000000e+00 1.000000000000000000e+00 0.000000000000000000e+00
-4.220223426818847656e-01 -3.889402747154235840e-01 1.000000000000000000e+00 0.000000000000000000e+00 0.000000000000000000e+00
-1.235029175877571106e-01 4.919909238815307617e-01 1.000000000000000000e+00 0.000000000000000000e+00 0.000000000000000000e+00
-4.726888835430145264e-01 8.621561527252197266e-01 1.000000000000000000e+00 0.000000000000000000e+00 0.000000000000000000e+00
-5.625590085983276367e-01 6.453052759170532227e-01 1.000000000000000000e+00 0.000000000000000000e+00 0.000000000000000000e+00
-2.914772331714630127e-01 1.538459658622741699e-01 0.000000000000000000e+00 1.000000000000000000e+00 0.000000000000000000e+00
9.645305871963500977e-01 -7.517437934875488281e-01 1.000000000000000000e+00 0.000000000000000000e+00 0.000000000000000000e+00
6.000480055809020996e-01 3.649023771286010742e-01 1.000000000000000000e+00 0.000000000000000000e+00 0.000000000000000000e+00
3.657677024602890015e-02 1.198634579777717590e-01 0.000000000000000000e+00 1.000000000000000000e+00 0.000000000000000000e+00
-1.415009260177612305e+00 -5.218209624290466309e-01 1.000000000000000000e+00 0.000000000000000000e+00 0.000000000000000000e+00
3.632776141166687012e-01 1.584673076868057251e-01 1.000000000000000000e+00 0.000000000000000000e+00 0.000000000000000000e+00
2.450350224971771240e-01 -2.203963696956634521e-02 0.000000000000000000e+00 1.000000000000000000e+00 0.000000000000000000e+00
1.051266908645629883e+00 -4.742866754531860352e-01 1.000000000000000000e+00 0.000000000000000000e+00 0.000000000000000000e+00
-8.444308638572692871e-01 7.004895210266113281e-01 1.000000000000000000e+00 0.000000000000000000e+00 0.000000000000000000e+00
-4.299278855323791504e-01 2.349869012832641602e-01 0.000000000000000000e+00 1.000000000000000000e+00 0.000000000000000000e+00
-3.812153935432434082e-01 1.734517216682434082e-01 1.000000000000000000e+00 0.000000000000000000e+00 0.000000000000000000e+00
1.134517565369606018e-01 5.138962864875793457e-01 1.000000000000000000e+00 0.000000000000000000e+00 0.000000000000000000e+00
-3.303661569952964783e-02 1.276350617408752441e-01 0.000000000000000000e+00 1.000000000000000000e+00 0.000000000000000000e+00
3.995018899440765381e-01 -7.457596063613891602e-01 1.000000000000000000e+00 0.000000000000000000e+00 0.000000000000000000e+00
7.082264423370361328e-01 -9.720908105373382568e-02 1.000000000000000000e+00 0.000000000000000000e+00 0.000000000000000000e+00
1.882219314575195312e-01 7.222773879766464233e-02 1.000000000000000000e+00 0.000000000000000000e+00 0.000000000000000000e+00
-5.450357496738433838e-02 2.504073381423950195e-01 1.000000000000000000e+00 0.000000000000000000e+00 0.000000000000000000e+00
-1.412223875522613525e-01 2.013074457645416260e-01 1.000000000000000000e+00 0.000000000000000000e+00 0.000000000000000000e+00
-2.105322629213333130e-01 1.747777909040451050e-01 0.000000000000000000e+00 1.000000000000000000e+00 0.000000000000000000e+00
-4.421021938323974609e-01 -2.662290930747985840e-01 1.000000000000000000e+00 0.000000000000000000e+00 0.000000000000000000e+00
3.186395764350891113e-01 -2.536472678184509277e-02 1.000000000000000000e+00 0.000000000000000000e+00 0.000000000000000000e+00
-4.218388348817825317e-02 5.435976386070251465e-02 0.000000000000000000e+00 1.000000000000000000e+00 0.000000000000000000e+00
-2.525574266910552979e-01 2.710832357406616211e-01 1.000000000000000000e+00 0.000000000000000000e+00 0.000000000000000000e+00
4.077185094356536865e-01 -8.927683532238006592e-02 1.000000000000000000e+00 0.000000000000000000e+00 0.000000000000000000e+00
-5.331823974847793579e-02 9.139136075973510742e-01 1.000000000000000000e+00 0.000000000000000000e+00 0.000000000000000000e+00
-3.222483396530151367e-01 -2.302803844213485718e-01 1.000000000000000000e+00 0.000000000000000000e+00 0.000000000000000000e+00
-1.831813007593154907e-01 -3.138079345226287842e-01 1.000000000000000000e+00 0.000000000000000000e+00 0.000000000000000000e+00
-3.751794993877410889e-01 4.883736371994018555e-01 1.000000000000000000e+00 0.000000000000000000e+00 0.000000000000000000e+00
4.398944973945617676e-02 -5.866617709398269653e-02 0.000000000000000000e+00 1.000000000000000000e+00 0.000000000000000000e+00
1.200194358825683594e+00 -4.726682901382446289e-01 1.000000000000000000e+00 0.000000000000000000e+00 0.000000000000000000e+00
1.772618740797042847e-01 9.111975133419036865e-02 1.000000000000000000e+00 0.000000000000000000e+00 0.000000000000000000e+00
9.432735294103622437e-02 2.260760813951492310e-01 0.000000000000000000e+00 1.000000000000000000e+00 0.000000000000000000e+00
1.113350391387939453e+00 -3.045543670654296875e+00 1.000000000000000000e+00 0.000000000000000000e+00 0.000000000000000000e+00
-5.446890592575073242e-01 7.737635374069213867e-01 1.000000000000000000e+00 0.000000000000000000e+00 0.000000000000000000e+00
6.022086143493652344e-01 -1.069444417953491211e-01 1.000000000000000000e+00 0.000000000000000000e+00 0.000000000000000000e+00
2.506958544254302979e-01 7.759432494640350342e-02 1.000000000000000000e+00 0.000000000000000000e+00 0.000000000000000000e+00
-4.349934402853250504e-03 2.730966210365295410e-01 1.000000000000000000e+00 0.000000000000000000e+00 0.000000000000000000e+00
-2.543547153472900391e-01 4.165764451026916504e-01 1.000000000000000000e+00 0.000000000000000000e+00 0.000000000000000000e+00
-1.801272928714752197e-01 1.472304165363311768e-01 1.000000000000000000e+00 0.000000000000000000e+00 0.000000000000000000e+00
-2.010882943868637085e-01 2.827587723731994629e-02 0.000000000000000000e+00 1.000000000000000000e+00 0.000000000000000000e+00
1.479042693972587585e-03 -3.465399444103240967e-01 1.000000000000000000e+00 0.000000000000000000e+00 0.000000000000000000e+00
2.156319618225097656e-01 6.624512374401092529e-02 1.000000000000000000e+00 0.000000000000000000e+00 0.000000000000000000e+00
-2.792957425117492676e-02 4.871295392513275146e-02 0.000000000000000000e+00 1.000000000000000000e+00 0.000000000000000000e+00
-3.644981682300567627e-01 -4.100153595209121704e-02 1.000000000000000000e+00 0.000000000000000000e+00 0.000000000000000000e+00
-3.258186578750610352e-01 7.030796408653259277e-01 1.000000000000000000e+00 0.000000000000000000e+00 0.000000000000000000e+00
8.492340445518493652e-01 -1.114939451217651367e-01 1.000000000000000000e+00 0.000000000000000000e+00 0.000000000000000000e+00
3.017939329147338867e-01 9.154246747493743896e-02 1.000000000000000000e+00 0.000000000000000000e+00 0.000000000000000000e+00
9.334236383438110352e-02 3.684940338134765625e-01 1.000000000000000000e+00 0.000000000000000000e+00 0.000000000000000000e+00
-8.861744403839111328e-02 5.267068147659301758e-01 1.000000000000000000e+00 0.000000000000000000e+00 0.000000000000000000e+00
-2.748123109340667725e-01 3.823438882827758789e-01 1.000000000000000000e+00 0.000000000000000000e+00 0.000000000000000000e+00
-1.898475587368011475e-01 9.662743657827377319e-02 1.000000000000000000e+00 0.000000000000000000e+00 0.000000000000000000e+00
-2.410935312509536743e-01 -1.714369654655456543e-02 1.000000000000000000e+00 0.000000000000000000e+00 0.000000000000000000e+00
-2.458036541938781738e-01 -1.558267772197723389e-01 1.000000000000000000e+00 0.000000000000000000e+00 0.000000000000000000e+00
-1.577451676130294800e-01 -2.551488876342773438e-01 1.000000000000000000e+00 0.000000000000000000e+00 0.000000000000000000e+00
6.222581490874290466e-03 -1.914144903421401978e-01 1.000000000000000000e+00 0.000000000000000000e+00 0.000000000000000000e+00
6.329587101936340332e-01 -1.880168020725250244e-01 1.000000000000000000e+00 0.000000000000000000e+00 0.000000000000000000e+00
3.702768683433532715e-01 -2.284192740917205811e-01 0.000000000000000000e+00 1.000000000000000000e+00 0.000000000000000000e+00
-1.214256048202514648e+00 -1.778178691864013672e+00 0.000000000000000000e+00 0.000000000000000000e+00 1.000000000000000000e+00
-6.060573458671569824e-01 1.024778723716735840e+00 0.000000000000000000e+00 0.000000000000000000e+00 1.000000000000000000e+00
-1.474592685699462891e+00 -5.040263533592224121e-01 0.000000000000000000e+00 0.000000000000000000e+00 1.000000000000000000e+00
-9.977818727493286133e-01 -1.107860803604125977e-01 0.000000000000000000e+00 0.000000000000000000e+00 1.000000000000000000e+00
-1.204599142074584961e+00 -4.403058886528015137e-01 0.000000000000000000e+00 0.000000000000000000e+00 1.000000000000000000e+00
-1.041534066200256348e+00 -2.302809357643127441e-01 0.000000000000000000e+00 0.000000000000000000e+00 1.000000000000000000e+00
-1.102714657783508301e+00 -3.883307576179504395e-01 0.000000000000000000e+00 0.000000000000000000e+00 1.000000000000000000e+00
0.000000000000000000e+00 0.000000000000000000e+00 0.000000000000000000e+00 0.000000000000000000e+00 0.000000000000000000e+00
0.000000000000000000e+00 0.000000000000000000e+00 0.000000000000000000e+00 0.000000000000000000e+00 0.000000000000000000e+00
0.000000000000000000e+00 0.000000000000000000e+00 0.000000000000000000e+00 0.000000000000000000e+00 0.000000000000000000e+00
0.000000000000000000e+00 0.000000000000000000e+00 0.000000000000000000e+00 0.000000000000000000e+00 0.000000000000000000e+00
0.000000000000000000e+00 0.000000000000000000e+00 0.000000000000000000e+00 0.000000000000000000e+00 0.000000000000000000e+00
0.000000000000000000e+00 0.000000000000000000e+00 0.000000000000000000e+00 0.000000000000000000e+00 0.000000000000000000e+00
0.000000000000000000e+00 0.000000000000000000e+00 0.000000000000000000e+00 0.000000000000000000e+00 0.000000000000000000e+00
0.000000000000000000e+00 0.000000000000000000e+00 0.000000000000000000e+00 0.000000000000000000e+00 0.000000000000000000e+00
0.000000000000000000e+00 0.000000000000000000e+00 0.000000000000000000e+00 0.000000000000000000e+00 0.000000000000000000e+00
0.000000000000000000e+00 0.000000000000000000e+00 0.000000000000000000e+00 0.000000000000000000e+00 0.000000000000000000e+00
0.000000000000000000e+00 0.000000000000000000e+00 0.000000000000000000e+00 0.000000000000000000e+00 0.000000000000000000e+00
0.000000000000000000e+00 0.000000000000000000e+00 0.000000000000000000e+00 0.000000000000000000e+00 0.000000000000000000e+00
0.000000000000000000e+00 0.000000000000000000e+00 0.000000000000000000e+00 0.000000000000000000e+00 0.000000000000000000e+00
0.000000000000000000e+00 0.000000000000000000e+00 0.000000000000000000e+00 0.000000000000000000e+00 0.000000000000000000e+00
0.000000000000000000e+00 0.000000000000000000e+00 0.000000000000000000e+00 0.000000000000000000e+00 0.000000000000000000e+00
0.000000000000000000e+00 0.000000000000000000e+00 0.000000000000000000e+00 0.000000000000000000e+00 0.000000000000000000e+00
0.000000000000000000e+00 0.000000000000000000e+00 0.000000000000000000e+00 0.000000000000000000e+00 0.000000000000000000e+00
0.000000000000000000e+00 0.000000000000000000e+00 0.000000000000000000e+00 0.000000000000000000e+00 0.000000000000000000e+00
0.000000000000000000e+00 0.000000000000000000e+00 0.000000000000000000e+00 0.000000000000000000e+00 0.000000000000000000e+00
0.000000000000000000e+00 0.000000000000000000e+00 0.000000000000000000e+00 0.000000000000000000e+00 0.000000000000000000e+00
0.000000000000000000e+00 0.000000000000000000e+00 0.000000000000000000e+00 0.000000000000000000e+00 0.000000000000000000e+00
0.000000000000000000e+00 0.000000000000000000e+00 0.000000000000000000e+00 0.000000000000000000e+00 0.000000000000000000e+00
0.000000000000000000e+00 0.000000000000000000e+00 0.000000000000000000e+00 0.000000000000000000e+00 0.000000000000000000e+00
0.000000000000000000e+00 0.000000000000000000e+00 0.000000000000000000e+00 0.000000000000000000e+00 0.000000000000000000e+00
0.000000000000000000e+00 0.000000000000000000e+00 0.000000000000000000e+00 0.000000000000000000e+00 0.000000000000000000e+00
0.000000000000000000e+00 0.000000000000000000e+00 0.000000000000000000e+00 0.000000000000000000e+00 0.000000000000000000e+00
0.000000000000000000e+00 0.000000000000000000e+00 0.000000000000000000e+00 0.000000000000000000e+00 0.000000000000000000e+00
0.000000000000000000e+00 0.000000000000000000e+00 0.000000000000000000e+00 0.000000000000000000e+00 0.000000000000000000e+00
0.000000000000000000e+00 0.000000000000000000e+00 0.000000000000000000e+00 0.000000000000000000e+00 0.000000000000000000e+00
0.000000000000000000e+00 0.000000000000000000e+00 0.000000000000000000e+00 0.000000000000000000e+00 0.000000000000000000e+00
0.000000000000000000e+00 0.000000000000000000e+00 0.000000000000000000e+00 0.000000000000000000e+00 0.000000000000000000e+00
0.000000000000000000e+00 0.000000000000000000e+00 0.000000000000000000e+00 0.000000000000000000e+00 0.000000000000000000e+00
0.000000000000000000e+00 0.000000000000000000e+00 0.000000000000000000e+00 0.000000000000000000e+00 0.000000000000000000e+00
0.000000000000000000e+00 0.000000000000000000e+00 0.000000000000000000e+00 0.000000000000000000e+00 0.000000000000000000e+00
0.000000000000000000e+00 0.000000000000000000e+00 0.000000000000000000e+00 0.000000000000000000e+00 0.000000000000000000e+00
0.000000000000000000e+00 0.000000000000000000e+00 0.000000000000000000e+00 0.000000000000000000e+00 0.000000000000000000e+00
0.000000000000000000e+00 0.000000000000000000e+00 0.000000000000000000e+00 0.000000000000000000e+00 0.000000000000000000e+00
0.000000000000000000e+00 0.000000000000000000e+00 0.000000000000000000e+00 0.000000000000000000e+00 0.000000000000000000e+00
0.000000000000000000e+00 0.000000000000000000e+00 0.000000000000000000e+00 0.000000000000000000e+00 0.000000000000000000e+00
0.000000000000000000e+00 0.000000000000000000e+00 0.000000000000000000e+00 0.000000000000000000e+00 0.000000000000000000e+00
0.000000000000000000e+00 0.000000000000000000e+00 0.000000000000000000e+00 0.000000000000000000e+00 0.000000000000000000e+00
0.000000000000000000e+00 0.000000000000000000e+00 0.000000000000000000e+00 0.000000000000000000e+00 0.000000000000000000e+00
0.000000000000000000e+00 0.000000000000000000e+00 0.000000000000000000e+00 0.000000000000000000e+00 0.000000000000000000e+00
0.000000000000000000e+00 0.000000000000000000e+00 0.000000000000000000e+00 0.000000000000000000e+00 0.000000000000000000e+00
0.000000000000000000e+00 0.000000000000000000e+00 0.000000000000000000e+00 0.000000000000000000e+00 0.000000000000000000e+00
0.000000000000000000e+00 0.000000000000000000e+00 0.000000000000000000e+00 0.000000000000000000e+00 0.000000000000000000e+00
0.000000000000000000e+00 0.000000000000000000e+00 0.000000000000000000e+00 0.000000000000000000e+00 0.000000000000000000e+00
0.000000000000000000e+00 0.000000000000000000e+00 0.000000000000000000e+00 0.000000000000000000e+00 0.000000000000000000e+00
0.000000000000000000e+00 0.000000000000000000e+00 0.000000000000000000e+00 0.000000000000000000e+00 0.000000000000000000e+00
0.000000000000000000e+00 0.000000000000000000e+00 0.000000000000000000e+00 0.000000000000000000e+00 0.000000000000000000e+00
