0.000000000000000000e+00 0.000000000000000000e+00 1.000000000000000000e+00 0.000000000000000000e+00 0.000000000000000000e+00
1.743534654378890991e-01 7.958459854125976562e-02 1.000000000000000000e+00 0.000000000000000000e+00 0.000000000000000000e+00
2.125605940818786621e-02 1.362226307392120361e-01 0.000000000000000000e+00 1.000000000000000000e+00 0.000000000000000000e+00
-1.130810618400573730e+00 6.988651752471923828e-01 1.000000000000000000e+00 0.000000000000000000e+00 0.000000000000000000e+00
1.271372318267822266e+00 -2.393406629562377930e-01 1.000000000000000000e+00 0.000000000000000000e+00 0.000000000000000000e+00
5.843176841735839844e-01 -2.069175392389297485e-01 0.000000000000000000e+00 1.000000000000000000e+00 0.000000000000000000e+00
-1.341253519058227539e+00 8.104010820388793945e-01 1.000000000000000000e+00 0.000000000000000000e+00 0.000000000000000000e+00
-7.284543663263320923e-02 4.980648756027221680e-01 1.000000000000000000e+00 0.000000000000000000e+00 0.000000000000000000e+00
-1.358653753995895386e-01 1.904233098030090332e-01 0.000000000000000000e+00 1.000000000000000000e+00 0.000000000000000000e+00
6.549338102340698242e-01 -6.557912826538085938e-01 1.000000000000000000e+00 0.000000000000000000e+00 0.000000000000000000e+00
2.534494996070861816e-01 2.026566863059997559e-02 1.000000000000000000e+00 0.000000000000000000e+00 0.000000000000000000e+00
-3.608146309852600098e-01 5.465013384819030762e-01 1.000000000000000000e+00 0.000000000000000000e+00 0.000000000000000000e+00
2.974943518638610840e-01 3.510978221893310547e-01 1.000000000000000000e+00 0.000000000000000000e+00 0.000000000000000000e+00
6.406950205564498901e-02 4.438960552215576172e-01 1.000000000000000000e+00 0.000000000000000000e+00 0.000000000000000000e+00
-1.649898886680603027e-01 2.197046875953674316e-01 1.000000000000000000e+00 0.000000000000000000e+00 0.000000000000000000e+00
-2.957271933555603027e-01 4.432028159499168396e-02 1.000000000000000000e+00 0.000000000000000000e+00 0.000000000000000000e+00
-4.154599308967590332e-01 -2.263525128364562988e-01 1.000000000000000000e+00 0.000000000000000000e+00 0.000000000000000000e+00
-6.870315968990325928e-02 -2.981199920177459717e-01 1.000000000000000000e+00 0.000000000000000000e+00 0.000000000000000000e+00
9.347069859504699707e-01 -5.059326887130737305e-01 1.000000000000000000e+00 0.000000000000000000e+00 0.000000000000000000e+00
9.721686840057373047e-01 -2.822327613830566406e-01 0.000000000000000000e+00 1.000000000000000000e+00 0.000000000000000000e+00
2.984152436256408691e-01 -8.395764827728271484e-01 1.000000000000000000e+00 0.000000000000000000e+00 0.000000000000000000e+00
7.282677888870239258e-01 -1.527490019798278809e-01 1.000000000000000000e+00 0.000000000000000000e+00 0.000000000000000000e+00
3.860977292060852051e-01 -2.116178870201110840e-01 0.000000000000000000e+00 1.000000000000000000e+00 0.000000000000000000e+00
-3.626718819141387939e-01 -3.341864645481109619e-01 1.000000000000000000e+00 0.000000000000000000e+00 0.000000000000000000e+00
-8.204658627510070801e-01 1.414792180061340332e+00 1.000000000000000000e+00 0.000000000000000000e+00 0.000000000000000000e+00
-5.750369429588317871e-01 6.335308551788330078e-01 1.000000000000000000e+00 0.000000000000000000e+00 0.000000000000000000e+00
-2.901451289653778076e-01 1.540429294109344482e-01 0.000000000000000000e+00 1.000000000000000000e+00 0.000000000000000000e+00
9.997968673706054688e-01 -6.525881886482238770e-01 1.000000000000000000e+00 0.000000000000000000e+00 0.000000000000000000e+00
6.241583824157714844e-01 4.813478589057922363e-01 1.000000000000000000e+00 0.000000000000000000e+00 0.000000000000000000e+00
4.341330826282501221e-01 1.221296265721321106e-01 1.000000000000000000e+00 0.000000000000000000e+00 0.000000000000000000e+00
2.018756568431854248e-01 -6.978385150432586670e-02 1.000000000000000000e+00 0.000000000000000000e+00 0.000000000000000000e+00
1.148191392421722412e-01 -2.189946621656417847e-01 0.000000000000000000e+00 1.000000000000000000e+00 0.000000000000000000e+00
-1.293353736400604248e-01 -2.421435117721557617e+00 1.000000000000000000e+00 0.000000000000000000e+00 0.000000000000000000e+00
-1.034066006541252136e-01 7.575494796037673950e-02 1.000000000000000000e+00 0.000000000000000000e+00 0.000000000000000000e+00
4.765748977661132812e-03 5.985795259475708008e-01 1.000000000000000000e+00 0.000000000000000000e+00 0.000000000000000000e+00
-1.262895762920379639e-01 3.905647099018096924e-01 0.000000000000000000e+00 1.000000000000000000e+00 0.000000000000000000e+00
-1.752085685729980469e+00 1.724898576736450195e+00 1.000000000000000000e+00 0.000000000000000000e+00 0.000000000000000000e+00
-8.820757865905761719e-01 9.002141356468200684e-01 1.000000000000000000e+00 0.000000000000000000e+00 0.000000000000000000e+00
1.004890441894531250e+00 -3.084697723388671875e-01 1.000000000000000000e+00 0.000000000000000000e+00 0.000000000000000000e+00
8.076797723770141602e-01 1.032332144677639008e-02 1.000000000000000000e+00 0.000000000000000000e+00 0.000000000000000000e+00
5.760143324732780457e-02 2.613701820373535156e-01 1.000000000000000000e+00 0.000000000000000000e+00 0.000000000000000000e+00
-3.402915596961975098e-01 4.075549244880676270e-01 1.000000000000000000e+00 0.000000000000000000e+00 0.000000000000000000e+00
-3.770432770252227783e-01 1.747883856296539307e-01 1.000000000000000000e+00 0.000000000000000000e+00 0.000000000000000000e+00
-3.604978919029235840e-01 1.440793275833129883e-03 0.000000000000000000e+00 1.000000000000000000e+00 0.000000000000000000e+00
-1.856746152043342590e-02 -4.018011987209320068e-01 1.000000000000000000e+00 0.000000000000000000e+00 0.000000000000000000e+00
2.607577741146087646e-01 1.801962256431579590e-01 1.000000000000000000e+00 0.000000000000000000e+00 0.000000000000000000e+00
-1.214707642793655396e-02 9.065109491348266602e-02 0.000000000000000000e+00 1.000000000000000000e+00 0.000000000000000000e+00
-5.795797109603881836e-01 -1.459023356437683105e-01 1.000000000000000000e+00 0.000000000000000000e+00 0.000000000000000000e+00
-1.547596752643585205e-01 1.623220741748809814e-01 1.000000000000000000e+00 0.000000000000000000e+00 0.000000000000000000e+00
-1.041707322001457214e-01 5.249902009963989258e-01 1.000000000000000000e+00 0.000000000000000000e+00 0.000000000000000000e+00
9.592522680759429932e-02 1.294722855091094971e-01 1.000000000000000000e+00 0.000000000000000000e+00 0.000000000000000000e+00
1.185817003250122070e+00 -8.391675353050231934e-02 1.000000000000000000e+00 0.000000000000000000e+00 0.000000000000000000e+00
3.884348273277282715e-01 1.547184884548187256e-01 1.000000000000000000e+00 0.000000000000000000e+00 0.000000000000000000e+00
1.211864873766899109e-01 4.689087569713592529e-01 1.000000000000000000e+00 0.000000000000000000e+00 0.000000000000000000e+00
-1.618349552154541016e-01 5.767954587936401367e-01 1.000000000000000000e+00 0.000000000000000000e+00 0.000000000000000000e+00
-4.721636474132537842e-01 4.169908463954925537e-01 1.000000000000000000e+00 0.000000000000000000e+00 0.000000000000000000e+00
-5.063672065734863281e-01 8.960705995559692383e-02 1.000000000000000000e+00 0.000000000000000000e+00 0.000000000000000000e+00
-5.332068204879760742e-01 -9.155872464179992676e-02 1.000000000000000000e+00 0.000000000000000000e+00 0.000000000000000000e+00
-4.580489695072174072e-01 -2.613735795021057129e-01 1.000000000000000000e+00 0.000000000000000000e+00 0.000000000000000000e+00
-1.690078526735305786e-01 -2.608150243759155273e-01 1.000000000000000000e+00 0.000000000000000000e+00 0.000000000000000000e+00
6.511944532394409180e-02 -1.469116061925888062e-01 1.000000000000000000e+00 0.000000000000000000e+00 0.000000000000000000e+00
1.067558765411376953e+00 -2.584508955478668213e-01 0.000000000000000000e+00 1.000000000000000000e+00 0.000000000000000000e+00
-7.696094512939453125e-01 -2.807699441909790039e+00 0.000000000000000000e+00 0.000000000000000000e+00 1.000000000000000000e+00
2.706533670425415039e-01 5.254354476928710938e-01 0.000000000000000000e+00 0.000000000000000000e+00 1.000000000000000000e+00
0.000000000000000000e+00 0.000000000000000000e+00 0.000000000000000000e+00 0.000000000000000000e+00 0.000000000000000000e+00
0.000000000000000000e+00 0.000000000000000000e+00 0.000000000000000000e+00 0.000000000000000000e+00 0.000000000000000000e+00
0.000000000000000000e+00 0.000000000000000000e+00 0.000000000000000000e+00 0.000000000000000000e+00 0.000000000000000000e+00
0.000000000000000000e+00 0.000000000000000000e+00 0.000000000000000000e+00 0.000000000000000000e+00 0.000000000000000000e+00
0.000000000000000000e+00 0.000000000000000000e+00 0.000000000000000000e+00 0.000000000000000000e+00 0.000000000000000000e+00
0.000000000000000000e+00 0.000000000000000000e+00 0.000000000000000000e+00 0.000000000000000000e+00 0.000000000000000000e+00
0.000000000000000000e+00 0.000000000000000000e+00 0.000000000000000000e+00 0.000000000000000000e+00 0.000000000000000000e+00
0.000000000000000000e+00 0.000000000000000000e+00 0.000000000000000000e+00 0.000000000000000000e+00 0.000000000000000000e+00
0.000000000000000000e+00 0.000000000000000000e+00 0.000000000000000000e+00 0.000000000000000000e+00 0.000000000000000000e+00
0.000000000000000000e+00 0.000000000000000000e+00 0.000000000000000000e+00 0.000000000000000000e+00 0.000000000000000000e+00
0.000000000000000000e+00 0.000000000000000000e+00 0.000000000000000000e+00 0.000000000000000000e+00 0.000000000000000000e+00
0.000000000000000000e+00 0.000000000000000000e+00 0.000000000000000000e+00 0.000000000000000000e+00 0.000000000000000000e+00
0.000000000000000000e+00 0.000000000000000000e+00 0.000000000000000000e+00 0.000000000000000000e+00 0.000000000000000000e+00
0.000000000000000000e+00 0.000000000000000000e+00 0.000000000000000000e+00 0.000000000000000000e+00 0.000000000000000000e+00
0.000000000000000000e+00 0.000000000000000000e+00 0.000000000000000000e+00 0.000000000000000000e+00 0.000000000000000000e+00
0.000000000000000000e+00 0.000000000000000000e+00 0.000000000000000000e+00 0.000000000000000000e+00 0.000000000000000000e+00
0.000000000000000000e+00 0.000000000000000000e+00 0.000000000000000000e+00 0.000000000000000000e+00 0.000000000000000000e+00
0.000000000000000000e+00 0.000000000000000000e+00 0.000000000000000000e+00 0.000000000000000000e+00 0.000000000000000000e+00
0.000000000000000000e+00 0.000000000000000000e+00 0.000000000000000000e+00 0.000000000000000000e+00 0.000000000000000000e+00
0.000000000000000000e+00 0.000000000000000000e+00 0.000000000000000000e+00 0.000000000000000000e+00 0.000000000000000000e+00
0.000000000000000000e+00 0.000000000000000000e+00 0.000000000000000000e+00 0.000000000000000000e+00 0.000000000000000000e+00
0.000000000000000000e+00 0.000000000000000000e+00 0.000000000000000000e+00 0.000000000000000000e+00 0.000000000000000000e+00
0.000000000000000000e+00 0.000000000000000000e+00 0.000000000000000000e+00 0.000000000000000000e+00 0.000000000000000000e+00
0.000000000000000000e+00 0.000000000000000000e+00 0.000000000000000000e+00 0.000000000000000000e+00 0.000000000000000000e+00
0.000000000000000000e+00 0.000000000000000000e+00 0.000000000000000000e+00 0.000000000000000000e+00 0.000000000000000000e+00
0.000000000000000000e+00 0.000000000000000000e+00 0.000000000000000000e+00 0.000000000000000000e+00 0.000000000000000000e+00
0.000000000000000000e+00 0.000000000000000000e+00 0.000000000000000000e+00 0.000000000000000000e+00 0.000000000000000000e+00
0.000000000000000000e+00 0.000000000000000000e+00 0.000000000000000000e+00 0.000000000000000000e+00 0.000000000000000000e+00
0.000000000000000000e+00 0.000000000000000000e+00 0.000000000000000000e+00 0.000000000000000000e+00 0.000000000000000000e+00
0.000000000000000000e+00 0.000000000000000000e+00 0.000000000000000000e+00 0.000000000000000000e+00 0.000000000000000000e+00
0.000000000000000000e+00 0.000000000000000000e+00 0.000000000000000000e+00 0.000000000000000000e+00 0.000000000000000000e+00
0.000000000000000000e+00 0.000000000000000000e+00 0.000000000000000000e+00 0.000000000000000000e+00 0.000000000000000000e+00
0.000000000000000000e+00 0.000000000000000000e+00 0.000000000000000000e+00 0.000000000000000000e+00 0.000000000000000000e+00
0.000000000000000000e+00 0.000000000000000000e+00 0.000000000000000000e+00 0.000000000000000000e+00 0.000000000000000000e+00
0.000000000000000000e+00 0.000000000000000000e+00 0.000000000000000000e+00 0.000000000000000000e+00 0.000000000000000000e+00
0.000000000000000000e+00 0.000000000000000000e+00 0.000000000000000000e+00 0.000000000000000000e+00 0.000000000000000000e+00
0.000000000000000000e+00 0.000000000000000000e+00 0.000000000000000000e+00 0.000000000000000000e+00 0.000000000000000000e+00
0.000000000000000000e+00 0.000000000000000000e+00 0.000000000000000000e+00 0.000000000000000000e+00 0.000000000000000000e+00
0.000000000000000000e+00 0.000000000000000000e+00 0.000000000000000000e+00 0.000000000000000000e+00 0.000000000000000000e+00
0.000000000000000000e+00 0.000000000000000000e+00 0.000000000000000000e+00 0.000000000000000000e+00 0.000000000000000000e+00
0.000000000000000000e+00 0.000000000000000000e+00 0.000000000000000000e+00 0.000000000000000000e+00 0.000000000000000000e+00
0.000000000000000000e+00 0.000000000000000000e+00 0.000000000000000000e+00 0.000000000000000000e+00 0.000000000000000000e+00
0.000000000000000000e+00 0.000000000000000000e+00 0.000000000000000000e+00 0.000000000000000000e+00 0.000000000000000000e+00
0.000000000000000000e+00 0.000000000000000000e+00 0.000000000000000000e+00 0.000000000000000000e+00 0.000000000000000000e+00
0.000000000000000000e+00 0.000000000000000000e+00 0.000000000000000000e+00 0.000000000000000000e+00 0.000000000000000000e+00
0.000000000000000000e+00 0.000000000000000000e+00 0.000000000000000000e+00 0.000000000000000000e+00 0.000000000000000000e+00
0.000000000000000000e+00 0.000000000000000000e+00 0.000000000000000000e+00 0.000000000000000000e+00 0.000000000000000000e+00
0.000000000000000000e+00 0.000000000000000000e+00 0.000000000000000000e+00 0.000000000000000000e+00 0.000000000000000000e+00
0.000000000000000000e+00 0.000000000000000000e+00 0.000000000000000000e+00 0.000000000000000000e+00 0.000000000000000000e+00
0.000000000000000000e+00 0.000000000000000000e+00 0.000000000000000000e+00 0.000000000000000000e+00 0.000000000000000000e+00
0.000000000000000000e+00 0.000000000000000000e+00 0.000000000000000000e+00 0.000000000000000000e+00 0.000000000000000000e+00
0.000000000000000000e+00 0.000000000000000000e+00 0.000000000000000000e+00 0.000000000000000000e+00 0.000000000000000000e+00
0.000000000000000000e+00 0.000000000000000000e+00 0.000000000000000000e+00 0.000000000000000000e+00 0.000000000000000000e+00
0.000000000000000000e+00 0.000000000000000000e+00 0.000000000000000000e+00 0.000000000000000000e+00 0.000000000000000000e+00
0.000000000000000000e+00 0.000000000000000000e+00 0.000000000000000000e+00 0.000000000000000000e+00 0.000000000000000000e+00
0.000000000000000000e+00 0.000000000000000000e+00 0.000000000000000000e+00 0.000000000000000000e+00 0.000000000000000000e+00
0.000000000000000000e+00 0.000000000000000000e+00 0.000000000000000000e+00 0.000000000000000000e+00 0.000000000000000000e+00
