0.000000000000000000e+00 0.000000000000000000e+00 1.000000000000000000e+00 0.000000000000000000e+00 0.000000000000000000e+00
1.098946630954742432e-01 5.472002923488616943e-02 1.000000000000000000e+00 0.000000000000000000e+00 0.000000000000000000e+00
1.188030838966369629e-02 1.019136309623718262e-01 0.000000000000000000e+00 1.000000000000000000e+00 0.000000000000000000e+00
-5.303306579589843750e-01 3.768718838691711426e-01 1.000000000000000000e+00 0.000000000000000000e+00 0.000000000000000000e+00
7.916937470436096191e-01 -1.354851275682449341e-01 1.000000000000000000e+00 0.000000000000000000e+00 0.000000000000000000e+00
3.460397720336914062e-01 -1.261827200651168823e-01 0.000000000000000000e+00 1.000000000000000000e+00 0.000000000000000000e+00
-1.272896885871887207e+00 5.563501119613647461e-01 1.000000000000000000e+00 0.000000000000000000e+00 0.000000000000000000e+00
-2.436061203479766846e-01 1.047856926918029785e+00 1.000000000000000000e+00 0.000000000000000000e+00 0.000000000000000000e+00
-3.779460787773132324e-01 9.053643941879272461e-01 1.000000000000000000e+00 0.000000000000000000e+00 0.000000000000000000e+00
-1.678325831890106201e-01 2.536726593971252441e-01 1.000000000000000000e+00 0.000000000000000000e+00 0.000000000000000000e+00
-1.298374235630035400e-01 8.256727457046508789e-02 0.000000000000000000e+00 1.000000000000000000e+00 0.000000000000000000e+00
1.040583729743957520e+00 -1.829691171646118164e+00 1.000000000000000000e+00 0.000000000000000000e+00 0.000000000000000000e+00
5.979117751121520996e-01 -1.480547487735748291e-01 1.000000000000000000e+00 0.000000000000000000e+00 0.000000000000000000e+00
2.257954180240631104e-01 3.840880841016769409e-02 1.000000000000000000e+00 0.000000000000000000e+00 0.000000000000000000e+00
-4.765267670154571533e-01 4.782616198062896729e-01 1.000000000000000000e+00 0.000000000000000000e+00 0.000000000000000000e+00
-2.631212770938873291e-01 1.383435577154159546e-01 1.000000000000000000e+00 0.000000000000000000e+00 0.000000000000000000e+00
5.235251188278198242e-01 -2.104762345552444458e-01 1.000000000000000000e+00 0.000000000000000000e+00 0.000000000000000000e+00
8.934117853641510010e-02 -9.841228276491165161e-02 0.000000000000000000e+00 1.000000000000000000e+00 0.000000000000000000e+00
-4.394516646862030029e-01 -5.468021035194396973e-01 1.000000000000000000e+00 0.000000000000000000e+00 0.000000000000000000e+00
-7.928320765495300293e-02 7.761073708534240723e-01 1.000000000000000000e+00 0.000000000000000000e+00 0.000000000000000000e+00
2.446719072759151459e-02 -5.196817591786384583e-02 0.000000000000000000e+00 1.000000000000000000e+00 0.000000000000000000e+00
3.888043761253356934e-01 -7.221427559852600098e-01 1.000000000000000000e+00 0.000000000000000000e+00 0.000000000000000000e+00
-2.322726845741271973e-01 7.497286200523376465e-01 1.000000000000000000e+00 0.000000000000000000e+00 0.000000000000000000e+00
-1.249397397041320801e-01 2.025246322154998779e-01 0.000000000000000000e+00 1.000000000000000000e+00 0.000000000000000000e+00
-2.626483440399169922e-01 7.175812125205993652e-02 1.000000000000000000e+00 0.000000000000000000e+00 0.000000000000000000e+00
-5.110606551170349121e-03 6.104257106781005859e-01 1.000000000000000000e+00 0.000000000000000000e+00 0.000000000000000000e+00
5.310616642236709595e-02 8.645648509263992310e-02 1.000000000000000000e+00 0.000000000000000000e+00 0.000000000000000000e+00
7.948269695043563843e-02 -1.105047017335891724e-02 1.000000000000000000e+00 0.000000000000000000e+00 0.000000000000000000e+00
2.492446750402450562e-01 -3.472481369972229004e-01 1.000000000000000000e+00 0.000000000000000000e+00 0.000000000000000000e+00
3.231311962008476257e-02 -1.923691779375076294e-01 0.000000000000000000e+00 1.000000000000000000e+00 0.000000000000000000e+00
-1.187050864100456238e-01 -9.037867188453674316e-03 1.000000000000000000e+00 0.000000000000000000e+00 0.000000000000000000e+00
-3.551836311817169189e-02 8.759143203496932983e-02 1.000000000000000000e+00 0.000000000000000000e+00 0.000000000000000000e+00
9.803452342748641968e-02 8.853946626186370850e-02 1.000000000000000000e+00 0.000000000000000000e+00 0.000000000000000000e+00
1.020842045545578003e-01 -8.059173822402954102e-03 1.000000000000000000e+00 0.000000000000000000e+00 0.000000000000000000e+00
1.079886555671691895e-01 -1.064232587814331055e-01 0.000000000000000000e+00 1.000000000000000000e+00 0.000000000000000000e+00
9.583094716072082520e-02 -2.570761144161224365e-01 1.000000000000000000e+00 0.000000000000000000e+00 0.000000000000000000e+00
6.512822210788726807e-02 5.676830410957336426e-01 1.000000000000000000e+00 0.000000000000000000e+00 0.000000000000000000e+00
1.664804518222808838e-01 2.597793936729431152e-01 1.000000000000000000e+00 0.000000000000000000e+00 0.000000000000000000e+00
1.212728694081306458e-01 4.399664700031280518e-02 1.000000000000000000e+00 0.000000000000000000e+00 0.000000000000000000e+00
1.160163581371307373e-01 -6.697395443916320801e-02 1.000000000000000000e+00 0.000000000000000000e+00 0.000000000000000000e+00
9.258350729942321777e-02 -2.031228393316268921e-01 1.000000000000000000e+00 0.000000000000000000e+00 0.000000000000000000e+00
-2.004787325859069824e-03 -2.376627624034881592e-01 1.000000000000000000e+00 0.000000000000000000e+00 0.000000000000000000e+00
-1.450907588005065918e-01 -1.139324381947517395e-01 1.000000000000000000e+00 0.000000000000000000e+00 0.000000000000000000e+00
-2.040650546550750732e-01 2.752321027219295502e-02 1.000000000000000000e+00 0.000000000000000000e+00 0.000000000000000000e+00
-2.220623195171356201e-01 1.639777719974517822e-01 0.000000000000000000e+00 1.000000000000000000e+00 0.000000000000000000e+00
1.112816333770751953e+00 -2.013703346252441406e+00 1.000000000000000000e+00 0.000000000000000000e+00 0.000000000000000000e+00
2.526091039180755615e-01 8.852863311767578125e-02 1.000000000000000000e+00 0.000000000000000000e+00 0.000000000000000000e+00
3.042326569557189941e-01 -3.619708120822906494e-02 1.000000000000000000e+00 0.000000000000000000e+00 0.000000000000000000e+00
-8.734978437423706055e-01 6.759387850761413574e-01 1.000000000000000000e+00 0.000000000000000000e+00 0.000000000000000000e+00
7.327712178230285645e-01 -1.395413130521774292e-01 1.000000000000000000e+00 0.000000000000000000e+00 0.000000000000000000e+00
2.794910669326782227e-01 -1.409674435853958130e-01 1.000000000000000000e+00 0.000000000000000000e+00 0.000000000000000000e+00
3.207045793533325195e-02 -9.543021023273468018e-02 0.000000000000000000e+00 1.000000000000000000e+00 0.000000000000000000e+00
-4.566156268119812012e-01 -4.448530673980712891e-01 1.000000000000000000e+00 0.000000000000000000e+00 0.000000000000000000e+00
-2.002371102571487427e-02 9.839853048324584961e-01 1.000000000000000000e+00 0.000000000000000000e+00 0.000000000000000000e+00
-4.869744181632995605e-02 1.833973824977874756e-01 1.000000000000000000e+00 0.000000000000000000e+00 0.000000000000000000e+00
-7.315690070390701294e-02 6.748655438423156738e-02 0.000000000000000000e+00 1.000000000000000000e+00 0.000000000000000000e+00
-1.421240568161010742e-01 -3.952907025814056396e-01 1.000000000000000000e+00 0.000000000000000000e+00 0.000000000000000000e+00
-4.796946048736572266e-01 4.226704537868499756e-01 1.000000000000000000e+00 0.000000000000000000e+00 0.000000000000000000e+00
5.882698893547058105e-01 -2.739754021167755127e-01 0.000000000000000000e+00 1.000000000000000000e+00 0.000000000000000000e+00
4.307725429534912109e-01 -1.179717779159545898e-01 1.000000000000000000e+00 0.000000000000000000e+00 0.000000000000000000e+00
1.153476014733314514e-01 5.717175453901290894e-02 1.000000000000000000e+00 0.000000000000000000e+00 0.000000000000000000e+00
1.165726780891418457e-02 8.011535555124282837e-02 0.000000000000000000e+00 1.000000000000000000e+00 0.000000000000000000e+00
-7.036478519439697266e-01 2.023705244064331055e-01 1.000000000000000000e+00 0.000000000000000000e+00 0.000000000000000000e+00
-4.959686696529388428e-01 6.407550573348999023e-01 1.000000000000000000e+00 0.000000000000000000e+00 0.000000000000000000e+00
4.823114871978759766e-01 -2.046912014484405518e-01 1.000000000000000000e+00 0.000000000000000000e+00 0.000000000000000000e+00
1.709038764238357544e-01 2.781874313950538635e-02 1.000000000000000000e+00 0.000000000000000000e+00 0.000000000000000000e+00
-5.794009193778038025e-02 2.389237880706787109e-01 1.000000000000000000e+00 0.000000000000000000e+00 0.000000000000000000e+00
-3.320189714431762695e-01 4.373832941055297852e-01 1.000000000000000000e+00 0.000000000000000000e+00 0.000000000000000000e+00
-1.889604926109313965e-01 1.554146111011505127e-01 1.000000000000000000e+00 0.000000000000000000e+00 0.000000000000000000e+00
-1.566714495420455933e-01 4.974474757909774780e-02 1.000000000000000000e+00 0.000000000000000000e+00 0.000000000000000000e+00
-9.903699159622192383e-02 -6.556826084852218628e-02 0.000000000000000000e+00 1.000000000000000000e+00 0.000000000000000000e+00
2.053211033344268799e-01 -3.916643261909484863e-01 1.000000000000000000e+00 0.000000000000000000e+00 0.000000000000000000e+00
2.611078321933746338e-01 3.842165693640708923e-02 1.000000000000000000e+00 0.000000000000000000e+00 0.000000000000000000e+00
1.138134747743606567e-01 -5.265723541378974915e-02 0.000000000000000000e+00 1.000000000000000000e+00 0.000000000000000000e+00
5.709205865859985352e-01 -6.704122424125671387e-01 1.000000000000000000e+00 0.000000000000000000e+00 0.000000000000000000e+00
5.279980301856994629e-01 -8.477985858917236328e-02 1.000000000000000000e+00 0.000000000000000000e+00 0.000000000000000000e+00
-6.855375766754150391e-01 6.757704019546508789e-01 1.000000000000000000e+00 0.000000000000000000e+00 0.000000000000000000e+00
3.385175764560699463e-01 6.747443228960037231e-02 1.000000000000000000e+00 0.000000000000000000e+00 0.000000000000000000e+00
4.183417558670043945e-01 -7.263127714395523071e-02 1.000000000000000000e+00 0.000000000000000000e+00 0.000000000000000000e+00
2.382889539003372192e-01 -1.327063441276550293e-01 1.000000000000000000e+00 0.000000000000000000e+00 0.000000000000000000e+00
2.854730188846588135e-02 -1.209578141570091248e-01 0.000000000000000000e+00 1.000000000000000000e+00 0.000000000000000000e+00
-3.684290349483489990e-01 -6.457466483116149902e-01 1.000000000000000000e+00 0.000000000000000000e+00 0.000000000000000000e+00
-1.071367412805557251e-01 1.524311780929565430e+00 1.000000000000000000e+00 0.000000000000000000e+00 0.000000000000000000e+00
-8.440431952476501465e-02 4.548380374908447266e-01 0.000000000000000000e+00 1.000000000000000000e+00 0.000000000000000000e+00
-7.784774303436279297e-01 -2.973962306976318359e+00 0.000000000000000000e+00 0.000000000000000000e+00 1.000000000000000000e+00
0.000000000000000000e+00 0.000000000000000000e+00 0.000000000000000000e+00 0.000000000000000000e+00 0.000000000000000000e+00
0.000000000000000000e+00 0.000000000000000000e+00 0.000000000000000000e+00 0.000000000000000000e+00 0.000000000000000000e+00
0.000000000000000000e+00 0.000000000000000000e+00 0.000000000000000000e+00 0.000000000000000000e+00 0.000000000000000000e+00
0.000000000000000000e+00 0.000000000000000000e+00 0.000000000000000000e+00 0.000000000000000000e+00 0.000000000000000000e+00
0.000000000000000000e+00 0.000000000000000000e+00 0.000000000000000000e+00 0.000000000000000000e+00 0.000000000000000000e+00
0.000000000000000000e+00 0.000000000000000000e+00 0.000000000000000000e+00 0.000000000000000000e+00 0.000000000000000000e+00
0.000000000000000000e+00 0.000000000000000000e+00 0.000000000000000000e+00 0.000000000000000000e+00 0.000000000000000000e+00
0.000000000000000000e+00 0.000000000000000000e+00 0.000000000000000000e+00 0.000000000000000000e+00 0.000000000000000000e+00
0.000000000000000000e+00 0.000000000000000000e+00 0.000000000000000000e+00 0.000000000000000000e+00 0.000000000000000000e+00
0.000000000000000000e+00 0.000000000000000000e+00 0.000000000000000000e+00 0.000000000000000000e+00 0.000000000000000000e+00
0.000000000000000000e+00 0.000000000000000000e+00 0.000000000000000000e+00 0.000000000000000000e+00 0.000000000000000000e+00
0.000000000000000000e+00 0.000000000000000000e+00 0.000000000000000000e+00 0.000000000000000000e+00 0.000000000000000000e+00
0.000000000000000000e+00 0.000000000000000000e+00 0.000000000000000000e+00 0.000000000000000000e+00 0.000000000000000000e+00
0.000000000000000000e+00 0.000000000000000000e+00 0.000000000000000000e+00 0.000000000000000000e+00 0.000000000000000000e+00
0.000000000000000000e+00 0.000000000000000000e+00 0.000000000000000000e+00 0.000000000000000000e+00 0.000000000000000000e+00
0.000000000000000000e+00 0.000000000000000000e+00 0.000000000000000000e+00 0.000000000000000000e+00 0.000000000000000000e+00
0.000000000000000000e+00 0.000000000000000000e+00 0.000000000000000000e+00 0.000000000000000000e+00 0.000000000000000000e+00
0.000000000000000000e+00 0.000000000000000000e+00 0.000000000000000000e+00 0.000000000000000000e+00 0.000000000000000000e+00
0.000000000000000000e+00 0.000000000000000000e+00 0.000000000000000000e+00 0.000000000000000000e+00 0.000000000000000000e+00
0.000000000000000000e+00 0.000000000000000000e+00 0.000000000000000000e+00 0.000000000000000000e+00 0.000000000000000000e+00
0.000000000000000000e+00 0.000000000000000000e+00 0.000000000000000000e+00 0.000000000000000000e+00 0.000000000000000000e+00
0.000000000000000000e+00 0.000000000000000000e+00 0.000000000000000000e+00 0.000000000000000000e+00 0.000000000000000000e+00
0.000000000000000000e+00 0.000000000000000000e+00 0.000000000000000000e+00 0.000000000000000000e+00 0.000000000000000000e+00
0.000000000000000000e+00 0.000000000000000000e+00 0.000000000000000000e+00 0.000000000000000000e+00 0.000000000000000000e+00
0.000000000000000000e+00 0.000000000000000000e+00 0.000000000000000000e+00 0.000000000000000000e+00 0.000000000000000000e+00
0.000000000000000000e+00 0.000000000000000000e+00 0.000000000000000000e+00 0.000000000000000000e+00 0.000000000000000000e+00
0.000000000000000000e+00 0.000000000000000000e+00 0.000000000000000000e+00 0.000000000000000000e+00 0.000000000000000000e+00
0.000000000000000000e+00 0.000000000000000000e+00 0.000000000000000000e+00 0.000000000000000000e+00 0.000000000000000000e+00
0.000000000000000000e+00 0.000000000000000000e+00 0.000000000000000000e+00 0.000000000000000000e+00 0.000000000000000000e+00
0.000000000000000000e+00 0.000000000000000000e+00 0.000000000000000000e+00 0.000000000000000000e+00 0.000000000000000000e+00
0.000000000000000000e+00 0.000000000000000000e+00 0.000000000000000000e+00 0.000000000000000000e+00 0.000000000000000000e+00
0.000000000000000000e+00 0.000000000000000000e+00 0.000000000000000000e+00 0.000000000000000000e+00 0.000000000000000000e+00
0.000000000000000000e+00 0.000000000000000000e+00 0.000000000000000000e+00 0.000000000000000000e+00 0.000000000000000000e+00
0.000000000000000000e+00 0.000000000000000000e+00 0.000000000000000000e+00 0.000000000000000000e+00 0.000000000000000000e+00
0.000000000000000000e+00 0.000000000000000000e+00 0.000000000000000000e+00 0.000000000000000000e+00 0.000000000000000000e+00
0.000000000000000000e+00 0.000000000000000000e+00 0.000000000000000000e+00 0.000000000000000000e+00 0.000000000000000000e+00
