0.000000000000000000e+00 0.000000000000000000e+00 1.000000000000000000e+00 0.000000000000000000e+00 0.000000000000000000e+00
-1.357475519180297852e+00 1.548825860023498535e+00 1.000000000000000000e+00 0.000000000000000000e+00 0.000000000000000000e+00
-8.855084776878356934e-01 6.829478740692138672e-01 1.000000000000000000e+00 0.000000000000000000e+00 0.000000000000000000e+00
4.405837059020996094e-01 -2.544044554233551025e-01 1.000000000000000000e+00 0.000000000000000000e+00 0.000000000000000000e+00
2.520979344844818115e-01 1.246295869350433350e-03 1.000000000000000000e+00 0.000000000000000000e+00 0.000000000000000000e+00
1.482031047344207764e-01 1.342339515686035156e-01 1.000000000000000000e+00 0.000000000000000000e+00 0.000000000000000000e+00
2.498231083154678345e-02 8.433781862258911133e-01 1.000000000000000000e+00 0.000000000000000000e+00 0.000000000000000000e+00
9.072280675172805786e-02 5.870230495929718018e-02 0.000000000000000000e+00 1.000000000000000000e+00 0.000000000000000000e+00
8.615380525588989258e-01 -1.448365926742553711e+00 1.000000000000000000e+00 0.000000000000000000e+00 0.000000000000000000e+00
1.248814821243286133e+00 -3.722044229507446289e-01 1.000000000000000000e+00 0.000000000000000000e+00 0.000000000000000000e+00
4.713814556598663330e-01 -2.773596048355102539e-01 1.000000000000000000e+00 0.000000000000000000e+00 0.000000000000000000e+00
9.081660211086273193e-02 -1.879616081714630127e-01 0.000000000000000000e+00 1.000000000000000000e+00 0.000000000000000000e+00
-9.391885995864868164e-01 -3.150000572204589844e-01 1.000000000000000000e+00 0.000000000000000000e+00 0.000000000000000000e+00
-9.681116044521331787e-02 1.917407810688018799e-01 1.000000000000000000e+00 0.000000000000000000e+00 0.000000000000000000e+00
1.860323250293731689e-01 9.906522035598754883e-01 1.000000000000000000e+00 0.000000000000000000e+00 0.000000000000000000e+00
3.687720000743865967e-01 7.448034286499023438e-01 1.000000000000000000e+00 0.000000000000000000e+00 0.000000000000000000e+00
3.990618288516998291e-01 3.377839922904968262e-01 1.000000000000000000e+00 0.000000000000000000e+00 0.000000000000000000e+00
2.803209424018859863e-01 4.237409681081771851e-02 1.000000000000000000e+00 0.000000000000000000e+00 0.000000000000000000e+00
1.866265088319778442e-01 -1.672524809837341309e-01 0.000000000000000000e+00 1.000000000000000000e+00 0.000000000000000000e+00
-4.575523138046264648e-01 -2.838524341583251953e+00 1.000000000000000000e+00 0.000000000000000000e+00 0.000000000000000000e+00
-1.383628845214843750e-01 7.507634907960891724e-02 1.000000000000000000e+00 0.000000000000000000e+00 0.000000000000000000e+00
-2.974751591682434082e-02 7.079597115516662598e-01 1.000000000000000000e+00 0.000000000000000000e+00 0.000000000000000000e+00
-1.539473235607147217e-01 4.847615063190460205e-01 0.000000000000000000e+00 1.000000000000000000e+00 0.000000000000000000e+00
-2.498873710632324219e+00 2.132786750793457031e+00 1.000000000000000000e+00 0.000000000000000000e+00 0.000000000000000000e+00
2.248100936412811279e-03 8.106446862220764160e-01 1.000000000000000000e+00 0.000000000000000000e+00 0.000000000000000000e+00
-1.017932221293449402e-01 3.576752841472625732e-01 0.000000000000000000e+00 1.000000000000000000e+00 0.000000000000000000e+00
5.737119913101196289e-01 -1.217688083648681641e+00 1.000000000000000000e+00 0.000000000000000000e+00 0.000000000000000000e+00
1.298013091087341309e+00 -2.146974503993988037e-01 1.000000000000000000e+00 0.000000000000000000e+00 0.000000000000000000e+00
7.858421206474304199e-01 9.014982730150222778e-02 1.000000000000000000e+00 0.000000000000000000e+00 0.000000000000000000e+00
9.112330153584480286e-03 2.941531240940093994e-01 1.000000000000000000e+00 0.000000000000000000e+00 0.000000000000000000e+00
-3.466767966747283936e-01 4.920370876789093018e-01 1.000000000000000000e+00 0.000000000000000000e+00 0.000000000000000000e+00
-2.888502478599548340e-01 2.119814753532409668e-01 0.000000000000000000e+00 1.000000000000000000e+00 0.000000000000000000e+00
-9.827487468719482422e-01 -4.984789490699768066e-01 1.000000000000000000e+00 0.000000000000000000e+00 0.000000000000000000e+00
-7.286928594112396240e-02 8.218470960855484009e-02 1.000000000000000000e+00 0.000000000000000000e+00 0.000000000000000000e+00
1.315161883831024170e-01 1.395114362239837646e-01 1.000000000000000000e+00 0.000000000000000000e+00 0.000000000000000000e+00
2.841300368309020996e-01 3.093301877379417419e-02 1.000000000000000000e+00 0.000000000000000000e+00 0.000000000000000000e+00
6.299197673797607422e-01 -3.161472380161285400e-01 1.000000000000000000e+00 0.000000000000000000e+00 0.000000000000000000e+00
-1.166993498802185059e+00 8.378931283950805664e-01 1.000000000000000000e+00 0.000000000000000000e+00 0.000000000000000000e+00
9.322651624679565430e-01 -1.794801056385040283e-01 1.000000000000000000e+00 0.000000000000000000e+00 0.000000000000000000e+00
3.263312876224517822e-01 -1.719154119491577148e-01 0.000000000000000000e+00 1.000000000000000000e+00 0.000000000000000000e+00
-3.892723917961120605e-01 -6.803317070007324219e-01 1.000000000000000000e+00 0.000000000000000000e+00 0.000000000000000000e+00
-2.133078873157501221e-01 1.277008891105651855e+00 1.000000000000000000e+00 0.000000000000000000e+00 0.000000000000000000e+00
-1.458880901336669922e-01 3.055651783943176270e-01 0.000000000000000000e+00 1.000000000000000000e+00 0.000000000000000000e+00
-5.001693964004516602e-01 -1.628202497959136963e-01 1.000000000000000000e+00 0.000000000000000000e+00 0.000000000000000000e+00
8.482370376586914062e-01 -8.958701044321060181e-02 1.000000000000000000e+00 0.000000000000000000e+00 0.000000000000000000e+00
7.398255169391632080e-02 4.938362911343574524e-02 0.000000000000000000e+00 1.000000000000000000e+00 0.000000000000000000e+00
-1.645617127418518066e+00 7.268485426902770996e-01 1.000000000000000000e+00 0.000000000000000000e+00 0.000000000000000000e+00
1.433966994285583496e+00 -1.815145611763000488e-01 1.000000000000000000e+00 0.000000000000000000e+00 0.000000000000000000e+00
6.857141256332397461e-01 -1.975549012422561646e-01 0.000000000000000000e+00 1.000000000000000000e+00 0.000000000000000000e+00
-2.116785526275634766e+00 8.589283823966979980e-01 1.000000000000000000e+00 0.000000000000000000e+00 0.000000000000000000e+00
-1.741177737712860107e-01 1.437988579273223877e-01 1.000000000000000000e+00 0.000000000000000000e+00 0.000000000000000000e+00
-7.550375908613204956e-02 4.175974130630493164e-01 1.000000000000000000e+00 0.000000000000000000e+00 0.000000000000000000e+00
7.499456405639648438e-02 1.229333057999610901e-01 0.000000000000000000e+00 1.000000000000000000e+00 0.000000000000000000e+00
9.783662557601928711e-01 -5.614845156669616699e-01 1.000000000000000000e+00 0.000000000000000000e+00 0.000000000000000000e+00
2.598043680191040039e-01 2.649209499359130859e-01 1.000000000000000000e+00 0.000000000000000000e+00 0.000000000000000000e+00
2.307148128747940063e-01 4.181455820798873901e-02 0.000000000000000000e+00 1.000000000000000000e+00 0.000000000000000000e+00
5.498952865600585938e-01 -3.103648424148559570e-01 1.000000000000000000e+00 0.000000000000000000e+00 0.000000000000000000e+00
2.303587496280670166e-01 2.808290719985961914e-01 1.000000000000000000e+00 0.000000000000000000e+00 0.000000000000000000e+00
2.322756052017211914e-01 4.134057462215423584e-02 0.000000000000000000e+00 1.000000000000000000e+00 0.000000000000000000e+00
9.544147253036499023e-01 -3.635880351066589355e-01 1.000000000000000000e+00 0.000000000000000000e+00 0.000000000000000000e+00
2.372147738933563232e-01 4.166222214698791504e-01 1.000000000000000000e+00 0.000000000000000000e+00 0.000000000000000000e+00
2.635507881641387939e-01 1.922720223665237427e-01 0.000000000000000000e+00 1.000000000000000000e+00 0.000000000000000000e+00
-2.145217180252075195e+00 -2.658323526382446289e+00 0.000000000000000000e+00 0.000000000000000000e+00 1.000000000000000000e+00
0.000000000000000000e+00 0.000000000000000000e+00 0.000000000000000000e+00 0.000000000000000000e+00 0.000000000000000000e+00
0.000000000000000000e+00 0.000000000000000000e+00 0.000000000000000000e+00 0.000000000000000000e+00 0.000000000000000000e+00
0.000000000000000000e+00 0.000000000000000000e+00 0.000000000000000000e+00 0.000000000000000000e+00 0.000000000000000000e+00
0.000000000000000000e+00 0.000000000000000000e+00 0.000000000000000000e+00 0.000000000000000000e+00 0.000000000000000000e+00
0.000000000000000000e+00 0.000000000000000000e+00 0.000000000000000000e+00 0.000000000000000000e+00 0.000000000000000000e+00
0.000000000000000000e+00 0.000000000000000000e+00 0.000000000000000000e+00 0.000000000000000000e+00 0.000000000000000000e+00
0.000000000000000000e+00 0.000000000000000000e+00 0.000000000000000000e+00 0.000000000000000000e+00 0.000000000000000000e+00
0.000000000000000000e+00 0.000000000000000000e+00 0.000000000000000000e+00 0.000000000000000000e+00 0.000000000000000000e+00
0.000000000000000000e+00 0.000000000000000000e+00 0.000000000000000000e+00 0.000000000000000000e+00 0.000000000000000000e+00
0.000000000000000000e+00 0.000000000000000000e+00 0.000000000000000000e+00 0.000000000000000000e+00 0.000000000000000000e+00
0.000000000000000000e+00 0.000000000000000000e+00 0.000000000000000000e+00 0.000000000000000000e+00 0.000000000000000000e+00
0.000000000000000000e+00 0.000000000000000000e+00 0.000000000000000000e+00 0.000000000000000000e+00 0.000000000000000000e+00
0.000000000000000000e+00 0.000000000000000000e+00 0.000000000000000000e+00 0.000000000000000000e+00 0.000000000000000000e+00
0.000000000000000000e+00 0.000000000000000000e+00 0.000000000000000000e+00 0.000000000000000000e+00 0.000000000000000000e+00
0.000000000000000000e+00 0.000000000000000000e+00 0.000000000000000000e+00 0.000000000000000000e+00 0.000000000000000000e+00
0.000000000000000000e+00 0.000000000000000000e+00 0.000000000000000000e+00 0.000000000000000000e+00 0.000000000000000000e+00
0.000000000000000000e+00 0.000000000000000000e+00 0.000000000000000000e+00 0.000000000000000000e+00 0.000000000000000000e+00
0.000000000000000000e+00 0.000000000000000000e+00 0.000000000000000000e+00 0.000000000000000000e+00 0.000000000000000000e+00
0.000000000000000000e+00 0.000000000000000000e+00 0.000000000000000000e+00 0.000000000000000000e+00 0.000000000000000000e+00
0.000000000000000000e+00 0.000000000000000000e+00 0.000000000000000000e+00 0.000000000000000000e+00 0.000000000000000000e+00
0.000000000000000000e+00 0.000000000000000000e+00 0.000000000000000000e+00 0.000000000000000000e+00 0.000000000000000000e+00
0.000000000000000000e+00 0.000000000000000000e+00 0.000000000000000000e+00 0.000000000000000000e+00 0.000000000000000000e+00
0.000000000000000000e+00 0.000000000000000000e+00 0.000000000000000000e+00 0.000000000000000000e+00 0.000000000000000000e+00
0.000000000000000000e+00 0.000000000000000000e+00 0.000000000000000000e+00 0.000000000000000000e+00 0.000000000000000000e+00
0.000000000000000000e+00 0.000000000000000000e+00 0.000000000000000000e+00 0.000000000000000000e+00 0.000000000000000000e+00
0.000000000000000000e+00 0.000000000000000000e+00 0.000000000000000000e+00 0.000000000000000000e+00 0.000000000000000000e+00
0.000000000000000000e+00 0.000000000000000000e+00 0.000000000000000000e+00 0.000000000000000000e+00 0.000000000000000000e+00
0.000000000000000000e+00 0.000000000000000000e+00 0.000000000000000000e+00 0.000000000000000000e+00 0.000000000000000000e+00
0.000000000000000000e+00 0.000000000000000000e+00 0.000000000000000000e+00 0.000000000000000000e+00 0.000000000000000000e+00
0.000000000000000000e+00 0.000000000000000000e+00 0.000000000000000000e+00 0.000000000000000000e+00 0.000000000000000000e+00
0.000000000000000000e+00 0.000000000000000000e+00 0.000000000000000000e+00 0.000000000000000000e+00 0.000000000000000000e+00
0.000000000000000000e+00 0.000000000000000000e+00 0.000000000000000000e+00 0.000000000000000000e+00 0.000000000000000000e+00
0.000000000000000000e+00 0.000000000000000000e+00 0.000000000000000000e+00 0.000000000000000000e+00 0.000000000000000000e+00
0.000000000000000000e+00 0.000000000000000000e+00 0.000000000000000000e+00 0.000000000000000000e+00 0.000000000000000000e+00
0.000000000000000000e+00 0.000000000000000000e+00 0.000000000000000000e+00 0.000000000000000000e+00 0.000000000000000000e+00
0.000000000000000000e+00 0.000000000000000000e+00 0.000000000000000000e+00 0.000000000000000000e+00 0.000000000000000000e+00
0.000000000000000000e+00 0.000000000000000000e+00 0.000000000000000000e+00 0.000000000000000000e+00 0.000000000000000000e+00
0.000000000000000000e+00 0.000000000000000000e+00 0.000000000000000000e+00 0.000000000000000000e+00 0.000000000000000000e+00
0.000000000000000000e+00 0.000000000000000000e+00 0.000000000000000000e+00 0.000000000000000000e+00 0.000000000000000000e+00
0.000000000000000000e+00 0.000000000000000000e+00 0.000000000000000000e+00 0.000000000000000000e+00 0.000000000000000000e+00
0.000000000000000000e+00 0.000000000000000000e+00 0.000000000000000000e+00 0.000000000000000000e+00 0.000000000000000000e+00
0.000000000000000000e+00 0.000000000000000000e+00 0.000000000000000000e+00 0.000000000000000000e+00 0.000000000000000000e+00
0.000000000000000000e+00 0.000000000000000000e+00 0.000000000000000000e+00 0.000000000000000000e+00 0.000000000000000000e+00
0.000000000000000000e+00 0.000000000000000000e+00 0.000000000000000000e+00 0.000000000000000000e+00 0.000000000000000000e+00
0.000000000000000000e+00 0.000000000000000000e+00 0.000000000000000000e+00 0.000000000000000000e+00 0.000000000000000000e+00
0.000000000000000000e+00 0.000000000000000000e+00 0.000000000000000000e+00 0.000000000000000000e+00 0.000000000000000000e+00
0.000000000000000000e+00 0.000000000000000000e+00 0.000000000000000000e+00 0.000000000000000000e+00 0.000000000000000000e+00
0.000000000000000000e+00 0.000000000000000000e+00 0.000000000000000000e+00 0.000000000000000000e+00 0.000000000000000000e+00
0.000000000000000000e+00 0.000000000000000000e+00 0.000000000000000000e+00 0.000000000000000000e+00 0.000000000000000000e+00
0.000000000000000000e+00 0.000000000000000000e+00 0.000000000000000000e+00 0.000000000000000000e+00 0.000000000000000000e+00
0.000000000000000000e+00 0.000000000000000000e+00 0.000000000000000000e+00 0.000000000000000000e+00 0.000000000000000000e+00
0.000000000000000000e+00 0.000000000000000000e+00 0.000000000000000000e+00 0.000000000000000000e+00 0.000000000000000000e+00
0.000000000000000000e+00 0.000000000000000000e+00 0.000000000000000000e+00 0.000000000000000000e+00 0.000000000000000000e+00
0.000000000000000000e+00 0.000000000000000000e+00 0.000000000000000000e+00 0.000000000000000000e+00 0.000000000000000000e+00
0.000000000000000000e+00 0.000000000000000000e+00 0.000000000000000000e+00 0.000000000000000000e+00 0.000000000000000000e+00
0.000000000000000000e+00 0.000000000000000000e+00 0.000000000000000000e+00 0.000000000000000000e+00 0.000000000000000000e+00
0.000000000000000000e+00 0.000000000000000000e+00 0.000000000000000000e+00 0.000000000000000000e+00 0.000000000000000000e+00
0.000000000000000000e+00 0.000000000000000000e+00 0.000000000000000000e+00 0.000000000000000000e+00 0.000000000000000000e+00
