0.000000000000000000e+00 0.000000000000000000e+00 1.000000000000000000e+00 0.000000000000000000e+00 0.000000000000000000e+00
-7.444443106651306152e-01 7.419022321701049805e-01 1.000000000000000000e+00 0.000000000000000000e+00 0.000000000000000000e+00
1.908754259347915649e-01 3.344845473766326904e-01 1.000000000000000000e+00 0.000000000000000000e+00 0.000000000000000000e+00
-9.801723062992095947e-04 3.664061427116394043e-01 1.000000000000000000e+00 0.000000000000000000e+00 0.000000000000000000e+00
-5.757371336221694946e-02 1.215433925390243530e-01 0.000000000000000000e+00 1.000000000000000000e+00 0.000000000000000000e+00
5.036473870277404785e-01 -9.018512964248657227e-01 1.000000000000000000e+00 0.000000000000000000e+00 0.000000000000000000e+00
5.639279484748840332e-01 -1.333076357841491699e-01 1.000000000000000000e+00 0.000000000000000000e+00 0.000000000000000000e+00
2.180615365505218506e-01 4.658978059887886047e-02 1.000000000000000000e+00 0.000000000000000000e+00 0.000000000000000000e+00
-1.704204380512237549e-01 7.571993470191955566e-01 1.000000000000000000e+00 0.000000000000000000e+00 0.000000000000000000e+00
-9.971566498279571533e-02 1.728433668613433838e-01 0.000000000000000000e+00 1.000000000000000000e+00 0.000000000000000000e+00
-6.933631300926208496e-01 -3.394913971424102783e-01 1.000000000000000000e+00 0.000000000000000000e+00 0.000000000000000000e+00
3.491976857185363770e-01 -4.480974376201629639e-02 1.000000000000000000e+00 0.000000000000000000e+00 0.000000000000000000e+00
-3.771492093801498413e-02 5.560882017016410828e-02 0.000000000000000000e+00 1.000000000000000000e+00 0.000000000000000000e+00
-3.625208735466003418e-01 3.532844185829162598e-01 1.000000000000000000e+00 0.000000000000000000e+00 0.000000000000000000e+00
4.524484872817993164e-01 -8.230806887149810791e-02 1.000000000000000000e+00 0.000000000000000000e+00 0.000000000000000000e+00
-2.804822474718093872e-02 5.300416052341461182e-02 0.000000000000000000e+00 1.000000000000000000e+00 0.000000000000000000e+00
-7.608319520950317383e-01 4.940575957298278809e-01 1.000000000000000000e+00 0.000000000000000000e+00 0.000000000000000000e+00
-4.073566943407058716e-02 8.663005828857421875e-01 1.000000000000000000e+00 0.000000000000000000e+00 0.000000000000000000e+00
4.144858568906784058e-02 9.034076333045959473e-02 1.000000000000000000e+00 0.000000000000000000e+00 0.000000000000000000e+00
1.518145501613616943e-01 -1.932801157236099243e-01 1.000000000000000000e+00 0.000000000000000000e+00 0.000000000000000000e+00
5.712367966771125793e-02 -2.162081897258758545e-01 0.000000000000000000e+00 1.000000000000000000e+00 0.000000000000000000e+00
5.357654392719268799e-02 -3.574474751949310303e-01 1.000000000000000000e+00 0.000000000000000000e+00 0.000000000000000000e+00
1.744832098484039307e-01 6.381120532751083374e-02 1.000000000000000000e+00 0.000000000000000000e+00 0.000000000000000000e+00
-1.374003291130065918e-02 8.279524743556976318e-02 0.000000000000000000e+00 1.000000000000000000e+00 0.000000000000000000e+00
-9.573948383331298828e-02 2.189232707023620605e-01 1.000000000000000000e+00 0.000000000000000000e+00 0.000000000000000000e+00
2.554059028625488281e-01 -1.364995241165161133e-01 1.000000000000000000e+00 0.000000000000000000e+00 0.000000000000000000e+00
8.017165958881378174e-02 -1.172999143600463867e-01 0.000000000000000000e+00 1.000000000000000000e+00 0.000000000000000000e+00
5.367241427302360535e-02 -2.682314217090606689e-01 1.000000000000000000e+00 0.000000000000000000e+00 0.000000000000000000e+00
5.457478761672973633e-02 8.547052145004272461e-01 1.000000000000000000e+00 0.000000000000000000e+00 0.000000000000000000e+00
1.247449666261672974e-01 2.797866463661193848e-01 1.000000000000000000e+00 0.000000000000000000e+00 0.000000000000000000e+00
7.213227450847625732e-02 2.706769853830337524e-03 1.000000000000000000e+00 0.000000000000000000e+00 0.000000000000000000e+00
8.608755469322204590e-02 -2.369590997695922852e-01 1.000000000000000000e+00 0.000000000000000000e+00 0.000000000000000000e+00
1.130028627812862396e-02 -4.557657837867736816e-01 0.000000000000000000e+00 1.000000000000000000e+00 0.000000000000000000e+00
-6.824372336268424988e-03 -3.090412616729736328e-01 1.000000000000000000e+00 0.000000000000000000e+00 0.000000000000000000e+00
1.963796019554138184e-01 3.447275757789611816e-01 1.000000000000000000e+00 0.000000000000000000e+00 0.000000000000000000e+00
2.474319636821746826e-01 7.250555157661437988e-01 1.000000000000000000e+00 0.000000000000000000e+00 0.000000000000000000e+00
2.269093543291091919e-01 2.322774678468704224e-01 1.000000000000000000e+00 0.000000000000000000e+00 0.000000000000000000e+00
2.530662417411804199e-01 8.322621881961822510e-02 1.000000000000000000e+00 0.000000000000000000e+00 0.000000000000000000e+00
1.839806288480758667e-01 -5.531167238950729370e-02 1.000000000000000000e+00 0.000000000000000000e+00 0.000000000000000000e+00
1.312936991453170776e-01 -1.663942337036132812e-01 1.000000000000000000e+00 0.000000000000000000e+00 0.000000000000000000e+00
2.382457442581653595e-02 -2.450453639030456543e-01 0.000000000000000000e+00 1.000000000000000000e+00 0.000000000000000000e+00
-8.490462303161621094e-01 -1.751306295394897461e+00 1.000000000000000000e+00 0.000000000000000000e+00 0.000000000000000000e+00
-2.420054376125335693e-02 9.378843903541564941e-01 1.000000000000000000e+00 0.000000000000000000e+00 0.000000000000000000e+00
-5.277714133262634277e-02 2.452957034111022949e-01 0.000000000000000000e+00 1.000000000000000000e+00 0.000000000000000000e+00
2.968352437019348145e-01 -1.155654907226562500e+00 1.000000000000000000e+00 0.000000000000000000e+00 0.000000000000000000e+00
7.635101079940795898e-01 -1.107009053230285645e-01 1.000000000000000000e+00 0.000000000000000000e+00 0.000000000000000000e+00
2.389294654130935669e-01 7.641203701496124268e-02 1.000000000000000000e+00 0.000000000000000000e+00 0.000000000000000000e+00
-7.108729332685470581e-02 1.089956760406494141e+00 1.000000000000000000e+00 0.000000000000000000e+00 0.000000000000000000e+00
-6.833056360483169556e-02 2.161929607391357422e-01 1.000000000000000000e+00 0.000000000000000000e+00 0.000000000000000000e+00
-1.191777065396308899e-01 1.332006454467773438e-01 0.000000000000000000e+00 1.000000000000000000e+00 0.000000000000000000e+00
-6.413482427597045898e-01 -7.267385721206665039e-01 1.000000000000000000e+00 0.000000000000000000e+00 0.000000000000000000e+00
4.588335156440734863e-01 -4.440326988697052002e-02 1.000000000000000000e+00 0.000000000000000000e+00 0.000000000000000000e+00
5.453825742006301880e-02 4.120911285281181335e-02 0.000000000000000000e+00 1.000000000000000000e+00 0.000000000000000000e+00
-4.453793764114379883e-01 4.361267387866973877e-01 1.000000000000000000e+00 0.000000000000000000e+00 0.000000000000000000e+00
5.722379684448242188e-01 -4.544301331043243408e-02 1.000000000000000000e+00 0.000000000000000000e+00 0.000000000000000000e+00
1.243860572576522827e-01 -8.204808086156845093e-02 0.000000000000000000e+00 1.000000000000000000e+00 0.000000000000000000e+00
-4.218656420707702637e-01 -1.696423172950744629e+00 1.000000000000000000e+00 0.000000000000000000e+00 0.000000000000000000e+00
-3.830092772841453552e-02 1.440895318984985352e+00 1.000000000000000000e+00 0.000000000000000000e+00 0.000000000000000000e+00
-7.328418642282485962e-02 4.700013697147369385e-01 0.000000000000000000e+00 1.000000000000000000e+00 0.000000000000000000e+00
-5.534834265708923340e-01 -1.393994092941284180e+00 0.000000000000000000e+00 0.000000000000000000e+00 1.000000000000000000e+00
-1.105247259140014648e+00 3.311951756477355957e-01 0.000000000000000000e+00 0.000000000000000000e+00 1.000000000000000000e+00
0.000000000000000000e+00 0.000000000000000000e+00 0.000000000000000000e+00 0.000000000000000000e+00 0.000000000000000000e+00
0.000000000000000000e+00 0.000000000000000000e+00 0.000000000000000000e+00 0.000000000000000000e+00 0.000000000000000000e+00
0.000000000000000000e+00 0.000000000000000000e+00 0.000000000000000000e+00 0.000000000000000000e+00 0.000000000000000000e+00
0.000000000000000000e+00 0.000000000000000000e+00 0.000000000000000000e+00 0.000000000000000000e+00 0.000000000000000000e+00
0.000000000000000000e+00 0.000000000000000000e+00 0.000000000000000000e+00 0.000000000000000000e+00 0.000000000000000000e+00
0.000000000000000000e+00 0.000000000000000000e+00 0.000000000000000000e+00 0.000000000000000000e+00 0.000000000000000000e+00
0.000000000000000000e+00 0.000000000000000000e+00 0.000000000000000000e+00 0.000000000000000000e+00 0.000000000000000000e+00
0.000000000000000000e+00 0.000000000000000000e+00 0.000000000000000000e+00 0.000000000000000000e+00 0.000000000000000000e+00
0.000000000000000000e+00 0.000000000000000000e+00 0.000000000000000000e+00 0.000000000000000000e+00 0.000000000000000000e+00
0.000000000000000000e+00 0.000000000000000000e+00 0.000000000000000000e+00 0.000000000000000000e+00 0.000000000000000000e+00
0.000000000000000000e+00 0.000000000000000000e+00 0.000000000000000000e+00 0.000000000000000000e+00 0.000000000000000000e+00
0.000000000000000000e+00 0.000000000000000000e+00 0.000000000000000000e+00 0.000000000000000000e+00 0.000000000000000000e+00
0.000000000000000000e+00 0.000000000000000000e+00 0.000000000000000000e+00 0.000000000000000000e+00 0.000000000000000000e+00
0.000000000000000000e+00 0.000000000000000000e+00 0.000000000000000000e+00 0.000000000000000000e+00 0.000000000000000000e+00
0.000000000000000000e+00 0.000000000000000000e+00 0.000000000000000000e+00 0.000000000000000000e+00 0.000000000000000000e+00
0.000000000000000000e+00 0.000000000000000000e+00 0.000000000000000000e+00 0.000000000000000000e+00 0.000000000000000000e+00
0.000000000000000000e+00 0.000000000000000000e+00 0.000000000000000000e+00 0.000000000000000000e+00 0.000000000000000000e+00
0.000000000000000000e+00 0.000000000000000000e+00 0.000000000000000000e+00 0.000000000000000000e+00 0.000000000000000000e+00
0.000000000000000000e+00 0.000000000000000000e+00 0.000000000000000000e+00 0.000000000000000000e+00 0.000000000000000000e+00
0.000000000000000000e+00 0.000000000000000000e+00 0.000000000000000000e+00 0.000000000000000000e+00 0.000000000000000000e+00
0.000000000000000000e+00 0.000000000000000000e+00 0.000000000000000000e+00 0.000000000000000000e+00 0.000000000000000000e+00
0.000000000000000000e+00 0.000000000000000000e+00 0.000000000000000000e+00 0.000000000000000000e+00 0.000000000000000000e+00
0.000000000000000000e+00 0.000000000000000000e+00 0.000000000000000000e+00 0.000000000000000000e+00 0.000000000000000000e+00
0.000000000000000000e+00 0.000000000000000000e+00 0.000000000000000000e+00 0.000000000000000000e+00 0.000000000000000000e+00
0.000000000000000000e+00 0.000000000000000000e+00 0.000000000000000000e+00 0.000000000000000000e+00 0.000000000000000000e+00
0.000000000000000000e+00 0.000000000000000000e+00 0.000000000000000000e+00 0.000000000000000000e+00 0.000000000000000000e+00
0.000000000000000000e+00 0.000000000000000000e+00 0.000000000000000000e+00 0.000000000000000000e+00 0.000000000000000000e+00
0.000000000000000000e+00 0.000000000000000000e+00 0.000000000000000000e+00 0.000000000000000000e+00 0.000000000000000000e+00
0.000000000000000000e+00 0.000000000000000000e+00 0.000000000000000000e+00 0.000000000000000000e+00 0.000000000000000000e+00
0.000000000000000000e+00 0.000000000000000000e+00 0.000000000000000000e+00 0.000000000000000000e+00 0.000000000000000000e+00
0.000000000000000000e+00 0.000000000000000000e+00 0.000000000000000000e+00 0.000000000000000000e+00 0.000000000000000000e+00
0.000000000000000000e+00 0.000000000000000000e+00 0.000000000000000000e+00 0.000000000000000000e+00 0.000000000000000000e+00
0.000000000000000000e+00 0.000000000000000000e+00 0.000000000000000000e+00 0.000000000000000000e+00 0.000000000000000000e+00
0.000000000000000000e+00 0.000000000000000000e+00 0.000000000000000000e+00 0.000000000000000000e+00 0.000000000000000000e+00
0.000000000000000000e+00 0.000000000000000000e+00 0.000000000000000000e+00 0.000000000000000000e+00 0.000000000000000000e+00
0.000000000000000000e+00 0.000000000000000000e+00 0.000000000000000000e+00 0.000000000000000000e+00 0.000000000000000000e+00
0.000000000000000000e+00 0.000000000000000000e+00 0.000000000000000000e+00 0.000000000000000000e+00 0.000000000000000000e+00
0.000000000000000000e+00 0.000000000000000000e+00 0.000000000000000000e+00 0.000000000000000000e+00 0.000000000000000000e+00
0.000000000000000000e+00 0.000000000000000000e+00 0.000000000000000000e+00 0.000000000000000000e+00 0.000000000000000000e+00
0.000000000000000000e+00 0.000000000000000000e+00 0.000000000000000000e+00 0.000000000000000000e+00 0.000000000000000000e+00
0.000000000000000000e+00 0.000000000000000000e+00 0.000000000000000000e+00 0.000000000000000000e+00 0.000000000000000000e+00
0.000000000000000000e+00 0.000000000000000000e+00 0.000000000000000000e+00 0.000000000000000000e+00 0.000000000000000000e+00
0.000000000000000000e+00 0.000000000000000000e+00 0.000000000000000000e+00 0.000000000000000000e+00 0.000000000000000000e+00
0.000000000000000000e+00 0.000000000000000000e+00 0.000000000000000000e+00 0.000000000000000000e+00 0.000000000000000000e+00
0.000000000000000000e+00 0.000000000000000000e+00 0.000000000000000000e+00 0.000000000000000000e+00 0.000000000000000000e+00
0.000000000000000000e+00 0.000000000000000000e+00 0.000000000000000000e+00 0.000000000000000000e+00 0.000000000000000000e+00
0.000000000000000000e+00 0.000000000000000000e+00 0.000000000000000000e+00 0.000000000000000000e+00 0.000000000000000000e+00
0.000000000000000000e+00 0.000000000000000000e+00 0.000000000000000000e+00 0.000000000000000000e+00 0.000000000000000000e+00
0.000000000000000000e+00 0.000000000000000000e+00 0.000000000000000000e+00 0.000000000000000000e+00 0.000000000000000000e+00
0.000000000000000000e+00 0.000000000000000000e+00 0.000000000000000000e+00 0.000000000000000000e+00 0.000000000000000000e+00
0.000000000000000000e+00 0.000000000000000000e+00 0.000000000000000000e+00 0.000000000000000000e+00 0.000000000000000000e+00
0.000000000000000000e+00 0.000000000000000000e+00 0.000000000000000000e+00 0.000000000000000000e+00 0.000000000000000000e+00
0.000000000000000000e+00 0.000000000000000000e+00 0.000000000000000000e+00 0.000000000000000000e+00 0.000000000000000000e+00
0.000000000000000000e+00 0.000000000000000000e+00 0.000000000000000000e+00 0.000000000000000000e+00 0.000000000000000000e+00
0.000000000000000000e+00 0.000000000000000000e+00 0.000000000000000000e+00 0.000000000000000000e+00 0.000000000000000000e+00
0.000000000000000000e+00 0.000000000000000000e+00 0.000000000000000000e+00 0.000000000000000000e+00 0.000000000000000000e+00
0.000000000000000000e+00 0.000000000000000000e+00 0.000000000000000000e+00 0.000000000000000000e+00 0.000000000000000000e+00
0.000000000000000000e+00 0.000000000000000000e+00 0.000000000000000000e+00 0.000000000000000000e+00 0.000000000000000000e+00
0.000000000000000000e+00 0.000000000000000000e+00 0.000000000000000000e+00 0.000000000000000000e+00 0.000000000000000000e+00
0.000000000000000000e+00 0.000000000000000000e+00 0.000000000000000000e+00 0.000000000000000000e+00 0.000000000000000000e+00
