0.000000000000000000e+00 0.000000000000000000e+00 1.000000000000000000e+00 0.000000000000000000e+00 0.000000000000000000e+00
-7.515583038330078125e-01 7.327603101730346680e-01 1.000000000000000000e+00 0.000000000000000000e+00 0.000000000000000000e+00
1.904659271240234375e-01 3.232586681842803955e-01 1.000000000000000000e+00 0.000000000000000000e+00 0.000000000000000000e+00
-4.946845117956399918e-03 3.471692204475402832e-01 1.000000000000000000e+00 0.000000000000000000e+00 0.000000000000000000e+00
-5.889774113893508911e-02 1.192164719104766846e-01 0.000000000000000000e+00 1.000000000000000000e+00 0.000000000000000000e+00
5.160788297653198242e-01 -8.661570549011230469e-01 1.000000000000000000e+00 0.000000000000000000e+00 0.000000000000000000e+00
5.806906223297119141e-01 -1.357235908508300781e-01 1.000000000000000000e+00 0.000000000000000000e+00 0.000000000000000000e+00
2.270489633083343506e-01 4.397649317979812622e-02 1.000000000000000000e+00 0.000000000000000000e+00 0.000000000000000000e+00
-1.765491664409637451e-01 7.527577280998229980e-01 1.000000000000000000e+00 0.000000000000000000e+00 0.000000000000000000e+00
-1.006124913692474365e-01 1.681855320930480957e-01 1.000000000000000000e+00 0.000000000000000000e+00 0.000000000000000000e+00
-1.436422765254974365e-01 9.583179652690887451e-02 0.000000000000000000e+00 1.000000000000000000e+00 0.000000000000000000e+00
-5.695219039916992188e-01 -4.047918319702148438e-01 1.000000000000000000e+00 0.000000000000000000e+00 0.000000000000000000e+00
3.417071998119354248e-01 -4.623113572597503662e-02 1.000000000000000000e+00 0.000000000000000000e+00 0.000000000000000000e+00
3.681021183729171753e-02 3.991304710507392883e-02 0.000000000000000000e+00 1.000000000000000000e+00 0.000000000000000000e+00
-6.145093441009521484e-01 4.669762551784515381e-01 1.000000000000000000e+00 0.000000000000000000e+00 0.000000000000000000e+00
5.648654699325561523e-01 -9.208482503890991211e-02 1.000000000000000000e+00 0.000000000000000000e+00 0.000000000000000000e+00
1.385052949190139771e-01 3.869199752807617188e-02 0.000000000000000000e+00 1.000000000000000000e+00 0.000000000000000000e+00
-9.717016220092773438e-01 4.312398731708526611e-01 1.000000000000000000e+00 0.000000000000000000e+00 0.000000000000000000e+00
-9.034114331007003784e-02 9.888255596160888672e-01 1.000000000000000000e+00 0.000000000000000000e+00 0.000000000000000000e+00
3.645569831132888794e-02 1.129976063966751099e-01 1.000000000000000000e+00 0.000000000000000000e+00 0.000000000000000000e+00
1.723164021968841553e-01 -2.083357870578765869e-01 1.000000000000000000e+00 0.000000000000000000e+00 0.000000000000000000e+00
7.011450827121734619e-02 -2.272169589996337891e-01 0.000000000000000000e+00 1.000000000000000000e+00 0.000000000000000000e+00
7.605549693107604980e-02 -4.100537896156311035e-01 1.000000000000000000e+00 0.000000000000000000e+00 0.000000000000000000e+00
1.492096781730651855e-01 1.660106778144836426e-01 1.000000000000000000e+00 0.000000000000000000e+00 0.000000000000000000e+00
-2.273423224687576294e-02 1.064917892217636108e-01 0.000000000000000000e+00 1.000000000000000000e+00 0.000000000000000000e+00
-1.063751280307769775e-01 1.944743096828460693e-01 1.000000000000000000e+00 0.000000000000000000e+00 0.000000000000000000e+00
-1.495156437158584595e-02 1.004937067627906799e-01 1.000000000000000000e+00 0.000000000000000000e+00 0.000000000000000000e+00
1.083358079195022583e-01 2.775950729846954346e-02 1.000000000000000000e+00 0.000000000000000000e+00 0.000000000000000000e+00
7.732316851615905762e-02 -6.789169460535049438e-02 0.000000000000000000e+00 1.000000000000000000e+00 0.000000000000000000e+00
2.047822028398513794e-01 -6.846157908439636230e-01 1.000000000000000000e+00 0.000000000000000000e+00 0.000000000000000000e+00
3.418648988008499146e-02 9.764821529388427734e-01 1.000000000000000000e+00 0.000000000000000000e+00 0.000000000000000000e+00
6.660796701908111572e-02 1.911749839782714844e-01 1.000000000000000000e+00 0.000000000000000000e+00 0.000000000000000000e+00
6.965366005897521973e-02 1.625678688287734985e-02 1.000000000000000000e+00 0.000000000000000000e+00 0.000000000000000000e+00
8.208541572093963623e-02 -2.120429873466491699e-01 1.000000000000000000e+00 0.000000000000000000e+00 0.000000000000000000e+00
1.620038785040378571e-02 -4.367831349372863770e-01 0.000000000000000000e+00 1.000000000000000000e+00 0.000000000000000000e+00
2.213300578296184540e-02 -3.604117929935455322e-01 1.000000000000000000e+00 0.000000000000000000e+00 0.000000000000000000e+00
1.534073054790496826e-01 3.588012754917144775e-01 1.000000000000000000e+00 0.000000000000000000e+00 0.000000000000000000e+00
1.053066030144691467e-01 5.386043787002563477e-01 1.000000000000000000e+00 0.000000000000000000e+00 0.000000000000000000e+00
1.813053786754608154e-01 2.662438750267028809e-01 1.000000000000000000e+00 0.000000000000000000e+00 0.000000000000000000e+00
9.356996417045593262e-02 8.698415011167526245e-03 1.000000000000000000e+00 0.000000000000000000e+00 0.000000000000000000e+00
6.177790835499763489e-02 -1.140003502368927002e-01 0.000000000000000000e+00 1.000000000000000000e+00 0.000000000000000000e+00
1.325929462909698486e-01 -2.243248224258422852e+00 1.000000000000000000e+00 0.000000000000000000e+00 0.000000000000000000e+00
6.562114953994750977e-01 -1.408402621746063232e-01 1.000000000000000000e+00 0.000000000000000000e+00 0.000000000000000000e+00
1.581685543060302734e-01 5.078785493969917297e-02 1.000000000000000000e+00 0.000000000000000000e+00 0.000000000000000000e+00
-5.090504884719848633e-01 7.901757955551147461e-01 1.000000000000000000e+00 0.000000000000000000e+00 0.000000000000000000e+00
-1.856860220432281494e-01 1.749332994222640991e-01 1.000000000000000000e+00 0.000000000000000000e+00 0.000000000000000000e+00
-1.509474217891693115e-01 4.527794197201728821e-02 0.000000000000000000e+00 1.000000000000000000e+00 0.000000000000000000e+00
1.350276172161102295e-01 -4.825426042079925537e-01 1.000000000000000000e+00 0.000000000000000000e+00 0.000000000000000000e+00
6.103654503822326660e-01 -2.017378807067871094e-03 1.000000000000000000e+00 0.000000000000000000e+00 0.000000000000000000e+00
1.588480472564697266e-01 8.611773699522018433e-02 1.000000000000000000e+00 0.000000000000000000e+00 0.000000000000000000e+00
-3.430955111980438232e-01 3.677496910095214844e-01 1.000000000000000000e+00 0.000000000000000000e+00 0.000000000000000000e+00
-6.278681755065917969e-01 3.830768465995788574e-01 1.000000000000000000e+00 0.000000000000000000e+00 0.000000000000000000e+00
8.808339834213256836e-01 -1.456141173839569092e-01 1.000000000000000000e+00 0.000000000000000000e+00 0.000000000000000000e+00
1.891895532608032227e-01 3.622655570507049561e-02 0.000000000000000000e+00 1.000000000000000000e+00 0.000000000000000000e+00
-8.755775690078735352e-01 5.570614337921142578e-01 1.000000000000000000e+00 0.000000000000000000e+00 0.000000000000000000e+00
-4.247627779841423035e-02 5.913560986518859863e-01 1.000000000000000000e+00 0.000000000000000000e+00 0.000000000000000000e+00
-5.704779177904129028e-02 1.126817092299461365e-01 0.000000000000000000e+00 1.000000000000000000e+00 0.000000000000000000e+00
4.024161100387573242e-01 -7.156153917312622070e-01 1.000000000000000000e+00 0.000000000000000000e+00 0.000000000000000000e+00
5.469785332679748535e-01 5.193367600440979004e-02 1.000000000000000000e+00 0.000000000000000000e+00 0.000000000000000000e+00
-3.802292943000793457e-01 5.472822189331054688e-01 1.000000000000000000e+00 0.000000000000000000e+00 0.000000000000000000e+00
4.994038045406341553e-01 -9.889821708202362061e-02 1.000000000000000000e+00 0.000000000000000000e+00 0.000000000000000000e+00
3.408628106117248535e-01 -1.619989871978759766e-01 0.000000000000000000e+00 1.000000000000000000e+00 0.000000000000000000e+00
-1.693120837211608887e+00 -2.130754947662353516e+00 0.000000000000000000e+00 0.000000000000000000e+00 1.000000000000000000e+00
-6.233246326446533203e-01 1.120564699172973633e+00 0.000000000000000000e+00 0.000000000000000000e+00 1.000000000000000000e+00
-1.733504772186279297e+00 -1.742256879806518555e-01 0.000000000000000000e+00 0.000000000000000000e+00 1.000000000000000000e+00
-1.136766791343688965e+00 -1.933021545410156250e-01 0.000000000000000000e+00 0.000000000000000000e+00 1.000000000000000000e+00
-1.354418396949768066e+00 -3.748624920845031738e-01 0.000000000000000000e+00 0.000000000000000000e+00 1.000000000000000000e+00
-1.184605360031127930e+00 -2.778294682502746582e-01 0.000000000000000000e+00 0.000000000000000000e+00 1.000000000000000000e+00
-1.225224137306213379e+00 -3.107742071151733398e-01 0.000000000000000000e+00 0.000000000000000000e+00 1.000000000000000000e+00
-1.162149190902709961e+00 -2.723932862281799316e-01 0.000000000000000000e+00 0.000000000000000000e+00 1.000000000000000000e+00
-1.165062427520751953e+00 -2.809090018272399902e-01 0.000000000000000000e+00 0.000000000000000000e+00 1.000000000000000000e+00
-1.139828324317932129e+00 -2.712259292602539062e-01 0.000000000000000000e+00 0.000000000000000000e+00 1.000000000000000000e+00
-1.133041143417358398e+00 -2.859241962432861328e-01 0.000000000000000000e+00 0.000000000000000000e+00 1.000000000000000000e+00
-1.115723609924316406e+00 -3.010511398315429688e-01 0.000000000000000000e+00 0.000000000000000000e+00 1.000000000000000000e+00
0.000000000000000000e+00 0.000000000000000000e+00 0.000000000000000000e+00 0.000000000000000000e+00 0.000000000000000000e+00
0.000000000000000000e+00 0.000000000000000000e+00 0.000000000000000000e+00 0.000000000000000000e+00 0.000000000000000000e+00
0.000000000000000000e+00 0.000000000000000000e+00 0.000000000000000000e+00 0.000000000000000000e+00 0.000000000000000000e+00
0.000000000000000000e+00 0.000000000000000000e+00 0.000000000000000000e+00 0.000000000000000000e+00 0.000000000000000000e+00
0.000000000000000000e+00 0.000000000000000000e+00 0.000000000000000000e+00 0.000000000000000000e+00 0.000000000000000000e+00
0.000000000000000000e+00 0.000000000000000000e+00 0.000000000000000000e+00 0.000000000000000000e+00 0.000000000000000000e+00
0.000000000000000000e+00 0.000000000000000000e+00 0.000000000000000000e+00 0.000000000000000000e+00 0.000000000000000000e+00
0.000000000000000000e+00 0.000000000000000000e+00 0.000000000000000000e+00 0.000000000000000000e+00 0.000000000000000000e+00
0.000000000000000000e+00 0.000000000000000000e+00 0.000000000000000000e+00 0.000000000000000000e+00 0.000000000000000000e+00
0.000000000000000000e+00 0.000000000000000000e+00 0.000000000000000000e+00 0.000000000000000000e+00 0.000000000000000000e+00
0.000000000000000000e+00 0.000000000000000000e+00 0.000000000000000000e+00 0.000000000000000000e+00 0.000000000000000000e+00
0.000000000000000000e+00 0.000000000000000000e+00 0.000000000000000000e+00 0.000000000000000000e+00 0.000000000000000000e+00
0.000000000000000000e+00 0.000000000000000000e+00 0.000000000000000000e+00 0.000000000000000000e+00 0.000000000000000000e+00
0.000000000000000000e+00 0.000000000000000000e+00 0.000000000000000000e+00 0.000000000000000000e+00 0.000000000000000000e+00
0.000000000000000000e+00 0.000000000000000000e+00 0.000000000000000000e+00 0.000000000000000000e+00 0.000000000000000000e+00
0.000000000000000000e+00 0.000000000000000000e+00 0.000000000000000000e+00 0.000000000000000000e+00 0.000000000000000000e+00
0.000000000000000000e+00 0.000000000000000000e+00 0.000000000000000000e+00 0.000000000000000000e+00 0.000000000000000000e+00
0.000000000000000000e+00 0.000000000000000000e+00 0.000000000000000000e+00 0.000000000000000000e+00 0.000000000000000000e+00
0.000000000000000000e+00 0.000000000000000000e+00 0.000000000000000000e+00 0.000000000000000000e+00 0.000000000000000000e+00
0.000000000000000000e+00 0.000000000000000000e+00 0.000000000000000000e+00 0.000000000000000000e+00 0.000000000000000000e+00
0.000000000000000000e+00 0.000000000000000000e+00 0.000000000000000000e+00 0.000000000000000000e+00 0.000000000000000000e+00
0.000000000000000000e+00 0.000000000000000000e+00 0.000000000000000000e+00 0.000000000000000000e+00 0.000000000000000000e+00
0.000000000000000000e+00 0.000000000000000000e+00 0.000000000000000000e+00 0.000000000000000000e+00 0.000000000000000000e+00
0.000000000000000000e+00 0.000000000000000000e+00 0.000000000000000000e+00 0.000000000000000000e+00 0.000000000000000000e+00
0.000000000000000000e+00 0.000000000000000000e+00 0.000000000000000000e+00 0.000000000000000000e+00 0.000000000000000000e+00
0.000000000000000000e+00 0.000000000000000000e+00 0.000000000000000000e+00 0.000000000000000000e+00 0.000000000000000000e+00
0.000000000000000000e+00 0.000000000000000000e+00 0.000000000000000000e+00 0.000000000000000000e+00 0.000000000000000000e+00
0.000000000000000000e+00 0.000000000000000000e+00 0.000000000000000000e+00 0.000000000000000000e+00 0.000000000000000000e+00
0.000000000000000000e+00 0.000000000000000000e+00 0.000000000000000000e+00 0.000000000000000000e+00 0.000000000000000000e+00
0.000000000000000000e+00 0.000000000000000000e+00 0.000000000000000000e+00 0.000000000000000000e+00 0.000000000000000000e+00
0.000000000000000000e+00 0.000000000000000000e+00 0.000000000000000000e+00 0.000000000000000000e+00 0.000000000000000000e+00
0.000000000000000000e+00 0.000000000000000000e+00 0.000000000000000000e+00 0.000000000000000000e+00 0.000000000000000000e+00
0.000000000000000000e+00 0.000000000000000000e+00 0.000000000000000000e+00 0.000000000000000000e+00 0.000000000000000000e+00
0.000000000000000000e+00 0.000000000000000000e+00 0.000000000000000000e+00 0.000000000000000000e+00 0.000000000000000000e+00
0.000000000000000000e+00 0.000000000000000000e+00 0.000000000000000000e+00 0.000000000000000000e+00 0.000000000000000000e+00
0.000000000000000000e+00 0.000000000000000000e+00 0.000000000000000000e+00 0.000000000000000000e+00 0.000000000000000000e+00
0.000000000000000000e+00 0.000000000000000000e+00 0.000000000000000000e+00 0.000000000000000000e+00 0.000000000000000000e+00
0.000000000000000000e+00 0.000000000000000000e+00 0.000000000000000000e+00 0.000000000000000000e+00 0.000000000000000000e+00
0.000000000000000000e+00 0.000000000000000000e+00 0.000000000000000000e+00 0.000000000000000000e+00 0.000000000000000000e+00
0.000000000000000000e+00 0.000000000000000000e+00 0.000000000000000000e+00 0.000000000000000000e+00 0.000000000000000000e+00
0.000000000000000000e+00 0.000000000000000000e+00 0.000000000000000000e+00 0.000000000000000000e+00 0.000000000000000000e+00
0.000000000000000000e+00 0.000000000000000000e+00 0.000000000000000000e+00 0.000000000000000000e+00 0.000000000000000000e+00
0.000000000000000000e+00 0.000000000000000000e+00 0.000000000000000000e+00 0.000000000000000000e+00 0.000000000000000000e+00
0.000000000000000000e+00 0.000000000000000000e+00 0.000000000000000000e+00 0.000000000000000000e+00 0.000000000000000000e+00
0.000000000000000000e+00 0.000000000000000000e+00 0.000000000000000000e+00 0.000000000000000000e+00 0.000000000000000000e+00
0.000000000000000000e+00 0.000000000000000000e+00 0.000000000000000000e+00 0.000000000000000000e+00 0.000000000000000000e+00
0.000000000000000000e+00 0.000000000000000000e+00 0.000000000000000000e+00 0.000000000000000000e+00 0.000000000000000000e+00
