0.000000000000000000e+00 0.000000000000000000e+00 1.000000000000000000e+00 0.000000000000000000e+00 0.000000000000000000e+00
-5.738586559891700745e-02 8.691678643226623535e-01 1.000000000000000000e+00 0.000000000000000000e+00 0.000000000000000000e+00
-7.920932769775390625e-02 3.007861077785491943e-01 0.000000000000000000e+00 1.000000000000000000e+00 0.000000000000000000e+00
2.958976328372955322e-01 -5.192916989326477051e-01 1.000000000000000000e+00 0.000000000000000000e+00 0.000000000000000000e+00
3.487913012504577637e-01 -8.673621714115142822e-02 0.000000000000000000e+00 1.000000000000000000e+00 0.000000000000000000e+00
-9.151915311813354492e-01 1.215532347559928894e-01 1.000000000000000000e+00 0.000000000000000000e+00 0.000000000000000000e+00
-1.095595657825469971e-01 6.810635924339294434e-01 1.000000000000000000e+00 0.000000000000000000e+00 0.000000000000000000e+00
6.877467632293701172e-01 -9.951415657997131348e-02 1.000000000000000000e+00 0.000000000000000000e+00 0.000000000000000000e+00
3.965291082859039307e-01 -1.451918631792068481e-01 0.000000000000000000e+00 1.000000000000000000e+00 0.000000000000000000e+00
-4.432237446308135986e-01 1.949142962694168091e-01 1.000000000000000000e+00 0.000000000000000000e+00 0.000000000000000000e+00
-5.159017443656921387e-01 8.182078599929809570e-01 1.000000000000000000e+00 0.000000000000000000e+00 0.000000000000000000e+00
-2.236990034580230713e-01 2.136976122856140137e-01 0.000000000000000000e+00 1.000000000000000000e+00 0.000000000000000000e+00
6.058802604675292969e-01 -4.162135720252990723e-01 1.000000000000000000e+00 0.000000000000000000e+00 0.000000000000000000e+00
2.159789651632308960e-01 6.925608217716217041e-02 1.000000000000000000e+00 0.000000000000000000e+00 0.000000000000000000e+00
1.250707954168319702e-01 1.542506515979766846e-01 0.000000000000000000e+00 1.000000000000000000e+00 0.000000000000000000e+00
-9.404522180557250977e-01 -1.992088258266448975e-01 1.000000000000000000e+00 0.000000000000000000e+00 0.000000000000000000e+00
-3.039564192295074463e-02 6.963328123092651367e-01 1.000000000000000000e+00 0.000000000000000000e+00 0.000000000000000000e+00
6.627660244703292847e-02 8.718668669462203979e-02 1.000000000000000000e+00 0.000000000000000000e+00 0.000000000000000000e+00
4.163073003292083740e-01 2.756009995937347412e-02 1.000000000000000000e+00 0.000000000000000000e+00 0.000000000000000000e+00
6.804788112640380859e-01 -2.317107021808624268e-01 1.000000000000000000e+00 0.000000000000000000e+00 0.000000000000000000e+00
2.661668956279754639e-01 -1.875662207603454590e-01 1.000000000000000000e+00 0.000000000000000000e+00 0.000000000000000000e+00
6.837676465511322021e-02 -1.536847651004791260e-01 0.000000000000000000e+00 1.000000000000000000e+00 0.000000000000000000e+00
-1.584121398627758026e-02 -2.696681022644042969e-01 1.000000000000000000e+00 0.000000000000000000e+00 0.000000000000000000e+00
-9.510549902915954590e-02 8.104891180992126465e-01 1.000000000000000000e+00 0.000000000000000000e+00 0.000000000000000000e+00
-6.981009244918823242e-02 1.548453569412231445e-01 0.000000000000000000e+00 1.000000000000000000e+00 0.000000000000000000e+00
5.510796308517456055e-01 -2.475792884826660156e+00 1.000000000000000000e+00 0.000000000000000000e+00 0.000000000000000000e+00
7.112780213356018066e-01 -1.791847348213195801e-01 1.000000000000000000e+00 0.000000000000000000e+00 0.000000000000000000e+00
1.938059031963348389e-01 3.627865016460418701e-02 1.000000000000000000e+00 0.000000000000000000e+00 0.000000000000000000e+00
-3.722233772277832031e-01 1.015371084213256836e+00 1.000000000000000000e+00 0.000000000000000000e+00 0.000000000000000000e+00
-1.405769884586334229e-01 2.216113060712814331e-01 0.000000000000000000e+00 1.000000000000000000e+00 0.000000000000000000e+00
-1.690057069063186646e-01 -5.747705101966857910e-01 1.000000000000000000e+00 0.000000000000000000e+00 0.000000000000000000e+00
6.453629136085510254e-01 -2.382650971412658691e-02 1.000000000000000000e+00 0.000000000000000000e+00 0.000000000000000000e+00
1.686917692422866821e-01 8.566591888666152954e-02 1.000000000000000000e+00 0.000000000000000000e+00 0.000000000000000000e+00
-3.524333536624908447e-01 4.135437905788421631e-01 1.000000000000000000e+00 0.000000000000000000e+00 0.000000000000000000e+00
-6.002234220504760742e-01 4.059578776359558105e-01 1.000000000000000000e+00 0.000000000000000000e+00 0.000000000000000000e+00
8.076622486114501953e-01 -1.409889608621597290e-01 1.000000000000000000e+00 0.000000000000000000e+00 0.000000000000000000e+00
2.079498469829559326e-01 2.924229204654693604e-02 0.000000000000000000e+00 1.000000000000000000e+00 0.000000000000000000e+00
-9.067416191101074219e-01 5.606954097747802734e-01 1.000000000000000000e+00 0.000000000000000000e+00 0.000000000000000000e+00
-5.464425310492515564e-02 5.870757699012756348e-01 1.000000000000000000e+00 0.000000000000000000e+00 0.000000000000000000e+00
-6.349407136440277100e-02 1.281260550022125244e-01 0.000000000000000000e+00 1.000000000000000000e+00 0.000000000000000000e+00
4.634447097778320312e-01 -7.328107953071594238e-01 1.000000000000000000e+00 0.000000000000000000e+00 0.000000000000000000e+00
3.893312215805053711e-01 7.684025168418884277e-02 1.000000000000000000e+00 0.000000000000000000e+00 0.000000000000000000e+00
1.139570921659469604e-01 1.343154311180114746e-01 1.000000000000000000e+00 0.000000000000000000e+00 0.000000000000000000e+00
-4.215245544910430908e-01 5.070646405220031738e-01 1.000000000000000000e+00 0.000000000000000000e+00 0.000000000000000000e+00
5.179548859596252441e-01 -1.250978112220764160e-01 1.000000000000000000e+00 0.000000000000000000e+00 0.000000000000000000e+00
3.784586489200592041e-01 -1.894786953926086426e-01 0.000000000000000000e+00 1.000000000000000000e+00 0.000000000000000000e+00
-1.629968881607055664e+00 -2.064530134201049805e+00 0.000000000000000000e+00 0.000000000000000000e+00 1.000000000000000000e+00
-4.585890471935272217e-01 1.161409616470336914e+00 0.000000000000000000e+00 0.000000000000000000e+00 1.000000000000000000e+00
-1.509344458580017090e+00 -2.432220578193664551e-01 0.000000000000000000e+00 0.000000000000000000e+00 1.000000000000000000e+00
-1.103614687919616699e+00 -3.466829657554626465e-01 0.000000000000000000e+00 0.000000000000000000e+00 1.000000000000000000e+00
-1.147216081619262695e+00 -2.684074044227600098e-01 0.000000000000000000e+00 0.000000000000000000e+00 1.000000000000000000e+00
-1.091868281364440918e+00 -2.894755601882934570e-01 0.000000000000000000e+00 0.000000000000000000e+00 1.000000000000000000e+00
-1.065567731857299805e+00 -2.936594486236572266e-01 0.000000000000000000e+00 0.000000000000000000e+00 1.000000000000000000e+00
-1.049579381942749023e+00 -2.833926677703857422e-01 0.000000000000000000e+00 0.000000000000000000e+00 1.000000000000000000e+00
-1.034778356552124023e+00 -2.720379829406738281e-01 0.000000000000000000e+00 0.000000000000000000e+00 1.000000000000000000e+00
-1.019807815551757812e+00 -2.646102309226989746e-01 0.000000000000000000e+00 0.000000000000000000e+00 1.000000000000000000e+00
-1.002120494842529297e+00 -2.642495632171630859e-01 0.000000000000000000e+00 0.000000000000000000e+00 1.000000000000000000e+00
-9.883942604064941406e-01 -2.616118192672729492e-01 0.000000000000000000e+00 0.000000000000000000e+00 1.000000000000000000e+00
-9.771643877029418945e-01 -2.583525776863098145e-01 0.000000000000000000e+00 0.000000000000000000e+00 1.000000000000000000e+00
-9.670542478561401367e-01 -2.567844986915588379e-01 0.000000000000000000e+00 0.000000000000000000e+00 1.000000000000000000e+00
-9.594238996505737305e-01 -2.572746872901916504e-01 0.000000000000000000e+00 0.000000000000000000e+00 1.000000000000000000e+00
-9.510046243667602539e-01 -2.552571892738342285e-01 0.000000000000000000e+00 0.000000000000000000e+00 1.000000000000000000e+00
-9.411187171936035156e-01 -2.540618181228637695e-01 0.000000000000000000e+00 0.000000000000000000e+00 1.000000000000000000e+00
-9.304209947586059570e-01 -2.533687353134155273e-01 0.000000000000000000e+00 0.000000000000000000e+00 1.000000000000000000e+00
-9.221032857894897461e-01 -2.518638372421264648e-01 0.000000000000000000e+00 0.000000000000000000e+00 1.000000000000000000e+00
0.000000000000000000e+00 0.000000000000000000e+00 0.000000000000000000e+00 0.000000000000000000e+00 0.000000000000000000e+00
0.000000000000000000e+00 0.000000000000000000e+00 0.000000000000000000e+00 0.000000000000000000e+00 0.000000000000000000e+00
0.000000000000000000e+00 0.000000000000000000e+00 0.000000000000000000e+00 0.000000000000000000e+00 0.000000000000000000e+00
0.000000000000000000e+00 0.000000000000000000e+00 0.000000000000000000e+00 0.000000000000000000e+00 0.000000000000000000e+00
0.000000000000000000e+00 0.000000000000000000e+00 0.000000000000000000e+00 0.000000000000000000e+00 0.000000000000000000e+00
0.000000000000000000e+00 0.000000000000000000e+00 0.000000000000000000e+00 0.000000000000000000e+00 0.000000000000000000e+00
0.000000000000000000e+00 0.000000000000000000e+00 0.000000000000000000e+00 0.000000000000000000e+00 0.000000000000000000e+00
0.000000000000000000e+00 0.000000000000000000e+00 0.000000000000000000e+00 0.000000000000000000e+00 0.000000000000000000e+00
0.000000000000000000e+00 0.000000000000000000e+00 0.000000000000000000e+00 0.000000000000000000e+00 0.000000000000000000e+00
0.000000000000000000e+00 0.000000000000000000e+00 0.000000000000000000e+00 0.000000000000000000e+00 0.000000000000000000e+00
0.000000000000000000e+00 0.000000000000000000e+00 0.000000000000000000e+00 0.000000000000000000e+00 0.000000000000000000e+00
0.000000000000000000e+00 0.000000000000000000e+00 0.000000000000000000e+00 0.000000000000000000e+00 0.000000000000000000e+00
0.000000000000000000e+00 0.000000000000000000e+00 0.000000000000000000e+00 0.000000000000000000e+00 0.000000000000000000e+00
0.000000000000000000e+00 0.000000000000000000e+00 0.000000000000000000e+00 0.000000000000000000e+00 0.000000000000000000e+00
0.000000000000000000e+00 0.000000000000000000e+00 0.000000000000000000e+00 0.000000000000000000e+00 0.000000000000000000e+00
0.000000000000000000e+00 0.000000000000000000e+00 0.000000000000000000e+00 0.000000000000000000e+00 0.000000000000000000e+00
0.000000000000000000e+00 0.000000000000000000e+00 0.000000000000000000e+00 0.000000000000000000e+00 0.000000000000000000e+00
0.000000000000000000e+00 0.000000000000000000e+00 0.000000000000000000e+00 0.000000000000000000e+00 0.000000000000000000e+00
0.000000000000000000e+00 0.000000000000000000e+00 0.000000000000000000e+00 0.000000000000000000e+00 0.000000000000000000e+00
0.000000000000000000e+00 0.000000000000000000e+00 0.000000000000000000e+00 0.000000000000000000e+00 0.000000000000000000e+00
0.000000000000000000e+00 0.000000000000000000e+00 0.000000000000000000e+00 0.000000000000000000e+00 0.000000000000000000e+00
0.000000000000000000e+00 0.000000000000000000e+00 0.000000000000000000e+00 0.000000000000000000e+00 0.000000000000000000e+00
0.000000000000000000e+00 0.000000000000000000e+00 0.000000000000000000e+00 0.000000000000000000e+00 0.000000000000000000e+00
0.000000000000000000e+00 0.000000000000000000e+00 0.000000000000000000e+00 0.000000000000000000e+00 0.000000000000000000e+00
0.000000000000000000e+00 0.000000000000000000e+00 0.000000000000000000e+00 0.000000000000000000e+00 0.000000000000000000e+00
0.000000000000000000e+00 0.000000000000000000e+00 0.000000000000000000e+00 0.000000000000000000e+00 0.000000000000000000e+00
0.000000000000000000e+00 0.000000000000000000e+00 0.000000000000000000e+00 0.000000000000000000e+00 0.000000000000000000e+00
0.000000000000000000e+00 0.000000000000000000e+00 0.000000000000000000e+00 0.000000000000000000e+00 0.000000000000000000e+00
0.000000000000000000e+00 0.000000000000000000e+00 0.000000000000000000e+00 0.000000000000000000e+00 0.000000000000000000e+00
0.000000000000000000e+00 0.000000000000000000e+00 0.000000000000000000e+00 0.000000000000000000e+00 0.000000000000000000e+00
0.000000000000000000e+00 0.000000000000000000e+00 0.000000000000000000e+00 0.000000000000000000e+00 0.000000000000000000e+00
0.000000000000000000e+00 0.000000000000000000e+00 0.000000000000000000e+00 0.000000000000000000e+00 0.000000000000000000e+00
0.000000000000000000e+00 0.000000000000000000e+00 0.000000000000000000e+00 0.000000000000000000e+00 0.000000000000000000e+00
0.000000000000000000e+00 0.000000000000000000e+00 0.000000000000000000e+00 0.000000000000000000e+00 0.000000000000000000e+00
0.000000000000000000e+00 0.000000000000000000e+00 0.000000000000000000e+00 0.000000000000000000e+00 0.000000000000000000e+00
0.000000000000000000e+00 0.000000000000000000e+00 0.000000000000000000e+00 0.000000000000000000e+00 0.000000000000000000e+00
0.000000000000000000e+00 0.000000000000000000e+00 0.000000000000000000e+00 0.000000000000000000e+00 0.000000000000000000e+00
0.000000000000000000e+00 0.000000000000000000e+00 0.000000000000000000e+00 0.000000000000000000e+00 0.000000000000000000e+00
0.000000000000000000e+00 0.000000000000000000e+00 0.000000000000000000e+00 0.000000000000000000e+00 0.000000000000000000e+00
0.000000000000000000e+00 0.000000000000000000e+00 0.000000000000000000e+00 0.000000000000000000e+00 0.000000000000000000e+00
0.000000000000000000e+00 0.000000000000000000e+00 0.000000000000000000e+00 0.000000000000000000e+00 0.000000000000000000e+00
0.000000000000000000e+00 0.000000000000000000e+00 0.000000000000000000e+00 0.000000000000000000e+00 0.000000000000000000e+00
0.000000000000000000e+00 0.000000000000000000e+00 0.000000000000000000e+00 0.000000000000000000e+00 0.000000000000000000e+00
0.000000000000000000e+00 0.000000000000000000e+00 0.000000000000000000e+00 0.000000000000000000e+00 0.000000000000000000e+00
0.000000000000000000e+00 0.000000000000000000e+00 0.000000000000000000e+00 0.000000000000000000e+00 0.000000000000000000e+00
0.000000000000000000e+00 0.000000000000000000e+00 0.000000000000000000e+00 0.000000000000000000e+00 0.000000000000000000e+00
0.000000000000000000e+00 0.000000000000000000e+00 0.000000000000000000e+00 0.000000000000000000e+00 0.000000000000000000e+00
0.000000000000000000e+00 0.000000000000000000e+00 0.000000000000000000e+00 0.000000000000000000e+00 0.000000000000000000e+00
0.000000000000000000e+00 0.000000000000000000e+00 0.000000000000000000e+00 0.000000000000000000e+00 0.000000000000000000e+00
0.000000000000000000e+00 0.000000000000000000e+00 0.000000000000000000e+00 0.000000000000000000e+00 0.000000000000000000e+00
0.000000000000000000e+00 0.000000000000000000e+00 0.000000000000000000e+00 0.000000000000000000e+00 0.000000000000000000e+00
0.000000000000000000e+00 0.000000000000000000e+00 0.000000000000000000e+00 0.000000000000000000e+00 0.000000000000000000e+00
0.000000000000000000e+00 0.000000000000000000e+00 0.000000000000000000e+00 0.000000000000000000e+00 0.000000000000000000e+00
0.000000000000000000e+00 0.000000000000000000e+00 0.000000000000000000e+00 0.000000000000000000e+00 0.000000000000000000e+00
0.000000000000000000e+00 0.000000000000000000e+00 0.000000000000000000e+00 0.000000000000000000e+00 0.000000000000000000e+00
0.000000000000000000e+00 0.000000000000000000e+00 0.000000000000000000e+00 0.000000000000000000e+00 0.000000000000000000e+00
